runid,discount_type,weitzman_parameter,discount_rate,menu_option,sector,simulation,scghg,adjustment_factor
1,euler_ramsey,0.5,1.5% Ramsey,risk_aversion,combined,0,239.55111248606275,1.4388415237719314
1,euler_ramsey,0.5,2.0% Ramsey,risk_aversion,combined,0,180.47194349038503,1.486360702503896
1,euler_ramsey,0.5,2.5% Ramsey,risk_aversion,combined,0,135.82113336613108,1.507374901826928
2,euler_ramsey,0.5,1.5% Ramsey,risk_aversion,combined,0,1057.3659470410873,0.7125513103156926
2,euler_ramsey,0.5,2.0% Ramsey,risk_aversion,combined,0,748.6948621607937,0.6281793226115192
2,euler_ramsey,0.5,2.5% Ramsey,risk_aversion,combined,0,505.12387513891997,0.5634923837072224
3,euler_ramsey,0.5,1.5% Ramsey,risk_aversion,combined,0,-663.739547278925,0.41639150244998185
3,euler_ramsey,0.5,2.0% Ramsey,risk_aversion,combined,0,-412.65663320101044,0.32514034703588357
3,euler_ramsey,0.5,2.5% Ramsey,risk_aversion,combined,0,-270.22571914935247,0.265513537321201
4,euler_ramsey,0.5,1.5% Ramsey,risk_aversion,combined,0,1349.9177381272111,1.0107178734125148
4,euler_ramsey,0.5,2.0% Ramsey,risk_aversion,combined,0,1252.7474467418015,0.9648603016873367
4,euler_ramsey,0.5,2.5% Ramsey,risk_aversion,combined,0,1000.2711582416774,0.9205834529445256
5,euler_ramsey,0.5,1.5% Ramsey,risk_aversion,combined,0,674.4149219878366,0.4478926742070174
5,euler_ramsey,0.5,2.0% Ramsey,risk_aversion,combined,0,427.43094168482696,0.35540107840704577
5,euler_ramsey,0.5,2.5% Ramsey,risk_aversion,combined,0,284.0107840423887,0.2938510054562937
6,euler_ramsey,0.5,1.5% Ramsey,risk_aversion,combined,0,2599.885841478327,0.4912655440398723
6,euler_ramsey,0.5,2.0% Ramsey,risk_aversion,combined,0,781.8548213112275,0.39814999501377907
6,euler_ramsey,0.5,2.5% Ramsey,risk_aversion,combined,0,369.2970767631151,0.3346378880183704
7,euler_ramsey,0.5,1.5% Ramsey,risk_aversion,combined,0,2122.4665617815745,0.8362330827690272
7,euler_ramsey,0.5,2.0% Ramsey,risk_aversion,combined,0,1542.926825781367,0.7655837721240702
7,euler_ramsey,0.5,2.5% Ramsey,risk_aversion,combined,0,1072.1811521435427,0.7072996161307118
8,euler_ramsey,0.5,1.5% Ramsey,risk_aversion,combined,0,-320.0196393965679,0.7465542069773413
8,euler_ramsey,0.5,2.0% Ramsey,risk_aversion,combined,0,-324.14149529127894,0.6644795055415124
8,euler_ramsey,0.5,2.5% Ramsey,risk_aversion,combined,0,-264.60833603508155,0.6004260325683799
9,euler_ramsey,0.5,1.5% Ramsey,risk_aversion,combined,0,372.75766177886516,0.2993298558295941
9,euler_ramsey,0.5,2.0% Ramsey,risk_aversion,combined,0,215.48644445750216,0.21691832974815348
9,euler_ramsey,0.5,2.5% Ramsey,risk_aversion,combined,0,140.9671213567262,0.16719581487634452
10,euler_ramsey,0.5,1.5% Ramsey,risk_aversion,combined,0,1016.7678883219626,0.5705847115006847
10,euler_ramsey,0.5,2.0% Ramsey,risk_aversion,combined,0,597.5167727736732,0.4780581176888315
10,euler_ramsey,0.5,2.5% Ramsey,risk_aversion,combined,0,361.60789817298996,0.4122419844703816
11,euler_ramsey,0.5,1.5% Ramsey,risk_aversion,combined,0,1315.7959190462943,0.6610059793816863
11,euler_ramsey,0.5,2.0% Ramsey,risk_aversion,combined,0,918.5081487448593,0.5726880016252685
11,euler_ramsey,0.5,2.5% Ramsey,risk_aversion,combined,0,600.9381627259136,0.5068331651663721
12,euler_ramsey,0.5,1.5% Ramsey,risk_aversion,combined,0,226.50745682047778,1.0855959255169438
12,euler_ramsey,0.5,2.0% Ramsey,risk_aversion,combined,0,192.1320191053915,1.0525872989896337
12,euler_ramsey,0.5,2.5% Ramsey,risk_aversion,combined,0,148.16948097862775,1.0163753312779296
13,euler_ramsey,0.5,1.5% Ramsey,risk_aversion,combined,0,112.05213605421561,0.38323459772562296
13,euler_ramsey,0.5,2.0% Ramsey,risk_aversion,combined,0,75.93514967468857,0.29373773044519574
13,euler_ramsey,0.5,2.5% Ramsey,risk_aversion,combined,0,54.14887540052719,0.23644862533985622
14,euler_ramsey,0.5,1.5% Ramsey,risk_aversion,combined,0,-250.81369159545017,0.9345536968814405
14,euler_ramsey,0.5,2.0% Ramsey,risk_aversion,combined,0,-162.94912661599506,0.8754772109824203
14,euler_ramsey,0.5,2.5% Ramsey,risk_aversion,combined,0,-106.41972350384488,0.8230634378279361
15,euler_ramsey,0.5,1.5% Ramsey,risk_aversion,combined,0,1242.9427458842067,0.7689085528667786
15,euler_ramsey,0.5,2.0% Ramsey,risk_aversion,combined,0,878.4788911412605,0.6892191787426473
15,euler_ramsey,0.5,2.5% Ramsey,risk_aversion,combined,0,587.0719760581559,0.6262291000951428
16,euler_ramsey,0.5,1.5% Ramsey,risk_aversion,combined,0,1623.6007003788773,0.5460122767581103
16,euler_ramsey,0.5,2.0% Ramsey,risk_aversion,combined,0,1330.7797548569692,0.4531703935389821
16,euler_ramsey,0.5,2.5% Ramsey,risk_aversion,combined,0,937.4678797456712,0.38795217346469546
17,euler_ramsey,0.5,1.5% Ramsey,risk_aversion,combined,0,224.6327676431603,1.932087021544627
17,euler_ramsey,0.5,2.0% Ramsey,risk_aversion,combined,0,140.92079960819044,2.1322367867586505
17,euler_ramsey,0.5,2.5% Ramsey,risk_aversion,combined,0,98.56182582509378,2.2756438292168992
18,euler_ramsey,0.5,1.5% Ramsey,risk_aversion,combined,0,675.687214838872,1.7970621072110042
18,euler_ramsey,0.5,2.0% Ramsey,risk_aversion,combined,0,519.2869377872413,1.951669563767962
18,euler_ramsey,0.5,2.5% Ramsey,risk_aversion,combined,0,379.64477313254787,2.0574085625614478
19,euler_ramsey,0.5,1.5% Ramsey,risk_aversion,combined,0,438.5878077058729,3.6133868615988685
19,euler_ramsey,0.5,2.0% Ramsey,risk_aversion,combined,0,413.12850363480754,4.591265503260895
19,euler_ramsey,0.5,2.5% Ramsey,risk_aversion,combined,0,333.9328137161565,5.464621554102989
20,euler_ramsey,0.5,1.5% Ramsey,risk_aversion,combined,0,375.44332887626166,2.3483640110206228
20,euler_ramsey,0.5,2.0% Ramsey,risk_aversion,combined,0,487.6223679719031,2.7087206632048457
20,euler_ramsey,0.5,2.5% Ramsey,risk_aversion,combined,0,515.1282555549578,2.991625726214882
21,euler_ramsey,0.5,1.5% Ramsey,risk_aversion,combined,0,346.0078713351267,1.3917643682304508
21,euler_ramsey,0.5,2.0% Ramsey,risk_aversion,combined,0,279.39421266686514,1.4282847022785263
21,euler_ramsey,0.5,2.5% Ramsey,risk_aversion,combined,0,207.12782205136543,1.4412701501593645
22,euler_ramsey,0.5,1.5% Ramsey,risk_aversion,combined,0,2408.470329069027,0.7362682070455948
22,euler_ramsey,0.5,2.0% Ramsey,risk_aversion,combined,0,1738.7034727497764,0.6550199617091189
22,euler_ramsey,0.5,2.5% Ramsey,risk_aversion,combined,0,1202.5534483166336,0.5918521548521328
23,euler_ramsey,0.5,1.5% Ramsey,risk_aversion,combined,0,317.3401371025677,0.316967886089931
23,euler_ramsey,0.5,2.0% Ramsey,risk_aversion,combined,0,179.86487469950535,0.23267926592716723
23,euler_ramsey,0.5,2.5% Ramsey,risk_aversion,combined,0,92.34327425856873,0.1811390795301289
24,euler_ramsey,0.5,1.5% Ramsey,risk_aversion,combined,0,4193.569492961083,0.1426197402570474
24,euler_ramsey,0.5,2.0% Ramsey,risk_aversion,combined,0,3333.821505064133,0.08749984806629649
24,euler_ramsey,0.5,2.5% Ramsey,risk_aversion,combined,0,2355.4264065829334,0.05929375833608086
25,euler_ramsey,0.5,1.5% Ramsey,risk_aversion,combined,0,380.1386691341028,0.5506506384366712
25,euler_ramsey,0.5,2.0% Ramsey,risk_aversion,combined,0,190.25627082798397,0.4579784347953753
25,euler_ramsey,0.5,2.5% Ramsey,risk_aversion,combined,0,112.5619729778059,0.39270863350032875
26,euler_ramsey,0.5,1.5% Ramsey,risk_aversion,combined,0,-637.4580592352428,0.6171241177598717
26,euler_ramsey,0.5,2.0% Ramsey,risk_aversion,combined,0,-578.782270866372,0.5265421721821638
26,euler_ramsey,0.5,2.5% Ramsey,risk_aversion,combined,0,-456.30987122030353,0.4604953261416643
27,euler_ramsey,0.5,1.5% Ramsey,risk_aversion,combined,0,-171.82257929797436,0.4213284376472578
27,euler_ramsey,0.5,2.0% Ramsey,risk_aversion,combined,0,-66.68234775152611,0.32984995671181944
27,euler_ramsey,0.5,2.5% Ramsey,risk_aversion,combined,0,-22.305032133893757,0.26990212348111214
28,euler_ramsey,0.5,1.5% Ramsey,risk_aversion,combined,0,279.41498379091587,0.34519262599200173
28,euler_ramsey,0.5,2.0% Ramsey,risk_aversion,combined,0,101.56262288196902,0.2582956424331961
28,euler_ramsey,0.5,2.5% Ramsey,risk_aversion,combined,0,46.96547259325102,0.20408057698378768
29,euler_ramsey,0.5,1.5% Ramsey,risk_aversion,combined,0,110.56879850310624,3.8559312841798574
29,euler_ramsey,0.5,2.0% Ramsey,risk_aversion,combined,0,82.82114299184698,4.970693807670308
29,euler_ramsey,0.5,2.5% Ramsey,risk_aversion,combined,0,64.05686085390413,5.98233895015856
30,euler_ramsey,0.5,1.5% Ramsey,risk_aversion,combined,0,443.5608609514021,0.8584495896461853
30,euler_ramsey,0.5,2.0% Ramsey,risk_aversion,combined,0,353.16919777227105,0.7886922202444848
30,euler_ramsey,0.5,2.5% Ramsey,risk_aversion,combined,0,258.84070797101026,0.7304236862495399
31,euler_ramsey,0.5,1.5% Ramsey,risk_aversion,combined,0,737.7943040149387,1.4308037077052778
31,euler_ramsey,0.5,2.0% Ramsey,risk_aversion,combined,0,591.8711505319169,1.477491075076197
31,euler_ramsey,0.5,2.5% Ramsey,risk_aversion,combined,0,429.0486111557638,1.4981501513220892
32,euler_ramsey,0.5,1.5% Ramsey,risk_aversion,combined,0,1065.8314111063505,0.8974653212511586
32,euler_ramsey,0.5,2.0% Ramsey,risk_aversion,combined,0,749.4588774332104,0.8336695243425003
32,euler_ramsey,0.5,2.5% Ramsey,risk_aversion,combined,0,483.63230428815285,0.7786987236566052
33,euler_ramsey,0.5,1.5% Ramsey,risk_aversion,combined,0,4366.972859912424,0.3871498333665967
33,euler_ramsey,0.5,2.0% Ramsey,risk_aversion,combined,0,3639.3488672881913,0.297637749851275
33,euler_ramsey,0.5,2.5% Ramsey,risk_aversion,combined,0,2697.850197931549,0.24017108801113368
34,euler_ramsey,0.5,1.5% Ramsey,risk_aversion,combined,0,492.6936896416952,0.8404729750274677
34,euler_ramsey,0.5,2.0% Ramsey,risk_aversion,combined,0,416.0406587017643,0.769481887402934
34,euler_ramsey,0.5,2.5% Ramsey,risk_aversion,combined,0,320.7941815746331,0.7108292858208598
35,euler_ramsey,0.5,1.5% Ramsey,risk_aversion,combined,0,1855.134221358277,0.8043406876325794
35,euler_ramsey,0.5,2.0% Ramsey,risk_aversion,combined,0,1471.4290573621872,0.7309041570246955
35,euler_ramsey,0.5,2.5% Ramsey,risk_aversion,combined,0,1130.6017423561962,0.6714044227662711
36,euler_ramsey,0.5,1.5% Ramsey,risk_aversion,combined,0,915.8385200891114,1.1115152987647055
36,euler_ramsey,0.5,2.0% Ramsey,risk_aversion,combined,0,800.6663191348516,1.0836310887919198
36,euler_ramsey,0.5,2.5% Ramsey,risk_aversion,combined,0,656.9077495676538,1.050868227643083
37,euler_ramsey,0.5,1.5% Ramsey,risk_aversion,combined,0,218.9605850178808,1.7904428743267988
37,euler_ramsey,0.5,2.0% Ramsey,risk_aversion,combined,0,141.60154695379248,1.9424489662688942
37,euler_ramsey,0.5,2.5% Ramsey,risk_aversion,combined,0,90.00105732597946,2.0459272521517495
38,euler_ramsey,0.5,1.5% Ramsey,risk_aversion,combined,0,95.47715660220493,1.317637309760112
38,euler_ramsey,0.5,2.0% Ramsey,risk_aversion,combined,0,92.79681120182961,1.3347326631712804
38,euler_ramsey,0.5,2.5% Ramsey,risk_aversion,combined,0,81.63993663358566,1.333195788534967
39,euler_ramsey,0.5,1.5% Ramsey,risk_aversion,combined,0,2306.1598250031857,1.1254720873650594
39,euler_ramsey,0.5,2.0% Ramsey,risk_aversion,combined,0,1881.161721279516,1.1019849772821257
39,euler_ramsey,0.5,2.5% Ramsey,risk_aversion,combined,0,1381.23335790444,1.0724051568802218
40,euler_ramsey,0.5,1.5% Ramsey,risk_aversion,combined,0,280.9081750900347,2.180393528506431
40,euler_ramsey,0.5,2.0% Ramsey,risk_aversion,combined,0,198.9837297676033,2.472799018204683
40,euler_ramsey,0.5,2.5% Ramsey,risk_aversion,combined,0,142.8880167168487,2.695457618752822
41,euler_ramsey,0.5,1.5% Ramsey,risk_aversion,combined,0,573.8975699199445,0.9940682333174493
41,euler_ramsey,0.5,2.0% Ramsey,risk_aversion,combined,0,471.1896410731495,0.9451669416304197
41,euler_ramsey,0.5,2.5% Ramsey,risk_aversion,combined,0,353.0847951653148,0.8989749120846866
42,euler_ramsey,0.5,1.5% Ramsey,risk_aversion,combined,0,518.8956679640122,1.3109652882282514
42,euler_ramsey,0.5,2.0% Ramsey,risk_aversion,combined,0,739.5558912672701,1.325657289936702
42,euler_ramsey,0.5,2.5% Ramsey,risk_aversion,combined,0,825.9319945202769,1.32231776115466
43,euler_ramsey,0.5,1.5% Ramsey,risk_aversion,combined,0,793.2672952393457,2.4516447494951734
43,euler_ramsey,0.5,2.0% Ramsey,risk_aversion,combined,0,541.7890849420711,2.856460205450701
43,euler_ramsey,0.5,2.5% Ramsey,risk_aversion,combined,0,356.1578178586236,3.179650551637162
44,euler_ramsey,0.5,1.5% Ramsey,risk_aversion,combined,0,680.5286869688675,2.1037310965597102
44,euler_ramsey,0.5,2.0% Ramsey,risk_aversion,combined,0,533.8578926504446,2.3667964387023326
44,euler_ramsey,0.5,2.5% Ramsey,risk_aversion,combined,0,396.85337385868587,2.56401006809356
45,euler_ramsey,0.5,1.5% Ramsey,risk_aversion,combined,0,1591.8330452160333,0.5010487587442207
45,euler_ramsey,0.5,2.0% Ramsey,risk_aversion,combined,0,1395.4433935119996,0.4081917409442089
45,euler_ramsey,0.5,2.5% Ramsey,risk_aversion,combined,0,1154.7205930631053,0.34448350709051984
46,euler_ramsey,0.5,1.5% Ramsey,risk_aversion,combined,0,810.8471101546805,0.9040648530449447
46,euler_ramsey,0.5,2.0% Ramsey,risk_aversion,combined,0,612.9266826621848,0.8417968265009128
46,euler_ramsey,0.5,2.5% Ramsey,risk_aversion,combined,0,459.0047247805992,0.7878690181547122
47,euler_ramsey,0.5,1.5% Ramsey,risk_aversion,combined,0,693.0905837627279,0.4735893182573391
47,euler_ramsey,0.5,2.0% Ramsey,risk_aversion,combined,0,412.71450797535033,0.38050210825096364
47,euler_ramsey,0.5,2.5% Ramsey,risk_aversion,combined,0,262.0250740091195,0.3176477552776813
48,euler_ramsey,0.5,1.5% Ramsey,risk_aversion,combined,0,241.461734119104,0.3794203987223289
48,euler_ramsey,0.5,2.0% Ramsey,risk_aversion,combined,0,167.5179221750221,0.2901853233444894
48,euler_ramsey,0.5,2.5% Ramsey,risk_aversion,combined,0,117.84672585312191,0.2331995701084653
49,euler_ramsey,0.5,1.5% Ramsey,risk_aversion,combined,0,30.880147015627593,0.7609160073963686
49,euler_ramsey,0.5,2.0% Ramsey,risk_aversion,combined,0,51.616912625629716,0.6809961367554855
49,euler_ramsey,0.5,2.5% Ramsey,risk_aversion,combined,0,57.52578710039848,0.6181104337437204
50,euler_ramsey,0.5,1.5% Ramsey,risk_aversion,combined,0,373.5584179129096,1.3849972353231663
50,euler_ramsey,0.5,2.0% Ramsey,risk_aversion,combined,0,271.90968290182866,1.418122346865179
50,euler_ramsey,0.5,2.5% Ramsey,risk_aversion,combined,0,177.6139947757603,1.4282895276134817
51,euler_ramsey,0.5,1.5% Ramsey,risk_aversion,combined,0,-315.7554151432174,0.24232388516300007
51,euler_ramsey,0.5,2.0% Ramsey,risk_aversion,combined,0,-128.9087503041943,0.16746498723568487
51,euler_ramsey,0.5,2.5% Ramsey,risk_aversion,combined,0,-78.71887328755547,0.12442349493503556
52,euler_ramsey,0.5,1.5% Ramsey,risk_aversion,combined,0,3232.581365185871,0.6971492980573598
52,euler_ramsey,0.5,2.0% Ramsey,risk_aversion,combined,0,2202.8420793147134,0.6123153454942367
52,euler_ramsey,0.5,2.5% Ramsey,risk_aversion,combined,0,1410.3708457240411,0.54778284841286
53,euler_ramsey,0.5,1.5% Ramsey,risk_aversion,combined,0,953.6148872002634,1.11418741549519
53,euler_ramsey,0.5,2.0% Ramsey,risk_aversion,combined,0,614.842971518926,1.0858473618882791
53,euler_ramsey,0.5,2.5% Ramsey,risk_aversion,combined,0,377.38818546385284,1.0525828032791675
54,euler_ramsey,0.5,1.5% Ramsey,risk_aversion,combined,0,459.13564272247726,0.8913215086996658
54,euler_ramsey,0.5,2.0% Ramsey,risk_aversion,combined,0,383.7158179664907,0.8267673468837811
54,euler_ramsey,0.5,2.5% Ramsey,risk_aversion,combined,0,283.0075095542555,0.7714261293789935
55,euler_ramsey,0.5,1.5% Ramsey,risk_aversion,combined,0,521.0078408415234,1.5609019438020575
55,euler_ramsey,0.5,2.0% Ramsey,risk_aversion,combined,0,353.6348552191625,1.6422119641325201
55,euler_ramsey,0.5,2.5% Ramsey,risk_aversion,combined,0,251.82737125693447,1.6891651134795425
56,euler_ramsey,0.5,1.5% Ramsey,risk_aversion,combined,0,1221.3808646832736,0.13368417705414726
56,euler_ramsey,0.5,2.0% Ramsey,risk_aversion,combined,0,976.0186013762266,0.08081701078548686
56,euler_ramsey,0.5,2.5% Ramsey,risk_aversion,combined,0,701.9099400940313,0.054142659378841246
57,euler_ramsey,0.5,1.5% Ramsey,risk_aversion,combined,0,820.6846812010401,1.6515800394548035
57,euler_ramsey,0.5,2.0% Ramsey,risk_aversion,combined,0,419.09053005941485,1.7602661604606038
57,euler_ramsey,0.5,2.5% Ramsey,risk_aversion,combined,0,268.6314360387325,1.8288663497489355
58,euler_ramsey,0.5,1.5% Ramsey,risk_aversion,combined,0,278.27686979227593,0.7320613622400225
58,euler_ramsey,0.5,2.0% Ramsey,risk_aversion,combined,0,268.5037193791732,0.6489982151098851
58,euler_ramsey,0.5,2.5% Ramsey,risk_aversion,combined,0,241.62145488268138,0.5846882896610981
59,euler_ramsey,0.5,1.5% Ramsey,risk_aversion,combined,0,832.244143584411,0.9300117819326843
59,euler_ramsey,0.5,2.0% Ramsey,risk_aversion,combined,0,595.8078707523426,0.8704017653993408
59,euler_ramsey,0.5,2.5% Ramsey,risk_aversion,combined,0,429.30491696823606,0.817743330240565
60,euler_ramsey,0.5,1.5% Ramsey,risk_aversion,combined,0,886.8916064739097,0.40607576114248556
60,euler_ramsey,0.5,2.0% Ramsey,risk_aversion,combined,0,532.8007233467856,0.31518264321688816
60,euler_ramsey,0.5,2.5% Ramsey,risk_aversion,combined,0,336.1330796795957,0.25618359897711473
61,euler_ramsey,0.5,1.5% Ramsey,risk_aversion,combined,0,-884.2778307698753,0.5213373198592943
61,euler_ramsey,0.5,2.0% Ramsey,risk_aversion,combined,0,-640.6772101595842,0.4280982524793393
61,euler_ramsey,0.5,2.5% Ramsey,risk_aversion,combined,0,-454.30497002732835,0.3634602234219922
62,euler_ramsey,0.5,1.5% Ramsey,risk_aversion,combined,0,3367.811323052119,1.2118674105119849
62,euler_ramsey,0.5,2.0% Ramsey,risk_aversion,combined,0,2262.1082677619556,1.2064861999379901
62,euler_ramsey,0.5,2.5% Ramsey,risk_aversion,combined,0,1472.5441399233275,1.1894046294893434
63,euler_ramsey,0.5,1.5% Ramsey,risk_aversion,combined,0,285.3863275243159,1.0278189669982312
63,euler_ramsey,0.5,2.0% Ramsey,risk_aversion,combined,0,227.09973798337396,0.983578144454311
63,euler_ramsey,0.5,2.5% Ramsey,risk_aversion,combined,0,172.13177952353593,0.9400810460355091
64,euler_ramsey,0.5,1.5% Ramsey,risk_aversion,combined,0,137.66493211140107,1.6548884668100505
64,euler_ramsey,0.5,2.0% Ramsey,risk_aversion,combined,0,90.6159687711048,1.7638822539942638
64,euler_ramsey,0.5,2.5% Ramsey,risk_aversion,combined,0,62.251434885937385,1.8325505334385064
65,euler_ramsey,0.5,1.5% Ramsey,risk_aversion,combined,0,127.97317390301319,1.3917965916116277
65,euler_ramsey,0.5,2.0% Ramsey,risk_aversion,combined,0,100.97313805070601,1.4265487677704716
65,euler_ramsey,0.5,2.5% Ramsey,risk_aversion,combined,0,78.11117146273897,1.437895233567279
66,euler_ramsey,0.5,1.5% Ramsey,risk_aversion,combined,0,631.5304071134193,0.6077203499173586
66,euler_ramsey,0.5,2.0% Ramsey,risk_aversion,combined,0,486.76805694073244,0.516929712812843
66,euler_ramsey,0.5,2.5% Ramsey,risk_aversion,combined,0,340.2463303516297,0.4510383900954805
67,euler_ramsey,0.5,1.5% Ramsey,risk_aversion,combined,0,1948.8834494818684,0.5914441878036691
67,euler_ramsey,0.5,2.0% Ramsey,risk_aversion,combined,0,1682.788934952471,0.5002781006770899
67,euler_ramsey,0.5,2.5% Ramsey,risk_aversion,combined,0,1272.4992688388943,0.43465554127196715
68,euler_ramsey,0.5,1.5% Ramsey,risk_aversion,combined,0,661.9129950276997,1.2149639017738612
68,euler_ramsey,0.5,2.0% Ramsey,risk_aversion,combined,0,591.9183325924635,1.2089506689394065
68,euler_ramsey,0.5,2.5% Ramsey,risk_aversion,combined,0,478.21649192477446,1.1912482012955228
69,euler_ramsey,0.5,1.5% Ramsey,risk_aversion,combined,0,559.4838781175499,1.106511472606976
69,euler_ramsey,0.5,2.0% Ramsey,risk_aversion,combined,0,439.3172794108914,1.0772786810789812
69,euler_ramsey,0.5,2.5% Ramsey,risk_aversion,combined,0,323.54545354554153,1.043554036714892
70,euler_ramsey,0.5,1.5% Ramsey,risk_aversion,combined,0,261.9384858070175,0.7245903302891312
70,euler_ramsey,0.5,2.0% Ramsey,risk_aversion,combined,0,226.00981600629433,0.6405546410389432
70,euler_ramsey,0.5,2.5% Ramsey,risk_aversion,combined,0,174.86881920609628,0.5757678637832595
71,euler_ramsey,0.5,1.5% Ramsey,risk_aversion,combined,0,2014.7959368014037,0.3864169783532269
71,euler_ramsey,0.5,2.0% Ramsey,risk_aversion,combined,0,1588.2988410224323,0.29678284677126093
71,euler_ramsey,0.5,2.5% Ramsey,risk_aversion,combined,0,1148.0819440234259,0.2392865341664572
72,euler_ramsey,0.5,1.5% Ramsey,risk_aversion,combined,0,1375.8316636377674,0.6359126317680504
72,euler_ramsey,0.5,2.0% Ramsey,risk_aversion,combined,0,1029.5503554383672,0.5465740832713748
72,euler_ramsey,0.5,2.5% Ramsey,risk_aversion,combined,0,698.9829773921625,0.4807760501752276
73,euler_ramsey,0.5,1.5% Ramsey,risk_aversion,combined,0,1995.754213962611,0.46142689323710245
73,euler_ramsey,0.5,2.0% Ramsey,risk_aversion,combined,0,1907.184080921901,0.3690244924936716
73,euler_ramsey,0.5,2.5% Ramsey,risk_aversion,combined,0,1627.0928725635808,0.3070068621538485
74,euler_ramsey,0.5,1.5% Ramsey,risk_aversion,combined,0,141.620165549599,0.6100635419067787
74,euler_ramsey,0.5,2.0% Ramsey,risk_aversion,combined,0,70.69298995651396,0.5191680757556437
74,euler_ramsey,0.5,2.5% Ramsey,risk_aversion,combined,0,36.18841272201716,0.45313931690020404
75,euler_ramsey,0.5,1.5% Ramsey,risk_aversion,combined,0,5453.442552633943,0.320275336132576
75,euler_ramsey,0.5,2.0% Ramsey,risk_aversion,combined,0,2890.3086548885403,0.23592175854321715
75,euler_ramsey,0.5,2.5% Ramsey,risk_aversion,combined,0,1546.2934777280345,0.18417771120232582
76,euler_ramsey,0.5,1.5% Ramsey,risk_aversion,combined,0,236.92369394280882,0.9394345860557309
76,euler_ramsey,0.5,2.0% Ramsey,risk_aversion,combined,0,179.1502351819863,0.8810027542525798
76,euler_ramsey,0.5,2.5% Ramsey,risk_aversion,combined,0,136.2472387458553,0.8289932396440277
77,euler_ramsey,0.5,1.5% Ramsey,risk_aversion,combined,0,-499.65205789570945,0.6785724497670848
77,euler_ramsey,0.5,2.0% Ramsey,risk_aversion,combined,0,-435.2417392242858,0.5916185217034516
77,euler_ramsey,0.5,2.5% Ramsey,risk_aversion,combined,0,-345.2812853239061,0.526138947037678
78,euler_ramsey,0.5,1.5% Ramsey,risk_aversion,combined,0,995.685496173824,0.7300915385265462
78,euler_ramsey,0.5,2.0% Ramsey,risk_aversion,combined,0,877.3379808446555,0.6467529315974164
78,euler_ramsey,0.5,2.5% Ramsey,risk_aversion,combined,0,681.4960255893327,0.5822939578328861
79,euler_ramsey,0.5,1.5% Ramsey,risk_aversion,combined,0,186.09970426737334,2.2581487049306768
79,euler_ramsey,0.5,2.0% Ramsey,risk_aversion,combined,0,139.31689751100282,2.581149265443167
79,euler_ramsey,0.5,2.5% Ramsey,risk_aversion,combined,0,105.39149949427409,2.8306992348490247
80,euler_ramsey,0.5,1.5% Ramsey,risk_aversion,combined,0,-19.333324190552442,1.138705084209158
80,euler_ramsey,0.5,2.0% Ramsey,risk_aversion,combined,0,-10.258700976819263,1.1159928424769923
80,euler_ramsey,0.5,2.5% Ramsey,risk_aversion,combined,0,-6.204271721797004,1.086595150881703
81,euler_ramsey,0.5,1.5% Ramsey,risk_aversion,combined,0,428.8705750547799,0.60974894169646
81,euler_ramsey,0.5,2.0% Ramsey,risk_aversion,combined,0,345.4864135426407,0.5192513657068469
81,euler_ramsey,0.5,2.5% Ramsey,risk_aversion,combined,0,262.8530569499647,0.45347708014744703
82,euler_ramsey,0.5,1.5% Ramsey,risk_aversion,combined,0,16.48673032219377,0.6313953920813766
82,euler_ramsey,0.5,2.0% Ramsey,risk_aversion,combined,0,-13.906619243638577,0.5418783847527472
82,euler_ramsey,0.5,2.5% Ramsey,risk_aversion,combined,0,-21.466873757430463,0.4760833642039646
83,euler_ramsey,0.5,1.5% Ramsey,risk_aversion,combined,0,520.7989768385949,0.35886541048379006
83,euler_ramsey,0.5,2.0% Ramsey,risk_aversion,combined,0,477.4733051048492,0.27108189389703274
83,euler_ramsey,0.5,2.5% Ramsey,risk_aversion,combined,0,374.4892095656793,0.215770228461305
84,euler_ramsey,0.5,1.5% Ramsey,risk_aversion,combined,0,336.2601194304111,0.682934571855232
84,euler_ramsey,0.5,2.0% Ramsey,risk_aversion,combined,0,227.51045485131348,0.595786520115413
84,euler_ramsey,0.5,2.5% Ramsey,risk_aversion,combined,0,161.20215403189627,0.5300721048847035
85,euler_ramsey,0.5,1.5% Ramsey,risk_aversion,combined,0,25.53246222348338,1.8063420773451737
85,euler_ramsey,0.5,2.0% Ramsey,risk_aversion,combined,0,21.78853778874888,1.9635802474729604
85,euler_ramsey,0.5,2.5% Ramsey,risk_aversion,combined,0,21.157831300976053,2.0712805766826357
86,euler_ramsey,0.5,1.5% Ramsey,risk_aversion,combined,0,260.42817202339444,1.9762457371266506
86,euler_ramsey,0.5,2.0% Ramsey,risk_aversion,combined,0,185.5579639741427,2.19216294502736
86,euler_ramsey,0.5,2.5% Ramsey,risk_aversion,combined,0,129.81630789816884,2.3490261308171294
87,euler_ramsey,0.5,1.5% Ramsey,risk_aversion,combined,0,4542.070615878906,0.1545527376878419
87,euler_ramsey,0.5,2.0% Ramsey,risk_aversion,combined,0,2490.2350721009047,0.09655285343689049
87,euler_ramsey,0.5,2.5% Ramsey,risk_aversion,combined,0,1432.283176325288,0.06635113870096561
88,euler_ramsey,0.5,1.5% Ramsey,risk_aversion,combined,0,1050.5831119971424,0.7599192724861593
88,euler_ramsey,0.5,2.0% Ramsey,risk_aversion,combined,0,852.3521681045602,0.6801022940198023
88,euler_ramsey,0.5,2.5% Ramsey,risk_aversion,combined,0,633.4065394232722,0.6173188742890405
89,euler_ramsey,0.5,1.5% Ramsey,risk_aversion,combined,0,3122.546176848748,0.3017743242817981
89,euler_ramsey,0.5,2.0% Ramsey,risk_aversion,combined,0,1663.6417828915403,0.21932373864415938
89,euler_ramsey,0.5,2.5% Ramsey,risk_aversion,combined,0,928.5716290689674,0.1694468467289821
90,euler_ramsey,0.5,1.5% Ramsey,risk_aversion,combined,0,702.3378439293635,2.1543697320905184
90,euler_ramsey,0.5,2.0% Ramsey,risk_aversion,combined,0,540.0493811509734,2.4367498984016116
90,euler_ramsey,0.5,2.5% Ramsey,risk_aversion,combined,0,381.6284953872038,2.6506347102189345
91,euler_ramsey,0.5,1.5% Ramsey,risk_aversion,combined,0,-21.021099947905473,0.984667790135835
91,euler_ramsey,0.5,2.0% Ramsey,risk_aversion,combined,0,-5.691524204451093,0.9334787834533937
91,euler_ramsey,0.5,2.5% Ramsey,risk_aversion,combined,0,9.609647659269445,0.8857967360854531
92,euler_ramsey,0.5,1.5% Ramsey,risk_aversion,combined,0,196.90775256684557,1.4036502967097046
92,euler_ramsey,0.5,2.0% Ramsey,risk_aversion,combined,0,165.08377317880922,1.4426514664956909
92,euler_ramsey,0.5,2.5% Ramsey,risk_aversion,combined,0,128.7351920142259,1.4574054470468625
93,euler_ramsey,0.5,1.5% Ramsey,risk_aversion,combined,0,1334.5468062889088,0.7579454438408811
93,euler_ramsey,0.5,2.0% Ramsey,risk_aversion,combined,0,1185.6326201464974,0.6771528094461721
93,euler_ramsey,0.5,2.5% Ramsey,risk_aversion,combined,0,929.4897494344821,0.61368841386424
94,euler_ramsey,0.5,1.5% Ramsey,risk_aversion,combined,0,747.0301676346892,0.6074055545876292
94,euler_ramsey,0.5,2.0% Ramsey,risk_aversion,combined,0,378.6934939888579,0.5162704235638926
94,euler_ramsey,0.5,2.5% Ramsey,risk_aversion,combined,0,201.73206308155108,0.4501764100301759
95,euler_ramsey,0.5,1.5% Ramsey,risk_aversion,combined,0,134.14974753555992,2.6368314476741426
95,euler_ramsey,0.5,2.0% Ramsey,risk_aversion,combined,0,98.39593245534547,3.1207488781569643
95,euler_ramsey,0.5,2.5% Ramsey,risk_aversion,combined,0,73.17617217119312,3.515719292095897
96,euler_ramsey,0.5,1.5% Ramsey,risk_aversion,combined,0,55.70175795154356,1.7480965323600732
96,euler_ramsey,0.5,2.0% Ramsey,risk_aversion,combined,0,38.629237196857886,1.8860665075248848
96,euler_ramsey,0.5,2.5% Ramsey,risk_aversion,combined,0,28.142143315989305,1.978076415879066
97,euler_ramsey,0.5,1.5% Ramsey,risk_aversion,combined,0,3180.4298633123567,0.8152563381429706
97,euler_ramsey,0.5,2.0% Ramsey,risk_aversion,combined,0,2640.2993099678565,0.7411273215968501
97,euler_ramsey,0.5,2.5% Ramsey,risk_aversion,combined,0,1894.524452274432,0.6808268182005474
98,euler_ramsey,0.5,1.5% Ramsey,risk_aversion,combined,0,-846.1100822249489,0.4826791372745008
98,euler_ramsey,0.5,2.0% Ramsey,risk_aversion,combined,0,-473.2431907067658,0.38965870049708495
98,euler_ramsey,0.5,2.5% Ramsey,risk_aversion,combined,0,-298.17591476543225,0.32649986734475994
99,euler_ramsey,0.5,1.5% Ramsey,risk_aversion,combined,0,17.005961491263104,1.097534436581528
99,euler_ramsey,0.5,2.0% Ramsey,risk_aversion,combined,0,12.230081993214931,1.0660950355255092
99,euler_ramsey,0.5,2.5% Ramsey,risk_aversion,combined,0,8.643394604900067,1.030775323051931
100,euler_ramsey,0.5,1.5% Ramsey,risk_aversion,combined,0,-53.38626195370959,1.2710959359198803
100,euler_ramsey,0.5,2.0% Ramsey,risk_aversion,combined,0,-43.95622321715232,1.27671379955353
100,euler_ramsey,0.5,2.5% Ramsey,risk_aversion,combined,0,-33.39308504131504,1.2668526016261454
101,euler_ramsey,0.5,1.5% Ramsey,risk_aversion,combined,0,138.32271093490476,2.151838239528563
101,euler_ramsey,0.5,2.0% Ramsey,risk_aversion,combined,0,82.94614305317396,2.4328415163652077
101,euler_ramsey,0.5,2.5% Ramsey,risk_aversion,combined,0,55.55453997329817,2.6454703598826868
102,euler_ramsey,0.5,1.5% Ramsey,risk_aversion,combined,0,1105.0499751161894,0.48173776539299396
102,euler_ramsey,0.5,2.0% Ramsey,risk_aversion,combined,0,449.6377156568283,0.3885388273710009
102,euler_ramsey,0.5,2.5% Ramsey,risk_aversion,combined,0,211.8128322009394,0.32532249158602805
103,euler_ramsey,0.5,1.5% Ramsey,risk_aversion,combined,0,93.91319814123256,0.36786366792286485
103,euler_ramsey,0.5,2.0% Ramsey,risk_aversion,combined,0,100.34403362254821,0.2794680207608722
103,euler_ramsey,0.5,2.5% Ramsey,risk_aversion,combined,0,98.27003032708339,0.2234307111070594
104,euler_ramsey,0.5,1.5% Ramsey,risk_aversion,combined,0,12.105672033133764,1.2323148996684061
104,euler_ramsey,0.5,2.0% Ramsey,risk_aversion,combined,0,5.285417213884408,1.2286924288105305
104,euler_ramsey,0.5,2.5% Ramsey,risk_aversion,combined,0,4.7723855338244565,1.2123346963497053
105,euler_ramsey,0.5,1.5% Ramsey,risk_aversion,combined,0,372.2984053131492,0.8750274229628531
105,euler_ramsey,0.5,2.0% Ramsey,risk_aversion,combined,0,292.07592529146393,0.8081379800529659
105,euler_ramsey,0.5,2.5% Ramsey,risk_aversion,combined,0,224.69669984026143,0.751562888949716
106,euler_ramsey,0.5,1.5% Ramsey,risk_aversion,combined,0,57.07166853568497,0.7205366586203036
106,euler_ramsey,0.5,2.0% Ramsey,risk_aversion,combined,0,56.5584595026045,0.6365249685404071
106,euler_ramsey,0.5,2.5% Ramsey,risk_aversion,combined,0,46.85147553253989,0.5718562834153885
107,euler_ramsey,0.5,1.5% Ramsey,risk_aversion,combined,0,583.0497057330914,0.8997798032465091
107,euler_ramsey,0.5,2.0% Ramsey,risk_aversion,combined,0,514.3774302677202,0.8372082218766226
107,euler_ramsey,0.5,2.5% Ramsey,risk_aversion,combined,0,434.5321443966148,0.7830932117331707
108,euler_ramsey,0.5,1.5% Ramsey,risk_aversion,combined,0,-3.3688338200063312,1.0600260525055993
108,euler_ramsey,0.5,2.0% Ramsey,risk_aversion,combined,0,2.687062539014941,1.0218208655502536
108,euler_ramsey,0.5,2.5% Ramsey,risk_aversion,combined,0,7.606078312663901,0.9821998300374467
109,euler_ramsey,0.5,1.5% Ramsey,risk_aversion,combined,0,-291.0994656504448,0.18595045127166915
109,euler_ramsey,0.5,2.0% Ramsey,risk_aversion,combined,0,-248.41512721916277,0.1210752004704109
109,euler_ramsey,0.5,2.5% Ramsey,risk_aversion,combined,0,-183.76786205923545,0.08590602345858182
110,euler_ramsey,0.5,1.5% Ramsey,risk_aversion,combined,0,620.2399999412739,0.30650411913834963
110,euler_ramsey,0.5,2.0% Ramsey,risk_aversion,combined,0,353.9957688918954,0.2233136492473064
110,euler_ramsey,0.5,2.5% Ramsey,risk_aversion,combined,0,230.41073946305852,0.1728428313312726
111,euler_ramsey,0.5,1.5% Ramsey,risk_aversion,combined,0,863.7569401310174,0.4486600912538623
111,euler_ramsey,0.5,2.0% Ramsey,risk_aversion,combined,0,796.6818510531041,0.35615830628204753
111,euler_ramsey,0.5,2.5% Ramsey,risk_aversion,combined,0,637.6154496299982,0.29457217997726803
112,euler_ramsey,0.5,1.5% Ramsey,risk_aversion,combined,0,419.49485753400086,1.0178979203834835
112,euler_ramsey,0.5,2.0% Ramsey,risk_aversion,combined,0,371.53421595263814,0.9727777270159425
112,euler_ramsey,0.5,2.5% Ramsey,risk_aversion,combined,0,298.3265818093197,0.9289997396288249
113,euler_ramsey,0.5,1.5% Ramsey,risk_aversion,combined,0,3364.464148944917,0.3746416851776266
113,euler_ramsey,0.5,2.0% Ramsey,risk_aversion,combined,0,2326.5329445528173,0.2857545893575375
113,euler_ramsey,0.5,2.5% Ramsey,risk_aversion,combined,0,1626.3148786449601,0.22916599675725394
114,euler_ramsey,0.5,1.5% Ramsey,risk_aversion,combined,0,-1600.556053830123,0.3008113439491934
114,euler_ramsey,0.5,2.0% Ramsey,risk_aversion,combined,0,-756.515639637808,0.21838678640940215
114,euler_ramsey,0.5,2.5% Ramsey,risk_aversion,combined,0,-390.79883411935344,0.16857060558914672
115,euler_ramsey,0.5,1.5% Ramsey,risk_aversion,combined,0,-1184.328799587512,0.9052262659075817
115,euler_ramsey,0.5,2.0% Ramsey,risk_aversion,combined,0,-669.6684442925351,0.8428036369985855
115,euler_ramsey,0.5,2.5% Ramsey,risk_aversion,combined,0,-361.75668206399183,0.7886471563810739
116,euler_ramsey,0.5,1.5% Ramsey,risk_aversion,combined,0,140.2877171995229,1.4583236545939209
116,euler_ramsey,0.5,2.0% Ramsey,risk_aversion,combined,0,103.01650977960773,1.510796891506556
116,euler_ramsey,0.5,2.5% Ramsey,risk_aversion,combined,0,79.97586792871702,1.5354877469692687
117,euler_ramsey,0.5,1.5% Ramsey,risk_aversion,combined,0,169.54743298520978,0.6872314156436183
117,euler_ramsey,0.5,2.0% Ramsey,risk_aversion,combined,0,110.70132575166552,0.600374852884639
117,euler_ramsey,0.5,2.5% Ramsey,risk_aversion,combined,0,71.044138850821,0.5347308016617927
118,euler_ramsey,0.5,1.5% Ramsey,risk_aversion,combined,0,4458.0479463892725,0.49722597542142366
118,euler_ramsey,0.5,2.0% Ramsey,risk_aversion,combined,0,1739.3711733104878,0.4042417310730937
118,euler_ramsey,0.5,2.5% Ramsey,risk_aversion,combined,0,787.2786397915261,0.3405945272837807
119,euler_ramsey,0.5,1.5% Ramsey,risk_aversion,combined,0,-88.68217851964658,1.2223957611539822
119,euler_ramsey,0.5,2.0% Ramsey,risk_aversion,combined,0,-70.59467078143791,1.2161529497334382
119,euler_ramsey,0.5,2.5% Ramsey,risk_aversion,combined,0,-40.4677178503272,1.1978302861272103
120,euler_ramsey,0.5,1.5% Ramsey,risk_aversion,combined,0,-494.07632861984393,1.3532309979820571
120,euler_ramsey,0.5,2.0% Ramsey,risk_aversion,combined,0,-371.3437606461946,1.3780723105217472
120,euler_ramsey,0.5,2.5% Ramsey,risk_aversion,combined,0,-244.77355056774684,1.3820486133121863
121,euler_ramsey,0.5,1.5% Ramsey,risk_aversion,combined,0,806.6643118162176,1.5124132286797993
121,euler_ramsey,0.5,2.0% Ramsey,risk_aversion,combined,0,628.8667285317891,1.5804457454860468
121,euler_ramsey,0.5,2.5% Ramsey,risk_aversion,combined,0,462.1504406379118,1.617211226895089
122,euler_ramsey,0.5,1.5% Ramsey,risk_aversion,combined,0,1983.0538068112176,0.3586025612428912
122,euler_ramsey,0.5,2.0% Ramsey,risk_aversion,combined,0,1419.6376143468501,0.27074418193019195
122,euler_ramsey,0.5,2.5% Ramsey,risk_aversion,combined,0,1018.6921696100163,0.21541358365514346
123,euler_ramsey,0.5,1.5% Ramsey,risk_aversion,combined,0,419.9558146005907,2.730249335242594
123,euler_ramsey,0.5,2.0% Ramsey,risk_aversion,combined,0,366.83743460233023,3.259684155781082
123,euler_ramsey,0.5,2.5% Ramsey,risk_aversion,combined,0,299.63018226664167,3.6977620109284373
124,euler_ramsey,0.5,1.5% Ramsey,risk_aversion,combined,0,401.6841298847462,0.892151708685355
124,euler_ramsey,0.5,2.0% Ramsey,risk_aversion,combined,0,341.4107891282432,0.8273136776339414
124,euler_ramsey,0.5,2.5% Ramsey,risk_aversion,combined,0,286.02884555829,0.7718042203470217
125,euler_ramsey,0.5,1.5% Ramsey,risk_aversion,combined,0,795.186354765444,0.3728165034235429
125,euler_ramsey,0.5,2.0% Ramsey,risk_aversion,combined,0,517.2746694684129,0.2838632788602228
125,euler_ramsey,0.5,2.5% Ramsey,risk_aversion,combined,0,349.1759895081869,0.22732489996826047
126,euler_ramsey,0.5,1.5% Ramsey,risk_aversion,combined,0,1082.1281861269297,0.3032086479614872
126,euler_ramsey,0.5,2.0% Ramsey,risk_aversion,combined,0,550.8054845351215,0.22037125505829253
126,euler_ramsey,0.5,2.5% Ramsey,risk_aversion,combined,0,291.2533732049428,0.17024155184332124
127,euler_ramsey,0.5,1.5% Ramsey,risk_aversion,combined,0,3335.151921281421,0.2592664960534784
127,euler_ramsey,0.5,2.0% Ramsey,risk_aversion,combined,0,1575.8485560603533,0.1820444008688483
127,euler_ramsey,0.5,2.5% Ramsey,risk_aversion,combined,0,881.6280358187424,0.1369401840881728
128,euler_ramsey,0.5,1.5% Ramsey,risk_aversion,combined,0,534.578660407348,2.0853556881267363
128,euler_ramsey,0.5,2.0% Ramsey,risk_aversion,combined,0,371.35416883622986,2.341605243208374
128,euler_ramsey,0.5,2.5% Ramsey,risk_aversion,combined,0,248.00391742124606,2.5329292837300783
129,euler_ramsey,0.5,1.5% Ramsey,risk_aversion,combined,0,417.9344066541302,0.4802277488799525
129,euler_ramsey,0.5,2.0% Ramsey,risk_aversion,combined,0,353.8986664801615,0.38723082305306816
129,euler_ramsey,0.5,2.5% Ramsey,risk_aversion,combined,0,271.7322411831479,0.3241798193103885
130,euler_ramsey,0.5,1.5% Ramsey,risk_aversion,combined,0,817.5214663480144,0.38039751288533535
130,euler_ramsey,0.5,2.0% Ramsey,risk_aversion,combined,0,552.5650393159972,0.29100208698431496
130,euler_ramsey,0.5,2.5% Ramsey,risk_aversion,combined,0,381.7086974941132,0.2338964849818049
131,euler_ramsey,0.5,1.5% Ramsey,risk_aversion,combined,0,173.9022761353013,1.3641058754425175
131,euler_ramsey,0.5,2.0% Ramsey,risk_aversion,combined,0,144.03463261953658,1.3922748365237145
131,euler_ramsey,0.5,2.5% Ramsey,risk_aversion,combined,0,116.09544701302305,1.3988726925695076
132,euler_ramsey,0.5,1.5% Ramsey,risk_aversion,combined,0,750.7596610414786,0.7764266511523057
132,euler_ramsey,0.5,2.0% Ramsey,risk_aversion,combined,0,449.6605060254303,0.69719080215477
132,euler_ramsey,0.5,2.5% Ramsey,risk_aversion,combined,0,282.89495829883776,0.6343058756352176
133,euler_ramsey,0.5,1.5% Ramsey,risk_aversion,combined,0,1009.4540274510233,1.0039450955908142
133,euler_ramsey,0.5,2.0% Ramsey,risk_aversion,combined,0,767.211698339223,0.9577177696476252
133,euler_ramsey,0.5,2.5% Ramsey,risk_aversion,combined,0,531.027613905636,0.9133244542560353
134,euler_ramsey,0.5,1.5% Ramsey,risk_aversion,combined,0,895.4070938586851,0.46932732478849926
134,euler_ramsey,0.5,2.0% Ramsey,risk_aversion,combined,0,656.7397014633739,0.376321159168111
134,euler_ramsey,0.5,2.5% Ramsey,risk_aversion,combined,0,448.88328315839385,0.31367069274254045
135,euler_ramsey,0.5,1.5% Ramsey,risk_aversion,combined,0,3069.3573843853005,0.2077493241269491
135,euler_ramsey,0.5,2.0% Ramsey,risk_aversion,combined,0,1801.4607756936673,0.13870053603216534
135,euler_ramsey,0.5,2.5% Ramsey,risk_aversion,combined,0,1144.5058441267063,0.10033962414411476
136,euler_ramsey,0.5,1.5% Ramsey,risk_aversion,combined,0,4806.745945854144,0.39944155213890814
136,euler_ramsey,0.5,2.0% Ramsey,risk_aversion,combined,0,2915.480668808566,0.3092079320531472
136,euler_ramsey,0.5,2.5% Ramsey,risk_aversion,combined,0,1746.4022263243623,0.2508353355020895
137,euler_ramsey,0.5,1.5% Ramsey,risk_aversion,combined,0,404.7813498508149,0.7284052372505333
137,euler_ramsey,0.5,2.0% Ramsey,risk_aversion,combined,0,349.087629242162,0.6450749832409033
137,euler_ramsey,0.5,2.5% Ramsey,risk_aversion,combined,0,264.68937650180897,0.5806582075493157
138,euler_ramsey,0.5,1.5% Ramsey,risk_aversion,combined,0,4990.579138073103,0.37265252626583056
138,euler_ramsey,0.5,2.0% Ramsey,risk_aversion,combined,0,4265.50209117817,0.28450734571936237
138,euler_ramsey,0.5,2.5% Ramsey,risk_aversion,combined,0,3286.09912030038,0.22837955900805643
139,euler_ramsey,0.5,1.5% Ramsey,risk_aversion,combined,0,187.8516205662474,2.171341057086733
139,euler_ramsey,0.5,2.0% Ramsey,risk_aversion,combined,0,234.21278468411947,2.4601506834947235
139,euler_ramsey,0.5,2.5% Ramsey,risk_aversion,combined,0,238.04716121898872,2.6795989143907866
140,euler_ramsey,0.5,1.5% Ramsey,risk_aversion,combined,0,596.9215967588776,0.6413210416951294
140,euler_ramsey,0.5,2.0% Ramsey,risk_aversion,combined,0,403.5473948237696,0.5523434396813837
140,euler_ramsey,0.5,2.5% Ramsey,risk_aversion,combined,0,264.79827126603914,0.4866159006165341
141,euler_ramsey,0.5,1.5% Ramsey,risk_aversion,combined,0,1695.6865687097927,0.3592627411918063
141,euler_ramsey,0.5,2.0% Ramsey,risk_aversion,combined,0,618.3897052369241,0.27133217646940366
141,euler_ramsey,0.5,2.5% Ramsey,risk_aversion,combined,0,348.00992317700803,0.2159347208894009
142,euler_ramsey,0.5,1.5% Ramsey,risk_aversion,combined,0,-2.0890115179206186,0.9564274108519134
142,euler_ramsey,0.5,2.0% Ramsey,risk_aversion,combined,0,12.93691144726954,0.9009872306466653
142,euler_ramsey,0.5,2.5% Ramsey,risk_aversion,combined,0,17.664195469693972,0.85074214925276
143,euler_ramsey,0.5,1.5% Ramsey,risk_aversion,combined,0,204.68701035490525,1.8684625743323806
143,euler_ramsey,0.5,2.0% Ramsey,risk_aversion,combined,0,142.83671272875293,2.0465289113358867
143,euler_ramsey,0.5,2.5% Ramsey,risk_aversion,combined,0,99.56746535454302,2.171442048637547
144,euler_ramsey,0.5,1.5% Ramsey,risk_aversion,combined,0,-717.2979070183277,0.44969162978891203
144,euler_ramsey,0.5,2.0% Ramsey,risk_aversion,combined,0,-284.13315449119125,0.35710345005594785
144,euler_ramsey,0.5,2.5% Ramsey,risk_aversion,combined,0,-113.44596337279268,0.29542901200172955
145,euler_ramsey,0.5,1.5% Ramsey,risk_aversion,combined,0,-37.321690995656894,0.6939737314589364
145,euler_ramsey,0.5,2.0% Ramsey,risk_aversion,combined,0,-28.709278609156573,0.6080879940007826
145,euler_ramsey,0.5,2.5% Ramsey,risk_aversion,combined,0,-22.246442017317232,0.5428880117788354
146,euler_ramsey,0.5,1.5% Ramsey,risk_aversion,combined,0,1057.4421549772826,0.7983356698434708
146,euler_ramsey,0.5,2.0% Ramsey,risk_aversion,combined,0,759.1142911409374,0.7237952968090638
146,euler_ramsey,0.5,2.5% Ramsey,risk_aversion,combined,0,536.7261673316416,0.6636387013404177
147,euler_ramsey,0.5,1.5% Ramsey,risk_aversion,combined,0,499.4054642419507,1.1827091375438659
147,euler_ramsey,0.5,2.0% Ramsey,risk_aversion,combined,0,371.72590008951386,1.1683885179580624
147,euler_ramsey,0.5,2.5% Ramsey,risk_aversion,combined,0,260.1597589556447,1.1445580954464862
148,euler_ramsey,0.5,1.5% Ramsey,risk_aversion,combined,0,13293.441765855094,0.14102297241103715
148,euler_ramsey,0.5,2.0% Ramsey,risk_aversion,combined,0,10473.21202404854,0.08645136742089936
148,euler_ramsey,0.5,2.5% Ramsey,risk_aversion,combined,0,7430.368127381858,0.058556875408532126
149,euler_ramsey,0.5,1.5% Ramsey,risk_aversion,combined,0,582.0559114320051,1.0987956046073402
149,euler_ramsey,0.5,2.0% Ramsey,risk_aversion,combined,0,446.6942600100143,1.0679905333678492
149,euler_ramsey,0.5,2.5% Ramsey,risk_aversion,combined,0,319.09866794864075,1.033210841623129
150,euler_ramsey,0.5,1.5% Ramsey,risk_aversion,combined,0,61.1285538006021,0.8594581785757903
150,euler_ramsey,0.5,2.0% Ramsey,risk_aversion,combined,0,43.60006407084853,0.7899572579912676
150,euler_ramsey,0.5,2.5% Ramsey,risk_aversion,combined,0,30.115303980056044,0.7318370560174818
151,euler_ramsey,0.5,1.5% Ramsey,risk_aversion,combined,0,-40.56986998320563,1.6845385582888013
151,euler_ramsey,0.5,2.0% Ramsey,risk_aversion,combined,0,-38.14755078202125,1.8028568782063166
151,euler_ramsey,0.5,2.5% Ramsey,risk_aversion,combined,0,-28.02954633602514,1.878964875675073
152,euler_ramsey,0.5,1.5% Ramsey,risk_aversion,combined,0,415.48977843341737,1.2760208604734853
152,euler_ramsey,0.5,2.0% Ramsey,risk_aversion,combined,0,242.0759760619553,1.282872651064702
152,euler_ramsey,0.5,2.5% Ramsey,risk_aversion,combined,0,152.36135336409464,1.2739732515389564
153,euler_ramsey,0.5,1.5% Ramsey,risk_aversion,combined,0,227.20411078633015,1.9945068210255608
153,euler_ramsey,0.5,2.0% Ramsey,risk_aversion,combined,0,147.07227219692095,2.216951571217144
153,euler_ramsey,0.5,2.5% Ramsey,risk_aversion,combined,0,95.68745943774675,2.379232854851231
154,euler_ramsey,0.5,1.5% Ramsey,risk_aversion,combined,0,1099.1203953077045,0.8190451778105001
154,euler_ramsey,0.5,2.0% Ramsey,risk_aversion,combined,0,886.8451130989529,0.7456871583202046
154,euler_ramsey,0.5,2.5% Ramsey,risk_aversion,combined,0,665.4738894162004,0.6858623518734237
155,euler_ramsey,0.5,1.5% Ramsey,risk_aversion,combined,0,116.34895807182428,1.355545228083912
155,euler_ramsey,0.5,2.0% Ramsey,risk_aversion,combined,0,80.55138865210026,1.3813374221937567
155,euler_ramsey,0.5,2.5% Ramsey,risk_aversion,combined,0,60.227044274715524,1.3861041047583207
156,euler_ramsey,0.5,1.5% Ramsey,risk_aversion,combined,0,-440.7777210807289,0.36366931525080165
156,euler_ramsey,0.5,2.0% Ramsey,risk_aversion,combined,0,-192.92611635118226,0.27536414889244265
156,euler_ramsey,0.5,2.5% Ramsey,risk_aversion,combined,0,-115.26142738954182,0.21957030348446263
157,euler_ramsey,0.5,1.5% Ramsey,risk_aversion,combined,0,1627.283731761718,0.6195097597669429
157,euler_ramsey,0.5,2.0% Ramsey,risk_aversion,combined,0,1078.5966872982087,0.5299260647550359
157,euler_ramsey,0.5,2.5% Ramsey,risk_aversion,combined,0,703.5201202106675,0.4645200034433494
158,euler_ramsey,0.5,1.5% Ramsey,risk_aversion,combined,0,152.4491432861696,2.06711019124737
158,euler_ramsey,0.5,2.0% Ramsey,risk_aversion,combined,0,105.34523288206543,2.3161877909454702
158,euler_ramsey,0.5,2.5% Ramsey,risk_aversion,combined,0,76.11918137544374,2.5012188770440273
159,euler_ramsey,0.5,1.5% Ramsey,risk_aversion,combined,0,-457.8789238381339,1.3813414447978332
159,euler_ramsey,0.5,2.0% Ramsey,risk_aversion,combined,0,-277.52078685537043,1.4131357153503301
159,euler_ramsey,0.5,2.5% Ramsey,risk_aversion,combined,0,-149.1273924798514,1.4222558263503016
160,euler_ramsey,0.5,1.5% Ramsey,risk_aversion,combined,0,180.03471902577246,1.7131047502778851
160,euler_ramsey,0.5,2.0% Ramsey,risk_aversion,combined,0,141.86120776304153,1.8402956759759999
160,euler_ramsey,0.5,2.5% Ramsey,risk_aversion,combined,0,107.4817338260346,1.9236436884485018
161,euler_ramsey,0.5,1.5% Ramsey,risk_aversion,combined,0,404.91074907998797,1.7329914639741997
161,euler_ramsey,0.5,2.0% Ramsey,risk_aversion,combined,0,289.97354593831403,1.8664492004963784
161,euler_ramsey,0.5,2.5% Ramsey,risk_aversion,combined,0,195.86880173200925,1.9548382146316392
162,euler_ramsey,0.5,1.5% Ramsey,risk_aversion,combined,0,-373.1705786485118,0.39271410430636117
162,euler_ramsey,0.5,2.0% Ramsey,risk_aversion,combined,0,-176.9869506708973,0.3025477240166359
162,euler_ramsey,0.5,2.5% Ramsey,risk_aversion,combined,0,-110.6328329880389,0.24449735188321225
163,euler_ramsey,0.5,1.5% Ramsey,risk_aversion,combined,0,-331.7620187713244,1.3265749899874393
163,euler_ramsey,0.5,2.0% Ramsey,risk_aversion,combined,0,-259.8522991278523,1.3451469674077747
163,euler_ramsey,0.5,2.5% Ramsey,risk_aversion,combined,0,-179.86075061362072,1.3446037513352926
164,euler_ramsey,0.5,1.5% Ramsey,risk_aversion,combined,0,2484.3817680917177,0.9486254430799008
164,euler_ramsey,0.5,2.0% Ramsey,risk_aversion,combined,0,2196.205312523361,0.8932153661101352
164,euler_ramsey,0.5,2.5% Ramsey,risk_aversion,combined,0,1720.7561635349377,0.843305046856442
165,euler_ramsey,0.5,1.5% Ramsey,risk_aversion,combined,0,225.71049744611025,1.326487516495093
165,euler_ramsey,0.5,2.0% Ramsey,risk_aversion,combined,0,196.1619336065875,1.344555869630795
165,euler_ramsey,0.5,2.5% Ramsey,risk_aversion,combined,0,157.07392133007616,1.3436325763688572
166,euler_ramsey,0.5,1.5% Ramsey,risk_aversion,combined,0,222.7017550824266,1.308249691639123
166,euler_ramsey,0.5,2.0% Ramsey,risk_aversion,combined,0,179.89847062344012,1.3225721498738734
166,euler_ramsey,0.5,2.5% Ramsey,risk_aversion,combined,0,138.8655134593691,1.3190319917332827
167,euler_ramsey,0.5,1.5% Ramsey,risk_aversion,combined,0,2516.2024562527226,0.5491649976022993
167,euler_ramsey,0.5,2.0% Ramsey,risk_aversion,combined,0,1666.5813863700016,0.45667752527711675
167,euler_ramsey,0.5,2.5% Ramsey,risk_aversion,combined,0,1023.5697470414972,0.3915672416996616
168,euler_ramsey,0.5,1.5% Ramsey,risk_aversion,combined,0,3952.577240334596,0.7253121320975984
168,euler_ramsey,0.5,2.0% Ramsey,risk_aversion,combined,0,2965.0608165823865,0.6440811045693623
168,euler_ramsey,0.5,2.5% Ramsey,risk_aversion,combined,0,2082.8919151635787,0.5812050678425862
169,euler_ramsey,0.5,1.5% Ramsey,risk_aversion,combined,0,902.5986677717775,0.7144610128511892
169,euler_ramsey,0.5,2.0% Ramsey,risk_aversion,combined,0,833.1194055227281,0.6301417499504446
169,euler_ramsey,0.5,2.5% Ramsey,risk_aversion,combined,0,700.5167731756584,0.5654706041141349
170,euler_ramsey,0.5,1.5% Ramsey,risk_aversion,combined,0,146.3941164935737,1.082358798940311
170,euler_ramsey,0.5,2.0% Ramsey,risk_aversion,combined,0,124.35048750144495,1.048868208524214
170,euler_ramsey,0.5,2.5% Ramsey,risk_aversion,combined,0,98.79838496797073,1.0123561659663969
171,euler_ramsey,0.5,1.5% Ramsey,risk_aversion,combined,0,105.06265059818983,3.206537229302709
171,euler_ramsey,0.5,2.0% Ramsey,risk_aversion,combined,0,68.36950099863648,3.9655171085023833
171,euler_ramsey,0.5,2.5% Ramsey,risk_aversion,combined,0,47.60484406154746,4.621795787473596
172,euler_ramsey,0.5,1.5% Ramsey,risk_aversion,combined,0,8687.47236744853,0.2855714654161645
172,euler_ramsey,0.5,2.0% Ramsey,risk_aversion,combined,0,4940.694762175555,0.20519089579070227
172,euler_ramsey,0.5,2.5% Ramsey,risk_aversion,combined,0,3066.511847131008,0.15714823042261497
173,euler_ramsey,0.5,1.5% Ramsey,risk_aversion,combined,0,756.6314517186278,1.3399815207648744
173,euler_ramsey,0.5,2.0% Ramsey,risk_aversion,combined,0,630.0173376042352,1.3625418902015078
173,euler_ramsey,0.5,2.5% Ramsey,risk_aversion,combined,0,500.60991416450634,1.365082921554179
174,euler_ramsey,0.5,1.5% Ramsey,risk_aversion,combined,0,2632.51204515937,1.7663584671925225
174,euler_ramsey,0.5,2.0% Ramsey,risk_aversion,combined,0,1998.3513647038583,1.9152483146767418
174,euler_ramsey,0.5,2.5% Ramsey,risk_aversion,combined,0,1334.4155059977084,2.0171256948847245
175,euler_ramsey,0.5,1.5% Ramsey,risk_aversion,combined,0,794.4707341364449,0.25856564080725997
175,euler_ramsey,0.5,2.0% Ramsey,risk_aversion,combined,0,440.5387610221468,0.18131457118001082
175,euler_ramsey,0.5,2.5% Ramsey,risk_aversion,combined,0,281.3636218176555,0.136243216994883
176,euler_ramsey,0.5,1.5% Ramsey,risk_aversion,combined,0,284.4529414687065,1.4227569046987523
176,euler_ramsey,0.5,2.0% Ramsey,risk_aversion,combined,0,239.20348374601238,1.465640864757285
176,euler_ramsey,0.5,2.5% Ramsey,risk_aversion,combined,0,187.85917147530884,1.4830812402540479
177,euler_ramsey,0.5,1.5% Ramsey,risk_aversion,combined,0,-508.5274586938451,0.8704230190409579
177,euler_ramsey,0.5,2.0% Ramsey,risk_aversion,combined,0,-379.85248124801814,0.8023263637840446
177,euler_ramsey,0.5,2.5% Ramsey,risk_aversion,combined,0,-245.48587022421947,0.7449575622797194
178,euler_ramsey,0.5,1.5% Ramsey,risk_aversion,combined,0,1066.3031897982912,0.5116730207647552
178,euler_ramsey,0.5,2.0% Ramsey,risk_aversion,combined,0,1014.9191024339834,0.41893397562936635
178,euler_ramsey,0.5,2.5% Ramsey,risk_aversion,combined,0,875.5042011590218,0.35492639621607014
179,euler_ramsey,0.5,1.5% Ramsey,risk_aversion,combined,0,133.42560866609395,0.8115009164683606
179,euler_ramsey,0.5,2.0% Ramsey,risk_aversion,combined,0,107.06219848175677,0.736117404238836
179,euler_ramsey,0.5,2.5% Ramsey,risk_aversion,combined,0,79.0467989905134,0.6750049340365474
180,euler_ramsey,0.5,1.5% Ramsey,risk_aversion,combined,0,-369.21924523934933,0.9815107180132291
180,euler_ramsey,0.5,2.0% Ramsey,risk_aversion,combined,0,-265.4736306293997,0.9299717936092992
180,euler_ramsey,0.5,2.5% Ramsey,risk_aversion,combined,0,-194.76670478826955,0.8820317865636299
181,euler_ramsey,0.5,1.5% Ramsey,risk_aversion,combined,0,353.47621598232803,0.9049770028591856
181,euler_ramsey,0.5,2.0% Ramsey,risk_aversion,combined,0,312.66515409701935,0.8425883037176191
181,euler_ramsey,0.5,2.5% Ramsey,risk_aversion,combined,0,247.20621490818743,0.7884750525300023
182,euler_ramsey,0.5,1.5% Ramsey,risk_aversion,combined,0,1037.6613173002727,0.4807364563889535
182,euler_ramsey,0.5,2.0% Ramsey,risk_aversion,combined,0,862.1903548958182,0.38812345412310845
182,euler_ramsey,0.5,2.5% Ramsey,risk_aversion,combined,0,640.6164740533345,0.3252869404590828
183,euler_ramsey,0.5,1.5% Ramsey,risk_aversion,combined,0,453.0150424933954,1.8872939595599147
183,euler_ramsey,0.5,2.0% Ramsey,risk_aversion,combined,0,325.66294041640026,2.0727203746264977
183,euler_ramsey,0.5,2.5% Ramsey,risk_aversion,combined,0,231.76947320477657,2.203994974270715
184,euler_ramsey,0.5,1.5% Ramsey,risk_aversion,combined,0,89.46355677494728,2.6202704293534844
184,euler_ramsey,0.5,2.0% Ramsey,risk_aversion,combined,0,78.17206939923645,3.0967872145065853
184,euler_ramsey,0.5,2.5% Ramsey,risk_aversion,combined,0,63.40599719553603,3.4849455946943886
185,euler_ramsey,0.5,1.5% Ramsey,risk_aversion,combined,0,555.9844093651166,1.7166755557982838
185,euler_ramsey,0.5,2.0% Ramsey,risk_aversion,combined,0,401.952646425798,1.8451985972467104
185,euler_ramsey,0.5,2.5% Ramsey,risk_aversion,combined,0,274.6522657566206,1.929667602257587
186,euler_ramsey,0.5,1.5% Ramsey,risk_aversion,combined,0,-44.99800796924303,0.32346386008504985
186,euler_ramsey,0.5,2.0% Ramsey,risk_aversion,combined,0,-63.343127219361136,0.23856327976885885
186,euler_ramsey,0.5,2.5% Ramsey,risk_aversion,combined,0,-62.02570498625547,0.18639525218067504
187,euler_ramsey,0.5,1.5% Ramsey,risk_aversion,combined,0,-782.3787706606735,0.36997358376778944
187,euler_ramsey,0.5,2.0% Ramsey,risk_aversion,combined,0,-628.434845352822,0.281238592007085
187,euler_ramsey,0.5,2.5% Ramsey,risk_aversion,combined,0,-448.5186806292907,0.2249369274649825
188,euler_ramsey,0.5,1.5% Ramsey,risk_aversion,combined,0,2364.8346229014155,1.4059532107908144
188,euler_ramsey,0.5,2.0% Ramsey,risk_aversion,combined,0,1904.5367714320912,1.4461783948572557
188,euler_ramsey,0.5,2.5% Ramsey,risk_aversion,combined,0,1391.5084421034458,1.4620222322968528
189,euler_ramsey,0.5,1.5% Ramsey,risk_aversion,combined,0,1588.9868628735207,0.5459493891356477
189,euler_ramsey,0.5,2.0% Ramsey,risk_aversion,combined,0,1096.2679809794324,0.4532114860380497
189,euler_ramsey,0.5,2.5% Ramsey,risk_aversion,combined,0,756.705564654183,0.3880673898989382
190,euler_ramsey,0.5,1.5% Ramsey,risk_aversion,combined,0,-1979.2445052573623,0.18690215716965333
190,euler_ramsey,0.5,2.0% Ramsey,risk_aversion,combined,0,-1122.797723710516,0.12183178898423179
190,euler_ramsey,0.5,2.5% Ramsey,risk_aversion,combined,0,-587.6870092403714,0.08651808350461555
191,euler_ramsey,0.5,1.5% Ramsey,risk_aversion,combined,0,-299.3105808491307,0.6997199954138801
191,euler_ramsey,0.5,2.0% Ramsey,risk_aversion,combined,0,-154.9020476864765,0.6140092657301169
191,euler_ramsey,0.5,2.5% Ramsey,risk_aversion,combined,0,-76.66182815903075,0.5487775062643151
192,euler_ramsey,0.5,1.5% Ramsey,risk_aversion,combined,0,2326.582023911444,0.8626638461513579
192,euler_ramsey,0.5,2.0% Ramsey,risk_aversion,combined,0,1967.0167626933023,0.7961030224682452
192,euler_ramsey,0.5,2.5% Ramsey,risk_aversion,combined,0,1509.0632797677088,0.7400631688684818
193,euler_ramsey,0.5,1.5% Ramsey,risk_aversion,combined,0,2253.6538616660946,0.36676907428270517
193,euler_ramsey,0.5,2.0% Ramsey,risk_aversion,combined,0,902.4612619927404,0.27847406969007266
193,euler_ramsey,0.5,2.5% Ramsey,risk_aversion,combined,0,513.9559100206828,0.2225434189246155
194,euler_ramsey,0.5,1.5% Ramsey,risk_aversion,combined,0,-842.5758082357668,0.39994486500060406
194,euler_ramsey,0.5,2.0% Ramsey,risk_aversion,combined,0,-585.9393433457003,0.30959136197706183
194,euler_ramsey,0.5,2.5% Ramsey,risk_aversion,combined,0,-387.8661180635297,0.25112549250872446
195,euler_ramsey,0.5,1.5% Ramsey,risk_aversion,combined,0,343.64070838725945,0.9024602201105809
195,euler_ramsey,0.5,2.0% Ramsey,risk_aversion,combined,0,242.46743669916492,0.8404544694272946
195,euler_ramsey,0.5,2.5% Ramsey,risk_aversion,combined,0,170.72534270554684,0.7867935433403684
196,euler_ramsey,0.5,1.5% Ramsey,risk_aversion,combined,0,219.80459507930502,1.2560466700282777
196,euler_ramsey,0.5,2.0% Ramsey,risk_aversion,combined,0,192.94520047227115,1.2583303278679496
196,euler_ramsey,0.5,2.5% Ramsey,risk_aversion,combined,0,153.06091036558738,1.2462514627821228
197,euler_ramsey,0.5,1.5% Ramsey,risk_aversion,combined,0,3151.5056723646703,0.3618087106203261
197,euler_ramsey,0.5,2.0% Ramsey,risk_aversion,combined,0,1579.4344311134525,0.2737255198132493
197,euler_ramsey,0.5,2.5% Ramsey,risk_aversion,combined,0,851.1482521838549,0.21813239446330693
198,euler_ramsey,0.5,1.5% Ramsey,risk_aversion,combined,0,904.628487210117,0.33324208487366147
198,euler_ramsey,0.5,2.0% Ramsey,risk_aversion,combined,0,525.8057174370692,0.2474191681534998
198,euler_ramsey,0.5,2.5% Ramsey,risk_aversion,combined,0,324.1122662108958,0.19431703987200213
199,euler_ramsey,0.5,1.5% Ramsey,risk_aversion,combined,0,262.6425677430166,0.40008214167633804
199,euler_ramsey,0.5,2.0% Ramsey,risk_aversion,combined,0,177.7406875800291,0.30949363000190117
199,euler_ramsey,0.5,2.5% Ramsey,risk_aversion,combined,0,114.20789955896545,0.25090706205877905
200,euler_ramsey,0.5,1.5% Ramsey,risk_aversion,combined,0,4087.0353933318574,0.45845008542384313
200,euler_ramsey,0.5,2.0% Ramsey,risk_aversion,combined,0,3534.902292356979,0.36628208177235727
200,euler_ramsey,0.5,2.5% Ramsey,risk_aversion,combined,0,2719.8843116393737,0.304505970458226
201,euler_ramsey,0.5,1.5% Ramsey,risk_aversion,combined,0,-16.007402147429428,1.2690605136516755
201,euler_ramsey,0.5,2.0% Ramsey,risk_aversion,combined,0,-8.862188618030375,1.2743217524515953
201,euler_ramsey,0.5,2.5% Ramsey,risk_aversion,combined,0,-4.352570480065926,1.2642306906660121
202,euler_ramsey,0.5,1.5% Ramsey,risk_aversion,combined,0,510.3029340095776,1.3475801615490532
202,euler_ramsey,0.5,2.0% Ramsey,risk_aversion,combined,0,399.1526631332245,1.3713202210632007
202,euler_ramsey,0.5,2.5% Ramsey,risk_aversion,combined,0,285.40768424684626,1.3745935333161525
203,euler_ramsey,0.5,1.5% Ramsey,risk_aversion,combined,0,808.530079900478,1.081948429731991
203,euler_ramsey,0.5,2.0% Ramsey,risk_aversion,combined,0,589.1306946965732,1.0486266905323938
203,euler_ramsey,0.5,2.5% Ramsey,risk_aversion,combined,0,407.686274632163,1.0123151671213007
204,euler_ramsey,0.5,1.5% Ramsey,risk_aversion,combined,0,1677.805204345167,0.5729779703151655
204,euler_ramsey,0.5,2.0% Ramsey,risk_aversion,combined,0,1294.8852009812538,0.4807462382183672
204,euler_ramsey,0.5,2.5% Ramsey,risk_aversion,combined,0,935.7185150966717,0.41503260958619637
205,euler_ramsey,0.5,1.5% Ramsey,risk_aversion,combined,0,-451.3122445158666,0.6289870339009122
205,euler_ramsey,0.5,2.0% Ramsey,risk_aversion,combined,0,-352.0572246027043,0.5389532579039903
205,euler_ramsey,0.5,2.5% Ramsey,risk_aversion,combined,0,-253.0934491571657,0.47290428850268257
206,euler_ramsey,0.5,1.5% Ramsey,risk_aversion,combined,0,2380.318146940157,0.9212686587872586
206,euler_ramsey,0.5,2.0% Ramsey,risk_aversion,combined,0,1753.9773191026404,0.8632391998138463
206,euler_ramsey,0.5,2.5% Ramsey,risk_aversion,combined,0,1208.3881000437818,0.8120986605085136
207,euler_ramsey,0.5,1.5% Ramsey,risk_aversion,combined,0,132.705950949787,0.7463637117975553
207,euler_ramsey,0.5,2.0% Ramsey,risk_aversion,combined,0,121.4970845450443,0.6645822280031911
207,euler_ramsey,0.5,2.5% Ramsey,risk_aversion,combined,0,95.50823377667858,0.6007309942636574
208,euler_ramsey,0.5,1.5% Ramsey,risk_aversion,combined,0,-1047.3878473682232,0.47506944239012777
208,euler_ramsey,0.5,2.0% Ramsey,risk_aversion,combined,0,-401.2967560834074,0.3821263172040738
208,euler_ramsey,0.5,2.5% Ramsey,risk_aversion,combined,0,-229.69748473279276,0.31928975210725186
209,euler_ramsey,0.5,1.5% Ramsey,risk_aversion,combined,0,4423.946249025183,0.29945832021756086
209,euler_ramsey,0.5,2.0% Ramsey,risk_aversion,combined,0,2464.4375189591838,0.2173080724890761
209,euler_ramsey,0.5,2.5% Ramsey,risk_aversion,combined,0,1451.9210492471807,0.16769451202989077
210,euler_ramsey,0.5,1.5% Ramsey,risk_aversion,combined,0,378.79180779664574,0.23468477469325472
210,euler_ramsey,0.5,2.0% Ramsey,risk_aversion,combined,0,155.2638528936432,0.161012971782968
210,euler_ramsey,0.5,2.5% Ramsey,risk_aversion,combined,0,87.68911736403963,0.11896033542353351
211,euler_ramsey,0.5,1.5% Ramsey,risk_aversion,combined,0,649.991196595713,0.9992903982260618
211,euler_ramsey,0.5,2.0% Ramsey,risk_aversion,combined,0,457.1216050851618,0.950358856943971
211,euler_ramsey,0.5,2.5% Ramsey,risk_aversion,combined,0,316.0829687718341,0.9040142397125454
212,euler_ramsey,0.5,1.5% Ramsey,risk_aversion,combined,0,323.58393776263455,1.1479502061629079
212,euler_ramsey,0.5,2.0% Ramsey,risk_aversion,combined,0,230.5334108840966,1.1264212102394313
212,euler_ramsey,0.5,2.5% Ramsey,risk_aversion,combined,0,170.85872218700058,1.097708622844778
213,euler_ramsey,0.5,1.5% Ramsey,risk_aversion,combined,0,-149.05969642498886,0.8069520227915118
213,euler_ramsey,0.5,2.0% Ramsey,risk_aversion,combined,0,-107.08614535728431,0.7310697977776691
213,euler_ramsey,0.5,2.5% Ramsey,risk_aversion,combined,0,-67.97754025456153,0.6697384172775291
214,euler_ramsey,0.5,1.5% Ramsey,risk_aversion,combined,0,232.5175276103244,0.6669179260668546
214,euler_ramsey,0.5,2.0% Ramsey,risk_aversion,combined,0,236.41449492796934,0.5792697656225194
214,euler_ramsey,0.5,2.5% Ramsey,risk_aversion,combined,0,215.3176241702012,0.5137174685751014
215,euler_ramsey,0.5,1.5% Ramsey,risk_aversion,combined,0,4204.450848144129,0.287511145700908
215,euler_ramsey,0.5,2.0% Ramsey,risk_aversion,combined,0,2426.2005056289136,0.20687634943381766
215,euler_ramsey,0.5,2.5% Ramsey,risk_aversion,combined,0,1460.164644958192,0.15861103719561823
216,euler_ramsey,0.5,1.5% Ramsey,risk_aversion,combined,0,1236.88883394601,1.150430275880781
216,euler_ramsey,0.5,2.0% Ramsey,risk_aversion,combined,0,1002.4249558239408,1.1307738958760476
216,euler_ramsey,0.5,2.5% Ramsey,risk_aversion,combined,0,774.9871629767437,1.103610347515715
217,euler_ramsey,0.5,1.5% Ramsey,risk_aversion,combined,0,-83.12970583105428,0.7328645578271391
217,euler_ramsey,0.5,2.0% Ramsey,risk_aversion,combined,0,-69.3568893034345,0.649737070116273
217,euler_ramsey,0.5,2.5% Ramsey,risk_aversion,combined,0,-53.49024070760991,0.5853533935994811
218,euler_ramsey,0.5,1.5% Ramsey,risk_aversion,combined,0,1964.7295478508888,0.9312892106189142
218,euler_ramsey,0.5,2.0% Ramsey,risk_aversion,combined,0,1652.5262966289863,0.8720462274688089
218,euler_ramsey,0.5,2.5% Ramsey,risk_aversion,combined,0,1233.6324578814153,0.8196890665952568
219,euler_ramsey,0.5,1.5% Ramsey,risk_aversion,combined,0,615.080134763668,0.5578531471994682
219,euler_ramsey,0.5,2.0% Ramsey,risk_aversion,combined,0,485.6304648537664,0.465106153096422
219,euler_ramsey,0.5,2.5% Ramsey,risk_aversion,combined,0,348.58484994849726,0.39956156312970714
220,euler_ramsey,0.5,1.5% Ramsey,risk_aversion,combined,0,-115.08668130241203,0.7646103634581449
220,euler_ramsey,0.5,2.0% Ramsey,risk_aversion,combined,0,-56.64428465279331,0.6851443167791823
220,euler_ramsey,0.5,2.5% Ramsey,risk_aversion,combined,0,-21.610370565651277,0.6223908522784072
221,euler_ramsey,0.5,1.5% Ramsey,risk_aversion,combined,0,-219.8105698149405,1.1502375512292666
221,euler_ramsey,0.5,2.0% Ramsey,risk_aversion,combined,0,-159.4851802150115,1.1298379062761232
221,euler_ramsey,0.5,2.5% Ramsey,risk_aversion,combined,0,-102.55437202248596,1.101941410253154
222,euler_ramsey,0.5,1.5% Ramsey,risk_aversion,combined,0,773.7133547400578,0.7256379313295909
222,euler_ramsey,0.5,2.0% Ramsey,risk_aversion,combined,0,633.3650654746525,0.6421414840646831
222,euler_ramsey,0.5,2.5% Ramsey,risk_aversion,combined,0,465.76104165970077,0.5776991683002427
223,euler_ramsey,0.5,1.5% Ramsey,risk_aversion,combined,0,777.7996679269125,0.7837346513416464
223,euler_ramsey,0.5,2.0% Ramsey,risk_aversion,combined,0,485.10855279524344,0.7057916230459007
223,euler_ramsey,0.5,2.5% Ramsey,risk_aversion,combined,0,315.89196759162616,0.6436121941935836
224,euler_ramsey,0.5,1.5% Ramsey,risk_aversion,combined,0,1155.2013599088166,0.8661091934952567
224,euler_ramsey,0.5,2.0% Ramsey,risk_aversion,combined,0,931.8022792959962,0.7984787083427214
224,euler_ramsey,0.5,2.5% Ramsey,risk_aversion,combined,0,697.699994407806,0.7415873262049005
225,euler_ramsey,0.5,1.5% Ramsey,risk_aversion,combined,0,519.8179677312826,0.37534846448939874
225,euler_ramsey,0.5,2.0% Ramsey,risk_aversion,combined,0,420.84913075152565,0.2862434298613092
225,euler_ramsey,0.5,2.5% Ramsey,risk_aversion,combined,0,313.4668300792843,0.22951156299945813
226,euler_ramsey,0.5,1.5% Ramsey,risk_aversion,combined,0,233.44564532702572,1.0565889106904511
226,euler_ramsey,0.5,2.0% Ramsey,risk_aversion,combined,0,144.4805201528559,1.017199049202626
226,euler_ramsey,0.5,2.5% Ramsey,risk_aversion,combined,0,94.98151277220967,0.976708600521896
227,euler_ramsey,0.5,1.5% Ramsey,risk_aversion,combined,0,438.37563172746445,3.0263049345514905
227,euler_ramsey,0.5,2.0% Ramsey,risk_aversion,combined,0,376.7507300093682,3.696109559841397
227,euler_ramsey,0.5,2.5% Ramsey,risk_aversion,combined,0,304.4750499622921,4.266765823724883
228,euler_ramsey,0.5,1.5% Ramsey,risk_aversion,combined,0,-381.6341165746816,0.6722746441272638
228,euler_ramsey,0.5,2.0% Ramsey,risk_aversion,combined,0,-222.3396620304054,0.5850674972075866
228,euler_ramsey,0.5,2.5% Ramsey,risk_aversion,combined,0,-136.108652612429,0.5196314658492283
229,euler_ramsey,0.5,1.5% Ramsey,risk_aversion,combined,0,1207.1441671243374,0.3764945119658754
229,euler_ramsey,0.5,2.0% Ramsey,risk_aversion,combined,0,1209.122277231883,0.28744973869606927
229,euler_ramsey,0.5,2.5% Ramsey,risk_aversion,combined,0,1002.7092633062076,0.23069418927458313
230,euler_ramsey,0.5,1.5% Ramsey,risk_aversion,combined,0,880.9004386630536,1.767859087076381
230,euler_ramsey,0.5,2.0% Ramsey,risk_aversion,combined,0,648.3353985390135,1.912548136133276
230,euler_ramsey,0.5,2.5% Ramsey,risk_aversion,combined,0,452.8763392478527,2.010094288060897
231,euler_ramsey,0.5,1.5% Ramsey,risk_aversion,combined,0,2742.047179375643,0.39207183389286426
231,euler_ramsey,0.5,2.0% Ramsey,risk_aversion,combined,0,2070.7325427652277,0.3022089079826078
231,euler_ramsey,0.5,2.5% Ramsey,risk_aversion,combined,0,1415.302286846057,0.244346692398628
232,euler_ramsey,0.5,1.5% Ramsey,risk_aversion,combined,0,671.4100690436759,1.0927977073189028
232,euler_ramsey,0.5,2.0% Ramsey,risk_aversion,combined,0,547.5297334313254,1.0620591859212416
232,euler_ramsey,0.5,2.5% Ramsey,risk_aversion,combined,0,411.007397353641,1.0275099010788158
233,euler_ramsey,0.5,1.5% Ramsey,risk_aversion,combined,0,-425.3102258262083,0.5825565346660778
233,euler_ramsey,0.5,2.0% Ramsey,risk_aversion,combined,0,-282.89832104420987,0.4906285286647357
233,euler_ramsey,0.5,2.5% Ramsey,risk_aversion,combined,0,-188.57122631271798,0.4247981939099333
234,euler_ramsey,0.5,1.5% Ramsey,risk_aversion,combined,0,135.87599014152676,0.6305331691639787
234,euler_ramsey,0.5,2.0% Ramsey,risk_aversion,combined,0,163.64637124849133,0.5408362201083271
234,euler_ramsey,0.5,2.5% Ramsey,risk_aversion,combined,0,166.35734271864095,0.47496243088596324
235,euler_ramsey,0.5,1.5% Ramsey,risk_aversion,combined,0,700.4274972455568,0.8975819254286869
235,euler_ramsey,0.5,2.0% Ramsey,risk_aversion,combined,0,526.4137019478925,0.833411656421583
235,euler_ramsey,0.5,2.5% Ramsey,risk_aversion,combined,0,399.70140345164464,0.7782036847467907
236,euler_ramsey,0.5,1.5% Ramsey,risk_aversion,combined,0,356.02374885587614,1.220778800758692
236,euler_ramsey,0.5,2.0% Ramsey,risk_aversion,combined,0,224.10279214869033,1.2156635526621755
236,euler_ramsey,0.5,2.5% Ramsey,risk_aversion,combined,0,156.9652092422824,1.1983559990535069
237,euler_ramsey,0.5,1.5% Ramsey,risk_aversion,combined,0,381.4974185945325,1.7255053409807153
237,euler_ramsey,0.5,2.0% Ramsey,risk_aversion,combined,0,313.32567038875385,1.856881888028044
237,euler_ramsey,0.5,2.5% Ramsey,risk_aversion,combined,0,244.31679406182548,1.9436806910795763
238,euler_ramsey,0.5,1.5% Ramsey,risk_aversion,combined,0,199.00866223611592,0.4730778005983978
238,euler_ramsey,0.5,2.0% Ramsey,risk_aversion,combined,0,186.43087951000413,0.3805043758125494
238,euler_ramsey,0.5,2.5% Ramsey,risk_aversion,combined,0,146.32631544415875,0.31794522784658946
239,euler_ramsey,0.5,1.5% Ramsey,risk_aversion,combined,0,1094.6415261371878,0.3915875702544977
239,euler_ramsey,0.5,2.0% Ramsey,risk_aversion,combined,0,660.2676526184849,0.3015981067578308
239,euler_ramsey,0.5,2.5% Ramsey,risk_aversion,combined,0,378.18430563022395,0.24368756150213058
240,euler_ramsey,0.5,1.5% Ramsey,risk_aversion,combined,0,-303.1151381238926,0.799701451029584
240,euler_ramsey,0.5,2.0% Ramsey,risk_aversion,combined,0,-248.58657561739741,0.7230531028325928
240,euler_ramsey,0.5,2.5% Ramsey,risk_aversion,combined,0,-177.36555368766105,0.6613523112456362
241,euler_ramsey,0.5,1.5% Ramsey,risk_aversion,combined,0,2077.450908720834,0.5585358100002528
241,euler_ramsey,0.5,2.0% Ramsey,risk_aversion,combined,0,1055.7671668351272,0.46579394568826926
241,euler_ramsey,0.5,2.5% Ramsey,risk_aversion,combined,0,548.5471673872913,0.4002317599765327
242,euler_ramsey,0.5,1.5% Ramsey,risk_aversion,combined,0,1477.6464880212807,1.0861225388040756
242,euler_ramsey,0.5,2.0% Ramsey,risk_aversion,combined,0,984.2412257328865,1.052477541617948
242,euler_ramsey,0.5,2.5% Ramsey,risk_aversion,combined,0,617.3058334163638,1.015778794592746
243,euler_ramsey,0.5,1.5% Ramsey,risk_aversion,combined,0,491.26363271149825,0.685136441447601
243,euler_ramsey,0.5,2.0% Ramsey,risk_aversion,combined,0,503.9744755600053,0.5986255719248592
243,euler_ramsey,0.5,2.5% Ramsey,risk_aversion,combined,0,433.5837452665377,0.5332641711547632
244,euler_ramsey,0.5,1.5% Ramsey,risk_aversion,combined,0,319.7508547314181,1.4910972429769125
244,euler_ramsey,0.5,2.0% Ramsey,risk_aversion,combined,0,205.79584892428034,1.5525739480289105
244,euler_ramsey,0.5,2.5% Ramsey,risk_aversion,combined,0,140.71405068608118,1.584178120632231
245,euler_ramsey,0.5,1.5% Ramsey,risk_aversion,combined,0,2041.8317302550781,0.6087822255689743
245,euler_ramsey,0.5,2.0% Ramsey,risk_aversion,combined,0,1045.8545607734402,0.5178592445881752
245,euler_ramsey,0.5,2.5% Ramsey,risk_aversion,combined,0,559.317650447784,0.45186047211598734
246,euler_ramsey,0.5,1.5% Ramsey,risk_aversion,combined,0,3833.139647938849,0.3911433369993936
246,euler_ramsey,0.5,2.0% Ramsey,risk_aversion,combined,0,3462.0444264943344,0.3017167153029582
246,euler_ramsey,0.5,2.5% Ramsey,risk_aversion,combined,0,2713.7103322081643,0.24411938413904
247,euler_ramsey,0.5,1.5% Ramsey,risk_aversion,combined,0,877.7981235916868,0.9345870824812281
247,euler_ramsey,0.5,2.0% Ramsey,risk_aversion,combined,0,696.2201348092067,0.8765769253137249
247,euler_ramsey,0.5,2.5% Ramsey,risk_aversion,combined,0,510.8527054466689,0.8250257234141146
248,euler_ramsey,0.5,1.5% Ramsey,risk_aversion,combined,0,153.00247176316304,0.32715009999551903
248,euler_ramsey,0.5,2.0% Ramsey,risk_aversion,combined,0,71.79285878886816,0.2418574958597542
248,euler_ramsey,0.5,2.5% Ramsey,risk_aversion,combined,0,38.896164090610945,0.18931690208580784
249,euler_ramsey,0.5,1.5% Ramsey,risk_aversion,combined,0,2412.7685667245073,0.13731733387009323
249,euler_ramsey,0.5,2.0% Ramsey,risk_aversion,combined,0,1972.1364717913716,0.0835448196489287
249,euler_ramsey,0.5,2.5% Ramsey,risk_aversion,combined,0,1486.178208386403,0.05624936897662552
250,euler_ramsey,0.5,1.5% Ramsey,risk_aversion,combined,0,48.10997613275621,1.4655616321695957
250,euler_ramsey,0.5,2.0% Ramsey,risk_aversion,combined,0,28.34819045365201,1.519771765504115
250,euler_ramsey,0.5,2.5% Ramsey,risk_aversion,combined,0,17.957693303242515,1.5457878098105953
251,euler_ramsey,0.5,1.5% Ramsey,risk_aversion,combined,0,675.1202339623827,1.5390282725883202
251,euler_ramsey,0.5,2.0% Ramsey,risk_aversion,combined,0,495.6360630480459,1.6142072958749725
251,euler_ramsey,0.5,2.5% Ramsey,risk_aversion,combined,0,341.95776362903223,1.6564988029897587
252,euler_ramsey,0.5,1.5% Ramsey,risk_aversion,combined,0,128.7424278156924,1.9188470704752911
252,euler_ramsey,0.5,2.0% Ramsey,risk_aversion,combined,0,99.95635256559214,2.1144257217354308
252,euler_ramsey,0.5,2.5% Ramsey,risk_aversion,combined,0,79.10840803141774,2.254049783904558
253,euler_ramsey,0.5,1.5% Ramsey,risk_aversion,combined,0,1341.629802716966,1.9456570359685925
253,euler_ramsey,0.5,2.0% Ramsey,risk_aversion,combined,0,1001.3385600828459,2.15191533424
253,euler_ramsey,0.5,2.5% Ramsey,risk_aversion,combined,0,695.1287180750146,2.3008269046652705
254,euler_ramsey,0.5,1.5% Ramsey,risk_aversion,combined,0,13.408085411894758,0.7321386036836259
254,euler_ramsey,0.5,2.0% Ramsey,risk_aversion,combined,0,34.63666020705724,0.6496991564372483
254,euler_ramsey,0.5,2.5% Ramsey,risk_aversion,combined,0,39.613772057334124,0.585773648926356
255,euler_ramsey,0.5,1.5% Ramsey,risk_aversion,combined,0,581.7521173267419,0.8974784326327679
255,euler_ramsey,0.5,2.0% Ramsey,risk_aversion,combined,0,416.2890671039995,0.833676882581938
255,euler_ramsey,0.5,2.5% Ramsey,risk_aversion,combined,0,277.9745903587895,0.778700934599274
256,euler_ramsey,0.5,1.5% Ramsey,risk_aversion,combined,0,1237.024694164615,0.8131590572083487
256,euler_ramsey,0.5,2.0% Ramsey,risk_aversion,combined,0,900.1987368524664,0.7380031586274284
256,euler_ramsey,0.5,2.5% Ramsey,risk_aversion,combined,0,573.1327267749963,0.6770135353261207
257,euler_ramsey,0.5,1.5% Ramsey,risk_aversion,combined,0,-721.4134485455577,0.5172952148762763
257,euler_ramsey,0.5,2.0% Ramsey,risk_aversion,combined,0,-459.77107083508884,0.42397071584008306
257,euler_ramsey,0.5,2.5% Ramsey,risk_aversion,combined,0,-292.68781248886006,0.3594229493335989
258,euler_ramsey,0.5,1.5% Ramsey,risk_aversion,combined,0,341.20680796991394,0.7860499846714458
258,euler_ramsey,0.5,2.0% Ramsey,risk_aversion,combined,0,302.58983785250933,0.7085910324683373
258,euler_ramsey,0.5,2.5% Ramsey,risk_aversion,combined,0,245.20418895459832,0.646698622576243
259,euler_ramsey,0.5,1.5% Ramsey,risk_aversion,combined,0,313.15443807468534,1.1819620600671326
259,euler_ramsey,0.5,2.0% Ramsey,risk_aversion,combined,0,231.85759067586247,1.1691691490694507
259,euler_ramsey,0.5,2.5% Ramsey,risk_aversion,combined,0,165.83424270685185,1.1466542810051297
260,euler_ramsey,0.5,1.5% Ramsey,risk_aversion,combined,0,4047.3697413918635,0.3822603648365152
260,euler_ramsey,0.5,2.0% Ramsey,risk_aversion,combined,0,1711.8088988177312,0.2934783398187174
260,euler_ramsey,0.5,2.5% Ramsey,risk_aversion,combined,0,1010.7039618244783,0.23659754348853795
261,euler_ramsey,0.5,1.5% Ramsey,risk_aversion,combined,0,1332.5989630495071,1.1778042568632439
261,euler_ramsey,0.5,2.0% Ramsey,risk_aversion,combined,0,940.1065737426045,1.1646477276053795
261,euler_ramsey,0.5,2.5% Ramsey,risk_aversion,combined,0,665.2325249084291,1.1420137545122844
262,euler_ramsey,0.5,1.5% Ramsey,risk_aversion,combined,0,2338.906933751926,0.5888485823263928
262,euler_ramsey,0.5,2.0% Ramsey,risk_aversion,combined,0,1951.5828766794439,0.49766825168361073
262,euler_ramsey,0.5,2.5% Ramsey,risk_aversion,combined,0,1497.3601001313757,0.4321162214056552
263,euler_ramsey,0.5,1.5% Ramsey,risk_aversion,combined,0,2898.234629672448,0.516905870910761
263,euler_ramsey,0.5,2.0% Ramsey,risk_aversion,combined,0,2017.2550345466686,0.42407533106017303
263,euler_ramsey,0.5,2.5% Ramsey,risk_aversion,combined,0,1335.2085454741136,0.35983611795323994
264,euler_ramsey,0.5,1.5% Ramsey,risk_aversion,combined,0,194.26347929981776,0.6556905771923975
264,euler_ramsey,0.5,2.0% Ramsey,risk_aversion,combined,0,134.6189475697446,0.5673449967101577
264,euler_ramsey,0.5,2.5% Ramsey,risk_aversion,combined,0,88.14024582708701,0.5016176877294574
265,euler_ramsey,0.5,1.5% Ramsey,risk_aversion,combined,0,144.27009678262056,0.9471236869238119
265,euler_ramsey,0.5,2.0% Ramsey,risk_aversion,combined,0,95.79257983236258,0.8896706017984279
265,euler_ramsey,0.5,2.5% Ramsey,risk_aversion,combined,0,65.20712185791453,0.8381787638737481
266,euler_ramsey,0.5,1.5% Ramsey,risk_aversion,combined,0,-1638.9899112300902,0.5132343793733644
266,euler_ramsey,0.5,2.0% Ramsey,risk_aversion,combined,0,-987.9752849992661,0.42005666484859366
266,euler_ramsey,0.5,2.5% Ramsey,risk_aversion,combined,0,-604.2282379553079,0.35572914506351444
267,euler_ramsey,0.5,1.5% Ramsey,risk_aversion,combined,0,3505.9206183282818,0.7896696668059238
267,euler_ramsey,0.5,2.0% Ramsey,risk_aversion,combined,0,2467.520360025672,0.7151357615781735
267,euler_ramsey,0.5,2.5% Ramsey,risk_aversion,combined,0,1671.2325569911497,0.6552752713022466
268,euler_ramsey,0.5,1.5% Ramsey,risk_aversion,combined,0,-0.06336360234742776,1.0316201730017236
268,euler_ramsey,0.5,2.0% Ramsey,risk_aversion,combined,0,3.0771901197773386,0.9887663956889726
268,euler_ramsey,0.5,2.5% Ramsey,risk_aversion,combined,0,3.9343502577763925,0.9462324233666026
269,euler_ramsey,0.5,1.5% Ramsey,risk_aversion,combined,0,714.3159483104795,0.8594234207713974
269,euler_ramsey,0.5,2.0% Ramsey,risk_aversion,combined,0,600.3591517333249,0.7903422916380737
269,euler_ramsey,0.5,2.5% Ramsey,risk_aversion,combined,0,460.907338746808,0.7325047386816161
270,euler_ramsey,0.5,1.5% Ramsey,risk_aversion,combined,0,260.00989068566014,1.3935460076759134
270,euler_ramsey,0.5,2.0% Ramsey,risk_aversion,combined,0,143.90325405818513,1.4288600533066589
270,euler_ramsey,0.5,2.5% Ramsey,risk_aversion,combined,0,86.28395570210856,1.440679832972021
271,euler_ramsey,0.5,1.5% Ramsey,risk_aversion,combined,0,5348.834240016043,0.4286304441734705
271,euler_ramsey,0.5,2.0% Ramsey,risk_aversion,combined,0,3432.8029350551683,0.33721530199086885
271,euler_ramsey,0.5,2.5% Ramsey,risk_aversion,combined,0,2205.6721236345816,0.2770087374290703
272,euler_ramsey,0.5,1.5% Ramsey,risk_aversion,combined,0,1979.8361313390656,0.7313569195112402
272,euler_ramsey,0.5,2.0% Ramsey,risk_aversion,combined,0,1103.836002292413,0.6493162158722723
272,euler_ramsey,0.5,2.5% Ramsey,risk_aversion,combined,0,654.6661849193845,0.585742579479779
273,euler_ramsey,0.5,1.5% Ramsey,risk_aversion,combined,0,3033.940647573785,0.7094332841393601
273,euler_ramsey,0.5,2.0% Ramsey,risk_aversion,combined,0,1977.4192165905524,0.6259118343753655
273,euler_ramsey,0.5,2.5% Ramsey,risk_aversion,combined,0,1257.4295928371134,0.5619168000345137
274,euler_ramsey,0.5,1.5% Ramsey,risk_aversion,combined,0,276.8201742199334,1.9609631055127759
274,euler_ramsey,0.5,2.0% Ramsey,risk_aversion,combined,0,186.8596044129382,2.1714750111205086
274,euler_ramsey,0.5,2.5% Ramsey,risk_aversion,combined,0,133.46937020866767,2.3237113583360753
275,euler_ramsey,0.5,1.5% Ramsey,risk_aversion,combined,0,2238.4936479569415,0.46846576763584885
275,euler_ramsey,0.5,2.0% Ramsey,risk_aversion,combined,0,936.7659269031942,0.37571897634546597
275,euler_ramsey,0.5,2.5% Ramsey,risk_aversion,combined,0,511.253729684638,0.31324675312402595
276,euler_ramsey,0.5,1.5% Ramsey,risk_aversion,combined,0,4522.0475682052565,0.27750999501006524
276,euler_ramsey,0.5,2.0% Ramsey,risk_aversion,combined,0,2108.9826626059435,0.19790981534361377
276,euler_ramsey,0.5,2.5% Ramsey,risk_aversion,combined,0,1194.9061158323957,0.15068117470008016
277,euler_ramsey,0.5,1.5% Ramsey,risk_aversion,combined,0,739.3102904838709,0.6565576317430388
277,euler_ramsey,0.5,2.0% Ramsey,risk_aversion,combined,0,589.4756597638487,0.5683966462084387
277,euler_ramsey,0.5,2.5% Ramsey,risk_aversion,combined,0,454.37606785957047,0.502770043916892
278,euler_ramsey,0.5,1.5% Ramsey,risk_aversion,combined,0,228.6131013790944,1.6662060846208837
278,euler_ramsey,0.5,2.0% Ramsey,risk_aversion,combined,0,144.99500840815313,1.7783459093013643
278,euler_ramsey,0.5,2.5% Ramsey,risk_aversion,combined,0,94.03704669270944,1.8494725320785603
279,euler_ramsey,0.5,1.5% Ramsey,risk_aversion,combined,0,1488.309318102434,0.9789353251806371
279,euler_ramsey,0.5,2.0% Ramsey,risk_aversion,combined,0,758.82934767711,0.9299988657183873
279,euler_ramsey,0.5,2.5% Ramsey,risk_aversion,combined,0,446.3870392161328,0.8842732372054737
280,euler_ramsey,0.5,1.5% Ramsey,risk_aversion,combined,0,1268.1614237321007,0.5307586470059744
280,euler_ramsey,0.5,2.0% Ramsey,risk_aversion,combined,0,838.5294076413202,0.43794392871329413
280,euler_ramsey,0.5,2.5% Ramsey,risk_aversion,combined,0,578.7312554594947,0.37324402237182913
281,euler_ramsey,0.5,1.5% Ramsey,risk_aversion,combined,0,938.1738138471102,0.5725177827064719
281,euler_ramsey,0.5,2.0% Ramsey,risk_aversion,combined,0,723.1354598773206,0.48022403601160263
281,euler_ramsey,0.5,2.5% Ramsey,risk_aversion,combined,0,523.0139326443162,0.41448528147240443
282,euler_ramsey,0.5,1.5% Ramsey,risk_aversion,combined,0,391.0399027520908,1.3162832398114042
282,euler_ramsey,0.5,2.0% Ramsey,risk_aversion,combined,0,237.09958302995176,1.3326352034346394
282,euler_ramsey,0.5,2.5% Ramsey,risk_aversion,combined,0,159.8035650229923,1.3305641147049696
283,euler_ramsey,0.5,1.5% Ramsey,risk_aversion,combined,0,80.20238860650846,0.948631620062815
283,euler_ramsey,0.5,2.0% Ramsey,risk_aversion,combined,0,92.39321468407272,0.891429008294508
283,euler_ramsey,0.5,2.5% Ramsey,risk_aversion,combined,0,113.60481199485258,0.8401363909323797
284,euler_ramsey,0.5,1.5% Ramsey,risk_aversion,combined,0,442.7858407541263,0.6180194512079531
284,euler_ramsey,0.5,2.0% Ramsey,risk_aversion,combined,0,398.86176493188077,0.5272334451814774
284,euler_ramsey,0.5,2.5% Ramsey,risk_aversion,combined,0,315.85292511994845,0.46104142000047565
285,euler_ramsey,0.5,1.5% Ramsey,risk_aversion,combined,0,-662.7388283381958,0.669659614037057
285,euler_ramsey,0.5,2.0% Ramsey,risk_aversion,combined,0,-466.2387919645527,0.5820116666132886
285,euler_ramsey,0.5,2.5% Ramsey,risk_aversion,combined,0,-309.3417314453048,0.5163317717011379
286,euler_ramsey,0.5,1.5% Ramsey,risk_aversion,combined,0,212.53124711954212,2.2427960746845006
286,euler_ramsey,0.5,2.0% Ramsey,risk_aversion,combined,0,167.86785541723302,2.5595048351303507
286,euler_ramsey,0.5,2.5% Ramsey,risk_aversion,combined,0,128.32127538441836,2.8033617772765633
287,euler_ramsey,0.5,1.5% Ramsey,risk_aversion,combined,0,1447.0331666597065,0.5885315471566709
287,euler_ramsey,0.5,2.0% Ramsey,risk_aversion,combined,0,1080.0296564227215,0.49733890496984456
287,euler_ramsey,0.5,2.5% Ramsey,risk_aversion,combined,0,732.99912033073,0.431785726038286
288,euler_ramsey,0.5,1.5% Ramsey,risk_aversion,combined,0,310.09734247561437,0.4509635448310501
288,euler_ramsey,0.5,2.0% Ramsey,risk_aversion,combined,0,215.20152706470068,0.35834131049051704
288,euler_ramsey,0.5,2.5% Ramsey,risk_aversion,combined,0,143.37584644158977,0.296599064563298
289,euler_ramsey,0.5,1.5% Ramsey,risk_aversion,combined,0,-8.500666997693365,0.8009985178985446
289,euler_ramsey,0.5,2.0% Ramsey,risk_aversion,combined,0,-2.350423651700862,0.7258615926483561
289,euler_ramsey,0.5,2.5% Ramsey,risk_aversion,combined,0,0.1432909615698621,0.665171747768993
290,euler_ramsey,0.5,1.5% Ramsey,risk_aversion,combined,0,702.1978524413723,1.285405899593848
290,euler_ramsey,0.5,2.0% Ramsey,risk_aversion,combined,0,526.165417352643,1.2943209054105091
290,euler_ramsey,0.5,2.5% Ramsey,risk_aversion,combined,0,362.2566675418807,1.2868976670162462
291,euler_ramsey,0.5,1.5% Ramsey,risk_aversion,combined,0,275.4358865769858,0.5887319708130251
291,euler_ramsey,0.5,2.0% Ramsey,risk_aversion,combined,0,245.02722520620318,0.49718086213843354
291,euler_ramsey,0.5,2.5% Ramsey,risk_aversion,combined,0,204.0068628764122,0.43139221118398313
292,euler_ramsey,0.5,1.5% Ramsey,risk_aversion,combined,0,-139.96790327502598,0.7122977714207819
292,euler_ramsey,0.5,2.0% Ramsey,risk_aversion,combined,0,-73.7698625220471,0.6275736357664892
292,euler_ramsey,0.5,2.5% Ramsey,risk_aversion,combined,0,-28.28550997894879,0.5626721811099115
293,euler_ramsey,0.5,1.5% Ramsey,risk_aversion,combined,0,1468.4437128123113,1.3835486072381045
293,euler_ramsey,0.5,2.0% Ramsey,risk_aversion,combined,0,1255.7257890823078,1.4177530673138938
293,euler_ramsey,0.5,2.5% Ramsey,risk_aversion,combined,0,964.1337296040085,1.4289946204866018
294,euler_ramsey,0.5,1.5% Ramsey,risk_aversion,combined,0,2820.5220698449116,0.42007268731273645
294,euler_ramsey,0.5,2.0% Ramsey,risk_aversion,combined,0,2598.4078736430233,0.3290237262714628
294,euler_ramsey,0.5,2.5% Ramsey,risk_aversion,combined,0,2048.3125376463086,0.26935951247333434
295,euler_ramsey,0.5,1.5% Ramsey,risk_aversion,combined,0,59.24542157311759,0.8152477923910393
295,euler_ramsey,0.5,2.0% Ramsey,risk_aversion,combined,0,38.34956397003475,0.740940541955489
295,euler_ramsey,0.5,2.5% Ramsey,risk_aversion,combined,0,23.064854847350663,0.6805002660046556
296,euler_ramsey,0.5,1.5% Ramsey,risk_aversion,combined,0,1031.080010796494,0.3652709177512707
296,euler_ramsey,0.5,2.0% Ramsey,risk_aversion,combined,0,955.3351547652009,0.276911076999927
296,euler_ramsey,0.5,2.5% Ramsey,risk_aversion,combined,0,760.1467814958879,0.22101627914631602
297,euler_ramsey,0.5,1.5% Ramsey,risk_aversion,combined,0,1208.6814040671918,2.0218405766985437
297,euler_ramsey,0.5,2.0% Ramsey,risk_aversion,combined,0,883.6975500238988,2.256979738034685
297,euler_ramsey,0.5,2.5% Ramsey,risk_aversion,combined,0,624.1254730332145,2.430670784365664
298,euler_ramsey,0.5,1.5% Ramsey,risk_aversion,combined,0,482.70136675041056,0.41352116437561504
298,euler_ramsey,0.5,2.0% Ramsey,risk_aversion,combined,0,386.8194878991059,0.32229684809270975
298,euler_ramsey,0.5,2.5% Ramsey,risk_aversion,combined,0,286.85220447088415,0.26280892500563996
299,euler_ramsey,0.5,1.5% Ramsey,risk_aversion,combined,0,-118.91731501219905,0.9790830301405671
299,euler_ramsey,0.5,2.0% Ramsey,risk_aversion,combined,0,-53.005560989919175,0.9270963636581117
299,euler_ramsey,0.5,2.5% Ramsey,risk_aversion,combined,0,-16.389348975351325,0.8789271861768303
300,euler_ramsey,0.5,1.5% Ramsey,risk_aversion,combined,0,349.67048114523345,0.39889229942923715
300,euler_ramsey,0.5,2.0% Ramsey,risk_aversion,combined,0,132.45845510936965,0.3083402486845314
300,euler_ramsey,0.5,2.5% Ramsey,risk_aversion,combined,0,62.25798932376083,0.24982477563346162
301,euler_ramsey,0.5,1.5% Ramsey,risk_aversion,combined,0,-23.332507092942507,0.5357706910037525
301,euler_ramsey,0.5,2.0% Ramsey,risk_aversion,combined,0,-25.835851204032448,0.44255920620084593
301,euler_ramsey,0.5,2.5% Ramsey,risk_aversion,combined,0,-20.726229596967084,0.3774559044097295
302,euler_ramsey,0.5,1.5% Ramsey,risk_aversion,combined,0,-214.2844910835084,0.5437443399010876
302,euler_ramsey,0.5,2.0% Ramsey,risk_aversion,combined,0,-148.92678575967196,0.4509322377510395
302,euler_ramsey,0.5,2.5% Ramsey,risk_aversion,combined,0,-92.90696075457925,0.385797962060648
303,euler_ramsey,0.5,1.5% Ramsey,risk_aversion,combined,0,720.9613810555377,0.5919421608365576
303,euler_ramsey,0.5,2.0% Ramsey,risk_aversion,combined,0,483.0027089600063,0.5000603479805975
303,euler_ramsey,0.5,2.5% Ramsey,risk_aversion,combined,0,319.44006433432236,0.43397452446865853
304,euler_ramsey,0.5,1.5% Ramsey,risk_aversion,combined,0,1529.854373679734,0.8194241275912988
304,euler_ramsey,0.5,2.0% Ramsey,risk_aversion,combined,0,893.4676568201075,0.7470529878120671
304,euler_ramsey,0.5,2.5% Ramsey,risk_aversion,combined,0,565.8406900362153,0.68801175591864
305,euler_ramsey,0.5,1.5% Ramsey,risk_aversion,combined,0,764.6410538445843,0.5444577532988835
305,euler_ramsey,0.5,2.0% Ramsey,risk_aversion,combined,0,572.4296069043154,0.4517316409916127
305,euler_ramsey,0.5,2.5% Ramsey,risk_aversion,combined,0,402.5590216513301,0.3866306031586904
306,euler_ramsey,0.5,1.5% Ramsey,risk_aversion,combined,0,-239.42844339046516,1.2932992647603785
306,euler_ramsey,0.5,2.0% Ramsey,risk_aversion,combined,0,-197.65679646989344,1.304000100472828
306,euler_ramsey,0.5,2.5% Ramsey,risk_aversion,combined,0,-150.77745449398319,1.2977645064524597
307,euler_ramsey,0.5,1.5% Ramsey,risk_aversion,combined,0,560.5965450928719,0.41551105018132206
307,euler_ramsey,0.5,2.0% Ramsey,risk_aversion,combined,0,284.1374095042571,0.32414725931577454
307,euler_ramsey,0.5,2.5% Ramsey,risk_aversion,combined,0,157.07942671445312,0.2645030642261391
308,euler_ramsey,0.5,1.5% Ramsey,risk_aversion,combined,0,-70.09922130874668,1.2115533518578243
308,euler_ramsey,0.5,2.0% Ramsey,risk_aversion,combined,0,-13.69530272307884,1.2043424487535994
308,euler_ramsey,0.5,2.5% Ramsey,risk_aversion,combined,0,10.626383388062678,1.185617324372925
309,euler_ramsey,0.5,1.5% Ramsey,risk_aversion,combined,0,603.874066843478,0.32766650908183
309,euler_ramsey,0.5,2.0% Ramsey,risk_aversion,combined,0,485.8209803981775,0.24245367011225483
309,euler_ramsey,0.5,2.5% Ramsey,risk_aversion,combined,0,392.25340544631695,0.1899247627509274
310,euler_ramsey,0.5,1.5% Ramsey,risk_aversion,combined,0,152.1870674930092,1.7899808848887215
310,euler_ramsey,0.5,2.0% Ramsey,risk_aversion,combined,0,101.30391354464835,1.9418312779149065
310,euler_ramsey,0.5,2.5% Ramsey,risk_aversion,combined,0,67.3903126659049,2.0451777694404223
311,euler_ramsey,0.5,1.5% Ramsey,risk_aversion,combined,0,-713.899597874428,0.8025543531730893
311,euler_ramsey,0.5,2.0% Ramsey,risk_aversion,combined,0,-516.5165972589692,0.7265575981973516
311,euler_ramsey,0.5,2.5% Ramsey,risk_aversion,combined,0,-357.4314152756672,0.6652782557166993
312,euler_ramsey,0.5,1.5% Ramsey,risk_aversion,combined,0,1095.5725360055521,0.8350256779624136
312,euler_ramsey,0.5,2.0% Ramsey,risk_aversion,combined,0,751.3603216684764,0.7631405594535514
312,euler_ramsey,0.5,2.5% Ramsey,risk_aversion,combined,0,498.1161858946361,0.7039653306928553
313,euler_ramsey,0.5,1.5% Ramsey,risk_aversion,combined,0,70.60727632906101,1.1390975212011656
313,euler_ramsey,0.5,2.0% Ramsey,risk_aversion,combined,0,57.49388821757323,1.1164594994926134
313,euler_ramsey,0.5,2.5% Ramsey,risk_aversion,combined,0,42.26964332930015,1.0871465594225402
314,euler_ramsey,0.5,1.5% Ramsey,risk_aversion,combined,0,444.31848347468195,1.880123189768938
314,euler_ramsey,0.5,2.0% Ramsey,risk_aversion,combined,0,340.4862092666819,2.062513557837603
314,euler_ramsey,0.5,2.5% Ramsey,risk_aversion,combined,0,249.9627140128361,2.1911784781952113
315,euler_ramsey,0.5,1.5% Ramsey,risk_aversion,combined,0,106.00222004407406,0.6194615749443
315,euler_ramsey,0.5,2.0% Ramsey,risk_aversion,combined,0,85.6392381185392,0.5291274485009109
315,euler_ramsey,0.5,2.5% Ramsey,risk_aversion,combined,0,63.963561077211715,0.4631705888104534
316,euler_ramsey,0.5,1.5% Ramsey,risk_aversion,combined,0,-872.8825120129065,0.4572375960106595
316,euler_ramsey,0.5,2.0% Ramsey,risk_aversion,combined,0,-388.2758529450505,0.3645912398753406
316,euler_ramsey,0.5,2.5% Ramsey,risk_aversion,combined,0,-229.6084136082835,0.3025893127108023
317,euler_ramsey,0.5,1.5% Ramsey,risk_aversion,combined,0,1468.11746218819,0.9486387680622257
317,euler_ramsey,0.5,2.0% Ramsey,risk_aversion,combined,0,1040.4936233816475,0.8915295874048147
317,euler_ramsey,0.5,2.5% Ramsey,risk_aversion,combined,0,683.3911414203029,0.8402704359845715
318,euler_ramsey,0.5,1.5% Ramsey,risk_aversion,combined,0,63.34062512578794,0.7693009065955113
318,euler_ramsey,0.5,2.0% Ramsey,risk_aversion,combined,0,49.89757974058178,0.689533862478049
318,euler_ramsey,0.5,2.5% Ramsey,risk_aversion,combined,0,35.32921249216983,0.6264705134878051
319,euler_ramsey,0.5,1.5% Ramsey,risk_aversion,combined,0,-21.176535860558385,1.0955678961100028
319,euler_ramsey,0.5,2.0% Ramsey,risk_aversion,combined,0,-96.95748585396875,1.0644257686561613
319,euler_ramsey,0.5,2.5% Ramsey,risk_aversion,combined,0,-138.66674720302007,1.0293883684375809
320,euler_ramsey,0.5,1.5% Ramsey,risk_aversion,combined,0,932.160268554681,1.2498602982987015
320,euler_ramsey,0.5,2.0% Ramsey,risk_aversion,combined,0,695.457508078839,1.2512121003465377
320,euler_ramsey,0.5,2.5% Ramsey,risk_aversion,combined,0,508.6021177576506,1.238465858564825
321,euler_ramsey,0.5,1.5% Ramsey,risk_aversion,combined,0,276.1523855351983,0.3914437560461423
321,euler_ramsey,0.5,2.0% Ramsey,risk_aversion,combined,0,238.9686358784207,0.30147802875710317
321,euler_ramsey,0.5,2.5% Ramsey,risk_aversion,combined,0,182.79781260177504,0.24358541538533787
322,euler_ramsey,0.5,1.5% Ramsey,risk_aversion,combined,0,575.0592841714316,0.5272496162010095
322,euler_ramsey,0.5,2.0% Ramsey,risk_aversion,combined,0,238.14524163191552,0.4339431616387708
322,euler_ramsey,0.5,2.5% Ramsey,risk_aversion,combined,0,123.48778101637154,0.3690707009136017
323,euler_ramsey,0.5,1.5% Ramsey,risk_aversion,combined,0,1091.9318320826983,1.5851930889628976
323,euler_ramsey,0.5,2.0% Ramsey,risk_aversion,combined,0,792.3650550261178,1.6744567733712699
323,euler_ramsey,0.5,2.5% Ramsey,risk_aversion,combined,0,557.2595379098186,1.7278201808827256
324,euler_ramsey,0.5,1.5% Ramsey,risk_aversion,combined,0,2791.3215362069222,0.37986143775848835
324,euler_ramsey,0.5,2.0% Ramsey,risk_aversion,combined,0,1876.4369016097855,0.2905492498002051
324,euler_ramsey,0.5,2.5% Ramsey,risk_aversion,combined,0,1275.3431863961923,0.23350995247295242
325,euler_ramsey,0.5,1.5% Ramsey,risk_aversion,combined,0,468.16622548127975,1.7430880449404846
325,euler_ramsey,0.5,2.0% Ramsey,risk_aversion,combined,0,349.4242175245012,1.879980839680307
325,euler_ramsey,0.5,2.5% Ramsey,risk_aversion,combined,0,241.71001988664543,1.971210037938745
326,euler_ramsey,0.5,1.5% Ramsey,risk_aversion,combined,0,3914.8854342495415,0.5830204103812627
326,euler_ramsey,0.5,2.0% Ramsey,risk_aversion,combined,0,1088.7189936234345,0.4917689622942367
326,euler_ramsey,0.5,2.5% Ramsey,risk_aversion,combined,0,544.5351047435844,0.42635064055319977
327,euler_ramsey,0.5,1.5% Ramsey,risk_aversion,combined,0,480.2970724984146,1.9456737328150868
327,euler_ramsey,0.5,2.0% Ramsey,risk_aversion,combined,0,332.94464149521997,2.151614548159284
327,euler_ramsey,0.5,2.5% Ramsey,risk_aversion,combined,0,242.39873433921179,2.300196660891775
328,euler_ramsey,0.5,1.5% Ramsey,risk_aversion,combined,0,600.1989970841993,0.717217067908619
328,euler_ramsey,0.5,2.0% Ramsey,risk_aversion,combined,0,555.4576687523908,0.6331062042715782
328,euler_ramsey,0.5,2.5% Ramsey,risk_aversion,combined,0,463.7940581687931,0.5684999734839831
329,euler_ramsey,0.5,1.5% Ramsey,risk_aversion,combined,0,475.2676669746743,0.6821456698140556
329,euler_ramsey,0.5,2.0% Ramsey,risk_aversion,combined,0,357.5040560962323,0.5949638269380771
329,euler_ramsey,0.5,2.5% Ramsey,risk_aversion,combined,0,261.5886801984522,0.5292525643661657
330,euler_ramsey,0.5,1.5% Ramsey,risk_aversion,combined,0,437.1482625813878,0.946438924807986
330,euler_ramsey,0.5,2.0% Ramsey,risk_aversion,combined,0,333.0014030537542,0.8905018512419868
330,euler_ramsey,0.5,2.5% Ramsey,risk_aversion,combined,0,251.6548237678579,0.8402422679846829
331,euler_ramsey,0.5,1.5% Ramsey,risk_aversion,combined,0,57.29035375841301,1.1029443790875044
331,euler_ramsey,0.5,2.0% Ramsey,risk_aversion,combined,0,47.1269679102941,1.0725431259624632
331,euler_ramsey,0.5,2.5% Ramsey,risk_aversion,combined,0,36.166236402763296,1.0379560123753926
332,euler_ramsey,0.5,1.5% Ramsey,risk_aversion,combined,0,-222.47501522238304,1.3354685538676965
332,euler_ramsey,0.5,2.0% Ramsey,risk_aversion,combined,0,-176.88099516152684,1.3569527703056994
332,euler_ramsey,0.5,2.5% Ramsey,risk_aversion,combined,0,-125.91669978189843,1.3586272301752682
333,euler_ramsey,0.5,1.5% Ramsey,risk_aversion,combined,0,888.6512921189241,0.1811983640685725
333,euler_ramsey,0.5,2.0% Ramsey,risk_aversion,combined,0,539.5259223579717,0.11730061695085663
333,euler_ramsey,0.5,2.5% Ramsey,risk_aversion,combined,0,341.845616108601,0.08285739099032438
334,euler_ramsey,0.5,1.5% Ramsey,risk_aversion,combined,0,1145.4331249492277,1.7127806239853032
334,euler_ramsey,0.5,2.0% Ramsey,risk_aversion,combined,0,756.6658591647885,1.841072321127201
334,euler_ramsey,0.5,2.5% Ramsey,risk_aversion,combined,0,515.3901213175593,1.9255369578561548
335,euler_ramsey,0.5,1.5% Ramsey,risk_aversion,combined,0,731.6024675300534,0.5374624698773491
335,euler_ramsey,0.5,2.0% Ramsey,risk_aversion,combined,0,545.7579942326829,0.44436765849766297
335,euler_ramsey,0.5,2.5% Ramsey,risk_aversion,combined,0,402.21879708941236,0.37928190907696985
336,euler_ramsey,0.5,1.5% Ramsey,risk_aversion,combined,0,631.0280060068384,1.086382052437884
336,euler_ramsey,0.5,2.0% Ramsey,risk_aversion,combined,0,487.94019706599926,1.0531179276949527
336,euler_ramsey,0.5,2.5% Ramsey,risk_aversion,combined,0,357.65920544807614,1.0167004648379019
337,euler_ramsey,0.5,1.5% Ramsey,risk_aversion,combined,0,71.08896791792344,1.7146157959420838
337,euler_ramsey,0.5,2.0% Ramsey,risk_aversion,combined,0,56.62108524924951,1.8421552016510596
337,euler_ramsey,0.5,2.5% Ramsey,risk_aversion,combined,0,48.256035534585905,1.9257161682139115
338,euler_ramsey,0.5,1.5% Ramsey,risk_aversion,combined,0,435.84813518859033,1.99764162622616
338,euler_ramsey,0.5,2.0% Ramsey,risk_aversion,combined,0,331.20941862818586,2.2217590788720343
338,euler_ramsey,0.5,2.5% Ramsey,risk_aversion,combined,0,242.46656292833651,2.3856488717962105
339,euler_ramsey,0.5,1.5% Ramsey,risk_aversion,combined,0,1265.3289101873834,0.6295400795385778
339,euler_ramsey,0.5,2.0% Ramsey,risk_aversion,combined,0,666.6265093931554,0.5400434119081701
339,euler_ramsey,0.5,2.5% Ramsey,risk_aversion,combined,0,383.63206044532956,0.4743304377212366
340,euler_ramsey,0.5,1.5% Ramsey,risk_aversion,combined,0,-437.2734407958229,0.6741653232690862
340,euler_ramsey,0.5,2.0% Ramsey,risk_aversion,combined,0,-399.9696745481194,0.5872094460345663
340,euler_ramsey,0.5,2.5% Ramsey,risk_aversion,combined,0,-327.4953790002686,0.521856930995235
341,euler_ramsey,0.5,1.5% Ramsey,risk_aversion,combined,0,1394.7660424723338,0.5327305042096796
341,euler_ramsey,0.5,2.0% Ramsey,risk_aversion,combined,0,1025.7487475657435,0.4399368225708261
341,euler_ramsey,0.5,2.5% Ramsey,risk_aversion,combined,0,734.8953475717533,0.3751874368297598
342,euler_ramsey,0.5,1.5% Ramsey,risk_aversion,combined,0,896.6364850045308,1.0889108859395
342,euler_ramsey,0.5,2.0% Ramsey,risk_aversion,combined,0,745.5669833418395,1.0568899142559633
342,euler_ramsey,0.5,2.5% Ramsey,risk_aversion,combined,0,586.7537957942827,1.0214362629381921
343,euler_ramsey,0.5,1.5% Ramsey,risk_aversion,combined,0,-55.94981746692046,1.1050891936531542
343,euler_ramsey,0.5,2.0% Ramsey,risk_aversion,combined,0,-40.228556546646104,1.0756681344027046
343,euler_ramsey,0.5,2.5% Ramsey,risk_aversion,combined,0,-25.942504467771297,1.0417661944642254
344,euler_ramsey,0.5,1.5% Ramsey,risk_aversion,combined,0,9807.992283852676,0.10423755581564721
344,euler_ramsey,0.5,2.0% Ramsey,risk_aversion,combined,0,3526.8698728310924,0.0596460086023057
344,euler_ramsey,0.5,2.5% Ramsey,risk_aversion,combined,0,1794.0827635108333,0.038300402454181724
345,euler_ramsey,0.5,1.5% Ramsey,risk_aversion,combined,0,108.07196754170776,1.8052828482496805
345,euler_ramsey,0.5,2.0% Ramsey,risk_aversion,combined,0,81.39633915997076,1.9618468503813682
345,euler_ramsey,0.5,2.5% Ramsey,risk_aversion,combined,0,60.89551041895627,2.0689304598184153
346,euler_ramsey,0.5,1.5% Ramsey,risk_aversion,combined,0,1203.8563279191937,0.5798497552594968
346,euler_ramsey,0.5,2.0% Ramsey,risk_aversion,combined,0,1073.5436345682613,0.4877737707945214
346,euler_ramsey,0.5,2.5% Ramsey,risk_aversion,combined,0,828.5762017940008,0.4219405894286076
347,euler_ramsey,0.5,1.5% Ramsey,risk_aversion,combined,0,-1417.267692427953,0.2099052064780744
347,euler_ramsey,0.5,2.0% Ramsey,risk_aversion,combined,0,-421.54850840944897,0.14044395828408654
347,euler_ramsey,0.5,2.5% Ramsey,risk_aversion,combined,0,-140.55201343952112,0.10176927592892712
348,euler_ramsey,0.5,1.5% Ramsey,risk_aversion,combined,0,193.75135031646437,1.1224841078046945
348,euler_ramsey,0.5,2.0% Ramsey,risk_aversion,combined,0,148.07072901242447,1.0956691199071849
348,euler_ramsey,0.5,2.5% Ramsey,risk_aversion,combined,0,104.22791331117679,1.0634157476714305
349,euler_ramsey,0.5,1.5% Ramsey,risk_aversion,combined,0,3796.0527836373144,0.39227018443757405
349,euler_ramsey,0.5,2.0% Ramsey,risk_aversion,combined,0,3152.57475359618,0.3024579046221315
349,euler_ramsey,0.5,2.5% Ramsey,risk_aversion,combined,0,2303.019670696573,0.24461288162420114
350,euler_ramsey,0.5,1.5% Ramsey,risk_aversion,combined,0,90.91035655858698,1.8423822619913024
350,euler_ramsey,0.5,2.0% Ramsey,risk_aversion,combined,0,61.682211516329,2.011466756730297
350,euler_ramsey,0.5,2.5% Ramsey,risk_aversion,combined,0,42.29432700762001,2.1289797194688704
351,euler_ramsey,0.5,1.5% Ramsey,risk_aversion,combined,0,338.73394969545626,0.4590517887832796
351,euler_ramsey,0.5,2.0% Ramsey,risk_aversion,combined,0,269.533615146541,0.36623971589923787
351,euler_ramsey,0.5,2.5% Ramsey,risk_aversion,combined,0,201.44434160990892,0.3040836048268996
352,euler_ramsey,0.5,1.5% Ramsey,risk_aversion,combined,0,-225.2443718956059,0.4380948800134632
352,euler_ramsey,0.5,2.0% Ramsey,risk_aversion,combined,0,-185.7719752582627,0.345869411714183
352,euler_ramsey,0.5,2.5% Ramsey,risk_aversion,combined,0,-134.93485757264955,0.28484561963133126
353,euler_ramsey,0.5,1.5% Ramsey,risk_aversion,combined,0,-234.09641417719772,0.8228864106824774
353,euler_ramsey,0.5,2.0% Ramsey,risk_aversion,combined,0,-197.61807910415175,0.7490762784003059
353,euler_ramsey,0.5,2.5% Ramsey,risk_aversion,combined,0,-149.3031502756511,0.6887772872694093
354,euler_ramsey,0.5,1.5% Ramsey,risk_aversion,combined,0,1121.3088197393529,0.7760519753727149
354,euler_ramsey,0.5,2.0% Ramsey,risk_aversion,combined,0,903.6727911419965,0.696997066367248
354,euler_ramsey,0.5,2.5% Ramsey,risk_aversion,combined,0,648.3034996435648,0.6342505141592635
355,euler_ramsey,0.5,1.5% Ramsey,risk_aversion,combined,0,3042.1673437766326,0.4277490489731283
355,euler_ramsey,0.5,2.0% Ramsey,risk_aversion,combined,0,1746.6584301532603,0.3359945845742699
355,euler_ramsey,0.5,2.5% Ramsey,risk_aversion,combined,0,1007.9482195881404,0.27564235861359454
356,euler_ramsey,0.5,1.5% Ramsey,risk_aversion,combined,0,95.78178881299397,2.1000815820753784
356,euler_ramsey,0.5,2.0% Ramsey,risk_aversion,combined,0,86.13813153294832,2.361530132178531
356,euler_ramsey,0.5,2.5% Ramsey,risk_aversion,combined,0,74.18273046413798,2.557223465209781
357,euler_ramsey,0.5,1.5% Ramsey,risk_aversion,combined,0,961.129098877315,2.042070365272681
357,euler_ramsey,0.5,2.0% Ramsey,risk_aversion,combined,0,588.907585921932,2.284746480846313
357,euler_ramsey,0.5,2.5% Ramsey,risk_aversion,combined,0,401.3363813506793,2.465047675211277
358,euler_ramsey,0.5,1.5% Ramsey,risk_aversion,combined,0,330.3528967439928,1.058017215402562
358,euler_ramsey,0.5,2.0% Ramsey,risk_aversion,combined,0,221.04357237045213,1.0189416869087373
358,euler_ramsey,0.5,2.5% Ramsey,risk_aversion,combined,0,153.70697656571122,0.9786674373180623
359,euler_ramsey,0.5,1.5% Ramsey,risk_aversion,combined,0,27.92142453162622,0.7686238251668641
359,euler_ramsey,0.5,2.0% Ramsey,risk_aversion,combined,0,23.38107587306735,0.6893727775288273
359,euler_ramsey,0.5,2.5% Ramsey,risk_aversion,combined,0,18.556462793958524,0.6266660203265924
360,euler_ramsey,0.5,1.5% Ramsey,risk_aversion,combined,0,169.76119317281672,1.875284193711633
360,euler_ramsey,0.5,2.0% Ramsey,risk_aversion,combined,0,86.99807660833781,2.0556925014791103
360,euler_ramsey,0.5,2.5% Ramsey,risk_aversion,combined,0,56.67067884761558,2.1825505630567106
361,euler_ramsey,0.5,1.5% Ramsey,risk_aversion,combined,0,-29.457053366534552,1.064264540418643
361,euler_ramsey,0.5,2.0% Ramsey,risk_aversion,combined,0,-28.164163856699183,1.026706450466634
361,euler_ramsey,0.5,2.5% Ramsey,risk_aversion,combined,0,-20.50420332867357,0.9874606166851302
362,euler_ramsey,0.5,1.5% Ramsey,risk_aversion,combined,0,680.8439020721576,2.562588736368524
362,euler_ramsey,0.5,2.0% Ramsey,risk_aversion,combined,0,588.9616836255392,3.016298710631758
362,euler_ramsey,0.5,2.5% Ramsey,risk_aversion,combined,0,476.1355156932193,3.3842273613111415
363,euler_ramsey,0.5,1.5% Ramsey,risk_aversion,combined,0,1174.5851599282048,0.7106217201935483
363,euler_ramsey,0.5,2.0% Ramsey,risk_aversion,combined,0,780.0869186887996,0.6255947480082825
363,euler_ramsey,0.5,2.5% Ramsey,risk_aversion,combined,0,506.86489073582976,0.5605271703348776
364,euler_ramsey,0.5,1.5% Ramsey,risk_aversion,combined,0,1664.958738948335,0.9953065739625073
364,euler_ramsey,0.5,2.0% Ramsey,risk_aversion,combined,0,855.3104338607544,0.9477305757416307
364,euler_ramsey,0.5,2.5% Ramsey,risk_aversion,combined,0,517.8459614572484,0.9026219996909953
365,euler_ramsey,0.5,1.5% Ramsey,risk_aversion,combined,0,200.27169269865158,2.0260798309479373
365,euler_ramsey,0.5,2.0% Ramsey,risk_aversion,combined,0,145.91078116441676,2.2600485007799485
365,euler_ramsey,0.5,2.5% Ramsey,risk_aversion,combined,0,101.22878013751705,2.4321642088861495
366,euler_ramsey,0.5,1.5% Ramsey,risk_aversion,combined,0,1941.8329978627453,0.6220559940565256
366,euler_ramsey,0.5,2.0% Ramsey,risk_aversion,combined,0,1728.330641703122,0.533436489484484
366,euler_ramsey,0.5,2.5% Ramsey,risk_aversion,combined,0,1390.2766982641276,0.4685237330849993
367,euler_ramsey,0.5,1.5% Ramsey,risk_aversion,combined,0,683.2971403389812,0.8531202631520861
367,euler_ramsey,0.5,2.0% Ramsey,risk_aversion,combined,0,658.3685178583647,0.7828185346438772
367,euler_ramsey,0.5,2.5% Ramsey,risk_aversion,combined,0,539.4976745372234,0.7243248729574695
368,euler_ramsey,0.5,1.5% Ramsey,risk_aversion,combined,0,7267.494024923668,0.4885120778027637
368,euler_ramsey,0.5,2.0% Ramsey,risk_aversion,combined,0,4809.427187788187,0.39644196261100684
368,euler_ramsey,0.5,2.5% Ramsey,risk_aversion,combined,0,2931.9169796892006,0.3336241008234658
369,euler_ramsey,0.5,1.5% Ramsey,risk_aversion,combined,0,230.95605117518505,2.3002311273567497
369,euler_ramsey,0.5,2.0% Ramsey,risk_aversion,combined,0,196.4050285044063,2.640472904663282
369,euler_ramsey,0.5,2.5% Ramsey,risk_aversion,combined,0,157.2572480055624,2.905284372198857
370,euler_ramsey,0.5,1.5% Ramsey,risk_aversion,combined,0,77.43673497656646,1.0211170427505523
370,euler_ramsey,0.5,2.0% Ramsey,risk_aversion,combined,0,70.80325245466544,0.9768152296286092
370,euler_ramsey,0.5,2.5% Ramsey,risk_aversion,combined,0,54.455327101446585,0.9334022777804712
371,euler_ramsey,0.5,1.5% Ramsey,risk_aversion,combined,0,-123.97679749385262,0.4537193991243353
371,euler_ramsey,0.5,2.0% Ramsey,risk_aversion,combined,0,-24.12329444783412,0.36104070640081887
371,euler_ramsey,0.5,2.5% Ramsey,risk_aversion,combined,0,18.01679969597757,0.2991622175013011
372,euler_ramsey,0.5,1.5% Ramsey,risk_aversion,combined,0,-882.3663572728552,0.37625163872978573
372,euler_ramsey,0.5,2.0% Ramsey,risk_aversion,combined,0,-407.93628084587544,0.28719484831249226
372,euler_ramsey,0.5,2.5% Ramsey,risk_aversion,combined,0,-241.73255090552405,0.23044099476886268
373,euler_ramsey,0.5,1.5% Ramsey,risk_aversion,combined,0,-413.99826777814565,1.0706901602876835
373,euler_ramsey,0.5,2.0% Ramsey,risk_aversion,combined,0,-245.7344418609617,1.0348456256804104
373,euler_ramsey,0.5,2.5% Ramsey,risk_aversion,combined,0,-138.1095741381082,0.9967257703750708
374,euler_ramsey,0.5,1.5% Ramsey,risk_aversion,combined,0,1171.5148742673503,1.8661793456306872
374,euler_ramsey,0.5,2.0% Ramsey,risk_aversion,combined,0,891.8381727868415,2.0444572200051274
374,euler_ramsey,0.5,2.5% Ramsey,risk_aversion,combined,0,646.943202564837,2.1699768754723325
375,euler_ramsey,0.5,1.5% Ramsey,risk_aversion,combined,0,1241.8700132388972,0.5770865986084407
375,euler_ramsey,0.5,2.0% Ramsey,risk_aversion,combined,0,768.9823898892281,0.48552197697457633
375,euler_ramsey,0.5,2.5% Ramsey,risk_aversion,combined,0,495.04218925902927,0.42013888589753495
376,euler_ramsey,0.5,1.5% Ramsey,risk_aversion,combined,0,949.8249280199676,0.451833814468209
376,euler_ramsey,0.5,2.0% Ramsey,risk_aversion,combined,0,897.3446401748517,0.3592822105027129
376,euler_ramsey,0.5,2.5% Ramsey,risk_aversion,combined,0,744.6498959377448,0.29754600920193414
377,euler_ramsey,0.5,1.5% Ramsey,risk_aversion,combined,0,767.7018787829553,0.9279845603417805
377,euler_ramsey,0.5,2.0% Ramsey,risk_aversion,combined,0,656.815522926055,0.8692826645031702
377,euler_ramsey,0.5,2.5% Ramsey,risk_aversion,combined,0,490.7511107519858,0.8173260747454617
378,euler_ramsey,0.5,1.5% Ramsey,risk_aversion,combined,0,4573.7103336981245,0.45806999766832984
378,euler_ramsey,0.5,2.0% Ramsey,risk_aversion,combined,0,3809.198452719139,0.3660651098499432
378,euler_ramsey,0.5,2.5% Ramsey,risk_aversion,combined,0,2749.3431374403185,0.3043931859211629
379,euler_ramsey,0.5,1.5% Ramsey,risk_aversion,combined,0,1345.8261622468108,0.3824687827316335
379,euler_ramsey,0.5,2.0% Ramsey,risk_aversion,combined,0,1154.1233068752535,0.2930235816024881
379,euler_ramsey,0.5,2.5% Ramsey,risk_aversion,combined,0,900.9907402636248,0.23579923252740043
380,euler_ramsey,0.5,1.5% Ramsey,risk_aversion,combined,0,1273.3784033517472,1.860898226473123
380,euler_ramsey,0.5,2.0% Ramsey,risk_aversion,combined,0,906.7495294418285,2.0375116199820984
380,euler_ramsey,0.5,2.5% Ramsey,risk_aversion,combined,0,615.5018160444499,2.1615530066759123
381,euler_ramsey,0.5,1.5% Ramsey,risk_aversion,combined,0,375.63543361476235,0.7212679247723819
381,euler_ramsey,0.5,2.0% Ramsey,risk_aversion,combined,0,371.5219382964464,0.6369618360131217
381,euler_ramsey,0.5,2.5% Ramsey,risk_aversion,combined,0,305.76671194857363,0.5720835805234677
382,euler_ramsey,0.5,1.5% Ramsey,risk_aversion,combined,0,313.7945756205383,1.2359837494989365
382,euler_ramsey,0.5,2.0% Ramsey,risk_aversion,combined,0,264.7227511643915,1.2325921964687854
382,euler_ramsey,0.5,2.5% Ramsey,risk_aversion,combined,0,204.1526866361334,1.21631417460803
383,euler_ramsey,0.5,1.5% Ramsey,risk_aversion,combined,0,537.1764717432297,1.4100999965559748
383,euler_ramsey,0.5,2.0% Ramsey,risk_aversion,combined,0,365.32874740435375,1.4499827682779989
383,euler_ramsey,0.5,2.5% Ramsey,risk_aversion,combined,0,256.58408248067786,1.4652548560059633
384,euler_ramsey,0.5,1.5% Ramsey,risk_aversion,combined,0,280.56990434750963,0.2674342749918294
384,euler_ramsey,0.5,2.0% Ramsey,risk_aversion,combined,0,98.4711936339551,0.18895824406774536
384,euler_ramsey,0.5,2.5% Ramsey,risk_aversion,combined,0,35.94742741691709,0.14281886345878564
385,euler_ramsey,0.5,1.5% Ramsey,risk_aversion,combined,0,-563.3343539527788,0.28460708297769705
385,euler_ramsey,0.5,2.0% Ramsey,risk_aversion,combined,0,-292.8949338930505,0.20395161074771856
385,euler_ramsey,0.5,2.5% Ramsey,risk_aversion,combined,0,-182.5889460248031,0.15584497339885517
386,euler_ramsey,0.5,1.5% Ramsey,risk_aversion,combined,0,838.7732975146356,0.4096146635274055
386,euler_ramsey,0.5,2.0% Ramsey,risk_aversion,combined,0,705.5370960495482,0.31870954844666755
386,euler_ramsey,0.5,2.5% Ramsey,risk_aversion,combined,0,552.556426993699,0.25955284305769
387,euler_ramsey,0.5,1.5% Ramsey,risk_aversion,combined,0,276.6238719169489,1.1605007975993358
387,euler_ramsey,0.5,2.0% Ramsey,risk_aversion,combined,0,188.96084616810137,1.1421412295558622
387,euler_ramsey,0.5,2.5% Ramsey,risk_aversion,combined,0,131.94272977164508,1.1156703625079394
388,euler_ramsey,0.5,1.5% Ramsey,risk_aversion,combined,0,932.2842876588074,1.5318877567653615
388,euler_ramsey,0.5,2.0% Ramsey,risk_aversion,combined,0,694.8162964059698,1.6053604279312002
388,euler_ramsey,0.5,2.5% Ramsey,risk_aversion,combined,0,478.03501600243345,1.64631351371663
389,euler_ramsey,0.5,1.5% Ramsey,risk_aversion,combined,0,16.735507691536082,1.9203085130754267
389,euler_ramsey,0.5,2.0% Ramsey,risk_aversion,combined,0,11.433745975250549,2.116361956614569
389,euler_ramsey,0.5,2.5% Ramsey,risk_aversion,combined,0,11.032649271861844,2.2563104386544737
390,euler_ramsey,0.5,1.5% Ramsey,risk_aversion,combined,0,337.9128745532798,1.2388127555915207
390,euler_ramsey,0.5,2.0% Ramsey,risk_aversion,combined,0,230.55665429836077,1.2370772043351874
390,euler_ramsey,0.5,2.5% Ramsey,risk_aversion,combined,0,159.81621490214008,1.222105142565349
391,euler_ramsey,0.5,1.5% Ramsey,risk_aversion,combined,0,1464.6231641181619,1.048948197481494
391,euler_ramsey,0.5,2.0% Ramsey,risk_aversion,combined,0,1362.1942507552017,1.009542018058313
391,euler_ramsey,0.5,2.5% Ramsey,risk_aversion,combined,0,1108.8544964851126,0.9693737751381953
392,euler_ramsey,0.5,1.5% Ramsey,risk_aversion,combined,0,716.4838678882986,1.393151157393746
392,euler_ramsey,0.5,2.0% Ramsey,risk_aversion,combined,0,584.0670925829015,1.428870207682207
392,euler_ramsey,0.5,2.5% Ramsey,risk_aversion,combined,0,444.3756061041169,1.441255130602777
393,euler_ramsey,0.5,1.5% Ramsey,risk_aversion,combined,0,102.30469429150659,0.8790620352833396
393,euler_ramsey,0.5,2.0% Ramsey,risk_aversion,combined,0,60.5944648367742,0.8129843777535434
393,euler_ramsey,0.5,2.5% Ramsey,risk_aversion,combined,0,40.63943640495969,0.7568446768739966
394,euler_ramsey,0.5,1.5% Ramsey,risk_aversion,combined,0,2777.493399197513,0.39476621395813527
394,euler_ramsey,0.5,2.0% Ramsey,risk_aversion,combined,0,1261.2301301451569,0.30460328235602285
394,euler_ramsey,0.5,2.5% Ramsey,risk_aversion,combined,0,648.5991524817325,0.24646971338054693
395,euler_ramsey,0.5,1.5% Ramsey,risk_aversion,combined,0,516.8835699810419,0.36028798616899754
395,euler_ramsey,0.5,2.0% Ramsey,risk_aversion,combined,0,186.25078128434035,0.27229130695472115
395,euler_ramsey,0.5,2.5% Ramsey,risk_aversion,combined,0,97.89511679896749,0.21681612148135865
396,euler_ramsey,0.5,1.5% Ramsey,risk_aversion,combined,0,208.99449276371524,0.9493570750446634
396,euler_ramsey,0.5,2.0% Ramsey,risk_aversion,combined,0,173.6514555989489,0.8924805454277437
396,euler_ramsey,0.5,2.5% Ramsey,risk_aversion,combined,0,143.6035174770613,0.8413922327006406
397,euler_ramsey,0.5,1.5% Ramsey,risk_aversion,combined,0,2570.2847749144735,0.4755806601937656
397,euler_ramsey,0.5,2.0% Ramsey,risk_aversion,combined,0,2190.665700933114,0.38299385071633285
397,euler_ramsey,0.5,2.5% Ramsey,risk_aversion,combined,0,1630.1500549002685,0.3203475647993675
398,euler_ramsey,0.5,1.5% Ramsey,risk_aversion,combined,0,238.02816511086638,0.8910785016051729
398,euler_ramsey,0.5,2.0% Ramsey,risk_aversion,combined,0,161.09850527074886,0.8271774230794275
398,euler_ramsey,0.5,2.5% Ramsey,risk_aversion,combined,0,107.40593334658425,0.772391515782005
399,euler_ramsey,0.5,1.5% Ramsey,risk_aversion,combined,0,334.52974515542667,0.4527954511778366
399,euler_ramsey,0.5,2.0% Ramsey,risk_aversion,combined,0,265.174100319314,0.3601271725891108
399,euler_ramsey,0.5,2.5% Ramsey,risk_aversion,combined,0,189.15024888759604,0.2982881628010796
400,euler_ramsey,0.5,1.5% Ramsey,risk_aversion,combined,0,1354.1454084508698,0.4053853983918298
400,euler_ramsey,0.5,2.0% Ramsey,risk_aversion,combined,0,881.5296748436509,0.31459162120977613
400,euler_ramsey,0.5,2.5% Ramsey,risk_aversion,combined,0,594.1249737132955,0.25567428086444594
401,euler_ramsey,0.5,1.5% Ramsey,risk_aversion,combined,0,690.3515199981761,1.7933264227186418
401,euler_ramsey,0.5,2.0% Ramsey,risk_aversion,combined,0,514.805095715905,1.9463965395039373
401,euler_ramsey,0.5,2.5% Ramsey,risk_aversion,combined,0,350.0589712963129,2.050781679850418
402,euler_ramsey,0.5,1.5% Ramsey,risk_aversion,combined,0,9255.489744153678,0.1298796741375561
402,euler_ramsey,0.5,2.0% Ramsey,risk_aversion,combined,0,6494.049368440471,0.07810831236561319
402,euler_ramsey,0.5,2.5% Ramsey,risk_aversion,combined,0,4543.869536126003,0.05212388668577372
403,euler_ramsey,0.5,1.5% Ramsey,risk_aversion,combined,0,-329.5184847194729,0.36883431885783974
403,euler_ramsey,0.5,2.0% Ramsey,risk_aversion,combined,0,-292.753170833639,0.2801942134084378
403,euler_ramsey,0.5,2.5% Ramsey,risk_aversion,combined,0,-231.85109442416382,0.22399185455895526
404,euler_ramsey,0.5,1.5% Ramsey,risk_aversion,combined,0,371.2581909071145,0.3932468118656357
404,euler_ramsey,0.5,2.0% Ramsey,risk_aversion,combined,0,304.3918069050758,0.3030500015396881
404,euler_ramsey,0.5,2.5% Ramsey,risk_aversion,combined,0,235.11747452150274,0.24496336589786286
405,euler_ramsey,0.5,1.5% Ramsey,risk_aversion,combined,0,2517.9875270177195,1.5663403827356392
405,euler_ramsey,0.5,2.0% Ramsey,risk_aversion,combined,0,2061.7876802869055,1.6514205369289596
405,euler_ramsey,0.5,2.5% Ramsey,risk_aversion,combined,0,1485.6687077480638,1.7017568362743143
406,euler_ramsey,0.5,1.5% Ramsey,risk_aversion,combined,0,219.97829786316927,0.6140732888507514
406,euler_ramsey,0.5,2.0% Ramsey,risk_aversion,combined,0,276.7691036246493,0.5230613799436028
406,euler_ramsey,0.5,2.5% Ramsey,risk_aversion,combined,0,282.7076907975405,0.45684688808454493
407,euler_ramsey,0.5,1.5% Ramsey,risk_aversion,combined,0,-279.4725917462299,0.45861755918544017
407,euler_ramsey,0.5,2.0% Ramsey,risk_aversion,combined,0,-107.35914634227895,0.3658076685973572
407,euler_ramsey,0.5,2.5% Ramsey,risk_aversion,combined,0,-35.12862498566177,0.3036688326564281
408,euler_ramsey,0.5,1.5% Ramsey,risk_aversion,combined,0,234.67392991768605,1.8052288862410133
408,euler_ramsey,0.5,2.0% Ramsey,risk_aversion,combined,0,183.29584588913755,1.9620277181782018
408,euler_ramsey,0.5,2.5% Ramsey,risk_aversion,combined,0,138.3106081293639,2.0694189831637195
409,euler_ramsey,0.5,1.5% Ramsey,risk_aversion,combined,0,-537.0365242027805,0.608672749932422
409,euler_ramsey,0.5,2.0% Ramsey,risk_aversion,combined,0,-397.09507852841085,0.5178028979039847
409,euler_ramsey,0.5,2.5% Ramsey,risk_aversion,combined,0,-268.5231776403387,0.45182694769994614
410,euler_ramsey,0.5,1.5% Ramsey,risk_aversion,combined,0,-17.290274330430858,1.4952550939631197
410,euler_ramsey,0.5,2.0% Ramsey,risk_aversion,combined,0,-8.336753883269138,1.5579336947869633
410,euler_ramsey,0.5,2.5% Ramsey,risk_aversion,combined,0,-1.0587094247524294,1.5903717549202157
411,euler_ramsey,0.5,1.5% Ramsey,risk_aversion,combined,0,273.6518567170511,0.24679419468148497
411,euler_ramsey,0.5,2.0% Ramsey,risk_aversion,combined,0,37.03338684594291,0.17124932784745592
411,euler_ramsey,0.5,2.5% Ramsey,risk_aversion,combined,0,4.768374966536606,0.1276359345886177
412,euler_ramsey,0.5,1.5% Ramsey,risk_aversion,combined,0,73.21908398838058,1.249751892465091
412,euler_ramsey,0.5,2.0% Ramsey,risk_aversion,combined,0,60.113352730401346,1.249649963567086
412,euler_ramsey,0.5,2.5% Ramsey,risk_aversion,combined,0,61.93970021042149,1.2356392936827731
413,euler_ramsey,0.5,1.5% Ramsey,risk_aversion,combined,0,501.55721500243084,0.7158952794591766
413,euler_ramsey,0.5,2.0% Ramsey,risk_aversion,combined,0,443.0980843612148,0.6315174000917917
413,euler_ramsey,0.5,2.5% Ramsey,risk_aversion,combined,0,337.795705639319,0.5667347167356401
414,euler_ramsey,0.5,1.5% Ramsey,risk_aversion,combined,0,393.7682737406176,0.9297063228370727
414,euler_ramsey,0.5,2.0% Ramsey,risk_aversion,combined,0,358.12935025097045,0.8708219292117544
414,euler_ramsey,0.5,2.5% Ramsey,risk_aversion,combined,0,274.98197116249133,0.8186622230610546
415,euler_ramsey,0.5,1.5% Ramsey,risk_aversion,combined,0,463.84873608961226,1.9472796836491943
415,euler_ramsey,0.5,2.0% Ramsey,risk_aversion,combined,0,325.6413475248374,2.1538017187341953
415,euler_ramsey,0.5,2.5% Ramsey,risk_aversion,combined,0,239.9701795285498,2.3028769760481755
416,euler_ramsey,0.5,1.5% Ramsey,risk_aversion,combined,0,825.4916650188718,1.1925715684327018
416,euler_ramsey,0.5,2.0% Ramsey,risk_aversion,combined,0,626.2612609907897,1.1812357407907517
416,euler_ramsey,0.5,2.5% Ramsey,risk_aversion,combined,0,475.0306645936015,1.1596145266450295
417,euler_ramsey,0.5,1.5% Ramsey,risk_aversion,combined,0,2816.0446085154717,0.3384901052654675
417,euler_ramsey,0.5,2.0% Ramsey,risk_aversion,combined,0,1323.7302045393521,0.2522180207483392
417,euler_ramsey,0.5,2.5% Ramsey,risk_aversion,combined,0,707.9419076893105,0.19863740679632538
418,euler_ramsey,0.5,1.5% Ramsey,risk_aversion,combined,0,-344.3050902351211,0.9127323184902826
418,euler_ramsey,0.5,2.0% Ramsey,risk_aversion,combined,0,-332.23346340859143,0.8504231931772503
418,euler_ramsey,0.5,2.5% Ramsey,risk_aversion,combined,0,-261.02534461452893,0.7961707617346458
419,euler_ramsey,0.5,1.5% Ramsey,risk_aversion,combined,0,7053.683489382707,0.13933081205199557
419,euler_ramsey,0.5,2.0% Ramsey,risk_aversion,combined,0,5540.585176019001,0.08508321857970962
419,euler_ramsey,0.5,2.5% Ramsey,risk_aversion,combined,0,3923.814420213606,0.057451222888366536
420,euler_ramsey,0.5,1.5% Ramsey,risk_aversion,combined,0,1056.5093780979657,1.1633079455323792
420,euler_ramsey,0.5,2.0% Ramsey,risk_aversion,combined,0,769.4547434660409,1.1458397675386127
420,euler_ramsey,0.5,2.5% Ramsey,risk_aversion,combined,0,558.863059674064,1.1200941549673864
421,euler_ramsey,0.5,1.5% Ramsey,risk_aversion,combined,0,756.5957429718034,1.1865013856878543
421,euler_ramsey,0.5,2.0% Ramsey,risk_aversion,combined,0,600.4898588317958,1.173355608222871
421,euler_ramsey,0.5,2.5% Ramsey,risk_aversion,combined,0,456.758523840813,1.1504912991672656
422,euler_ramsey,0.5,1.5% Ramsey,risk_aversion,combined,0,235.50016813901968,2.000762486212702
422,euler_ramsey,0.5,2.0% Ramsey,risk_aversion,combined,0,166.50995705738194,2.2254540246154604
422,euler_ramsey,0.5,2.5% Ramsey,risk_aversion,combined,0,118.92592797994658,2.3896046678109983
423,euler_ramsey,0.5,1.5% Ramsey,risk_aversion,combined,0,265.8412547785575,1.7740460673205507
423,euler_ramsey,0.5,2.0% Ramsey,risk_aversion,combined,0,206.24384287696972,1.9207632011641351
423,euler_ramsey,0.5,2.5% Ramsey,risk_aversion,combined,0,151.66984036863028,2.0199515610596115
424,euler_ramsey,0.5,1.5% Ramsey,risk_aversion,combined,0,-144.63793512034906,1.4226694072372368
424,euler_ramsey,0.5,2.0% Ramsey,risk_aversion,combined,0,-119.1094370739883,1.4653838255778107
424,euler_ramsey,0.5,2.5% Ramsey,risk_aversion,combined,0,-86.541449895168,1.4827423814594187
425,euler_ramsey,0.5,1.5% Ramsey,risk_aversion,combined,0,1071.229574991268,0.5297840062111686
425,euler_ramsey,0.5,2.0% Ramsey,risk_aversion,combined,0,584.7959787505309,0.4366828478126521
425,euler_ramsey,0.5,2.5% Ramsey,risk_aversion,combined,0,334.89449375240457,0.3718466640341582
426,euler_ramsey,0.5,1.5% Ramsey,risk_aversion,combined,0,69.17794236962293,0.7951976501819189
426,euler_ramsey,0.5,2.0% Ramsey,risk_aversion,combined,0,50.833205972774344,0.7185151649443702
426,euler_ramsey,0.5,2.5% Ramsey,risk_aversion,combined,0,32.08049525914031,0.6569046953547195
427,euler_ramsey,0.5,1.5% Ramsey,risk_aversion,combined,0,-689.6845094522188,0.13053821445041322
427,euler_ramsey,0.5,2.0% Ramsey,risk_aversion,combined,0,-412.5697596580458,0.07849344484733649
427,euler_ramsey,0.5,2.5% Ramsey,risk_aversion,combined,0,-224.72383755013874,0.052368453449355715
428,euler_ramsey,0.5,1.5% Ramsey,risk_aversion,combined,0,179.14317688592786,1.2173893908162257
428,euler_ramsey,0.5,2.0% Ramsey,risk_aversion,combined,0,149.2116249731581,1.2099659849025113
428,euler_ramsey,0.5,2.5% Ramsey,risk_aversion,combined,0,121.04945669725551,1.1908101320039908
429,euler_ramsey,0.5,1.5% Ramsey,risk_aversion,combined,0,661.9502806488496,0.38550111481457033
429,euler_ramsey,0.5,2.0% Ramsey,risk_aversion,combined,0,588.6617916832538,0.29593537884230003
429,euler_ramsey,0.5,2.5% Ramsey,risk_aversion,combined,0,468.82630122527877,0.2385118648940397
430,euler_ramsey,0.5,1.5% Ramsey,risk_aversion,combined,0,2040.371556006625,0.9033357047036031
430,euler_ramsey,0.5,2.0% Ramsey,risk_aversion,combined,0,1874.5586729797901,0.8415351289350906
430,euler_ramsey,0.5,2.5% Ramsey,risk_aversion,combined,0,1491.2600164700407,0.7879999877852739
431,euler_ramsey,0.5,1.5% Ramsey,risk_aversion,combined,0,11702.29618085148,0.18561252711250897
431,euler_ramsey,0.5,2.0% Ramsey,risk_aversion,combined,0,7465.680026413871,0.12120692827490318
431,euler_ramsey,0.5,2.5% Ramsey,risk_aversion,combined,0,4515.306898841383,0.08622077208709905
432,euler_ramsey,0.5,1.5% Ramsey,risk_aversion,combined,0,856.7656911436079,0.41301066121040153
432,euler_ramsey,0.5,2.0% Ramsey,risk_aversion,combined,0,761.4518051603395,0.3219751202337448
432,euler_ramsey,0.5,2.5% Ramsey,risk_aversion,combined,0,584.8372425522477,0.2626057335832597
433,euler_ramsey,0.5,1.5% Ramsey,risk_aversion,combined,0,-17.76178762435348,1.3415578607238727
433,euler_ramsey,0.5,2.0% Ramsey,risk_aversion,combined,0,-13.749808387670685,1.3630961249189923
433,euler_ramsey,0.5,2.5% Ramsey,risk_aversion,combined,0,-8.53958920642444,1.3646027311690556
434,euler_ramsey,0.5,1.5% Ramsey,risk_aversion,combined,0,-44.18968523466167,0.7984332471299541
434,euler_ramsey,0.5,2.0% Ramsey,risk_aversion,combined,0,-45.926126975888046,0.7217436007535827
434,euler_ramsey,0.5,2.5% Ramsey,risk_aversion,combined,0,-41.156084006356934,0.6600539731682988
435,euler_ramsey,0.5,1.5% Ramsey,risk_aversion,combined,0,-33.81050982939102,1.8000133429100051
435,euler_ramsey,0.5,2.0% Ramsey,risk_aversion,combined,0,-36.16358712236431,1.9553419287806817
435,euler_ramsey,0.5,2.5% Ramsey,risk_aversion,combined,0,-27.62156117698066,2.061496547206585
436,euler_ramsey,0.5,1.5% Ramsey,risk_aversion,combined,0,313.49066250273177,2.161466917773269
436,euler_ramsey,0.5,2.0% Ramsey,risk_aversion,combined,0,242.56975375658996,2.4465417750661516
436,euler_ramsey,0.5,2.5% Ramsey,risk_aversion,combined,0,176.79074835852157,2.6628196316156445
437,euler_ramsey,0.5,1.5% Ramsey,risk_aversion,combined,0,603.6295874111337,1.5787110013994916
437,euler_ramsey,0.5,2.0% Ramsey,risk_aversion,combined,0,414.24774552210886,1.6652891954766973
437,euler_ramsey,0.5,2.5% Ramsey,risk_aversion,combined,0,286.69350722388265,1.716402293406449
438,euler_ramsey,0.5,1.5% Ramsey,risk_aversion,combined,0,58.364758790863085,2.0648126674451857
438,euler_ramsey,0.5,2.0% Ramsey,risk_aversion,combined,0,40.59329206219517,2.312751585639212
438,euler_ramsey,0.5,2.5% Ramsey,risk_aversion,combined,0,29.230732595770153,2.496788299306508
439,euler_ramsey,0.5,1.5% Ramsey,risk_aversion,combined,0,1349.1887120526646,0.6251069655257796
439,euler_ramsey,0.5,2.0% Ramsey,risk_aversion,combined,0,1219.3744086333625,0.5349770118205182
439,euler_ramsey,0.5,2.5% Ramsey,risk_aversion,combined,0,958.1446597434742,0.46899428493605727
440,euler_ramsey,0.5,1.5% Ramsey,risk_aversion,combined,0,1184.5788585273033,1.930805177071746
440,euler_ramsey,0.5,2.0% Ramsey,risk_aversion,combined,0,906.2946101999214,2.130854452597126
440,euler_ramsey,0.5,2.5% Ramsey,risk_aversion,combined,0,646.538629602558,2.274340981910909
441,euler_ramsey,0.5,1.5% Ramsey,risk_aversion,combined,0,2243.193034263827,0.3129622192087342
441,euler_ramsey,0.5,2.0% Ramsey,risk_aversion,combined,0,1946.595134123811,0.2291938968911723
441,euler_ramsey,0.5,2.5% Ramsey,risk_aversion,combined,0,1461.1961698056496,0.17810914015112958
442,euler_ramsey,0.5,1.5% Ramsey,risk_aversion,combined,0,572.8158316909819,0.47360866112291217
442,euler_ramsey,0.5,2.0% Ramsey,risk_aversion,combined,0,228.4485922691975,0.38053448921128513
442,euler_ramsey,0.5,2.5% Ramsey,risk_aversion,combined,0,136.0534490281772,0.3176870769582179
443,euler_ramsey,0.5,1.5% Ramsey,risk_aversion,combined,0,-140.6523564194386,0.5405913102032819
443,euler_ramsey,0.5,2.0% Ramsey,risk_aversion,combined,0,-133.08605631435998,0.44757833062118163
443,euler_ramsey,0.5,2.5% Ramsey,risk_aversion,combined,0,-112.78672650824016,0.382428277085499
444,euler_ramsey,0.5,1.5% Ramsey,risk_aversion,combined,0,3703.5558616734806,0.12952977288494422
444,euler_ramsey,0.5,2.0% Ramsey,risk_aversion,combined,0,1592.4666394507387,0.0777914141302147
444,euler_ramsey,0.5,2.5% Ramsey,risk_aversion,combined,0,946.4520563559058,0.051853775071534054
445,euler_ramsey,0.5,1.5% Ramsey,risk_aversion,combined,0,-126.23535749687318,1.297077703649628
445,euler_ramsey,0.5,2.0% Ramsey,risk_aversion,combined,0,-102.1461587463752,1.3074991143842425
445,euler_ramsey,0.5,2.5% Ramsey,risk_aversion,combined,0,-78.91728338727299,1.300881427673406
446,euler_ramsey,0.5,1.5% Ramsey,risk_aversion,combined,0,160.72137910500953,1.218037314527917
446,euler_ramsey,0.5,2.0% Ramsey,risk_aversion,combined,0,121.31329349610068,1.2115400654394965
446,euler_ramsey,0.5,2.5% Ramsey,risk_aversion,combined,0,94.76477747007141,1.1931584918467524
447,euler_ramsey,0.5,1.5% Ramsey,risk_aversion,combined,0,981.2814264294118,0.7931700442814806
447,euler_ramsey,0.5,2.0% Ramsey,risk_aversion,combined,0,813.4769499834028,0.7186338100246098
447,euler_ramsey,0.5,2.5% Ramsey,risk_aversion,combined,0,649.1621737015743,0.6586658712669557
448,euler_ramsey,0.5,1.5% Ramsey,risk_aversion,combined,0,121.2690710309742,0.4078381721526445
448,euler_ramsey,0.5,2.0% Ramsey,risk_aversion,combined,0,134.73743214453737,0.3169943896662798
448,euler_ramsey,0.5,2.5% Ramsey,risk_aversion,combined,0,138.22159701547392,0.2579442689451822
449,euler_ramsey,0.5,1.5% Ramsey,risk_aversion,combined,0,851.9072817371009,0.7176881294742666
449,euler_ramsey,0.5,2.0% Ramsey,risk_aversion,combined,0,749.0006721961456,0.6335941615645294
449,euler_ramsey,0.5,2.5% Ramsey,risk_aversion,combined,0,598.504270179262,0.5689865990498764
450,euler_ramsey,0.5,1.5% Ramsey,risk_aversion,combined,0,1337.1909818188526,0.8972024791015731
450,euler_ramsey,0.5,2.0% Ramsey,risk_aversion,combined,0,880.4981265012509,0.8349947764344797
450,euler_ramsey,0.5,2.5% Ramsey,risk_aversion,combined,0,547.9679129386716,0.7813392370734582
451,euler_ramsey,0.5,1.5% Ramsey,risk_aversion,combined,0,-24.788290065215627,0.6173076264655573
451,euler_ramsey,0.5,2.0% Ramsey,risk_aversion,combined,0,-14.24676303749835,0.5270319025685803
451,euler_ramsey,0.5,2.5% Ramsey,risk_aversion,combined,0,-6.894264063468071,0.4611721655836813
452,euler_ramsey,0.5,1.5% Ramsey,risk_aversion,combined,0,725.3775171664729,1.0725398519386848
452,euler_ramsey,0.5,2.0% Ramsey,risk_aversion,combined,0,547.8350543217783,1.0373524318409386
452,euler_ramsey,0.5,2.5% Ramsey,risk_aversion,combined,0,375.6103548878912,0.999786528775377
453,euler_ramsey,0.5,1.5% Ramsey,risk_aversion,combined,0,-697.7048439080771,0.4533388317458435
453,euler_ramsey,0.5,2.0% Ramsey,risk_aversion,combined,0,-309.1484705055918,0.3606905871303361
453,euler_ramsey,0.5,2.5% Ramsey,risk_aversion,combined,0,-136.88933055165973,0.2988421033708538
454,euler_ramsey,0.5,1.5% Ramsey,risk_aversion,combined,0,268.5288015161757,1.3902564794667567
454,euler_ramsey,0.5,2.0% Ramsey,risk_aversion,combined,0,179.37479857006366,1.4245489260967614
454,euler_ramsey,0.5,2.5% Ramsey,risk_aversion,combined,0,124.6699281972172,1.4355615851203336
455,euler_ramsey,0.5,1.5% Ramsey,risk_aversion,combined,0,348.3073452632063,1.1271053351001112
455,euler_ramsey,0.5,2.0% Ramsey,risk_aversion,combined,0,238.1326761280401,1.101859467573634
455,euler_ramsey,0.5,2.5% Ramsey,risk_aversion,combined,0,164.54442617677316,1.0707750975640613
456,euler_ramsey,0.5,1.5% Ramsey,risk_aversion,combined,0,-154.64379450785376,0.8340380554482557
456,euler_ramsey,0.5,2.0% Ramsey,risk_aversion,combined,0,-138.0977428816158,0.7616307171086594
456,euler_ramsey,0.5,2.5% Ramsey,risk_aversion,combined,0,-88.95500561232835,0.7020847926933652
457,euler_ramsey,0.5,1.5% Ramsey,risk_aversion,combined,0,212.28515055615364,1.0509304956038796
457,euler_ramsey,0.5,2.0% Ramsey,risk_aversion,combined,0,180.3004158273514,1.0117115095391636
457,euler_ramsey,0.5,2.5% Ramsey,risk_aversion,combined,0,143.57908439779288,0.9715364313063279
458,euler_ramsey,0.5,1.5% Ramsey,risk_aversion,combined,0,225.23710924435284,1.7200629896187904
458,euler_ramsey,0.5,2.0% Ramsey,risk_aversion,combined,0,167.78282890823678,1.84933479458052
458,euler_ramsey,0.5,2.5% Ramsey,risk_aversion,combined,0,122.85659372371,1.934413549555763
459,euler_ramsey,0.5,1.5% Ramsey,risk_aversion,combined,0,697.1572507070758,3.8785423799726773
459,euler_ramsey,0.5,2.0% Ramsey,risk_aversion,combined,0,351.044401083439,5.00752968174004
459,euler_ramsey,0.5,2.5% Ramsey,risk_aversion,combined,0,201.45795015047324,6.0341459296667415
460,euler_ramsey,0.5,1.5% Ramsey,risk_aversion,combined,0,413.8906104353371,0.8172041369651506
460,euler_ramsey,0.5,2.0% Ramsey,risk_aversion,combined,0,365.91164796899767,0.7433515867999786
460,euler_ramsey,0.5,2.5% Ramsey,risk_aversion,combined,0,299.9363426952891,0.6831972596157152
461,euler_ramsey,0.5,1.5% Ramsey,risk_aversion,combined,0,314.5732508957189,0.5190328407205245
461,euler_ramsey,0.5,2.0% Ramsey,risk_aversion,combined,0,246.92696091091628,0.42582721600183626
461,euler_ramsey,0.5,2.5% Ramsey,risk_aversion,combined,0,191.2839944031869,0.36129059875343095
462,euler_ramsey,0.5,1.5% Ramsey,risk_aversion,combined,0,131.98441139545162,0.7882849263881251
462,euler_ramsey,0.5,2.0% Ramsey,risk_aversion,combined,0,110.08664505276435,0.7110936850650167
462,euler_ramsey,0.5,2.5% Ramsey,risk_aversion,combined,0,84.80596911446172,0.6493530689831365
463,euler_ramsey,0.5,1.5% Ramsey,risk_aversion,combined,0,151.78173932216382,0.890831159615356
463,euler_ramsey,0.5,2.0% Ramsey,risk_aversion,combined,0,129.1770837536069,0.8261143887128329
463,euler_ramsey,0.5,2.5% Ramsey,risk_aversion,combined,0,98.16404359893919,0.7706574563491639
464,euler_ramsey,0.5,1.5% Ramsey,risk_aversion,combined,0,939.4489978092797,0.39635108424528903
464,euler_ramsey,0.5,2.0% Ramsey,risk_aversion,combined,0,545.72217503433,0.3060437868503144
464,euler_ramsey,0.5,2.5% Ramsey,risk_aversion,combined,0,344.37269990696785,0.24776691856193725
465,euler_ramsey,0.5,1.5% Ramsey,risk_aversion,combined,0,315.34607446005987,1.9699299080964945
465,euler_ramsey,0.5,2.0% Ramsey,risk_aversion,combined,0,189.6956012519434,2.1837117753509814
465,euler_ramsey,0.5,2.5% Ramsey,risk_aversion,combined,0,127.03199710775509,2.3387379532974597
466,euler_ramsey,0.5,1.5% Ramsey,risk_aversion,combined,0,-420.22419775312665,0.6399354167695328
466,euler_ramsey,0.5,2.0% Ramsey,risk_aversion,combined,0,-314.48474425555,0.5505260511185461
466,euler_ramsey,0.5,2.5% Ramsey,risk_aversion,combined,0,-216.65642724599107,0.4845543281163443
467,euler_ramsey,0.5,1.5% Ramsey,risk_aversion,combined,0,1342.125752370456,0.5076083400732685
467,euler_ramsey,0.5,2.0% Ramsey,risk_aversion,combined,0,1003.8460178345767,0.4145150033150673
467,euler_ramsey,0.5,2.5% Ramsey,risk_aversion,combined,0,720.9900614020067,0.35044105550593574
468,euler_ramsey,0.5,1.5% Ramsey,risk_aversion,combined,0,-379.9775564460843,0.3731783674423015
468,euler_ramsey,0.5,2.0% Ramsey,risk_aversion,combined,0,-191.49448300779866,0.28421229270583226
468,euler_ramsey,0.5,2.5% Ramsey,risk_aversion,combined,0,-120.27560781931894,0.22764718823065797
469,euler_ramsey,0.5,1.5% Ramsey,risk_aversion,combined,0,415.48780606264364,1.2052121003895548
469,euler_ramsey,0.5,2.0% Ramsey,risk_aversion,combined,0,255.6451781988648,1.1962501527751952
469,euler_ramsey,0.5,2.5% Ramsey,risk_aversion,combined,0,172.17030857274753,1.1761743453041054
470,euler_ramsey,0.5,1.5% Ramsey,risk_aversion,combined,0,619.782604806205,0.6937345879584735
470,euler_ramsey,0.5,2.0% Ramsey,risk_aversion,combined,0,558.1139001180827,0.6077887509569138
470,euler_ramsey,0.5,2.5% Ramsey,risk_aversion,combined,0,439.45733427214805,0.542570922193941
471,euler_ramsey,0.5,1.5% Ramsey,risk_aversion,combined,0,469.64798731393796,1.1691997264487621
471,euler_ramsey,0.5,2.0% Ramsey,risk_aversion,combined,0,319.9687784324629,1.1520092712684693
471,euler_ramsey,0.5,2.5% Ramsey,risk_aversion,combined,0,223.86212262506083,1.1262584815871455
472,euler_ramsey,0.5,1.5% Ramsey,risk_aversion,combined,0,2020.5324183983848,0.8293883893510321
472,euler_ramsey,0.5,2.0% Ramsey,risk_aversion,combined,0,2030.6590030701132,0.7580061606087317
472,euler_ramsey,0.5,2.5% Ramsey,risk_aversion,combined,0,1780.3683626101204,0.6993504439120465
473,euler_ramsey,0.5,1.5% Ramsey,risk_aversion,combined,0,21202.01508196355,0.13698094029575136
473,euler_ramsey,0.5,2.0% Ramsey,risk_aversion,combined,0,18888.296486539333,0.08359952415174444
473,euler_ramsey,0.5,2.5% Ramsey,risk_aversion,combined,0,14046.684405199056,0.05644077518732162
474,euler_ramsey,0.5,1.5% Ramsey,risk_aversion,combined,0,506.98577513919975,0.5617870957088184
474,euler_ramsey,0.5,2.0% Ramsey,risk_aversion,combined,0,361.20064917872116,0.4693546986459979
474,euler_ramsey,0.5,2.5% Ramsey,risk_aversion,combined,0,241.23987246650105,0.4038695562388705
475,euler_ramsey,0.5,1.5% Ramsey,risk_aversion,combined,0,238.32220115935758,1.0982644522472573
475,euler_ramsey,0.5,2.0% Ramsey,risk_aversion,combined,0,179.85416054589706,1.0675716597817484
475,euler_ramsey,0.5,2.5% Ramsey,risk_aversion,combined,0,132.86363249156526,1.032949668487719
476,euler_ramsey,0.5,1.5% Ramsey,risk_aversion,combined,0,96.56099339025559,0.6096506078783447
476,euler_ramsey,0.5,2.0% Ramsey,risk_aversion,combined,0,89.91780157636742,0.5191171989344342
476,euler_ramsey,0.5,2.5% Ramsey,risk_aversion,combined,0,78.65737301491997,0.45332100515940416
477,euler_ramsey,0.5,1.5% Ramsey,risk_aversion,combined,0,749.7312132620408,0.6031197456950408
477,euler_ramsey,0.5,2.0% Ramsey,risk_aversion,combined,0,667.891619089549,0.5118163009978609
477,euler_ramsey,0.5,2.5% Ramsey,risk_aversion,combined,0,517.3185291907946,0.4457458453552904
478,euler_ramsey,0.5,1.5% Ramsey,risk_aversion,combined,0,1433.5646517392456,0.27471788966070765
478,euler_ramsey,0.5,2.0% Ramsey,risk_aversion,combined,0,599.1599906090738,0.19529169660741363
478,euler_ramsey,0.5,2.5% Ramsey,risk_aversion,combined,0,337.6686906410976,0.14830598405098766
479,euler_ramsey,0.5,1.5% Ramsey,risk_aversion,combined,0,257.48195556120197,1.6585330183879414
479,euler_ramsey,0.5,2.0% Ramsey,risk_aversion,combined,0,192.44762779665265,1.7687925427157776
479,euler_ramsey,0.5,2.5% Ramsey,risk_aversion,combined,0,139.74147993371665,1.8385467114037033
480,euler_ramsey,0.5,1.5% Ramsey,risk_aversion,combined,0,167.6813044047157,1.3519443878565383
480,euler_ramsey,0.5,2.0% Ramsey,risk_aversion,combined,0,138.5965187664583,1.376734383910715
480,euler_ramsey,0.5,2.5% Ramsey,risk_aversion,combined,0,110.29312593952746,1.3807717878038688
481,euler_ramsey,0.5,1.5% Ramsey,risk_aversion,combined,0,-631.911842284067,0.8011825081155773
481,euler_ramsey,0.5,2.0% Ramsey,risk_aversion,combined,0,-528.8934687266028,0.7248981363605126
481,euler_ramsey,0.5,2.5% Ramsey,risk_aversion,combined,0,-390.73403724302005,0.6634077864981817
482,euler_ramsey,0.5,1.5% Ramsey,risk_aversion,combined,0,1367.6328430707508,0.3010390990487854
482,euler_ramsey,0.5,2.0% Ramsey,risk_aversion,combined,0,659.1807488808832,0.21857180763542772
482,euler_ramsey,0.5,2.5% Ramsey,risk_aversion,combined,0,348.38142803336655,0.1687250850414241
483,euler_ramsey,0.5,1.5% Ramsey,risk_aversion,combined,0,161.66065610600526,0.8442299984503097
483,euler_ramsey,0.5,2.0% Ramsey,risk_aversion,combined,0,142.7079330615961,0.7734637073649961
483,euler_ramsey,0.5,2.5% Ramsey,risk_aversion,combined,0,113.09068559867343,0.7148072307898012
484,euler_ramsey,0.5,1.5% Ramsey,risk_aversion,combined,0,233.7956617858169,4.263703510965797
484,euler_ramsey,0.5,2.0% Ramsey,risk_aversion,combined,0,225.74163849762084,5.625022195738153
484,euler_ramsey,0.5,2.5% Ramsey,risk_aversion,combined,0,197.99002497479242,6.892701934241974
485,euler_ramsey,0.5,1.5% Ramsey,risk_aversion,combined,0,-2237.9678477433968,0.41106238762283676
485,euler_ramsey,0.5,2.0% Ramsey,risk_aversion,combined,0,-931.2455942682012,0.32010210617081614
485,euler_ramsey,0.5,2.5% Ramsey,risk_aversion,combined,0,-476.27774153380716,0.2608487226068183
486,euler_ramsey,0.5,1.5% Ramsey,risk_aversion,combined,0,428.98015449143054,1.4146634762354902
486,euler_ramsey,0.5,2.0% Ramsey,risk_aversion,combined,0,376.87850116245284,1.4555685428880871
486,euler_ramsey,0.5,2.5% Ramsey,risk_aversion,combined,0,296.15858048708816,1.471618294881578
487,euler_ramsey,0.5,1.5% Ramsey,risk_aversion,combined,0,189.3685720736975,2.1477640313841877
487,euler_ramsey,0.5,2.0% Ramsey,risk_aversion,combined,0,148.27663113358315,2.427412505416361
487,euler_ramsey,0.5,2.5% Ramsey,risk_aversion,combined,0,115.59467406879843,2.63891852477885
488,euler_ramsey,0.5,1.5% Ramsey,risk_aversion,combined,0,294.5775913318038,1.6998084659622963
488,euler_ramsey,0.5,2.0% Ramsey,risk_aversion,combined,0,219.2701026514589,1.8228038394790542
488,euler_ramsey,0.5,2.5% Ramsey,risk_aversion,combined,0,164.88066603711854,1.902832408523449
489,euler_ramsey,0.5,1.5% Ramsey,risk_aversion,combined,0,138.09985911481968,2.241369998932744
489,euler_ramsey,0.5,2.0% Ramsey,risk_aversion,combined,0,111.54486324939234,2.5574782600505706
489,euler_ramsey,0.5,2.5% Ramsey,risk_aversion,combined,0,87.66545827670097,2.8007906932508475
490,euler_ramsey,0.5,1.5% Ramsey,risk_aversion,combined,0,358.8352528286488,0.4918270477027956
490,euler_ramsey,0.5,2.0% Ramsey,risk_aversion,combined,0,254.98726810169387,0.39894567660033237
490,euler_ramsey,0.5,2.5% Ramsey,risk_aversion,combined,0,170.07027924335492,0.3355371752292169
491,euler_ramsey,0.5,1.5% Ramsey,risk_aversion,combined,0,123.60612691832058,1.6057319199086746
491,euler_ramsey,0.5,2.0% Ramsey,risk_aversion,combined,0,75.74559601144789,1.6998904260442969
491,euler_ramsey,0.5,2.5% Ramsey,risk_aversion,combined,0,50.68809500477662,1.7568099943548654
492,euler_ramsey,0.5,1.5% Ramsey,risk_aversion,combined,0,529.8129974346822,0.9468426756718072
492,euler_ramsey,0.5,2.0% Ramsey,risk_aversion,combined,0,326.8870964514566,0.8915862114593752
492,euler_ramsey,0.5,2.5% Ramsey,risk_aversion,combined,0,205.2045360887648,0.8417374004700752
493,euler_ramsey,0.5,1.5% Ramsey,risk_aversion,combined,0,1079.262612051343,0.5812598523294364
493,euler_ramsey,0.5,2.0% Ramsey,risk_aversion,combined,0,685.2214003134959,0.48931161589674027
493,euler_ramsey,0.5,2.5% Ramsey,risk_aversion,combined,0,417.88517465205416,0.4235134116531266
494,euler_ramsey,0.5,1.5% Ramsey,risk_aversion,combined,0,193.3811704219662,0.6547516166895082
494,euler_ramsey,0.5,2.0% Ramsey,risk_aversion,combined,0,138.64716354168283,0.5664142169219046
494,euler_ramsey,0.5,2.5% Ramsey,risk_aversion,combined,0,97.54465086763724,0.5007154675854409
495,euler_ramsey,0.5,1.5% Ramsey,risk_aversion,combined,0,2870.6150263474938,0.49356685196740274
495,euler_ramsey,0.5,2.0% Ramsey,risk_aversion,combined,0,2241.393343842083,0.4014477971369922
495,euler_ramsey,0.5,2.5% Ramsey,risk_aversion,combined,0,1632.0553365221524,0.3384278841390349
496,euler_ramsey,0.5,1.5% Ramsey,risk_aversion,combined,0,1521.877889036094,0.48029493419897035
496,euler_ramsey,0.5,2.0% Ramsey,risk_aversion,combined,0,1061.3517306855,0.38712095333535645
496,euler_ramsey,0.5,2.5% Ramsey,risk_aversion,combined,0,687.9197713988457,0.3239715410330303
497,euler_ramsey,0.5,1.5% Ramsey,risk_aversion,combined,0,455.3434487388363,0.23780125474484268
497,euler_ramsey,0.5,2.0% Ramsey,risk_aversion,combined,0,307.09330798718264,0.16363572637260201
497,euler_ramsey,0.5,2.5% Ramsey,risk_aversion,combined,0,219.08377297381114,0.12117572749827528
498,euler_ramsey,0.5,1.5% Ramsey,risk_aversion,combined,0,772.8587246114297,0.7917465460948597
498,euler_ramsey,0.5,2.0% Ramsey,risk_aversion,combined,0,543.0132439754616,0.7152210548083454
498,euler_ramsey,0.5,2.5% Ramsey,risk_aversion,combined,0,406.576188468595,0.6538275430248788
499,euler_ramsey,0.5,1.5% Ramsey,risk_aversion,combined,0,617.5029638659778,1.0552098476769491
499,euler_ramsey,0.5,2.0% Ramsey,risk_aversion,combined,0,497.9468455031946,1.016734711156563
499,euler_ramsey,0.5,2.5% Ramsey,risk_aversion,combined,0,387.529870215374,0.9770711305854137
500,euler_ramsey,0.5,1.5% Ramsey,risk_aversion,combined,0,2186.1253953271435,1.198833246481922
500,euler_ramsey,0.5,2.0% Ramsey,risk_aversion,combined,0,1414.877813823405,1.1889673749964418
500,euler_ramsey,0.5,2.5% Ramsey,risk_aversion,combined,0,886.4544947003438,1.1685179803867172
501,euler_ramsey,0.5,1.5% Ramsey,risk_aversion,combined,0,-311.0147937498286,0.6183253219878646
501,euler_ramsey,0.5,2.0% Ramsey,risk_aversion,combined,0,-193.1256908398171,0.5278276747750094
501,euler_ramsey,0.5,2.5% Ramsey,risk_aversion,combined,0,-121.94319320025636,0.4617991626559188
502,euler_ramsey,0.5,1.5% Ramsey,risk_aversion,combined,0,530.0206005897564,2.676968190716382
502,euler_ramsey,0.5,2.0% Ramsey,risk_aversion,combined,0,330.1526921380658,3.180859574010453
502,euler_ramsey,0.5,2.5% Ramsey,risk_aversion,combined,0,218.0274238424794,3.594892045608206
503,euler_ramsey,0.5,1.5% Ramsey,risk_aversion,combined,0,3252.958376340226,0.35931815658205357
503,euler_ramsey,0.5,2.0% Ramsey,risk_aversion,combined,0,2592.042716234206,0.27146799446261016
503,euler_ramsey,0.5,2.5% Ramsey,risk_aversion,combined,0,1828.3332086650967,0.21610696308034694
504,euler_ramsey,0.5,1.5% Ramsey,risk_aversion,combined,0,541.7481129769075,0.7108396699751461
504,euler_ramsey,0.5,2.0% Ramsey,risk_aversion,combined,0,486.7263108665361,0.6260326529045824
504,euler_ramsey,0.5,2.5% Ramsey,risk_aversion,combined,0,401.1391966003478,0.5611244976109219
505,euler_ramsey,0.5,1.5% Ramsey,risk_aversion,combined,0,49.19924404841274,1.3427478457906012
505,euler_ramsey,0.5,2.0% Ramsey,risk_aversion,combined,0,38.93439257643263,1.3645127412135947
505,euler_ramsey,0.5,2.5% Ramsey,risk_aversion,combined,0,33.188582648446626,1.3661911424898918
506,euler_ramsey,0.5,1.5% Ramsey,risk_aversion,combined,0,974.0191267462686,1.0860234095798107
506,euler_ramsey,0.5,2.0% Ramsey,risk_aversion,combined,0,683.3180165553196,1.053339576323456
506,euler_ramsey,0.5,2.5% Ramsey,risk_aversion,combined,0,491.5394103986232,1.01740674558975
507,euler_ramsey,0.5,1.5% Ramsey,risk_aversion,combined,0,-624.68575306346,0.8513866712234506
507,euler_ramsey,0.5,2.0% Ramsey,risk_aversion,combined,0,-499.01562684720255,0.7807635108072198
507,euler_ramsey,0.5,2.5% Ramsey,risk_aversion,combined,0,-347.2809210820279,0.7220106780202649
508,euler_ramsey,0.5,1.5% Ramsey,risk_aversion,combined,0,194.72273518316348,0.6774726310651525
508,euler_ramsey,0.5,2.0% Ramsey,risk_aversion,combined,0,177.3626320829683,0.5910070280337104
508,euler_ramsey,0.5,2.5% Ramsey,risk_aversion,combined,0,143.34219816813408,0.5259395929364191
509,euler_ramsey,0.5,1.5% Ramsey,risk_aversion,combined,0,506.86859626899707,0.8948852652737779
509,euler_ramsey,0.5,2.0% Ramsey,risk_aversion,combined,0,370.08007564995233,0.8300913104028258
509,euler_ramsey,0.5,2.5% Ramsey,risk_aversion,combined,0,275.1636158442741,0.774487843263255
510,euler_ramsey,0.5,1.5% Ramsey,risk_aversion,combined,0,42.77390225288449,0.7829877751932838
510,euler_ramsey,0.5,2.0% Ramsey,risk_aversion,combined,0,27.707539545075495,0.7043501829454842
510,euler_ramsey,0.5,2.5% Ramsey,risk_aversion,combined,0,20.089553910111963,0.6417029575627144
511,euler_ramsey,0.5,1.5% Ramsey,risk_aversion,combined,0,674.1265975882344,1.7753684629302358
511,euler_ramsey,0.5,2.0% Ramsey,risk_aversion,combined,0,541.7611126757859,1.922616325542057
511,euler_ramsey,0.5,2.5% Ramsey,risk_aversion,combined,0,407.3167586851692,2.0222316035604675
512,euler_ramsey,0.5,1.5% Ramsey,risk_aversion,combined,0,1959.6861230039856,1.2590187161705628
512,euler_ramsey,0.5,2.0% Ramsey,risk_aversion,combined,0,1293.2732046886663,1.2621100383527586
512,euler_ramsey,0.5,2.5% Ramsey,risk_aversion,combined,0,818.678467473176,1.2505642699941333
513,euler_ramsey,0.5,1.5% Ramsey,risk_aversion,combined,0,-16.69702286027668,1.2015940857632574
513,euler_ramsey,0.5,2.0% Ramsey,risk_aversion,combined,0,-23.777553482218234,1.1910978196254622
513,euler_ramsey,0.5,2.5% Ramsey,risk_aversion,combined,0,-22.122070904976574,1.169885007887092
514,euler_ramsey,0.5,1.5% Ramsey,risk_aversion,combined,0,-83.68048660974075,0.6182636119160391
514,euler_ramsey,0.5,2.0% Ramsey,risk_aversion,combined,0,-45.26911372690281,0.5277351809206557
514,euler_ramsey,0.5,2.5% Ramsey,risk_aversion,combined,0,-21.677217483980694,0.4616941105937521
515,euler_ramsey,0.5,1.5% Ramsey,risk_aversion,combined,0,303.9204221206974,1.4738801683405651
515,euler_ramsey,0.5,2.0% Ramsey,risk_aversion,combined,0,248.1171453399724,1.5308398384079565
515,euler_ramsey,0.5,2.5% Ramsey,risk_aversion,combined,0,199.4887575496392,1.5590600044667156
516,euler_ramsey,0.5,1.5% Ramsey,risk_aversion,combined,0,-75.3626992298764,0.5402321984573594
516,euler_ramsey,0.5,2.0% Ramsey,risk_aversion,combined,0,-89.39171532225058,0.4471427389634805
516,euler_ramsey,0.5,2.5% Ramsey,risk_aversion,combined,0,-83.17645542218848,0.38196112785418096
517,euler_ramsey,0.5,1.5% Ramsey,risk_aversion,combined,0,1213.1194300741702,0.2527379335527336
517,euler_ramsey,0.5,2.0% Ramsey,risk_aversion,combined,0,809.9348260158779,0.17631598498016027
517,euler_ramsey,0.5,2.5% Ramsey,risk_aversion,combined,0,544.1705802950892,0.13195891612995
518,euler_ramsey,0.5,1.5% Ramsey,risk_aversion,combined,0,399.854369241172,1.8399397328127298
518,euler_ramsey,0.5,2.0% Ramsey,risk_aversion,combined,0,300.55465442491516,2.0086776397960273
518,euler_ramsey,0.5,2.5% Ramsey,risk_aversion,combined,0,219.07827219456266,2.1259864868299463
519,euler_ramsey,0.5,1.5% Ramsey,risk_aversion,combined,0,597.7795638796023,1.8661535470772999
519,euler_ramsey,0.5,2.0% Ramsey,risk_aversion,combined,0,488.3910946050693,2.04406193179565
519,euler_ramsey,0.5,2.5% Ramsey,risk_aversion,combined,0,396.6019013761679,2.1690996374437987
520,euler_ramsey,0.5,1.5% Ramsey,risk_aversion,combined,0,380.6506313810246,1.1422478785693182
520,euler_ramsey,0.5,2.0% Ramsey,risk_aversion,combined,0,292.6882143200119,1.1205990150148064
520,euler_ramsey,0.5,2.5% Ramsey,risk_aversion,combined,0,205.17615174759862,1.0920244237369499
521,euler_ramsey,0.5,1.5% Ramsey,risk_aversion,combined,0,370.84230874182964,1.4967969017567662
521,euler_ramsey,0.5,2.0% Ramsey,risk_aversion,combined,0,269.90640117345384,1.5599258622223413
521,euler_ramsey,0.5,2.5% Ramsey,risk_aversion,combined,0,190.22549398837623,1.5927797774656784
522,euler_ramsey,0.5,1.5% Ramsey,risk_aversion,combined,0,681.5368356381556,0.4301081843258148
522,euler_ramsey,0.5,2.0% Ramsey,risk_aversion,combined,0,457.14588128266604,0.3382813928053352
522,euler_ramsey,0.5,2.5% Ramsey,risk_aversion,combined,0,318.6437427689611,0.27779468913654676
523,euler_ramsey,0.5,1.5% Ramsey,risk_aversion,combined,0,1078.9355778847184,0.615861031485904
523,euler_ramsey,0.5,2.0% Ramsey,risk_aversion,combined,0,674.6407519574706,0.5250769153602235
523,euler_ramsey,0.5,2.5% Ramsey,risk_aversion,combined,0,436.56031999015954,0.45896476102094425
524,euler_ramsey,0.5,1.5% Ramsey,risk_aversion,combined,0,3583.372634948773,0.30317422899964586
524,euler_ramsey,0.5,2.0% Ramsey,risk_aversion,combined,0,2119.4949082756366,0.22100858539040658
524,euler_ramsey,0.5,2.5% Ramsey,risk_aversion,combined,0,1410.3661297707138,0.17117981587195832
525,euler_ramsey,0.5,1.5% Ramsey,risk_aversion,combined,0,47.13714127136894,0.7250467690730122
525,euler_ramsey,0.5,2.0% Ramsey,risk_aversion,combined,0,46.25470912700282,0.6413985690251439
525,euler_ramsey,0.5,2.5% Ramsey,risk_aversion,combined,0,38.720446846219076,0.5768602529134674
526,euler_ramsey,0.5,1.5% Ramsey,risk_aversion,combined,0,591.3702665283353,0.6686822748319984
526,euler_ramsey,0.5,2.0% Ramsey,risk_aversion,combined,0,430.23141255871553,0.5815620468042124
526,euler_ramsey,0.5,2.5% Ramsey,risk_aversion,combined,0,308.7313564024468,0.5162597126834673
527,euler_ramsey,0.5,1.5% Ramsey,risk_aversion,combined,0,802.8995708514118,0.38374361721933026
527,euler_ramsey,0.5,2.0% Ramsey,risk_aversion,combined,0,605.2589125064493,0.2940926779091369
527,euler_ramsey,0.5,2.5% Ramsey,risk_aversion,combined,0,426.56875304190635,0.23670697944632918
528,euler_ramsey,0.5,1.5% Ramsey,risk_aversion,combined,0,-160.94943156219728,1.5015936660803861
528,euler_ramsey,0.5,2.0% Ramsey,risk_aversion,combined,0,-83.71935492582456,1.5660297393777718
528,euler_ramsey,0.5,2.5% Ramsey,risk_aversion,combined,0,-38.765106603146506,1.5998265798535587
529,euler_ramsey,0.5,1.5% Ramsey,risk_aversion,combined,0,2268.7312484338895,0.1340233827096858
529,euler_ramsey,0.5,2.0% Ramsey,risk_aversion,combined,0,1840.3976458747254,0.08108751225225305
529,euler_ramsey,0.5,2.5% Ramsey,risk_aversion,combined,0,1348.9654145834477,0.05435939182228115
530,euler_ramsey,0.5,1.5% Ramsey,risk_aversion,combined,0,181.35630269190023,1.3701371470368053
530,euler_ramsey,0.5,2.0% Ramsey,risk_aversion,combined,0,153.9135139382505,1.400676856163696
530,euler_ramsey,0.5,2.5% Ramsey,risk_aversion,combined,0,120.48702254752831,1.409134503280149
531,euler_ramsey,0.5,1.5% Ramsey,risk_aversion,combined,0,1709.9016015938319,1.094288337426488
531,euler_ramsey,0.5,2.0% Ramsey,risk_aversion,combined,0,1324.6681194721305,1.0638722127799496
531,euler_ramsey,0.5,2.5% Ramsey,risk_aversion,combined,0,928.3647141452685,1.0295606880169303
532,euler_ramsey,0.5,1.5% Ramsey,risk_aversion,combined,0,1260.8592210866939,0.4015546597447419
532,euler_ramsey,0.5,2.0% Ramsey,risk_aversion,combined,0,796.4645238192702,0.31092242200295095
532,euler_ramsey,0.5,2.5% Ramsey,risk_aversion,combined,0,507.2298042797245,0.2522526228186407
533,euler_ramsey,0.5,1.5% Ramsey,risk_aversion,combined,0,427.2158699388938,1.3811430148090769
533,euler_ramsey,0.5,2.0% Ramsey,risk_aversion,combined,0,329.36644271837764,1.413496202402715
533,euler_ramsey,0.5,2.5% Ramsey,risk_aversion,combined,0,258.6755258227129,1.4231858951657936
534,euler_ramsey,0.5,1.5% Ramsey,risk_aversion,combined,0,430.0184239858482,0.9574278136473003
534,euler_ramsey,0.5,2.0% Ramsey,risk_aversion,combined,0,290.56765665728864,0.9025897653946451
534,euler_ramsey,0.5,2.5% Ramsey,risk_aversion,combined,0,200.5684416371689,0.8529665266658086
535,euler_ramsey,0.5,1.5% Ramsey,risk_aversion,combined,0,321.1906409875046,1.9091769028843262
535,euler_ramsey,0.5,2.0% Ramsey,risk_aversion,combined,0,246.87411853645852,2.101542874700812
535,euler_ramsey,0.5,2.5% Ramsey,risk_aversion,combined,0,181.60862301029806,2.2385409958196494
536,euler_ramsey,0.5,1.5% Ramsey,risk_aversion,combined,0,121.47148551745549,1.4475870653642466
536,euler_ramsey,0.5,2.0% Ramsey,risk_aversion,combined,0,78.67675911714883,1.4971053747008412
536,euler_ramsey,0.5,2.5% Ramsey,risk_aversion,combined,0,54.03864278090342,1.519591299396022
537,euler_ramsey,0.5,1.5% Ramsey,risk_aversion,combined,0,-1007.2703125798938,0.20739858458410207
537,euler_ramsey,0.5,2.0% Ramsey,risk_aversion,combined,0,-376.15276458558986,0.13839857378920797
537,euler_ramsey,0.5,2.5% Ramsey,risk_aversion,combined,0,-216.4369854601961,0.10008097546123106
538,euler_ramsey,0.5,1.5% Ramsey,risk_aversion,combined,0,118.87424975890069,0.2981600307869012
538,euler_ramsey,0.5,2.0% Ramsey,risk_aversion,combined,0,69.64517240900031,0.215874742562527
538,euler_ramsey,0.5,2.5% Ramsey,risk_aversion,combined,0,46.88720153983136,0.16627361062571056
539,euler_ramsey,0.5,1.5% Ramsey,risk_aversion,combined,0,1828.353224575612,0.4496375053737839
539,euler_ramsey,0.5,2.0% Ramsey,risk_aversion,combined,0,1474.3010084115529,0.35721269871439515
539,euler_ramsey,0.5,2.5% Ramsey,risk_aversion,combined,0,1100.1668096642657,0.2956321944401372
540,euler_ramsey,0.5,1.5% Ramsey,risk_aversion,combined,0,733.4199566871755,1.1097852983923377
540,euler_ramsey,0.5,2.0% Ramsey,risk_aversion,combined,0,530.0152704158945,1.0811919042646405
540,euler_ramsey,0.5,2.5% Ramsey,risk_aversion,combined,0,380.52788954534327,1.0478263061094142
541,euler_ramsey,0.5,1.5% Ramsey,risk_aversion,combined,0,592.2386067248661,0.8042797194187855
541,euler_ramsey,0.5,2.0% Ramsey,risk_aversion,combined,0,461.0731574548797,0.7299924619920399
541,euler_ramsey,0.5,2.5% Ramsey,risk_aversion,combined,0,346.678960999422,0.6698388772134592
542,euler_ramsey,0.5,1.5% Ramsey,risk_aversion,combined,0,461.4432156482854,0.6191063519474105
542,euler_ramsey,0.5,2.0% Ramsey,risk_aversion,combined,0,388.3659518635481,0.5284655840227429
542,euler_ramsey,0.5,2.5% Ramsey,risk_aversion,combined,0,285.53019167279007,0.4623302008408458
543,euler_ramsey,0.5,1.5% Ramsey,risk_aversion,combined,0,297.54989558330834,1.9804940400284092
543,euler_ramsey,0.5,2.0% Ramsey,risk_aversion,combined,0,210.41923282197524,2.1975426528277193
543,euler_ramsey,0.5,2.5% Ramsey,risk_aversion,combined,0,144.61358675352554,2.3552898699711413
544,euler_ramsey,0.5,1.5% Ramsey,risk_aversion,combined,0,-899.9386978950512,0.27791451376880094
544,euler_ramsey,0.5,2.0% Ramsey,risk_aversion,combined,0,-502.5502839587951,0.19825863166897345
544,euler_ramsey,0.5,2.5% Ramsey,risk_aversion,combined,0,-335.10152376895826,0.15097570244440725
545,euler_ramsey,0.5,1.5% Ramsey,risk_aversion,combined,0,3470.945821496326,0.3850418418047433
545,euler_ramsey,0.5,2.0% Ramsey,risk_aversion,combined,0,3197.999610426184,0.29586117908542786
545,euler_ramsey,0.5,2.5% Ramsey,risk_aversion,combined,0,2523.0388495994403,0.23865674248131025
546,euler_ramsey,0.5,1.5% Ramsey,risk_aversion,combined,0,386.43143808825806,2.6176676510011867
546,euler_ramsey,0.5,2.0% Ramsey,risk_aversion,combined,0,323.5774534878098,3.0935732359698562
546,euler_ramsey,0.5,2.5% Ramsey,risk_aversion,combined,0,254.97429215822436,3.4813960844402154
547,euler_ramsey,0.5,1.5% Ramsey,risk_aversion,combined,0,1634.665670373013,0.8194618913703657
547,euler_ramsey,0.5,2.0% Ramsey,risk_aversion,combined,0,1271.0817865494382,0.7465026652887927
547,euler_ramsey,0.5,2.5% Ramsey,risk_aversion,combined,0,897.9056312648738,0.6869824729762645
548,euler_ramsey,0.5,1.5% Ramsey,risk_aversion,combined,0,632.0025146025729,1.136340857354052
548,euler_ramsey,0.5,2.0% Ramsey,risk_aversion,combined,0,473.7170016220459,1.112677386965936
548,euler_ramsey,0.5,2.5% Ramsey,risk_aversion,combined,0,322.09008014896375,1.082578751046518
549,euler_ramsey,0.5,1.5% Ramsey,risk_aversion,combined,0,-17.47302176463667,1.1224817866090768
549,euler_ramsey,0.5,2.0% Ramsey,risk_aversion,combined,0,-11.746861305924817,1.0957883894050007
549,euler_ramsey,0.5,2.5% Ramsey,risk_aversion,combined,0,-7.2275988031408325,1.0636108462040972
550,euler_ramsey,0.5,1.5% Ramsey,risk_aversion,combined,0,789.6630863218496,0.7793725233690432
550,euler_ramsey,0.5,2.0% Ramsey,risk_aversion,combined,0,548.1498590857972,0.7023687164588447
550,euler_ramsey,0.5,2.5% Ramsey,risk_aversion,combined,0,374.50790578670586,0.6409607679196603
551,euler_ramsey,0.5,1.5% Ramsey,risk_aversion,combined,0,5.31342396840185,1.2686815488285648
551,euler_ramsey,0.5,2.0% Ramsey,risk_aversion,combined,0,11.07679255637102,1.2733999684876383
551,euler_ramsey,0.5,2.5% Ramsey,risk_aversion,combined,0,13.664341255281709,1.2628642923258901
552,euler_ramsey,0.5,1.5% Ramsey,risk_aversion,combined,0,2648.6797173646073,0.3777697027069214
552,euler_ramsey,0.5,2.0% Ramsey,risk_aversion,combined,0,1812.4329023921648,0.2888293011640268
552,euler_ramsey,0.5,2.5% Ramsey,risk_aversion,combined,0,1195.7813999330701,0.2320706568165767
553,euler_ramsey,0.5,1.5% Ramsey,risk_aversion,combined,0,288.5121019391906,0.5865132848398731
553,euler_ramsey,0.5,2.0% Ramsey,risk_aversion,combined,0,182.84193565209736,0.49443157698045204
553,euler_ramsey,0.5,2.5% Ramsey,risk_aversion,combined,0,120.15433203884504,0.4283890297755747
554,euler_ramsey,0.5,1.5% Ramsey,risk_aversion,combined,0,212.4329897053452,0.3441668367533793
554,euler_ramsey,0.5,2.0% Ramsey,risk_aversion,combined,0,207.21494134217855,0.25739201301657744
554,euler_ramsey,0.5,2.5% Ramsey,risk_aversion,combined,0,190.3134633834347,0.20328780087374632
555,euler_ramsey,0.5,1.5% Ramsey,risk_aversion,combined,0,583.9541093403052,0.6404360163163932
555,euler_ramsey,0.5,2.0% Ramsey,risk_aversion,combined,0,417.75888931614753,0.5514281573041626
555,euler_ramsey,0.5,2.5% Ramsey,risk_aversion,combined,0,289.67929084586774,0.48570661024229134
556,euler_ramsey,0.5,1.5% Ramsey,risk_aversion,combined,0,79.1155658094684,1.9064881186619318
556,euler_ramsey,0.5,2.0% Ramsey,risk_aversion,combined,0,46.08556585401271,2.0977777177863226
556,euler_ramsey,0.5,2.5% Ramsey,risk_aversion,combined,0,28.92944605030215,2.233776122671067
557,euler_ramsey,0.5,1.5% Ramsey,risk_aversion,combined,0,-1.2594721083199012,0.34092756517115175
557,euler_ramsey,0.5,2.0% Ramsey,risk_aversion,combined,0,3.3384713128726022,0.25439243007693985
557,euler_ramsey,0.5,2.5% Ramsey,risk_aversion,combined,0,8.746192462640176,0.20056266790489236
558,euler_ramsey,0.5,1.5% Ramsey,risk_aversion,combined,0,1871.9727233798608,0.35908210102760163
558,euler_ramsey,0.5,2.0% Ramsey,risk_aversion,combined,0,1271.848549379528,0.2714205917126353
558,euler_ramsey,0.5,2.5% Ramsey,risk_aversion,combined,0,886.7182109238406,0.2161623014278126
559,euler_ramsey,0.5,1.5% Ramsey,risk_aversion,combined,0,2193.077898416797,0.9129767997997662
559,euler_ramsey,0.5,2.0% Ramsey,risk_aversion,combined,0,1147.1221913408842,0.8518737991369705
559,euler_ramsey,0.5,2.5% Ramsey,risk_aversion,combined,0,687.449812015056,0.798597631757368
560,euler_ramsey,0.5,1.5% Ramsey,risk_aversion,combined,0,4297.68979813192,0.2975890903966565
560,euler_ramsey,0.5,2.0% Ramsey,risk_aversion,combined,0,2826.110085821341,0.21572831726062347
560,euler_ramsey,0.5,2.5% Ramsey,risk_aversion,combined,0,1933.5516065768302,0.1663480113146039
561,euler_ramsey,0.5,1.5% Ramsey,risk_aversion,combined,0,2321.5576752336283,0.48046172147566196
561,euler_ramsey,0.5,2.0% Ramsey,risk_aversion,combined,0,1874.5325971450484,0.38751191306974253
561,euler_ramsey,0.5,2.5% Ramsey,risk_aversion,combined,0,1363.5975937097462,0.32448442480655043
562,euler_ramsey,0.5,1.5% Ramsey,risk_aversion,combined,0,485.4502361571132,1.2452458518618599
562,euler_ramsey,0.5,2.0% Ramsey,risk_aversion,combined,0,360.4439823601983,1.2457911889906519
562,euler_ramsey,0.5,2.5% Ramsey,risk_aversion,combined,0,263.2250451939647,1.2326039903006007
563,euler_ramsey,0.5,1.5% Ramsey,risk_aversion,combined,0,674.9963656112194,1.1692410728991582
563,euler_ramsey,0.5,2.0% Ramsey,risk_aversion,combined,0,467.0112637144746,1.1520267659078876
563,euler_ramsey,0.5,2.5% Ramsey,risk_aversion,combined,0,297.4382693061247,1.1262201225511723
564,euler_ramsey,0.5,1.5% Ramsey,risk_aversion,combined,0,158.0842870809789,1.6969829943264052
564,euler_ramsey,0.5,2.0% Ramsey,risk_aversion,combined,0,109.23607940732636,1.8185503110604224
564,euler_ramsey,0.5,2.5% Ramsey,risk_aversion,combined,0,77.89810531637085,1.89719709056636
565,euler_ramsey,0.5,1.5% Ramsey,risk_aversion,combined,0,5412.048970873748,0.13070041268492655
565,euler_ramsey,0.5,2.0% Ramsey,risk_aversion,combined,0,3892.8693874633245,0.07868801289340173
565,euler_ramsey,0.5,2.5% Ramsey,risk_aversion,combined,0,2772.302037563227,0.052553648607375075
566,euler_ramsey,0.5,1.5% Ramsey,risk_aversion,combined,0,221.74192110196586,1.4063366547321856
566,euler_ramsey,0.5,2.0% Ramsey,risk_aversion,combined,0,201.09891760554947,1.445326606762758
566,euler_ramsey,0.5,2.5% Ramsey,risk_aversion,combined,0,161.53717791206665,1.4599481870294144
567,euler_ramsey,0.5,1.5% Ramsey,risk_aversion,combined,0,467.42640740255223,1.106953952896025
567,euler_ramsey,0.5,2.0% Ramsey,risk_aversion,combined,0,374.8229024191873,1.0778317092914118
567,euler_ramsey,0.5,2.5% Ramsey,risk_aversion,combined,0,286.02551847810673,1.0441855191363836
568,euler_ramsey,0.5,1.5% Ramsey,risk_aversion,combined,0,546.9050111217167,1.3393621707702512
568,euler_ramsey,0.5,2.0% Ramsey,risk_aversion,combined,0,461.35413230514894,1.3613057384414187
568,euler_ramsey,0.5,2.5% Ramsey,risk_aversion,combined,0,350.9135019374336,1.3633320640968567
569,euler_ramsey,0.5,1.5% Ramsey,risk_aversion,combined,0,285.41425631521923,0.6255374509977055
569,euler_ramsey,0.5,2.0% Ramsey,risk_aversion,combined,0,308.709843759879,0.5358260993974583
569,euler_ramsey,0.5,2.5% Ramsey,risk_aversion,combined,0,302.1878180251999,0.4701198771816465
570,euler_ramsey,0.5,1.5% Ramsey,risk_aversion,combined,0,-363.6622514675751,0.9094654842687937
570,euler_ramsey,0.5,2.0% Ramsey,risk_aversion,combined,0,-262.4933043894712,0.8468341553536803
570,euler_ramsey,0.5,2.5% Ramsey,risk_aversion,combined,0,-169.20864980166564,0.7924330868706624
571,euler_ramsey,0.5,1.5% Ramsey,risk_aversion,combined,0,2440.9590154944694,0.47276907825532144
571,euler_ramsey,0.5,2.0% Ramsey,risk_aversion,combined,0,1844.3042649112256,0.3800193728722577
571,euler_ramsey,0.5,2.5% Ramsey,risk_aversion,combined,0,1277.3530317655684,0.3173861809085659
572,euler_ramsey,0.5,1.5% Ramsey,risk_aversion,combined,0,438.86183385376495,1.8436191189961613
572,euler_ramsey,0.5,2.0% Ramsey,risk_aversion,combined,0,293.8134874997968,2.01325248190858
572,euler_ramsey,0.5,2.5% Ramsey,risk_aversion,combined,0,185.8472439648968,2.1313265699725927
573,euler_ramsey,0.5,1.5% Ramsey,risk_aversion,combined,0,191.05900586852133,0.5741092967381219
573,euler_ramsey,0.5,2.0% Ramsey,risk_aversion,combined,0,107.46071531688456,0.48175821618552667
573,euler_ramsey,0.5,2.5% Ramsey,risk_aversion,combined,0,67.4621599547409,0.41593317988556755
574,euler_ramsey,0.5,1.5% Ramsey,risk_aversion,combined,0,95.84945410530436,1.2654617131519508
574,euler_ramsey,0.5,2.0% Ramsey,risk_aversion,combined,0,66.7670273156655,1.2698763816227239
574,euler_ramsey,0.5,2.5% Ramsey,risk_aversion,combined,0,47.0135210934124,1.2592129801073253
575,euler_ramsey,0.5,1.5% Ramsey,risk_aversion,combined,0,1156.178823362073,0.4027822422977672
575,euler_ramsey,0.5,2.0% Ramsey,risk_aversion,combined,0,817.8527738685484,0.3122083956162583
575,euler_ramsey,0.5,2.5% Ramsey,risk_aversion,combined,0,547.1266443506349,0.25351222803437035
576,euler_ramsey,0.5,1.5% Ramsey,risk_aversion,combined,0,154.8397127259875,0.7180909840283944
576,euler_ramsey,0.5,2.0% Ramsey,risk_aversion,combined,0,141.87244873007134,0.6339036053145214
576,euler_ramsey,0.5,2.5% Ramsey,risk_aversion,combined,0,121.34183177412054,0.56921170029102
577,euler_ramsey,0.5,1.5% Ramsey,risk_aversion,combined,0,402.9299938513526,1.5474063218484746
577,euler_ramsey,0.5,2.0% Ramsey,risk_aversion,combined,0,279.0613931352595,1.624982919165138
577,euler_ramsey,0.5,2.5% Ramsey,risk_aversion,combined,0,193.37878610299342,1.6690754310147538
578,euler_ramsey,0.5,1.5% Ramsey,risk_aversion,combined,0,7819.221651916771,0.8441176850271132
578,euler_ramsey,0.5,2.0% Ramsey,risk_aversion,combined,0,4728.453850307364,0.7749484565032325
578,euler_ramsey,0.5,2.5% Ramsey,risk_aversion,combined,0,2903.481886845661,0.7174580184938426
579,euler_ramsey,0.5,1.5% Ramsey,risk_aversion,combined,0,-1310.7285834422557,0.3743528895039514
579,euler_ramsey,0.5,2.0% Ramsey,risk_aversion,combined,0,-842.1564893638399,0.28527984709306475
579,euler_ramsey,0.5,2.5% Ramsey,risk_aversion,combined,0,-547.089714946344,0.22860857865519021
580,euler_ramsey,0.5,1.5% Ramsey,risk_aversion,combined,0,-270.45211679869783,0.38323600232087246
580,euler_ramsey,0.5,2.0% Ramsey,risk_aversion,combined,0,-205.62422125327453,0.2937452895936288
580,euler_ramsey,0.5,2.5% Ramsey,risk_aversion,combined,0,-146.82950538570958,0.23645762393586656
581,euler_ramsey,0.5,1.5% Ramsey,risk_aversion,combined,0,982.4115664922549,0.6147495345037882
581,euler_ramsey,0.5,2.0% Ramsey,risk_aversion,combined,0,888.3637888129551,0.5242786020430318
581,euler_ramsey,0.5,2.5% Ramsey,risk_aversion,combined,0,684.5167566482154,0.45837838270517794
582,euler_ramsey,0.5,1.5% Ramsey,risk_aversion,combined,0,255.8788557880001,1.659309542752697
582,euler_ramsey,0.5,2.0% Ramsey,risk_aversion,combined,0,211.85632502311415,1.7698452303438401
582,euler_ramsey,0.5,2.5% Ramsey,risk_aversion,combined,0,168.52395134282673,1.8398510848981973
583,euler_ramsey,0.5,1.5% Ramsey,risk_aversion,combined,0,728.0353233209479,1.4564794716835003
583,euler_ramsey,0.5,2.0% Ramsey,risk_aversion,combined,0,515.01362768001,1.5086095167128453
583,euler_ramsey,0.5,2.5% Ramsey,risk_aversion,combined,0,351.87998724651527,1.533101405067787
584,euler_ramsey,0.5,1.5% Ramsey,risk_aversion,combined,0,-344.6176098379608,1.3989544872696809
584,euler_ramsey,0.5,2.0% Ramsey,risk_aversion,combined,0,-256.17575665559934,1.435660885134489
584,euler_ramsey,0.5,2.5% Ramsey,risk_aversion,combined,0,-173.71012485081445,1.4484667080433866
585,euler_ramsey,0.5,1.5% Ramsey,risk_aversion,combined,0,579.972024629431,1.0138368237435829
585,euler_ramsey,0.5,2.0% Ramsey,risk_aversion,combined,0,484.6372029869037,0.9687289205833299
585,euler_ramsey,0.5,2.5% Ramsey,risk_aversion,combined,0,366.8851714095487,0.9249756118679406
586,euler_ramsey,0.5,1.5% Ramsey,risk_aversion,combined,0,806.7227923156887,0.6198181749254269
586,euler_ramsey,0.5,2.0% Ramsey,risk_aversion,combined,0,726.5563770639699,0.529240098056447
586,euler_ramsey,0.5,2.5% Ramsey,risk_aversion,combined,0,567.6282071998112,0.46312563852726757
587,euler_ramsey,0.5,1.5% Ramsey,risk_aversion,combined,0,20604.914668551653,0.32649244181139353
587,euler_ramsey,0.5,2.0% Ramsey,risk_aversion,combined,0,12603.656829723064,0.24195394843244186
587,euler_ramsey,0.5,2.5% Ramsey,risk_aversion,combined,0,7065.665330208804,0.18979830308767434
588,euler_ramsey,0.5,1.5% Ramsey,risk_aversion,combined,0,565.9780302126317,0.5693638853978958
588,euler_ramsey,0.5,2.0% Ramsey,risk_aversion,combined,0,314.0976417660924,0.4769742311215367
588,euler_ramsey,0.5,2.5% Ramsey,risk_aversion,combined,0,185.32927755184429,0.4112780965953494
589,euler_ramsey,0.5,1.5% Ramsey,risk_aversion,combined,0,636.6288903094952,0.9637630302314625
589,euler_ramsey,0.5,2.0% Ramsey,risk_aversion,combined,0,509.20139999077935,0.9092488457728672
589,euler_ramsey,0.5,2.5% Ramsey,risk_aversion,combined,0,382.1759400538803,0.8595504735955688
590,euler_ramsey,0.5,1.5% Ramsey,risk_aversion,combined,0,638.7620124085996,1.8891857992977044
590,euler_ramsey,0.5,2.0% Ramsey,risk_aversion,combined,0,457.5627068629061,2.075136130140068
590,euler_ramsey,0.5,2.5% Ramsey,risk_aversion,combined,0,318.91679840352026,2.2068877797266375
591,euler_ramsey,0.5,1.5% Ramsey,risk_aversion,combined,0,78.02052138887929,2.1351763604479412
591,euler_ramsey,0.5,2.0% Ramsey,risk_aversion,combined,0,60.950746419887096,2.4099548699825646
591,euler_ramsey,0.5,2.5% Ramsey,risk_aversion,combined,0,49.136772586726146,2.617175488375881
592,euler_ramsey,0.5,1.5% Ramsey,risk_aversion,combined,0,2030.7329275002364,0.41853663207615516
592,euler_ramsey,0.5,2.0% Ramsey,risk_aversion,combined,0,1854.7364299782,0.3273739450413294
592,euler_ramsey,0.5,2.5% Ramsey,risk_aversion,combined,0,1445.1998391626837,0.2677118396462012
593,euler_ramsey,0.5,1.5% Ramsey,risk_aversion,combined,0,659.4545038674996,1.2651031826683938
593,euler_ramsey,0.5,2.0% Ramsey,risk_aversion,combined,0,512.5552830988593,1.2714749086674322
593,euler_ramsey,0.5,2.5% Ramsey,risk_aversion,combined,0,373.69992153782084,1.26254486343412
594,euler_ramsey,0.5,1.5% Ramsey,risk_aversion,combined,0,3744.4731697844554,0.5834897907996895
594,euler_ramsey,0.5,2.0% Ramsey,risk_aversion,combined,0,7362.476588061621,0.492766418848739
594,euler_ramsey,0.5,2.5% Ramsey,risk_aversion,combined,0,10166.742692747386,0.4276672784097292
595,euler_ramsey,0.5,1.5% Ramsey,risk_aversion,combined,0,-923.7540274445707,0.44282665026985635
595,euler_ramsey,0.5,2.0% Ramsey,risk_aversion,combined,0,-767.0120857670072,0.3506866346889653
595,euler_ramsey,0.5,2.5% Ramsey,risk_aversion,combined,0,-574.2226261167201,0.28951551876414006
596,euler_ramsey,0.5,1.5% Ramsey,risk_aversion,combined,0,1136.4442231375767,2.144268502868831
596,euler_ramsey,0.5,2.0% Ramsey,risk_aversion,combined,0,718.2268945152246,2.423867955153556
596,euler_ramsey,0.5,2.5% Ramsey,risk_aversion,combined,0,467.83452777395183,2.635743681979928
597,euler_ramsey,0.5,1.5% Ramsey,risk_aversion,combined,0,170.08722177587202,0.9932270352311373
597,euler_ramsey,0.5,2.0% Ramsey,risk_aversion,combined,0,179.3545144829358,0.9432956133639568
597,euler_ramsey,0.5,2.5% Ramsey,risk_aversion,combined,0,166.53938163250163,0.89635267398809
598,euler_ramsey,0.5,1.5% Ramsey,risk_aversion,combined,0,261.2797996695437,0.6435962498521565
598,euler_ramsey,0.5,2.0% Ramsey,risk_aversion,combined,0,211.48299986916302,0.5543317812386992
598,euler_ramsey,0.5,2.5% Ramsey,risk_aversion,combined,0,163.38053518285437,0.4883584670607346
599,euler_ramsey,0.5,1.5% Ramsey,risk_aversion,combined,0,-37.46838527789044,1.3613979279198465
599,euler_ramsey,0.5,2.0% Ramsey,risk_aversion,combined,0,-34.6963296451823,1.388287172773926
599,euler_ramsey,0.5,2.5% Ramsey,risk_aversion,combined,0,-26.45868626654368,1.3937667408392023
600,euler_ramsey,0.5,1.5% Ramsey,risk_aversion,combined,0,575.1240088427099,0.5711651804719009
600,euler_ramsey,0.5,2.0% Ramsey,risk_aversion,combined,0,432.5261698424966,0.47904599856363017
600,euler_ramsey,0.5,2.5% Ramsey,risk_aversion,combined,0,293.64170836803027,0.4134523036868884
601,euler_ramsey,0.5,1.5% Ramsey,risk_aversion,combined,0,259.6485278544566,1.5020758070049407
601,euler_ramsey,0.5,2.0% Ramsey,risk_aversion,combined,0,180.18248818905582,1.5667594852464768
601,euler_ramsey,0.5,2.5% Ramsey,risk_aversion,combined,0,119.22874428361838,1.6008445225434562
602,euler_ramsey,0.5,1.5% Ramsey,risk_aversion,combined,0,81.60526477952318,0.875317434262218
602,euler_ramsey,0.5,2.0% Ramsey,risk_aversion,combined,0,77.63860122109948,0.8081525758185362
602,euler_ramsey,0.5,2.5% Ramsey,risk_aversion,combined,0,67.9141865362649,0.7512955624352914
603,euler_ramsey,0.5,1.5% Ramsey,risk_aversion,combined,0,315.1204198908348,0.7368564541797533
603,euler_ramsey,0.5,2.0% Ramsey,risk_aversion,combined,0,278.67296484630026,0.6545901974589396
603,euler_ramsey,0.5,2.5% Ramsey,risk_aversion,combined,0,226.7509593962021,0.5907206120291183
604,euler_ramsey,0.5,1.5% Ramsey,risk_aversion,combined,0,751.9548573295315,0.6368621206185271
604,euler_ramsey,0.5,2.0% Ramsey,risk_aversion,combined,0,679.3906769301699,0.5476557726161403
604,euler_ramsey,0.5,2.5% Ramsey,risk_aversion,combined,0,548.8193870809364,0.48191617306971984
605,euler_ramsey,0.5,1.5% Ramsey,risk_aversion,combined,0,1800.4930483234887,0.31081485262446623
605,euler_ramsey,0.5,2.0% Ramsey,risk_aversion,combined,0,1090.2686788236952,0.22719538273696416
605,euler_ramsey,0.5,2.5% Ramsey,risk_aversion,combined,0,665.1961013235937,0.17629468361041886
606,euler_ramsey,0.5,1.5% Ramsey,risk_aversion,combined,0,200.67854751924614,1.6840943199449512
606,euler_ramsey,0.5,2.0% Ramsey,risk_aversion,combined,0,156.86242039056359,1.8020202295436538
606,euler_ramsey,0.5,2.5% Ramsey,risk_aversion,combined,0,126.6165917821895,1.8779266193868431
607,euler_ramsey,0.5,1.5% Ramsey,risk_aversion,combined,0,262.7612565092127,1.329184878517372
607,euler_ramsey,0.5,2.0% Ramsey,risk_aversion,combined,0,257.64813367427377,1.3486881027496989
607,euler_ramsey,0.5,2.5% Ramsey,risk_aversion,combined,0,222.47088287445885,1.3489391876371557
608,euler_ramsey,0.5,1.5% Ramsey,risk_aversion,combined,0,1219.047867580908,0.9275272522367154
608,euler_ramsey,0.5,2.0% Ramsey,risk_aversion,combined,0,1250.8786912973544,0.8677664361655675
608,euler_ramsey,0.5,2.5% Ramsey,risk_aversion,combined,0,1038.607737248395,0.8150623621055575
609,euler_ramsey,0.5,1.5% Ramsey,risk_aversion,combined,0,1394.4718194046686,1.3274522308483943
609,euler_ramsey,0.5,2.0% Ramsey,risk_aversion,combined,0,983.2458759963955,1.3479119276616447
609,euler_ramsey,0.5,2.5% Ramsey,risk_aversion,combined,0,664.4064641978036,1.349096126538982
610,euler_ramsey,0.5,1.5% Ramsey,risk_aversion,combined,0,1595.6457664646828,1.0901867276192019
610,euler_ramsey,0.5,2.0% Ramsey,risk_aversion,combined,0,1351.493940156909,1.060221759169556
610,euler_ramsey,0.5,2.5% Ramsey,risk_aversion,combined,0,1026.8214598902143,1.026398645684124
611,euler_ramsey,0.5,1.5% Ramsey,risk_aversion,combined,0,307.2422963866076,1.1338174988411742
611,euler_ramsey,0.5,2.0% Ramsey,risk_aversion,combined,0,206.96440970754662,1.109452161887833
611,euler_ramsey,0.5,2.5% Ramsey,risk_aversion,combined,0,129.84713921206787,1.0788201108675284
612,euler_ramsey,0.5,1.5% Ramsey,risk_aversion,combined,0,451.6807587396619,0.4943771069701253
612,euler_ramsey,0.5,2.0% Ramsey,risk_aversion,combined,0,389.357518499114,0.401265538063147
612,euler_ramsey,0.5,2.5% Ramsey,risk_aversion,combined,0,292.3641750506027,0.33763802364595197
613,euler_ramsey,0.5,1.5% Ramsey,risk_aversion,combined,0,158.74556501031265,3.260035676430352
613,euler_ramsey,0.5,2.0% Ramsey,risk_aversion,combined,0,109.74017722756925,4.046747415856358
613,euler_ramsey,0.5,2.5% Ramsey,risk_aversion,combined,0,77.06974833773687,4.730100212650485
614,euler_ramsey,0.5,1.5% Ramsey,risk_aversion,combined,0,783.5714559961625,0.679885009245221
614,euler_ramsey,0.5,2.0% Ramsey,risk_aversion,combined,0,579.201300293937,0.5928638920601078
614,euler_ramsey,0.5,2.5% Ramsey,risk_aversion,combined,0,393.0147245501634,0.527318676244541
615,euler_ramsey,0.5,1.5% Ramsey,risk_aversion,combined,0,324.5489382859366,1.4561768671153361
615,euler_ramsey,0.5,2.0% Ramsey,risk_aversion,combined,0,199.88952844192355,1.5075873344577555
615,euler_ramsey,0.5,2.5% Ramsey,risk_aversion,combined,0,137.40553050295472,1.5313855101784195
616,euler_ramsey,0.5,1.5% Ramsey,risk_aversion,combined,0,125.44673369770105,0.854788623448285
616,euler_ramsey,0.5,2.0% Ramsey,risk_aversion,combined,0,108.45460738933663,0.7853261643750655
616,euler_ramsey,0.5,2.5% Ramsey,risk_aversion,combined,0,86.39763770744307,0.7273602974565282
617,euler_ramsey,0.5,1.5% Ramsey,risk_aversion,combined,0,722.6485724636015,0.7350748163124657
617,euler_ramsey,0.5,2.0% Ramsey,risk_aversion,combined,0,627.3216349346644,0.6536120237643249
617,euler_ramsey,0.5,2.5% Ramsey,risk_aversion,combined,0,491.60566043118155,0.590351194967599
618,euler_ramsey,0.5,1.5% Ramsey,risk_aversion,combined,0,-161.33634866435312,1.098784089090151
618,euler_ramsey,0.5,2.0% Ramsey,risk_aversion,combined,0,-94.05800247844431,1.0674139664431135
618,euler_ramsey,0.5,2.5% Ramsey,risk_aversion,combined,0,-51.11286844853427,1.0321369472623432
619,euler_ramsey,0.5,1.5% Ramsey,risk_aversion,combined,0,-39.966112093409635,1.9238461141475725
619,euler_ramsey,0.5,2.0% Ramsey,risk_aversion,combined,0,-32.7431427227491,2.121166754288758
619,euler_ramsey,0.5,2.5% Ramsey,risk_aversion,combined,0,-24.437275428447848,2.2621415252111325
620,euler_ramsey,0.5,1.5% Ramsey,risk_aversion,combined,0,251.8543372869933,2.31124148794804
620,euler_ramsey,0.5,2.0% Ramsey,risk_aversion,combined,0,209.29976266177235,2.6556594714563753
620,euler_ramsey,0.5,2.5% Ramsey,risk_aversion,combined,0,164.31169903667026,2.924180749521393
621,euler_ramsey,0.5,1.5% Ramsey,risk_aversion,combined,0,1811.1512581433603,0.37349305615651357
621,euler_ramsey,0.5,2.0% Ramsey,risk_aversion,combined,0,1300.416137829096,0.28456281791477916
621,euler_ramsey,0.5,2.5% Ramsey,risk_aversion,combined,0,943.2241644549555,0.22800528168598166
622,euler_ramsey,0.5,1.5% Ramsey,risk_aversion,combined,0,64.46631336299936,1.667597228111694
622,euler_ramsey,0.5,2.0% Ramsey,risk_aversion,combined,0,45.66411956336023,1.7805126585310223
622,euler_ramsey,0.5,2.5% Ramsey,risk_aversion,combined,0,35.55938744835573,1.8523557824811878
623,euler_ramsey,0.5,1.5% Ramsey,risk_aversion,combined,0,1043.4025013392593,1.3549820717551366
623,euler_ramsey,0.5,2.0% Ramsey,risk_aversion,combined,0,822.3913449522623,1.381099582922471
623,euler_ramsey,0.5,2.5% Ramsey,risk_aversion,combined,0,584.5179089045363,1.386207122834445
624,euler_ramsey,0.5,1.5% Ramsey,risk_aversion,combined,0,419.35537942688296,1.9668220734431394
624,euler_ramsey,0.5,2.0% Ramsey,risk_aversion,combined,0,318.27190769977653,2.179747222498571
624,euler_ramsey,0.5,2.5% Ramsey,risk_aversion,combined,0,238.0392960080071,2.334086946631512
625,euler_ramsey,0.5,1.5% Ramsey,risk_aversion,combined,0,6325.981310577506,0.40153569131123645
625,euler_ramsey,0.5,2.0% Ramsey,risk_aversion,combined,0,4067.014719341738,0.3119995113055408
625,euler_ramsey,0.5,2.5% Ramsey,risk_aversion,combined,0,2487.1885243625325,0.2538969858548583
626,euler_ramsey,0.5,1.5% Ramsey,risk_aversion,combined,0,967.0119203932015,0.8527053849315936
626,euler_ramsey,0.5,2.0% Ramsey,risk_aversion,combined,0,528.9698794570363,0.7825669502871945
626,euler_ramsey,0.5,2.5% Ramsey,risk_aversion,combined,0,312.45736689683065,0.7241600382635279
627,euler_ramsey,0.5,1.5% Ramsey,risk_aversion,combined,0,4326.3510738752475,0.26902177658952214
627,euler_ramsey,0.5,2.0% Ramsey,risk_aversion,combined,0,2286.3728955760544,0.19056523357610536
627,euler_ramsey,0.5,2.5% Ramsey,risk_aversion,combined,0,1310.4591798903755,0.14433664162443485
628,euler_ramsey,0.5,1.5% Ramsey,risk_aversion,combined,0,527.180062405696,0.5050372748665822
628,euler_ramsey,0.5,2.0% Ramsey,risk_aversion,combined,0,358.3854859721092,0.4119531687989907
628,euler_ramsey,0.5,2.5% Ramsey,risk_aversion,combined,0,261.48500944806455,0.3479709032616784
629,euler_ramsey,0.5,1.5% Ramsey,risk_aversion,combined,0,437.14112447397497,1.8204838426031562
629,euler_ramsey,0.5,2.0% Ramsey,risk_aversion,combined,0,321.21719985806146,1.9829907348225697
629,euler_ramsey,0.5,2.5% Ramsey,risk_aversion,combined,0,238.95125020527848,2.0953162480391545
630,euler_ramsey,0.5,1.5% Ramsey,risk_aversion,combined,0,1714.4791192181337,0.4228965234216287
630,euler_ramsey,0.5,2.0% Ramsey,risk_aversion,combined,0,1309.1942444662154,0.33137986711332185
630,euler_ramsey,0.5,2.5% Ramsey,risk_aversion,combined,0,906.7551137382841,0.27134879774858683
631,euler_ramsey,0.5,1.5% Ramsey,risk_aversion,combined,0,2430.1827799038037,0.6687054546370735
631,euler_ramsey,0.5,2.0% Ramsey,risk_aversion,combined,0,1747.579441119518,0.5816121853452119
631,euler_ramsey,0.5,2.5% Ramsey,risk_aversion,combined,0,1196.1925397059563,0.5163410248311137
632,euler_ramsey,0.5,1.5% Ramsey,risk_aversion,combined,0,474.80860243856,2.398697862012762
632,euler_ramsey,0.5,2.0% Ramsey,risk_aversion,combined,0,422.72104044772163,2.779551461055235
632,euler_ramsey,0.5,2.5% Ramsey,risk_aversion,combined,0,338.64692691918646,3.0806603257061904
633,euler_ramsey,0.5,1.5% Ramsey,risk_aversion,combined,0,360.1943238895221,0.867444795258069
633,euler_ramsey,0.5,2.0% Ramsey,risk_aversion,combined,0,311.0862680262658,0.7992874342329241
633,euler_ramsey,0.5,2.5% Ramsey,risk_aversion,combined,0,245.15474487002413,0.7419131477085855
634,euler_ramsey,0.5,1.5% Ramsey,risk_aversion,combined,0,8166.755921945551,0.259562272605597
634,euler_ramsey,0.5,2.0% Ramsey,risk_aversion,combined,0,4623.885011652985,0.18231398033640778
634,euler_ramsey,0.5,2.5% Ramsey,risk_aversion,combined,0,2794.848802242718,0.13718008304835
635,euler_ramsey,0.5,1.5% Ramsey,risk_aversion,combined,0,185.5012077340231,0.6663278739412684
635,euler_ramsey,0.5,2.0% Ramsey,risk_aversion,combined,0,187.16070969091265,0.5785797132571233
635,euler_ramsey,0.5,2.5% Ramsey,risk_aversion,combined,0,168.9838294333616,0.5129737194185258
636,euler_ramsey,0.5,1.5% Ramsey,risk_aversion,combined,0,981.9875429755598,0.84311097998964
636,euler_ramsey,0.5,2.0% Ramsey,risk_aversion,combined,0,813.9212252769997,0.7727701971012702
636,euler_ramsey,0.5,2.5% Ramsey,risk_aversion,combined,0,608.9093394200879,0.7145315498350198
637,euler_ramsey,0.5,1.5% Ramsey,risk_aversion,combined,0,1476.1588494028483,0.9957562985062102
637,euler_ramsey,0.5,2.0% Ramsey,risk_aversion,combined,0,1324.6928097509149,0.9469765625814307
637,euler_ramsey,0.5,2.5% Ramsey,risk_aversion,combined,0,1035.9547469961526,0.900923037522564
638,euler_ramsey,0.5,1.5% Ramsey,risk_aversion,combined,0,228.4934032977955,1.3434213505225663
638,euler_ramsey,0.5,2.0% Ramsey,risk_aversion,combined,0,177.11160912163388,1.3671185790669174
638,euler_ramsey,0.5,2.5% Ramsey,risk_aversion,combined,0,136.8906709720396,1.3704568032231779
639,euler_ramsey,0.5,1.5% Ramsey,risk_aversion,combined,0,96.84951623330461,1.718793242385271
639,euler_ramsey,0.5,2.0% Ramsey,risk_aversion,combined,0,77.10214185370728,1.8476870782161192
639,euler_ramsey,0.5,2.5% Ramsey,risk_aversion,combined,0,62.48543687899726,1.9323269909475902
640,euler_ramsey,0.5,1.5% Ramsey,risk_aversion,combined,0,41.69704190699043,1.2347901197797002
640,euler_ramsey,0.5,2.0% Ramsey,risk_aversion,combined,0,40.49068470693259,1.231024023930127
640,euler_ramsey,0.5,2.5% Ramsey,risk_aversion,combined,0,39.33234940579176,1.2144536515725934
641,euler_ramsey,0.5,1.5% Ramsey,risk_aversion,combined,0,1573.9256335710145,0.7660695036629028
641,euler_ramsey,0.5,2.0% Ramsey,risk_aversion,combined,0,1164.5627693009187,0.6877319722796853
641,euler_ramsey,0.5,2.5% Ramsey,risk_aversion,combined,0,834.1449945205054,0.6257776212490034
642,euler_ramsey,0.5,1.5% Ramsey,risk_aversion,combined,0,2255.8958805173343,0.5240496202002044
642,euler_ramsey,0.5,2.0% Ramsey,risk_aversion,combined,0,1584.46412525062,0.43167664458250476
642,euler_ramsey,0.5,2.5% Ramsey,risk_aversion,combined,0,1116.6917249499722,0.36746592145010387
643,euler_ramsey,0.5,1.5% Ramsey,risk_aversion,combined,0,183.74432497024878,1.6791912792074717
643,euler_ramsey,0.5,2.0% Ramsey,risk_aversion,combined,0,129.15462558480067,1.7956883855498231
643,euler_ramsey,0.5,2.5% Ramsey,risk_aversion,combined,0,89.37307116921612,1.8704019400877578
644,euler_ramsey,0.5,1.5% Ramsey,risk_aversion,combined,0,941.6446567160166,0.5429288462249177
644,euler_ramsey,0.5,2.0% Ramsey,risk_aversion,combined,0,707.0978570798954,0.44981153670709567
644,euler_ramsey,0.5,2.5% Ramsey,risk_aversion,combined,0,468.1356602183437,0.384529447505815
645,euler_ramsey,0.5,1.5% Ramsey,risk_aversion,combined,0,957.9432061038694,2.0155876246644366
645,euler_ramsey,0.5,2.0% Ramsey,risk_aversion,combined,0,705.7463063396373,2.2464321847225994
645,euler_ramsey,0.5,2.5% Ramsey,risk_aversion,combined,0,470.4801350542455,2.4160690926661235
646,euler_ramsey,0.5,1.5% Ramsey,risk_aversion,combined,0,-791.9327472069251,0.3039985404408935
646,euler_ramsey,0.5,2.0% Ramsey,risk_aversion,combined,0,-514.8177494700494,0.22107844434445487
646,euler_ramsey,0.5,2.5% Ramsey,risk_aversion,combined,0,-283.0006448655416,0.17086782236393053
647,euler_ramsey,0.5,1.5% Ramsey,risk_aversion,combined,0,545.2503166289843,1.3099891736331022
647,euler_ramsey,0.5,2.0% Ramsey,risk_aversion,combined,0,412.28915567359735,1.3251137312405883
647,euler_ramsey,0.5,2.5% Ramsey,risk_aversion,combined,0,286.6807510273356,1.3222376909495712
648,euler_ramsey,0.5,1.5% Ramsey,risk_aversion,combined,0,550.1012299065379,1.175430738747184
648,euler_ramsey,0.5,2.0% Ramsey,risk_aversion,combined,0,415.39537344188375,1.1598771584212857
648,euler_ramsey,0.5,2.5% Ramsey,risk_aversion,combined,0,292.2556022773841,1.1352886426271287
649,euler_ramsey,0.5,1.5% Ramsey,risk_aversion,combined,0,-278.31990702205746,0.6350067847227762
649,euler_ramsey,0.5,2.0% Ramsey,risk_aversion,combined,0,-172.03828850954548,0.5452307929245658
649,euler_ramsey,0.5,2.5% Ramsey,risk_aversion,combined,0,-87.43228931182156,0.4791769598431301
650,euler_ramsey,0.5,1.5% Ramsey,risk_aversion,combined,0,9241.497728071248,0.7996832450264872
650,euler_ramsey,0.5,2.0% Ramsey,risk_aversion,combined,0,5225.021911457843,0.7268547117191535
650,euler_ramsey,0.5,2.5% Ramsey,risk_aversion,combined,0,2984.264218480807,0.6679460196080265
651,euler_ramsey,0.5,1.5% Ramsey,risk_aversion,combined,0,129.48442528720088,0.3876631765928699
651,euler_ramsey,0.5,2.0% Ramsey,risk_aversion,combined,0,112.22803216435373,0.29778531524305474
651,euler_ramsey,0.5,2.5% Ramsey,risk_aversion,combined,0,94.4182086029304,0.24010781488512764
652,euler_ramsey,0.5,1.5% Ramsey,risk_aversion,combined,0,499.5808353130955,1.3004874548114642
652,euler_ramsey,0.5,2.0% Ramsey,risk_aversion,combined,0,349.5842608441856,1.3128173602801134
652,euler_ramsey,0.5,2.5% Ramsey,risk_aversion,combined,0,244.76406927048652,1.3077932813083983
653,euler_ramsey,0.5,1.5% Ramsey,risk_aversion,combined,0,2110.0051691133317,0.770709620380448
653,euler_ramsey,0.5,2.0% Ramsey,risk_aversion,combined,0,2120.920509398708,0.6920831144724583
653,euler_ramsey,0.5,2.5% Ramsey,risk_aversion,combined,0,1809.3297182682616,0.6297874726561384
654,euler_ramsey,0.5,1.5% Ramsey,risk_aversion,combined,0,4518.564883392009,0.33479062298660245
654,euler_ramsey,0.5,2.0% Ramsey,risk_aversion,combined,0,1776.475874227331,0.24900125092842668
654,euler_ramsey,0.5,2.5% Ramsey,risk_aversion,combined,0,912.2135141696376,0.19583621754492478
655,euler_ramsey,0.5,1.5% Ramsey,risk_aversion,combined,0,744.2092981134699,1.8031261289448333
655,euler_ramsey,0.5,2.0% Ramsey,risk_aversion,combined,0,552.8263264549422,1.960501432555664
655,euler_ramsey,0.5,2.5% Ramsey,risk_aversion,combined,0,399.20626762557276,2.0686822887772753
656,euler_ramsey,0.5,1.5% Ramsey,risk_aversion,combined,0,126.63327580483121,0.8847403878037897
656,euler_ramsey,0.5,2.0% Ramsey,risk_aversion,combined,0,60.44160424172568,0.818297487894798
656,euler_ramsey,0.5,2.5% Ramsey,risk_aversion,combined,0,30.935574395710702,0.7617369703355402
657,euler_ramsey,0.5,1.5% Ramsey,risk_aversion,combined,0,1550.9935590606524,0.6327352708065014
657,euler_ramsey,0.5,2.0% Ramsey,risk_aversion,combined,0,1422.864773742634,0.5432723950362819
657,euler_ramsey,0.5,2.5% Ramsey,risk_aversion,combined,0,1135.060712137399,0.4775064679883434
658,euler_ramsey,0.5,1.5% Ramsey,risk_aversion,combined,0,770.4426164047002,0.43124991975754795
658,euler_ramsey,0.5,2.0% Ramsey,risk_aversion,combined,0,648.1313810329638,0.3393052030932068
658,euler_ramsey,0.5,2.5% Ramsey,risk_aversion,combined,0,496.6602392405081,0.27870940415414897
659,euler_ramsey,0.5,1.5% Ramsey,risk_aversion,combined,0,383.5154425490675,1.8361781242329507
659,euler_ramsey,0.5,2.0% Ramsey,risk_aversion,combined,0,259.38769667165695,2.0036306846644347
659,euler_ramsey,0.5,2.5% Ramsey,risk_aversion,combined,0,180.8115811883104,2.1199126449385988
660,euler_ramsey,0.5,1.5% Ramsey,risk_aversion,combined,0,5065.999988529685,0.38850516926021184
660,euler_ramsey,0.5,2.0% Ramsey,risk_aversion,combined,0,4323.786612787603,0.2989651845268417
660,euler_ramsey,0.5,2.5% Ramsey,risk_aversion,combined,0,3220.2490867935257,0.24142445525196676
661,euler_ramsey,0.5,1.5% Ramsey,risk_aversion,combined,0,713.990442641847,0.9059992344278109
661,euler_ramsey,0.5,2.0% Ramsey,risk_aversion,combined,0,620.2500889984931,0.8451587894402189
661,euler_ramsey,0.5,2.5% Ramsey,risk_aversion,combined,0,486.65410322076315,0.7922128495952009
662,euler_ramsey,0.5,1.5% Ramsey,risk_aversion,combined,0,-130.8342027510704,0.7172633802452273
662,euler_ramsey,0.5,2.0% Ramsey,risk_aversion,combined,0,-117.99820870054967,0.6330576407800398
662,euler_ramsey,0.5,2.5% Ramsey,risk_aversion,combined,0,-95.68661327733852,0.5683426535118646
663,euler_ramsey,0.5,1.5% Ramsey,risk_aversion,combined,0,552.843494414833,0.6547270988822824
663,euler_ramsey,0.5,2.0% Ramsey,risk_aversion,combined,0,500.9326829913992,0.5664363758116359
663,euler_ramsey,0.5,2.5% Ramsey,risk_aversion,combined,0,404.6374224012952,0.5007710589202615
664,euler_ramsey,0.5,1.5% Ramsey,risk_aversion,combined,0,35.71903755644653,0.5776281944091805
664,euler_ramsey,0.5,2.0% Ramsey,risk_aversion,combined,0,13.687865458821367,0.48529391957331547
664,euler_ramsey,0.5,2.5% Ramsey,risk_aversion,combined,0,-0.07109671830170444,0.4193687620055623
665,euler_ramsey,0.5,1.5% Ramsey,risk_aversion,combined,0,3397.8667039215075,1.3745535229579202
665,euler_ramsey,0.5,2.0% Ramsey,risk_aversion,combined,0,2716.384590389152,1.4073968975087914
665,euler_ramsey,0.5,2.5% Ramsey,risk_aversion,combined,0,1894.1997410612025,1.4177339218084126
666,euler_ramsey,0.5,1.5% Ramsey,risk_aversion,combined,0,315.9625891256399,0.7266939710771614
666,euler_ramsey,0.5,2.0% Ramsey,risk_aversion,combined,0,279.96660320086335,0.6431623778798264
666,euler_ramsey,0.5,2.5% Ramsey,risk_aversion,combined,0,213.55733442757995,0.578653619751544
667,euler_ramsey,0.5,1.5% Ramsey,risk_aversion,combined,0,695.1886092138024,1.193474684114215
667,euler_ramsey,0.5,2.0% Ramsey,risk_aversion,combined,0,569.8182904230085,1.1826254024473546
667,euler_ramsey,0.5,2.5% Ramsey,risk_aversion,combined,0,460.7027475325694,1.161407919834806
668,euler_ramsey,0.5,1.5% Ramsey,risk_aversion,combined,0,3493.0392263117574,0.39116236546421757
668,euler_ramsey,0.5,2.0% Ramsey,risk_aversion,combined,0,2874.3035120411605,0.3012829325138671
668,euler_ramsey,0.5,2.5% Ramsey,risk_aversion,combined,0,2071.2105088294284,0.24345202437049338
669,euler_ramsey,0.5,1.5% Ramsey,risk_aversion,combined,0,4688.49385663396,0.6988880804800582
669,euler_ramsey,0.5,2.0% Ramsey,risk_aversion,combined,0,2447.156857171776,0.6147948256986665
669,euler_ramsey,0.5,2.5% Ramsey,risk_aversion,combined,0,1370.2331888621416,0.5506935221206121
670,euler_ramsey,0.5,1.5% Ramsey,risk_aversion,combined,0,182.88926923926786,0.7517783765038726
670,euler_ramsey,0.5,2.0% Ramsey,risk_aversion,combined,0,171.8750050632756,0.6712509979035949
670,euler_ramsey,0.5,2.5% Ramsey,risk_aversion,combined,0,141.9541622003409,0.6081581799149427
671,euler_ramsey,0.5,1.5% Ramsey,risk_aversion,combined,0,132.72226592434373,0.879306082712873
671,euler_ramsey,0.5,2.0% Ramsey,risk_aversion,combined,0,92.42839500561158,0.812882487724796
671,euler_ramsey,0.5,2.5% Ramsey,risk_aversion,combined,0,62.23875445182989,0.7564497186650566
672,euler_ramsey,0.5,1.5% Ramsey,risk_aversion,combined,0,2089.3070302884134,0.6002783494515581
672,euler_ramsey,0.5,2.0% Ramsey,risk_aversion,combined,0,987.1459400947898,0.5095720882630181
672,euler_ramsey,0.5,2.5% Ramsey,risk_aversion,combined,0,578.6387730568568,0.4439689440888828
673,euler_ramsey,0.5,1.5% Ramsey,risk_aversion,combined,0,9151.96984603287,0.3334632699500101
673,euler_ramsey,0.5,2.0% Ramsey,risk_aversion,combined,0,5339.154355076342,0.24818254942215845
673,euler_ramsey,0.5,2.5% Ramsey,risk_aversion,combined,0,3130.44762104222,0.1953233350678544
674,euler_ramsey,0.5,1.5% Ramsey,risk_aversion,combined,0,262.601952212175,1.7820236546955572
674,euler_ramsey,0.5,2.0% Ramsey,risk_aversion,combined,0,172.98998970596375,1.9312617496124656
674,euler_ramsey,0.5,2.5% Ramsey,risk_aversion,combined,0,112.40571737658541,2.0324665723461
675,euler_ramsey,0.5,1.5% Ramsey,risk_aversion,combined,0,5880.029609284362,0.13409972789948407
675,euler_ramsey,0.5,2.0% Ramsey,risk_aversion,combined,0,4777.3613812233225,0.08115400308246834
675,euler_ramsey,0.5,2.5% Ramsey,risk_aversion,combined,0,3443.906035577065,0.05441517788982073
676,euler_ramsey,0.5,1.5% Ramsey,risk_aversion,combined,0,1533.6603215547887,0.30053066900579106
676,euler_ramsey,0.5,2.0% Ramsey,risk_aversion,combined,0,893.0941846726643,0.2181017654197118
676,euler_ramsey,0.5,2.5% Ramsey,risk_aversion,combined,0,578.2334958236379,0.1683045886172084
677,euler_ramsey,0.5,1.5% Ramsey,risk_aversion,combined,0,-70.83776366676018,0.9553272429052094
677,euler_ramsey,0.5,2.0% Ramsey,risk_aversion,combined,0,-46.71367003548381,0.8997320366672201
677,euler_ramsey,0.5,2.5% Ramsey,risk_aversion,combined,0,-30.37582064576443,0.8494793570113955
678,euler_ramsey,0.5,1.5% Ramsey,risk_aversion,combined,0,570.0667210814524,0.9029529710448824
678,euler_ramsey,0.5,2.0% Ramsey,risk_aversion,combined,0,482.8468916375008,0.8399567182287712
678,euler_ramsey,0.5,2.5% Ramsey,risk_aversion,combined,0,362.73501897615813,0.7854688170876839
679,euler_ramsey,0.5,1.5% Ramsey,risk_aversion,combined,0,229.86462376382613,2.900568812558735
679,euler_ramsey,0.5,2.0% Ramsey,risk_aversion,combined,0,192.48057116572414,3.50724124076089
679,euler_ramsey,0.5,2.5% Ramsey,risk_aversion,combined,0,153.90293796385686,4.0171504343024775
680,euler_ramsey,0.5,1.5% Ramsey,risk_aversion,combined,0,23.475646115678206,0.8833639837178288
680,euler_ramsey,0.5,2.0% Ramsey,risk_aversion,combined,0,41.04853358638952,0.8170416290697997
680,euler_ramsey,0.5,2.5% Ramsey,risk_aversion,combined,0,49.12594379595037,0.7606171548899501
681,euler_ramsey,0.5,1.5% Ramsey,risk_aversion,combined,0,129.02716153622586,2.040426352667769
681,euler_ramsey,0.5,2.0% Ramsey,risk_aversion,combined,0,94.23896457520696,2.279603525541296
681,euler_ramsey,0.5,2.5% Ramsey,risk_aversion,combined,0,72.3446685696851,2.456116603705281
682,euler_ramsey,0.5,1.5% Ramsey,risk_aversion,combined,0,5585.947326299712,0.21353075975413793
682,euler_ramsey,0.5,2.0% Ramsey,risk_aversion,combined,0,2813.5940010032823,0.14353822708192815
682,euler_ramsey,0.5,2.5% Ramsey,risk_aversion,combined,0,1667.2767206241278,0.10439669737113397
683,euler_ramsey,0.5,1.5% Ramsey,risk_aversion,combined,0,320.25821000586967,1.6101699056577228
683,euler_ramsey,0.5,2.0% Ramsey,risk_aversion,combined,0,215.9551818218446,1.705142937686324
683,euler_ramsey,0.5,2.5% Ramsey,risk_aversion,combined,0,151.97018631864512,1.7625706434596313
684,euler_ramsey,0.5,1.5% Ramsey,risk_aversion,combined,0,645.7632212189063,0.7111554067864654
684,euler_ramsey,0.5,2.0% Ramsey,risk_aversion,combined,0,526.1315486714739,0.6260443077061084
684,euler_ramsey,0.5,2.5% Ramsey,risk_aversion,combined,0,371.43792399341044,0.5609022471745561
685,euler_ramsey,0.5,1.5% Ramsey,risk_aversion,combined,0,-113.48303595274086,1.2502455995872401
685,euler_ramsey,0.5,2.0% Ramsey,risk_aversion,combined,0,-90.39700325183031,1.2512453883087
685,euler_ramsey,0.5,2.5% Ramsey,risk_aversion,combined,0,-62.885535312812,1.2381113091432454
686,euler_ramsey,0.5,1.5% Ramsey,risk_aversion,combined,0,751.8106551353047,1.0913743972896641
686,euler_ramsey,0.5,2.0% Ramsey,risk_aversion,combined,0,574.3692463454928,1.0592465638726973
686,euler_ramsey,0.5,2.5% Ramsey,risk_aversion,combined,0,404.9118916929312,1.0236561484659836
687,euler_ramsey,0.5,1.5% Ramsey,risk_aversion,combined,0,431.8046721297931,0.5710135368454152
687,euler_ramsey,0.5,2.0% Ramsey,risk_aversion,combined,0,354.4309051917972,0.4785213719898585
687,euler_ramsey,0.5,2.5% Ramsey,risk_aversion,combined,0,266.0681737776187,0.412713191856688
688,euler_ramsey,0.5,1.5% Ramsey,risk_aversion,combined,0,-206.21771874110752,0.8191434096349435
688,euler_ramsey,0.5,2.0% Ramsey,risk_aversion,combined,0,-167.15106574213576,0.7448023976541378
688,euler_ramsey,0.5,2.5% Ramsey,risk_aversion,combined,0,-124.04957935039214,0.6842262869463022
689,euler_ramsey,0.5,1.5% Ramsey,risk_aversion,combined,0,-150.20529618866587,1.0948009562959442
689,euler_ramsey,0.5,2.0% Ramsey,risk_aversion,combined,0,-115.20847972738794,1.0626903194115092
689,euler_ramsey,0.5,2.5% Ramsey,risk_aversion,combined,0,-75.03542605289849,1.0269165938278584
690,euler_ramsey,0.5,1.5% Ramsey,risk_aversion,combined,0,877.5765182383602,0.6580252084483106
690,euler_ramsey,0.5,2.0% Ramsey,risk_aversion,combined,0,517.0375263037721,0.5693191604212787
690,euler_ramsey,0.5,2.5% Ramsey,risk_aversion,combined,0,302.05536052725125,0.5032952395093688
691,euler_ramsey,0.5,1.5% Ramsey,risk_aversion,combined,0,1367.141700097417,0.7768689710595532
691,euler_ramsey,0.5,2.0% Ramsey,risk_aversion,combined,0,1143.9208281074511,0.6998371490994175
691,euler_ramsey,0.5,2.5% Ramsey,risk_aversion,combined,0,858.9764747088673,0.6385633801540586
692,euler_ramsey,0.5,1.5% Ramsey,risk_aversion,combined,0,667.8407232425036,1.2178671345275778
692,euler_ramsey,0.5,2.0% Ramsey,risk_aversion,combined,0,449.3719144994108,1.2121102658511005
692,euler_ramsey,0.5,2.5% Ramsey,risk_aversion,combined,0,316.29509984626094,1.1943835827429732
693,euler_ramsey,0.5,1.5% Ramsey,risk_aversion,combined,0,500.48996331510574,1.7756878622825225
693,euler_ramsey,0.5,2.0% Ramsey,risk_aversion,combined,0,422.84068305572265,1.9235211670919101
693,euler_ramsey,0.5,2.5% Ramsey,risk_aversion,combined,0,337.7667604044841,2.023765304558666
694,euler_ramsey,0.5,1.5% Ramsey,risk_aversion,combined,0,106.77038595143037,1.5311467690411056
694,euler_ramsey,0.5,2.0% Ramsey,risk_aversion,combined,0,64.37039126647475,1.6039131510826705
694,euler_ramsey,0.5,2.5% Ramsey,risk_aversion,combined,0,43.71424744459349,1.6441890998834807
695,euler_ramsey,0.5,1.5% Ramsey,risk_aversion,combined,0,394.0793899519784,1.22601015790235
695,euler_ramsey,0.5,2.0% Ramsey,risk_aversion,combined,0,365.72197456440864,1.2205972643325218
695,euler_ramsey,0.5,2.5% Ramsey,risk_aversion,combined,0,299.5028270158213,1.202930717394887
696,euler_ramsey,0.5,1.5% Ramsey,risk_aversion,combined,0,-457.4416936887345,0.8018258514935975
696,euler_ramsey,0.5,2.0% Ramsey,risk_aversion,combined,0,-266.8017199339711,0.7259328211970978
696,euler_ramsey,0.5,2.5% Ramsey,risk_aversion,combined,0,-173.58957003808882,0.6646955218137576
697,euler_ramsey,0.5,1.5% Ramsey,risk_aversion,combined,0,506.51146430536585,0.8747296868624852
697,euler_ramsey,0.5,2.0% Ramsey,risk_aversion,combined,0,404.39488570518205,0.8071214196667076
697,euler_ramsey,0.5,2.5% Ramsey,risk_aversion,combined,0,301.98677529718725,0.7499939554457127
698,euler_ramsey,0.5,1.5% Ramsey,risk_aversion,combined,0,-90.62582770403195,0.7337836611632814
698,euler_ramsey,0.5,2.0% Ramsey,risk_aversion,combined,0,-90.95237142167238,0.6509479789214135
698,euler_ramsey,0.5,2.5% Ramsey,risk_aversion,combined,0,-77.2497821191675,0.5867305567713781
699,euler_ramsey,0.5,1.5% Ramsey,risk_aversion,combined,0,966.5439863350051,1.2879311598122656
699,euler_ramsey,0.5,2.0% Ramsey,risk_aversion,combined,0,1232.910409379205,1.2961529216927583
699,euler_ramsey,0.5,2.5% Ramsey,risk_aversion,combined,0,1212.700832109927,1.287984775862573
700,euler_ramsey,0.5,1.5% Ramsey,risk_aversion,combined,0,-336.30061980067444,0.57540612926943
700,euler_ramsey,0.5,2.0% Ramsey,risk_aversion,combined,0,-266.378372664122,0.4830692919071584
700,euler_ramsey,0.5,2.5% Ramsey,risk_aversion,combined,0,-188.08846930471128,0.4172110138011825
701,euler_ramsey,0.5,1.5% Ramsey,risk_aversion,combined,0,-679.0082410471374,0.47429351127909886
701,euler_ramsey,0.5,2.0% Ramsey,risk_aversion,combined,0,-400.9552444585484,0.3812133412506047
701,euler_ramsey,0.5,2.5% Ramsey,risk_aversion,combined,0,-256.73495732653015,0.31833296996427674
702,euler_ramsey,0.5,1.5% Ramsey,risk_aversion,combined,0,626.4470141253421,0.38378261703407285
702,euler_ramsey,0.5,2.0% Ramsey,risk_aversion,combined,0,443.9031396328643,0.29413600599359313
702,euler_ramsey,0.5,2.5% Ramsey,risk_aversion,combined,0,314.29274974728503,0.2367508372849982
703,euler_ramsey,0.5,1.5% Ramsey,risk_aversion,combined,0,811.7477307723211,1.8335805003438923
703,euler_ramsey,0.5,2.0% Ramsey,risk_aversion,combined,0,654.1401104039192,2.000539843608376
703,euler_ramsey,0.5,2.5% Ramsey,risk_aversion,combined,0,491.91684641426326,2.1165110925010153
704,euler_ramsey,0.5,1.5% Ramsey,risk_aversion,combined,0,1183.8134474168833,1.1660556496235372
704,euler_ramsey,0.5,2.0% Ramsey,risk_aversion,combined,0,961.3985780002729,1.1483781655151033
704,euler_ramsey,0.5,2.5% Ramsey,risk_aversion,combined,0,737.5743169153195,1.1222967887909991
705,euler_ramsey,0.5,1.5% Ramsey,risk_aversion,combined,0,-624.3688674214084,0.5515340579505293
705,euler_ramsey,0.5,2.0% Ramsey,risk_aversion,combined,0,-378.688956983144,0.45858427066214674
705,euler_ramsey,0.5,2.5% Ramsey,risk_aversion,combined,0,-230.44927827800433,0.3931175808537891
706,euler_ramsey,0.5,1.5% Ramsey,risk_aversion,combined,0,-2178.5783662588196,0.3601334318095573
706,euler_ramsey,0.5,2.0% Ramsey,risk_aversion,combined,0,-1037.0128841565895,0.2720589212105304
706,euler_ramsey,0.5,2.5% Ramsey,risk_aversion,combined,0,-492.44322475363737,0.2165484573082492
707,euler_ramsey,0.5,1.5% Ramsey,risk_aversion,combined,0,-169.7229628919609,0.5655761382271965
707,euler_ramsey,0.5,2.0% Ramsey,risk_aversion,combined,0,-148.7730058118219,0.47303160003175293
707,euler_ramsey,0.5,2.5% Ramsey,risk_aversion,combined,0,-118.62738501133055,0.40735534000350304
708,euler_ramsey,0.5,1.5% Ramsey,risk_aversion,combined,0,584.8167136050267,0.6321238290097173
708,euler_ramsey,0.5,2.0% Ramsey,risk_aversion,combined,0,408.4974457045753,0.5422090399680528
708,euler_ramsey,0.5,2.5% Ramsey,risk_aversion,combined,0,265.5401597704918,0.47615139657607086
709,euler_ramsey,0.5,1.5% Ramsey,risk_aversion,combined,0,-508.1259904402226,0.8690439340949002
709,euler_ramsey,0.5,2.0% Ramsey,risk_aversion,combined,0,-405.29541431621175,0.8008498528736003
709,euler_ramsey,0.5,2.5% Ramsey,risk_aversion,combined,0,-292.7410242009392,0.7434225623231244
710,euler_ramsey,0.5,1.5% Ramsey,risk_aversion,combined,0,479.3370639120019,1.215465661532169
710,euler_ramsey,0.5,2.0% Ramsey,risk_aversion,combined,0,431.02771933329836,1.208737724325978
710,euler_ramsey,0.5,2.5% Ramsey,risk_aversion,combined,0,345.8520068479181,1.1902310646500325
711,euler_ramsey,0.5,1.5% Ramsey,risk_aversion,combined,0,123.38716259596704,1.7812870424095846
711,euler_ramsey,0.5,2.0% Ramsey,risk_aversion,combined,0,91.7903060220054,1.9303025030222773
711,euler_ramsey,0.5,2.5% Ramsey,risk_aversion,combined,0,69.75440666937861,2.0313629839953213
712,euler_ramsey,0.5,1.5% Ramsey,risk_aversion,combined,0,444.78596152627307,1.3706038022358285
712,euler_ramsey,0.5,2.0% Ramsey,risk_aversion,combined,0,317.77583301943326,1.4008312020403382
712,euler_ramsey,0.5,2.5% Ramsey,risk_aversion,combined,0,228.09681861317887,1.4090523687690526
713,euler_ramsey,0.5,1.5% Ramsey,risk_aversion,combined,0,527.5590762027254,1.1934969993940825
713,euler_ramsey,0.5,2.0% Ramsey,risk_aversion,combined,0,462.0574118810491,1.1820744192910584
713,euler_ramsey,0.5,2.5% Ramsey,risk_aversion,combined,0,362.00779777645783,1.160472004743993
714,euler_ramsey,0.5,1.5% Ramsey,risk_aversion,combined,0,24.29728927551828,1.692799850850713
714,euler_ramsey,0.5,2.0% Ramsey,risk_aversion,combined,0,16.073650057691747,1.8133231641962455
714,euler_ramsey,0.5,2.5% Ramsey,risk_aversion,combined,0,12.423571134261218,1.89122737102568
715,euler_ramsey,0.5,1.5% Ramsey,risk_aversion,combined,0,917.0237897685189,1.173480082758863
715,euler_ramsey,0.5,2.0% Ramsey,risk_aversion,combined,0,759.4661206759428,1.1584436422649913
715,euler_ramsey,0.5,2.5% Ramsey,risk_aversion,combined,0,560.3875008415896,1.1344323071831242
716,euler_ramsey,0.5,1.5% Ramsey,risk_aversion,combined,0,2488.487588287551,0.5878918706504631
716,euler_ramsey,0.5,2.0% Ramsey,risk_aversion,combined,0,1566.663846253914,0.49663386336573434
716,euler_ramsey,0.5,2.5% Ramsey,risk_aversion,combined,0,997.393172163659,0.43107414277812434
717,euler_ramsey,0.5,1.5% Ramsey,risk_aversion,combined,0,544.1837266470216,1.2680796554288543
717,euler_ramsey,0.5,2.0% Ramsey,risk_aversion,combined,0,394.8332481441744,1.2733768841265733
717,euler_ramsey,0.5,2.5% Ramsey,risk_aversion,combined,0,293.543368861914,1.2633840457087313
718,euler_ramsey,0.5,1.5% Ramsey,risk_aversion,combined,0,787.2075145981236,1.7626654043905055
718,euler_ramsey,0.5,2.0% Ramsey,risk_aversion,combined,0,484.7726022611891,1.9061025912885994
718,euler_ramsey,0.5,2.5% Ramsey,risk_aversion,combined,0,322.33694594140957,2.00271830205815
719,euler_ramsey,0.5,1.5% Ramsey,risk_aversion,combined,0,1469.2030419420878,0.7997383484880807
719,euler_ramsey,0.5,2.0% Ramsey,risk_aversion,combined,0,1115.4228872595302,0.7244950014416013
719,euler_ramsey,0.5,2.5% Ramsey,risk_aversion,combined,0,768.4042499829305,0.6638622107935087
720,euler_ramsey,0.5,1.5% Ramsey,risk_aversion,combined,0,351.52443630054756,3.01933570883106
720,euler_ramsey,0.5,2.0% Ramsey,risk_aversion,combined,0,306.5487960789307,3.684677082139172
720,euler_ramsey,0.5,2.5% Ramsey,risk_aversion,combined,0,240.80560743785375,4.250834709860899
721,euler_ramsey,0.5,1.5% Ramsey,risk_aversion,combined,0,736.0731598007796,0.7896434248247398
721,euler_ramsey,0.5,2.0% Ramsey,risk_aversion,combined,0,552.1412902213873,0.713783297142558
721,euler_ramsey,0.5,2.5% Ramsey,risk_aversion,combined,0,402.4175142254206,0.6529103982588866
722,euler_ramsey,0.5,1.5% Ramsey,risk_aversion,combined,0,37.03952556860274,0.8305456688567497
722,euler_ramsey,0.5,2.0% Ramsey,risk_aversion,combined,0,26.856193286589413,0.7574227942219659
722,euler_ramsey,0.5,2.5% Ramsey,risk_aversion,combined,0,21.710275153009732,0.6974314860271945
723,euler_ramsey,0.5,1.5% Ramsey,risk_aversion,combined,0,297.124402225373,0.5977546503862193
723,euler_ramsey,0.5,2.0% Ramsey,risk_aversion,combined,0,259.4367956446791,0.5067461712819922
723,euler_ramsey,0.5,2.5% Ramsey,risk_aversion,combined,0,218.3907265893201,0.4410203747275634
724,euler_ramsey,0.5,1.5% Ramsey,risk_aversion,combined,0,1015.1950320632536,0.5084268627614822
724,euler_ramsey,0.5,2.0% Ramsey,risk_aversion,combined,0,350.59166439403594,0.41531145008465337
724,euler_ramsey,0.5,2.5% Ramsey,risk_aversion,combined,0,178.9698958358519,0.35119302900592975
725,euler_ramsey,0.5,1.5% Ramsey,risk_aversion,combined,0,1733.3579782675195,0.6438679356887554
725,euler_ramsey,0.5,2.0% Ramsey,risk_aversion,combined,0,1472.0526474178157,0.5552272523638369
725,euler_ramsey,0.5,2.5% Ramsey,risk_aversion,combined,0,1094.1793721902627,0.48965309039914
726,euler_ramsey,0.5,1.5% Ramsey,risk_aversion,combined,0,1032.8506563730032,1.4343541926637766
726,euler_ramsey,0.5,2.0% Ramsey,risk_aversion,combined,0,644.9034891563812,1.481414998253417
726,euler_ramsey,0.5,2.5% Ramsey,risk_aversion,combined,0,400.7662884684032,1.502201500513689
727,euler_ramsey,0.5,1.5% Ramsey,risk_aversion,combined,0,655.9585578867649,0.9489109088383835
727,euler_ramsey,0.5,2.0% Ramsey,risk_aversion,combined,0,525.7017513940285,0.8927603473584789
727,euler_ramsey,0.5,2.5% Ramsey,risk_aversion,combined,0,411.9931871963853,0.8422886936679442
728,euler_ramsey,0.5,1.5% Ramsey,risk_aversion,combined,0,-140.4820480803132,1.0948665976905418
728,euler_ramsey,0.5,2.0% Ramsey,risk_aversion,combined,0,-109.11930925674518,1.062780030804004
728,euler_ramsey,0.5,2.5% Ramsey,risk_aversion,combined,0,-71.8159676942864,1.0270227822229976
729,euler_ramsey,0.5,1.5% Ramsey,risk_aversion,combined,0,490.8732404081818,0.8517863708285756
729,euler_ramsey,0.5,2.0% Ramsey,risk_aversion,combined,0,401.8090266417975,0.7819924405701606
729,euler_ramsey,0.5,2.5% Ramsey,risk_aversion,combined,0,303.2373801347717,0.7238544331613269
730,euler_ramsey,0.5,1.5% Ramsey,risk_aversion,combined,0,-1073.4574944815142,0.38901998403938026
730,euler_ramsey,0.5,2.0% Ramsey,risk_aversion,combined,0,-974.2783506517359,0.29914207574361223
730,euler_ramsey,0.5,2.5% Ramsey,risk_aversion,combined,0,-749.5686808261529,0.24140075221890825
731,euler_ramsey,0.5,1.5% Ramsey,risk_aversion,combined,0,247.67764855295104,2.12752486964318
731,euler_ramsey,0.5,2.0% Ramsey,risk_aversion,combined,0,171.82603002973687,2.3994044701201793
731,euler_ramsey,0.5,2.5% Ramsey,risk_aversion,combined,0,115.76834841418307,2.604141943294707
732,euler_ramsey,0.5,1.5% Ramsey,risk_aversion,combined,0,1305.7600417946755,0.5437669938063896
732,euler_ramsey,0.5,2.0% Ramsey,risk_aversion,combined,0,959.9868787314567,0.45116718929239047
732,euler_ramsey,0.5,2.5% Ramsey,risk_aversion,combined,0,654.625961216336,0.3861645189372929
733,euler_ramsey,0.5,1.5% Ramsey,risk_aversion,combined,0,146.36973962807224,2.1576365264479653
733,euler_ramsey,0.5,2.0% Ramsey,risk_aversion,combined,0,79.73243894428089,2.4410535566471916
733,euler_ramsey,0.5,2.5% Ramsey,risk_aversion,combined,0,50.57889259218761,2.655791944727371
734,euler_ramsey,0.5,1.5% Ramsey,risk_aversion,combined,0,2607.66552271642,1.2596074292147077
734,euler_ramsey,0.5,2.0% Ramsey,risk_aversion,combined,0,1747.1766769742972,1.267197823319452
734,euler_ramsey,0.5,2.5% Ramsey,risk_aversion,combined,0,1210.2350192484107,1.2595263609635474
735,euler_ramsey,0.5,1.5% Ramsey,risk_aversion,combined,0,314.6747737585502,3.3376827370203292
735,euler_ramsey,0.5,2.0% Ramsey,risk_aversion,combined,0,225.1460702747842,4.16550488738786
735,euler_ramsey,0.5,2.5% Ramsey,risk_aversion,combined,0,157.39229114122017,4.889344032208854
736,euler_ramsey,0.5,1.5% Ramsey,risk_aversion,combined,0,2689.060718624397,0.26372563896071327
736,euler_ramsey,0.5,2.0% Ramsey,risk_aversion,combined,0,1287.3440040263476,0.1858056869003746
736,euler_ramsey,0.5,2.5% Ramsey,risk_aversion,combined,0,758.2569304069392,0.1401313921140203
737,euler_ramsey,0.5,1.5% Ramsey,risk_aversion,combined,0,1283.121344160802,0.5437177501800647
737,euler_ramsey,0.5,2.0% Ramsey,risk_aversion,combined,0,840.828896635178,0.45117510313579257
737,euler_ramsey,0.5,2.5% Ramsey,risk_aversion,combined,0,569.4701812589997,0.3862139580928266
738,euler_ramsey,0.5,1.5% Ramsey,risk_aversion,combined,0,2529.395814150434,0.40154713793592833
738,euler_ramsey,0.5,2.0% Ramsey,risk_aversion,combined,0,1953.6364602097844,0.311199775661496
738,euler_ramsey,0.5,2.5% Ramsey,risk_aversion,combined,0,1391.1333940636862,0.2526780329668533
739,euler_ramsey,0.5,1.5% Ramsey,risk_aversion,combined,0,-169.05806637454128,1.2603122796943365
739,euler_ramsey,0.5,2.0% Ramsey,risk_aversion,combined,0,-127.96683557031001,1.263404473761137
739,euler_ramsey,0.5,2.5% Ramsey,risk_aversion,combined,0,-85.64414849261078,1.2517401346643209
740,euler_ramsey,0.5,1.5% Ramsey,risk_aversion,combined,0,311.6100109371239,0.7626313205934451
740,euler_ramsey,0.5,2.0% Ramsey,risk_aversion,combined,0,253.0284007628099,0.6826431161839356
740,euler_ramsey,0.5,2.5% Ramsey,risk_aversion,combined,0,181.544781513689,0.6195961607920683
741,euler_ramsey,0.5,1.5% Ramsey,risk_aversion,combined,0,743.5077261942006,0.903699237929365
741,euler_ramsey,0.5,2.0% Ramsey,risk_aversion,combined,0,563.5529917733719,0.8404603129957412
741,euler_ramsey,0.5,2.5% Ramsey,risk_aversion,combined,0,398.53616839381243,0.7857836574078843
742,euler_ramsey,0.5,1.5% Ramsey,risk_aversion,combined,0,2536.892826142012,0.5203423733189014
742,euler_ramsey,0.5,2.0% Ramsey,risk_aversion,combined,0,2108.230001177729,0.42743594946687713
742,euler_ramsey,0.5,2.5% Ramsey,risk_aversion,combined,0,1531.0659936607856,0.36303324199902764
743,euler_ramsey,0.5,1.5% Ramsey,risk_aversion,combined,0,857.4365372493869,0.7439790339961005
743,euler_ramsey,0.5,2.0% Ramsey,risk_aversion,combined,0,701.9760282423907,0.6632851762062087
743,euler_ramsey,0.5,2.5% Ramsey,risk_aversion,combined,0,521.347834433555,0.6003118388318724
744,euler_ramsey,0.5,1.5% Ramsey,risk_aversion,combined,0,168.99202025259112,0.2427022321139327
744,euler_ramsey,0.5,2.0% Ramsey,risk_aversion,combined,0,84.75871115148031,0.1677757958921171
744,euler_ramsey,0.5,2.5% Ramsey,risk_aversion,combined,0,50.8381866145858,0.12468282261761471
745,euler_ramsey,0.5,1.5% Ramsey,risk_aversion,combined,0,257.53387919534464,1.1523235863497387
745,euler_ramsey,0.5,2.0% Ramsey,risk_aversion,combined,0,212.78859658761334,1.1319092579548695
745,euler_ramsey,0.5,2.5% Ramsey,risk_aversion,combined,0,166.26144719050853,1.1040155268617562
746,euler_ramsey,0.5,1.5% Ramsey,risk_aversion,combined,0,200.28489306995024,1.5235342152638511
746,euler_ramsey,0.5,2.0% Ramsey,risk_aversion,combined,0,158.5856249611982,1.5941460130799192
746,euler_ramsey,0.5,2.5% Ramsey,risk_aversion,combined,0,119.91190590907286,1.6327850475769883
747,euler_ramsey,0.5,1.5% Ramsey,risk_aversion,combined,0,91.88010443910183,0.24006400214049
747,euler_ramsey,0.5,2.0% Ramsey,risk_aversion,combined,0,32.9683642674003,0.16554504809843273
747,euler_ramsey,0.5,2.5% Ramsey,risk_aversion,combined,0,16.784938545616775,0.12279154499703637
748,euler_ramsey,0.5,1.5% Ramsey,risk_aversion,combined,0,1041.481978786933,1.0848652564313266
748,euler_ramsey,0.5,2.0% Ramsey,risk_aversion,combined,0,806.4857775296293,1.0522918199244211
748,euler_ramsey,0.5,2.5% Ramsey,risk_aversion,combined,0,565.0646137277308,1.0164701327461616
749,euler_ramsey,0.5,1.5% Ramsey,risk_aversion,combined,0,1354.603426112365,0.29203283048274764
749,euler_ramsey,0.5,2.0% Ramsey,risk_aversion,combined,0,526.4880400945542,0.210531440371055
749,euler_ramsey,0.5,2.5% Ramsey,risk_aversion,combined,0,302.6916799654166,0.16162698705677628
750,euler_ramsey,0.5,1.5% Ramsey,risk_aversion,combined,0,4641.424781216579,0.3510204031945411
750,euler_ramsey,0.5,2.0% Ramsey,risk_aversion,combined,0,3679.3140557202482,0.264511069015811
750,euler_ramsey,0.5,2.5% Ramsey,risk_aversion,combined,0,2618.551317042821,0.21019815566951694
751,euler_ramsey,0.5,1.5% Ramsey,risk_aversion,combined,0,1087.767958682057,0.5701718807459081
751,euler_ramsey,0.5,2.0% Ramsey,risk_aversion,combined,0,858.2047254445753,0.4778762204740356
751,euler_ramsey,0.5,2.5% Ramsey,risk_aversion,combined,0,630.4319058747079,0.4122162502346184
752,euler_ramsey,0.5,1.5% Ramsey,risk_aversion,combined,0,564.9448438800046,1.640398176085012
752,euler_ramsey,0.5,2.0% Ramsey,risk_aversion,combined,0,411.48509278818625,1.7448557956958062
752,euler_ramsey,0.5,2.5% Ramsey,risk_aversion,combined,0,286.1958725862229,1.8099505242472
753,euler_ramsey,0.5,1.5% Ramsey,risk_aversion,combined,0,-646.7738378594264,0.5962709256748716
753,euler_ramsey,0.5,2.0% Ramsey,risk_aversion,combined,0,-252.4483050650877,0.5053004295840855
753,euler_ramsey,0.5,2.5% Ramsey,risk_aversion,combined,0,-80.16042717252101,0.4396436741218369
754,euler_ramsey,0.5,1.5% Ramsey,risk_aversion,combined,0,1228.6319210475292,0.8219132364040848
754,euler_ramsey,0.5,2.0% Ramsey,risk_aversion,combined,0,1039.1907255831588,0.7493849576684606
754,euler_ramsey,0.5,2.5% Ramsey,risk_aversion,combined,0,824.2263611188534,0.690123083288589
755,euler_ramsey,0.5,1.5% Ramsey,risk_aversion,combined,0,-1464.5502496519573,0.5296749478072523
755,euler_ramsey,0.5,2.0% Ramsey,risk_aversion,combined,0,-1084.2544530666883,0.43645108546702704
755,euler_ramsey,0.5,2.5% Ramsey,risk_aversion,combined,0,-690.3842482180274,0.3715445355885536
756,euler_ramsey,0.5,1.5% Ramsey,risk_aversion,combined,0,-1827.3210854497183,0.2110677642070072
756,euler_ramsey,0.5,2.0% Ramsey,risk_aversion,combined,0,-542.3799700611108,0.14142963005926812
756,euler_ramsey,0.5,2.5% Ramsey,risk_aversion,combined,0,-299.3318914388788,0.10260083260231691
757,euler_ramsey,0.5,1.5% Ramsey,risk_aversion,combined,0,383.2163046314152,1.0205991435778796
757,euler_ramsey,0.5,2.0% Ramsey,risk_aversion,combined,0,376.1268807245605,0.9756650702800331
757,euler_ramsey,0.5,2.5% Ramsey,risk_aversion,combined,0,327.02749302164847,0.9319083887254352
758,euler_ramsey,0.5,1.5% Ramsey,risk_aversion,combined,0,510.94903819979834,0.9594712314857972
758,euler_ramsey,0.5,2.0% Ramsey,risk_aversion,combined,0,384.27715921074014,0.9038852420964448
758,euler_ramsey,0.5,2.5% Ramsey,risk_aversion,combined,0,267.6273789666067,0.8534764446724098
759,euler_ramsey,0.5,1.5% Ramsey,risk_aversion,combined,0,6046.173311925614,0.24354272600618587
759,euler_ramsey,0.5,2.0% Ramsey,risk_aversion,combined,0,2105.2586340333464,0.16867326386588052
759,euler_ramsey,0.5,2.5% Ramsey,risk_aversion,combined,0,1154.0271084095532,0.1255463771009081
760,euler_ramsey,0.5,1.5% Ramsey,risk_aversion,combined,0,542.2968720354473,0.3594211516517108
760,euler_ramsey,0.5,2.0% Ramsey,risk_aversion,combined,0,258.2698783151682,0.27140013798262863
760,euler_ramsey,0.5,2.5% Ramsey,risk_aversion,combined,0,129.5602160838298,0.21594854374200312
761,euler_ramsey,0.5,1.5% Ramsey,risk_aversion,combined,0,-42.94816906894006,1.6375619995978512
761,euler_ramsey,0.5,2.0% Ramsey,risk_aversion,combined,0,-25.80344536893476,1.740916052255725
761,euler_ramsey,0.5,2.5% Ramsey,risk_aversion,combined,0,-11.010383594461766,1.8050383535254935
762,euler_ramsey,0.5,1.5% Ramsey,risk_aversion,combined,0,291.2558591110733,1.648400270733882
762,euler_ramsey,0.5,2.0% Ramsey,risk_aversion,combined,0,227.54413476257315,1.755207391217306
762,euler_ramsey,0.5,2.5% Ramsey,risk_aversion,combined,0,168.1080983676488,1.8221437970246357
763,euler_ramsey,0.5,1.5% Ramsey,risk_aversion,combined,0,527.8659595154289,1.6979269649321664
763,euler_ramsey,0.5,2.0% Ramsey,risk_aversion,combined,0,397.33229148373863,1.8207245325737837
763,euler_ramsey,0.5,2.5% Ramsey,risk_aversion,combined,0,281.7014803067626,1.9005997322983805
764,euler_ramsey,0.5,1.5% Ramsey,risk_aversion,combined,0,1525.7187321869353,0.5666520247282185
764,euler_ramsey,0.5,2.0% Ramsey,risk_aversion,combined,0,1114.8684944109275,0.47450111786548216
764,euler_ramsey,0.5,2.5% Ramsey,risk_aversion,combined,0,749.0027719907858,0.4090369634029044
765,euler_ramsey,0.5,1.5% Ramsey,risk_aversion,combined,0,1846.0850417427637,0.4056778411491038
765,euler_ramsey,0.5,2.0% Ramsey,risk_aversion,combined,0,1140.5764776233814,0.3148919178467257
765,euler_ramsey,0.5,2.5% Ramsey,risk_aversion,combined,0,713.6719511221022,0.2559663016931514
766,euler_ramsey,0.5,1.5% Ramsey,risk_aversion,combined,0,248.47112261739798,1.5662391026848856
766,euler_ramsey,0.5,2.0% Ramsey,risk_aversion,combined,0,182.94635141939645,1.6489177865110325
766,euler_ramsey,0.5,2.5% Ramsey,risk_aversion,combined,0,131.69002537746672,1.6969423789118279
767,euler_ramsey,0.5,1.5% Ramsey,risk_aversion,combined,0,1714.7567045681637,1.1609023155630434
767,euler_ramsey,0.5,2.0% Ramsey,risk_aversion,combined,0,1454.3869194639046,1.1433613347955023
767,euler_ramsey,0.5,2.5% Ramsey,risk_aversion,combined,0,1121.3182157374654,1.1176058402025457
768,euler_ramsey,0.5,1.5% Ramsey,risk_aversion,combined,0,15284.76918304024,0.6765500926116877
768,euler_ramsey,0.5,2.0% Ramsey,risk_aversion,combined,0,10204.260395989955,0.5918068268310881
768,euler_ramsey,0.5,2.5% Ramsey,risk_aversion,combined,0,6372.748810511711,0.5279045509909626
769,euler_ramsey,0.5,1.5% Ramsey,risk_aversion,combined,0,237.03848424004354,1.9185001018172572
769,euler_ramsey,0.5,2.0% Ramsey,risk_aversion,combined,0,153.71105900615834,2.1139530938775097
769,euler_ramsey,0.5,2.5% Ramsey,risk_aversion,combined,0,109.08131438454386,2.2534518186647965
770,euler_ramsey,0.5,1.5% Ramsey,risk_aversion,combined,0,592.329768265567,1.2962317123678218
770,euler_ramsey,0.5,2.0% Ramsey,risk_aversion,combined,0,441.8505229234258,1.3073474019062812
770,euler_ramsey,0.5,2.5% Ramsey,risk_aversion,combined,0,298.6102575886422,1.3014194373090575
771,euler_ramsey,0.5,1.5% Ramsey,risk_aversion,combined,0,664.792755484139,2.007285039677521
771,euler_ramsey,0.5,2.0% Ramsey,risk_aversion,combined,0,511.13767124949237,2.2351427164766817
771,euler_ramsey,0.5,2.5% Ramsey,risk_aversion,combined,0,369.6268299377243,2.402268947324161
772,euler_ramsey,0.5,1.5% Ramsey,risk_aversion,combined,0,429.9641805664508,0.8392645091358791
772,euler_ramsey,0.5,2.0% Ramsey,risk_aversion,combined,0,361.9761748980964,0.7680819616852788
772,euler_ramsey,0.5,2.5% Ramsey,risk_aversion,combined,0,278.6902020788685,0.7093014211700868
773,euler_ramsey,0.5,1.5% Ramsey,risk_aversion,combined,0,1105.9707060351761,0.6426950080317804
773,euler_ramsey,0.5,2.0% Ramsey,risk_aversion,combined,0,976.4396609287229,0.5546989148171911
773,euler_ramsey,0.5,2.5% Ramsey,risk_aversion,combined,0,791.8386817193239,0.4896167701613665
774,euler_ramsey,0.5,1.5% Ramsey,risk_aversion,combined,0,112.17561651024324,0.632072145040536
774,euler_ramsey,0.5,2.0% Ramsey,risk_aversion,combined,0,121.73069541991171,0.5423647881629573
774,euler_ramsey,0.5,2.5% Ramsey,risk_aversion,combined,0,108.51726598130915,0.476433256049191
775,euler_ramsey,0.5,1.5% Ramsey,risk_aversion,combined,0,309.95918715202254,1.4140445971410862
775,euler_ramsey,0.5,2.0% Ramsey,risk_aversion,combined,0,255.7819020602004,1.4552609736387536
775,euler_ramsey,0.5,2.5% Ramsey,risk_aversion,combined,0,194.75826379141512,1.4716084766668749
776,euler_ramsey,0.5,1.5% Ramsey,risk_aversion,combined,0,270.0709350435035,1.6756157316872426
776,euler_ramsey,0.5,2.0% Ramsey,risk_aversion,combined,0,190.43483508609216,1.7908207512382122
776,euler_ramsey,0.5,2.5% Ramsey,risk_aversion,combined,0,138.34489310694016,1.864535166807291
777,euler_ramsey,0.5,1.5% Ramsey,risk_aversion,combined,0,857.9080054322202,1.1367190420975948
777,euler_ramsey,0.5,2.0% Ramsey,risk_aversion,combined,0,650.5167431834235,1.1131358011995733
777,euler_ramsey,0.5,2.5% Ramsey,risk_aversion,combined,0,442.4676523141257,1.0831017791201691
778,euler_ramsey,0.5,1.5% Ramsey,risk_aversion,combined,0,457.02940845262896,1.2884236263146358
778,euler_ramsey,0.5,2.0% Ramsey,risk_aversion,combined,0,381.9342891960242,1.2975692187656922
778,euler_ramsey,0.5,2.5% Ramsey,risk_aversion,combined,0,291.5516721065166,1.290239280223668
779,euler_ramsey,0.5,1.5% Ramsey,risk_aversion,combined,0,758.018500991691,0.3642377631354208
779,euler_ramsey,0.5,2.0% Ramsey,risk_aversion,combined,0,621.3136491517057,0.27592392714736724
779,euler_ramsey,0.5,2.5% Ramsey,risk_aversion,combined,0,468.37606445875065,0.22010153911843316
780,euler_ramsey,0.5,1.5% Ramsey,risk_aversion,combined,0,2812.28505112302,2.059677248310561
780,euler_ramsey,0.5,2.0% Ramsey,risk_aversion,combined,0,1816.4131113068784,2.3072749911582515
780,euler_ramsey,0.5,2.5% Ramsey,risk_aversion,combined,0,1103.1521273983524,2.4914479522341217
781,euler_ramsey,0.5,1.5% Ramsey,risk_aversion,combined,0,324.15532287377494,1.2250199873825793
781,euler_ramsey,0.5,2.0% Ramsey,risk_aversion,combined,0,250.77258749309416,1.2202238481596313
781,euler_ramsey,0.5,2.5% Ramsey,risk_aversion,combined,0,197.39106233589206,1.2030364714436872
782,euler_ramsey,0.5,1.5% Ramsey,risk_aversion,combined,0,612.5443277888194,1.2877535933815434
782,euler_ramsey,0.5,2.0% Ramsey,risk_aversion,combined,0,511.06028117362536,1.2964680457453805
782,euler_ramsey,0.5,2.5% Ramsey,risk_aversion,combined,0,405.3932320622046,1.2887455120093587
783,euler_ramsey,0.5,1.5% Ramsey,risk_aversion,combined,0,196.11861317730552,0.7170442963406252
783,euler_ramsey,0.5,2.0% Ramsey,risk_aversion,combined,0,191.67733537435203,0.6327644036904997
783,euler_ramsey,0.5,2.5% Ramsey,risk_aversion,combined,0,161.01294396869756,0.5680145405620787
784,euler_ramsey,0.5,1.5% Ramsey,risk_aversion,combined,0,-511.7106940168775,0.649800732688629
784,euler_ramsey,0.5,2.0% Ramsey,risk_aversion,combined,0,-401.3331616676091,0.5612302268213945
784,euler_ramsey,0.5,2.5% Ramsey,risk_aversion,combined,0,-293.0854011079889,0.495517619402116
785,euler_ramsey,0.5,1.5% Ramsey,risk_aversion,combined,0,464.34185485512916,0.5386593658130636
785,euler_ramsey,0.5,2.0% Ramsey,risk_aversion,combined,0,341.7053247193047,0.44588173392156355
785,euler_ramsey,0.5,2.5% Ramsey,risk_aversion,combined,0,240.80669191222998,0.3809373777369004
786,euler_ramsey,0.5,1.5% Ramsey,risk_aversion,combined,0,260.83226209339347,0.7464535357422074
786,euler_ramsey,0.5,2.0% Ramsey,risk_aversion,combined,0,238.59977615507674,0.6646800162401207
786,euler_ramsey,0.5,2.5% Ramsey,risk_aversion,combined,0,189.39714454052483,0.6008347288858947
787,euler_ramsey,0.5,1.5% Ramsey,risk_aversion,combined,0,283.35176064422905,1.386309418660112
787,euler_ramsey,0.5,2.0% Ramsey,risk_aversion,combined,0,230.4507499797983,1.4196871869555092
787,euler_ramsey,0.5,2.5% Ramsey,risk_aversion,combined,0,172.73852036697767,1.4300343251287313
788,euler_ramsey,0.5,1.5% Ramsey,risk_aversion,combined,0,5116.4547360695215,0.4854852465095564
788,euler_ramsey,0.5,2.0% Ramsey,risk_aversion,combined,0,4245.484813521233,0.39327510549247596
788,euler_ramsey,0.5,2.5% Ramsey,risk_aversion,combined,0,3123.652075908555,0.33048501174525624
789,euler_ramsey,0.5,1.5% Ramsey,risk_aversion,combined,0,2875.953923006256,0.39224203872052243
789,euler_ramsey,0.5,2.0% Ramsey,risk_aversion,combined,0,1810.6459935101996,0.30227955560024344
789,euler_ramsey,0.5,2.5% Ramsey,risk_aversion,combined,0,1087.758346092007,0.24435632811279434
790,euler_ramsey,0.5,1.5% Ramsey,risk_aversion,combined,0,-155.35241544875635,0.8590957603987985
790,euler_ramsey,0.5,2.0% Ramsey,risk_aversion,combined,0,-101.08819543567895,0.7895109831948955
790,euler_ramsey,0.5,2.5% Ramsey,risk_aversion,combined,0,-66.53329461525601,0.731328562393162
791,euler_ramsey,0.5,1.5% Ramsey,risk_aversion,combined,0,516.8042419757157,1.2323735569440188
791,euler_ramsey,0.5,2.0% Ramsey,risk_aversion,combined,0,478.2246899018576,1.2299540041991035
791,euler_ramsey,0.5,2.5% Ramsey,risk_aversion,combined,0,395.10550534776684,1.2145448858096834
792,euler_ramsey,0.5,1.5% Ramsey,risk_aversion,combined,0,880.1293632680255,2.041675770033254
792,euler_ramsey,0.5,2.0% Ramsey,risk_aversion,combined,0,637.7335249574853,2.2837647807892445
792,euler_ramsey,0.5,2.5% Ramsey,risk_aversion,combined,0,446.9581651366553,2.463334879093247
793,euler_ramsey,0.5,1.5% Ramsey,risk_aversion,combined,0,375.0451250699154,2.0890998701568884
793,euler_ramsey,0.5,2.0% Ramsey,risk_aversion,combined,0,313.1749369550996,2.3466658078137552
793,euler_ramsey,0.5,2.5% Ramsey,risk_aversion,combined,0,245.73735945269726,2.5390904083417727
794,euler_ramsey,0.5,1.5% Ramsey,risk_aversion,combined,0,498.3640653292646,0.8480275554157962
794,euler_ramsey,0.5,2.0% Ramsey,risk_aversion,combined,0,415.3012456445572,0.7771000981070318
794,euler_ramsey,0.5,2.5% Ramsey,risk_aversion,combined,0,309.2589130246961,0.7182361536645829
795,euler_ramsey,0.5,1.5% Ramsey,risk_aversion,combined,0,-2.7895311221339303,1.0812041149869047
795,euler_ramsey,0.5,2.0% Ramsey,risk_aversion,combined,0,-17.765080474161753,1.0468613454758493
795,euler_ramsey,0.5,2.5% Ramsey,risk_aversion,combined,0,-18.690162720438746,1.0096882287411575
796,euler_ramsey,0.5,1.5% Ramsey,risk_aversion,combined,0,756.2589856902376,1.0898935978039666
796,euler_ramsey,0.5,2.0% Ramsey,risk_aversion,combined,0,601.3523097470629,1.058136764581492
796,euler_ramsey,0.5,2.5% Ramsey,risk_aversion,combined,0,462.80838056007843,1.022879024262134
797,euler_ramsey,0.5,1.5% Ramsey,risk_aversion,combined,0,929.6523922662501,0.7346403740051141
797,euler_ramsey,0.5,2.0% Ramsey,risk_aversion,combined,0,827.3408971415129,0.6520373064233678
797,euler_ramsey,0.5,2.5% Ramsey,risk_aversion,combined,0,664.967137487725,0.5879858686894429
798,euler_ramsey,0.5,1.5% Ramsey,risk_aversion,combined,0,458.9659613115468,0.4787693741941582
798,euler_ramsey,0.5,2.0% Ramsey,risk_aversion,combined,0,336.5560295431659,0.38559978639567694
798,euler_ramsey,0.5,2.5% Ramsey,risk_aversion,combined,0,217.85387794533213,0.3225056852630753
799,euler_ramsey,0.5,1.5% Ramsey,risk_aversion,combined,0,354.84448457447434,1.5801214291596457
799,euler_ramsey,0.5,2.0% Ramsey,risk_aversion,combined,0,256.9819020430155,1.66675713280051
799,euler_ramsey,0.5,2.5% Ramsey,risk_aversion,combined,0,176.7233938519754,1.7178880991351766
800,euler_ramsey,0.5,1.5% Ramsey,risk_aversion,combined,0,6291.146259677553,0.3970459472395299
800,euler_ramsey,0.5,2.0% Ramsey,risk_aversion,combined,0,3601.1754983177525,0.30697045111725213
800,euler_ramsey,0.5,2.5% Ramsey,risk_aversion,combined,0,2101.5149700002153,0.24878262219150954
801,euler_ramsey,0.5,1.5% Ramsey,risk_aversion,combined,0,507.87867624516286,1.0633867049612915
801,euler_ramsey,0.5,2.0% Ramsey,risk_aversion,combined,0,424.4873450054599,1.025880880469954
801,euler_ramsey,0.5,2.5% Ramsey,risk_aversion,combined,0,332.0598407220436,0.9867378139537287
802,euler_ramsey,0.5,1.5% Ramsey,risk_aversion,combined,0,645.9547117960734,0.6177365370631586
802,euler_ramsey,0.5,2.0% Ramsey,risk_aversion,combined,0,555.7547310446199,0.5273694844781569
802,euler_ramsey,0.5,2.5% Ramsey,risk_aversion,combined,0,450.1918617831417,0.46146916395399423
803,euler_ramsey,0.5,1.5% Ramsey,risk_aversion,combined,0,-2165.814983316051,0.38681890598465263
803,euler_ramsey,0.5,2.0% Ramsey,risk_aversion,combined,0,-1721.1877306115027,0.29722921884046655
803,euler_ramsey,0.5,2.5% Ramsey,risk_aversion,combined,0,-1253.5546798227178,0.23972733346313288
804,euler_ramsey,0.5,1.5% Ramsey,risk_aversion,combined,0,1570.2934409834209,0.845182185983412
804,euler_ramsey,0.5,2.0% Ramsey,risk_aversion,combined,0,1342.1446685767505,0.7757157423699038
804,euler_ramsey,0.5,2.5% Ramsey,risk_aversion,combined,0,1029.3544707337282,0.7180801177409855
805,euler_ramsey,0.5,1.5% Ramsey,risk_aversion,combined,0,-464.6279253393514,0.45448478774586676
805,euler_ramsey,0.5,2.0% Ramsey,risk_aversion,combined,0,-364.0613177393615,0.36177386527204547
805,euler_ramsey,0.5,2.5% Ramsey,risk_aversion,combined,0,-239.9777502445994,0.2998475922682102
806,euler_ramsey,0.5,1.5% Ramsey,risk_aversion,combined,0,153.6344238281568,1.9345911154865634
806,euler_ramsey,0.5,2.0% Ramsey,risk_aversion,combined,0,118.73325637208549,2.135690978638396
806,euler_ramsey,0.5,2.5% Ramsey,risk_aversion,combined,0,89.12078717718589,2.279942794729732
807,euler_ramsey,0.5,1.5% Ramsey,risk_aversion,combined,0,472.41166906786844,1.0742650587176226
807,euler_ramsey,0.5,2.0% Ramsey,risk_aversion,combined,0,312.9755783157418,1.0381898335372437
807,euler_ramsey,0.5,2.5% Ramsey,risk_aversion,combined,0,215.9727598677987,0.9998456040287654
808,euler_ramsey,0.5,1.5% Ramsey,risk_aversion,combined,0,2582.959001356251,0.5872721406910638
808,euler_ramsey,0.5,2.0% Ramsey,risk_aversion,combined,0,2111.012019297137,0.4961501212861305
808,euler_ramsey,0.5,2.5% Ramsey,risk_aversion,combined,0,1564.7695056792147,0.4306822257294958
809,euler_ramsey,0.5,1.5% Ramsey,risk_aversion,combined,0,1887.4637510748255,0.8110453152163428
809,euler_ramsey,0.5,2.0% Ramsey,risk_aversion,combined,0,1266.1483058325439,0.7365699289040822
809,euler_ramsey,0.5,2.5% Ramsey,risk_aversion,combined,0,808.622090971587,0.676168636914092
810,euler_ramsey,0.5,1.5% Ramsey,risk_aversion,combined,0,-892.6143503419904,0.3178656416077453
810,euler_ramsey,0.5,2.0% Ramsey,risk_aversion,combined,0,-554.5404965953544,0.23357944910440936
810,euler_ramsey,0.5,2.5% Ramsey,risk_aversion,combined,0,-378.2018148636271,0.18198924950166176
811,euler_ramsey,0.5,1.5% Ramsey,risk_aversion,combined,0,407.8282916248279,0.3082784482722219
811,euler_ramsey,0.5,2.0% Ramsey,risk_aversion,combined,0,283.4012985215543,0.22488482333898713
811,euler_ramsey,0.5,2.5% Ramsey,risk_aversion,combined,0,185.16552511584405,0.17422337726727902
812,euler_ramsey,0.5,1.5% Ramsey,risk_aversion,combined,0,-59.49813412135825,1.7962026570908447
812,euler_ramsey,0.5,2.0% Ramsey,risk_aversion,combined,0,-49.87922890713493,1.950230269232548
812,euler_ramsey,0.5,2.5% Ramsey,risk_aversion,combined,0,-33.63450739260635,2.055329348963149
813,euler_ramsey,0.5,1.5% Ramsey,risk_aversion,combined,0,585.2689037444774,1.218512078862477
813,euler_ramsey,0.5,2.0% Ramsey,risk_aversion,combined,0,545.3824093548104,1.2125648981813957
813,euler_ramsey,0.5,2.5% Ramsey,risk_aversion,combined,0,455.6128702205421,1.1946359641051665
814,euler_ramsey,0.5,1.5% Ramsey,risk_aversion,combined,0,1174.4930029189982,0.3550148300424606
814,euler_ramsey,0.5,2.0% Ramsey,risk_aversion,combined,0,945.6346572455142,0.2674925724638794
814,euler_ramsey,0.5,2.5% Ramsey,risk_aversion,combined,0,747.3616958160778,0.21249787490092714
815,euler_ramsey,0.5,1.5% Ramsey,risk_aversion,combined,0,-1004.1626868725451,0.3949081525889091
815,euler_ramsey,0.5,2.0% Ramsey,risk_aversion,combined,0,-808.5486478535935,0.3046189294956443
815,euler_ramsey,0.5,2.5% Ramsey,risk_aversion,combined,0,-572.907091320313,0.24641047419161458
816,euler_ramsey,0.5,1.5% Ramsey,risk_aversion,combined,0,533.0304951299094,1.5736584344881774
816,euler_ramsey,0.5,2.0% Ramsey,risk_aversion,combined,0,319.3624786010569,1.6579976207347091
816,euler_ramsey,0.5,2.5% Ramsey,risk_aversion,combined,0,206.60283675094948,1.70719288924342
817,euler_ramsey,0.5,1.5% Ramsey,risk_aversion,combined,0,1786.1071346675383,1.1550916217049905
817,euler_ramsey,0.5,2.0% Ramsey,risk_aversion,combined,0,1302.747484971888,1.1360373137579762
817,euler_ramsey,0.5,2.5% Ramsey,risk_aversion,combined,0,966.57726206504,1.1091826751609664
818,euler_ramsey,0.5,1.5% Ramsey,risk_aversion,combined,0,38.83213228139607,0.5115776029154698
818,euler_ramsey,0.5,2.0% Ramsey,risk_aversion,combined,0,29.014765942196494,0.418245790412069
818,euler_ramsey,0.5,2.5% Ramsey,risk_aversion,combined,0,23.661832964158414,0.35389200079920763
819,euler_ramsey,0.5,1.5% Ramsey,risk_aversion,combined,0,281.85976358609685,1.082692672293166
819,euler_ramsey,0.5,2.0% Ramsey,risk_aversion,combined,0,180.8056254181672,1.0482985099769269
819,euler_ramsey,0.5,2.5% Ramsey,risk_aversion,combined,0,118.838434349082,1.0110859417414906
820,euler_ramsey,0.5,1.5% Ramsey,risk_aversion,combined,0,690.7116990905511,1.062546686038925
820,euler_ramsey,0.5,2.0% Ramsey,risk_aversion,combined,0,523.2615670490298,1.024486788420448
820,euler_ramsey,0.5,2.5% Ramsey,risk_aversion,combined,0,368.25250519038036,0.9849021625350796
821,euler_ramsey,0.5,1.5% Ramsey,risk_aversion,combined,0,67.53053720309705,0.7572722027258486
821,euler_ramsey,0.5,2.0% Ramsey,risk_aversion,combined,0,61.02036501466043,0.6767671486680161
821,euler_ramsey,0.5,2.5% Ramsey,risk_aversion,combined,0,53.33572677472619,0.6135083232177383
822,euler_ramsey,0.5,1.5% Ramsey,risk_aversion,combined,0,925.7982329527317,0.5888473674366697
822,euler_ramsey,0.5,2.0% Ramsey,risk_aversion,combined,0,734.5475834516753,0.49692212324083274
822,euler_ramsey,0.5,2.5% Ramsey,risk_aversion,combined,0,539.1958092280074,0.4309059880569507
823,euler_ramsey,0.5,1.5% Ramsey,risk_aversion,combined,0,1247.603736363686,1.3104210974941877
823,euler_ramsey,0.5,2.0% Ramsey,risk_aversion,combined,0,939.9056673871972,1.3260528600465002
823,euler_ramsey,0.5,2.5% Ramsey,risk_aversion,combined,0,632.4265762436058,1.3236115378502649
824,euler_ramsey,0.5,1.5% Ramsey,risk_aversion,combined,0,-1797.1005108644993,0.274688423621446
824,euler_ramsey,0.5,2.0% Ramsey,risk_aversion,combined,0,-496.76239630548275,0.1952504309364308
824,euler_ramsey,0.5,2.5% Ramsey,risk_aversion,combined,0,-149.88134112206373,0.14826113023335663
825,euler_ramsey,0.5,1.5% Ramsey,risk_aversion,combined,0,343.394375443044,1.3908545881623195
825,euler_ramsey,0.5,2.0% Ramsey,risk_aversion,combined,0,278.3547607092351,1.4270337262261457
825,euler_ramsey,0.5,2.5% Ramsey,risk_aversion,combined,0,207.352870152133,1.4397432210206074
826,euler_ramsey,0.5,1.5% Ramsey,risk_aversion,combined,0,1280.5323249460628,0.5744929195950402
826,euler_ramsey,0.5,2.0% Ramsey,risk_aversion,combined,0,462.5341853629614,0.48312621353269913
826,euler_ramsey,0.5,2.5% Ramsey,risk_aversion,combined,0,244.43303161502183,0.4179151502624083
827,euler_ramsey,0.5,1.5% Ramsey,risk_aversion,combined,0,208.41056911558007,1.1072127518220087
827,euler_ramsey,0.5,2.0% Ramsey,risk_aversion,combined,0,139.72854799771295,1.078626988064147
827,euler_ramsey,0.5,2.5% Ramsey,risk_aversion,combined,0,90.72351425470447,1.0453743482954525
828,euler_ramsey,0.5,1.5% Ramsey,risk_aversion,combined,0,2183.4764962124273,1.1184733377962603
828,euler_ramsey,0.5,2.0% Ramsey,risk_aversion,combined,0,1700.5962255805296,1.0920280164108347
828,euler_ramsey,0.5,2.5% Ramsey,risk_aversion,combined,0,1207.8213990693196,1.0602071576431789
829,euler_ramsey,0.5,1.5% Ramsey,risk_aversion,combined,0,364.02961527014236,2.1160120470159587
829,euler_ramsey,0.5,2.0% Ramsey,risk_aversion,combined,0,236.1091588551943,2.3837457250872487
829,euler_ramsey,0.5,2.5% Ramsey,risk_aversion,combined,0,155.84763420838655,2.5849853342974347
830,euler_ramsey,0.5,1.5% Ramsey,risk_aversion,combined,0,1495.3084673372318,0.9148899902274858
830,euler_ramsey,0.5,2.0% Ramsey,risk_aversion,combined,0,1162.2799531614812,0.8552432975724404
830,euler_ramsey,0.5,2.5% Ramsey,risk_aversion,combined,0,881.881433814568,0.8030281910977194
831,euler_ramsey,0.5,1.5% Ramsey,risk_aversion,combined,0,539.3843572628183,1.8299057452677674
831,euler_ramsey,0.5,2.0% Ramsey,risk_aversion,combined,0,416.164981928369,1.9959709036594893
831,euler_ramsey,0.5,2.5% Ramsey,risk_aversion,combined,0,304.9097470246814,2.1113656075123073
832,euler_ramsey,0.5,1.5% Ramsey,risk_aversion,combined,0,789.3813421804442,1.2129921676667044
832,euler_ramsey,0.5,2.0% Ramsey,risk_aversion,combined,0,684.9426694720406,1.205637564687707
832,euler_ramsey,0.5,2.5% Ramsey,risk_aversion,combined,0,561.4651121119153,1.186704210040167
833,euler_ramsey,0.5,1.5% Ramsey,risk_aversion,combined,0,413.2408410306421,0.6314028938379281
833,euler_ramsey,0.5,2.0% Ramsey,risk_aversion,combined,0,376.0044521802634,0.5417473806835763
833,euler_ramsey,0.5,2.5% Ramsey,risk_aversion,combined,0,307.7432614095743,0.4758745062046387
834,euler_ramsey,0.5,1.5% Ramsey,risk_aversion,combined,0,-770.6033222682768,0.3392796944488844
834,euler_ramsey,0.5,2.0% Ramsey,risk_aversion,combined,0,-602.045368969687,0.2529323531084471
834,euler_ramsey,0.5,2.5% Ramsey,risk_aversion,combined,0,-450.91630531061014,0.1992723881112749
835,euler_ramsey,0.5,1.5% Ramsey,risk_aversion,combined,0,111.70771120921611,0.861473744653371
835,euler_ramsey,0.5,2.0% Ramsey,risk_aversion,combined,0,108.55709842602704,0.7926063523807043
835,euler_ramsey,0.5,2.5% Ramsey,risk_aversion,combined,0,102.22989211727712,0.7348929396000876
836,euler_ramsey,0.5,1.5% Ramsey,risk_aversion,combined,0,281.51781070734245,1.6740484474513826
836,euler_ramsey,0.5,2.0% Ramsey,risk_aversion,combined,0,220.08924435563276,1.788848133122754
836,euler_ramsey,0.5,2.5% Ramsey,risk_aversion,combined,0,161.68439498431525,1.8621883931173586
837,euler_ramsey,0.5,1.5% Ramsey,risk_aversion,combined,0,267.6285727824993,0.5220094757973232
837,euler_ramsey,0.5,2.0% Ramsey,risk_aversion,combined,0,223.21125803232582,0.42875708991942657
837,euler_ramsey,0.5,2.5% Ramsey,risk_aversion,combined,0,177.60409889847932,0.3640945248329519
838,euler_ramsey,0.5,1.5% Ramsey,risk_aversion,combined,0,127.34658545351331,2.533775176031
838,euler_ramsey,0.5,2.0% Ramsey,risk_aversion,combined,0,108.03764963884547,2.9720246543292
838,euler_ramsey,0.5,2.5% Ramsey,risk_aversion,combined,0,86.6784419227852,3.325068130490444
839,euler_ramsey,0.5,1.5% Ramsey,risk_aversion,combined,0,3228.263955997087,0.30147488834608605
839,euler_ramsey,0.5,2.0% Ramsey,risk_aversion,combined,0,1868.180182026339,0.21898656615303952
839,euler_ramsey,0.5,2.5% Ramsey,risk_aversion,combined,0,1154.3067106137,0.16910993914511477
840,euler_ramsey,0.5,1.5% Ramsey,risk_aversion,combined,0,-22.449068167546507,0.7942549750595223
840,euler_ramsey,0.5,2.0% Ramsey,risk_aversion,combined,0,-27.219113241052284,0.7171136201657904
840,euler_ramsey,0.5,2.5% Ramsey,risk_aversion,combined,0,-27.08389648370403,0.6552116503175327
841,euler_ramsey,0.5,1.5% Ramsey,risk_aversion,combined,0,-163.80543906349277,0.7569722426837632
841,euler_ramsey,0.5,2.0% Ramsey,risk_aversion,combined,0,-86.45905390981737,0.6765240009508645
841,euler_ramsey,0.5,2.5% Ramsey,risk_aversion,combined,0,-45.31225205449237,0.6132951571288278
842,euler_ramsey,0.5,1.5% Ramsey,risk_aversion,combined,0,125.67066122087267,0.5697220326232699
842,euler_ramsey,0.5,2.0% Ramsey,risk_aversion,combined,0,91.59418160214945,0.4773044679105127
842,euler_ramsey,0.5,2.5% Ramsey,risk_aversion,combined,0,66.65120191947203,0.41157446298622236
843,euler_ramsey,0.5,1.5% Ramsey,risk_aversion,combined,0,3728.1658528689604,0.12774527951256928
843,euler_ramsey,0.5,2.0% Ramsey,risk_aversion,combined,0,2424.8680432047076,0.07645853363751316
843,euler_ramsey,0.5,2.5% Ramsey,risk_aversion,combined,0,1626.0572479238906,0.05082956930994887
844,euler_ramsey,0.5,1.5% Ramsey,risk_aversion,combined,0,216.78779380194248,2.064742664206342
844,euler_ramsey,0.5,2.0% Ramsey,risk_aversion,combined,0,122.78545875114018,2.3129862765946947
844,euler_ramsey,0.5,2.5% Ramsey,risk_aversion,combined,0,75.51583735301641,2.4973368253866006
845,euler_ramsey,0.5,1.5% Ramsey,risk_aversion,combined,0,143.7402811081398,2.086325118097521
845,euler_ramsey,0.5,2.0% Ramsey,risk_aversion,combined,0,121.28777676122203,2.3426339884968868
845,euler_ramsey,0.5,2.5% Ramsey,risk_aversion,combined,0,99.3348995846189,2.5339202503009557
846,euler_ramsey,0.5,1.5% Ramsey,risk_aversion,combined,0,-365.5737765705214,0.7352416015441788
846,euler_ramsey,0.5,2.0% Ramsey,risk_aversion,combined,0,-254.015663418406,0.6523375254193976
846,euler_ramsey,0.5,2.5% Ramsey,risk_aversion,combined,0,-162.51205437686684,0.5880283642854885
847,euler_ramsey,0.5,1.5% Ramsey,risk_aversion,combined,0,132.67344488678307,0.4652202628245104
847,euler_ramsey,0.5,2.0% Ramsey,risk_aversion,combined,0,93.80195345211058,0.37226913969605424
847,euler_ramsey,0.5,2.5% Ramsey,risk_aversion,combined,0,74.68746356589885,0.30980223114502187
848,euler_ramsey,0.5,1.5% Ramsey,risk_aversion,combined,0,1264.2472036528206,0.6766685134905348
848,euler_ramsey,0.5,2.0% Ramsey,risk_aversion,combined,0,883.2209111904515,0.5891457371242315
848,euler_ramsey,0.5,2.5% Ramsey,risk_aversion,combined,0,604.5861624434524,0.5233652254119989
849,euler_ramsey,0.5,1.5% Ramsey,risk_aversion,combined,0,2269.1930211610706,0.5195363235575238
849,euler_ramsey,0.5,2.0% Ramsey,risk_aversion,combined,0,1979.1121460359645,0.4267257049041353
849,euler_ramsey,0.5,2.5% Ramsey,risk_aversion,combined,0,1538.306931781767,0.36240857141154953
850,euler_ramsey,0.5,1.5% Ramsey,risk_aversion,combined,0,-220.94898775797668,0.5177787415721435
850,euler_ramsey,0.5,2.0% Ramsey,risk_aversion,combined,0,-131.6949888787698,0.4244241915335835
850,euler_ramsey,0.5,2.5% Ramsey,risk_aversion,combined,0,-77.57975657263252,0.3598439987081098
851,euler_ramsey,0.5,1.5% Ramsey,risk_aversion,combined,0,2297.768494878163,0.8389071761801667
851,euler_ramsey,0.5,2.0% Ramsey,risk_aversion,combined,0,2360.817236276711,0.7682567628134028
851,euler_ramsey,0.5,2.5% Ramsey,risk_aversion,combined,0,2044.749965182977,0.7098937825849562
852,euler_ramsey,0.5,1.5% Ramsey,risk_aversion,combined,0,-49.79933795756978,0.8742866440721196
852,euler_ramsey,0.5,2.0% Ramsey,risk_aversion,combined,0,-41.67501193560195,0.806722388780458
852,euler_ramsey,0.5,2.5% Ramsey,risk_aversion,combined,0,-30.783565492947766,0.7496196825306861
853,euler_ramsey,0.5,1.5% Ramsey,risk_aversion,combined,0,942.4461613102849,1.1830195801378662
853,euler_ramsey,0.5,2.0% Ramsey,risk_aversion,combined,0,701.3344885815472,1.1690039660553608
853,euler_ramsey,0.5,2.5% Ramsey,risk_aversion,combined,0,502.687734755791,1.1455355157456482
854,euler_ramsey,0.5,1.5% Ramsey,risk_aversion,combined,0,555.8469696697607,1.315449378541607
854,euler_ramsey,0.5,2.0% Ramsey,risk_aversion,combined,0,459.71198594867235,1.3316214226234293
854,euler_ramsey,0.5,2.5% Ramsey,risk_aversion,combined,0,358.1906656260956,1.329428222198936
855,euler_ramsey,0.5,1.5% Ramsey,risk_aversion,combined,0,34.64461677538329,1.3681978044167316
855,euler_ramsey,0.5,2.0% Ramsey,risk_aversion,combined,0,24.51424594692998,1.3972063749298742
855,euler_ramsey,0.5,2.5% Ramsey,risk_aversion,combined,0,22.3653304851134,1.404344937402566
856,euler_ramsey,0.5,1.5% Ramsey,risk_aversion,combined,0,481.9926501006363,1.698225568689163
856,euler_ramsey,0.5,2.0% Ramsey,risk_aversion,combined,0,389.3864931868564,1.8209512809047552
856,euler_ramsey,0.5,2.5% Ramsey,risk_aversion,combined,0,301.47875228476954,1.9007517698700258
857,euler_ramsey,0.5,1.5% Ramsey,risk_aversion,combined,0,751.812109503871,0.3962568542363494
857,euler_ramsey,0.5,2.0% Ramsey,risk_aversion,combined,0,532.266087993638,0.3058932840551739
857,euler_ramsey,0.5,2.5% Ramsey,risk_aversion,combined,0,361.9854934496059,0.24759079567073916
858,euler_ramsey,0.5,1.5% Ramsey,risk_aversion,combined,0,222.1968388700475,2.121859455584845
858,euler_ramsey,0.5,2.0% Ramsey,risk_aversion,combined,0,159.49082103687732,2.3915022722357846
858,euler_ramsey,0.5,2.5% Ramsey,risk_aversion,combined,0,115.72790218070693,2.5942438518185176
859,euler_ramsey,0.5,1.5% Ramsey,risk_aversion,combined,0,5841.287501678869,0.13894904490584498
859,euler_ramsey,0.5,2.0% Ramsey,risk_aversion,combined,0,4647.857973954552,0.08481195918851349
859,euler_ramsey,0.5,2.5% Ramsey,risk_aversion,combined,0,3306.7537663187845,0.05724906065863993
860,euler_ramsey,0.5,1.5% Ramsey,risk_aversion,combined,0,623.6539538474217,0.794680980501785
860,euler_ramsey,0.5,2.0% Ramsey,risk_aversion,combined,0,588.8847183536005,0.717818318324995
860,euler_ramsey,0.5,2.5% Ramsey,risk_aversion,combined,0,487.3786906139424,0.6561610333024639
861,euler_ramsey,0.5,1.5% Ramsey,risk_aversion,combined,0,3365.7852959720544,0.20316093718831635
861,euler_ramsey,0.5,2.0% Ramsey,risk_aversion,combined,0,2356.8828768872518,0.13505959440405027
861,euler_ramsey,0.5,2.5% Ramsey,risk_aversion,combined,0,1671.3733823321757,0.09739097966103258
862,euler_ramsey,0.5,1.5% Ramsey,risk_aversion,combined,0,3658.6931198625844,0.25202526317139273
862,euler_ramsey,0.5,2.0% Ramsey,risk_aversion,combined,0,2215.6634422511906,0.1757860514798959
862,euler_ramsey,0.5,2.5% Ramsey,risk_aversion,combined,0,1410.5192348883127,0.1315497826343158
863,euler_ramsey,0.5,1.5% Ramsey,risk_aversion,combined,0,372.57787663876513,0.9179626242600113
863,euler_ramsey,0.5,2.0% Ramsey,risk_aversion,combined,0,356.0763889436606,0.856440022430315
863,euler_ramsey,0.5,2.5% Ramsey,risk_aversion,combined,0,288.5085611033718,0.8026516493617029
864,euler_ramsey,0.5,1.5% Ramsey,risk_aversion,combined,0,-366.7878063903381,0.514174666089256
864,euler_ramsey,0.5,2.0% Ramsey,risk_aversion,combined,0,-284.0109563629189,0.4208988964011829
864,euler_ramsey,0.5,2.5% Ramsey,risk_aversion,combined,0,-214.5015857424506,0.3564846372250373
865,euler_ramsey,0.5,1.5% Ramsey,risk_aversion,combined,0,1802.4873913553643,0.46111686845320415
865,euler_ramsey,0.5,2.0% Ramsey,risk_aversion,combined,0,1000.1876013667137,0.36829860253283736
865,euler_ramsey,0.5,2.5% Ramsey,risk_aversion,combined,0,585.6685762547227,0.3060615719407722
866,euler_ramsey,0.5,1.5% Ramsey,risk_aversion,combined,0,1369.0514760886913,0.66090118470962
866,euler_ramsey,0.5,2.0% Ramsey,risk_aversion,combined,0,1087.0193796930564,0.5735433284547198
866,euler_ramsey,0.5,2.5% Ramsey,risk_aversion,combined,0,817.3162903258952,0.5083151124775502
867,euler_ramsey,0.5,1.5% Ramsey,risk_aversion,combined,0,592.4855222785092,0.9735255601128937
867,euler_ramsey,0.5,2.0% Ramsey,risk_aversion,combined,0,414.12127910220966,0.9204344964280371
867,euler_ramsey,0.5,2.5% Ramsey,risk_aversion,combined,0,282.1998925320913,0.8715883177292499
868,euler_ramsey,0.5,1.5% Ramsey,risk_aversion,combined,0,823.7164689640484,1.348055755071741
868,euler_ramsey,0.5,2.0% Ramsey,risk_aversion,combined,0,410.6174656313317,1.3720126032860422
868,euler_ramsey,0.5,2.5% Ramsey,risk_aversion,combined,0,234.30085618405917,1.3754618107759087
869,euler_ramsey,0.5,1.5% Ramsey,risk_aversion,combined,0,9010.21400390881,0.20185081795276183
869,euler_ramsey,0.5,2.0% Ramsey,risk_aversion,combined,0,4168.019107852296,0.13457036540546102
869,euler_ramsey,0.5,2.5% Ramsey,risk_aversion,combined,0,2520.7706058399713,0.09729000711338248
870,euler_ramsey,0.5,1.5% Ramsey,risk_aversion,combined,0,1089.5021935931336,1.579396677856138
870,euler_ramsey,0.5,2.0% Ramsey,risk_aversion,combined,0,854.7649236614975,1.668254969720469
870,euler_ramsey,0.5,2.5% Ramsey,risk_aversion,combined,0,657.9066731091984,1.7215932384732753
871,euler_ramsey,0.5,1.5% Ramsey,risk_aversion,combined,0,-639.2520917972224,0.5816673344590844
871,euler_ramsey,0.5,2.0% Ramsey,risk_aversion,combined,0,-427.70749299076715,0.48967259530835916
871,euler_ramsey,0.5,2.5% Ramsey,risk_aversion,combined,0,-287.08953321590343,0.42382345010681755
872,euler_ramsey,0.5,1.5% Ramsey,risk_aversion,combined,0,569.0130775665826,1.2164875513488074
872,euler_ramsey,0.5,2.0% Ramsey,risk_aversion,combined,0,512.3916338197218,1.2100110162554643
872,euler_ramsey,0.5,2.5% Ramsey,risk_aversion,combined,0,410.7975785026037,1.1916896357773308
873,euler_ramsey,0.5,1.5% Ramsey,risk_aversion,combined,0,1521.0760364649136,0.345280592414418
873,euler_ramsey,0.5,2.0% Ramsey,risk_aversion,combined,0,1007.7935517775777,0.25853935323299415
873,euler_ramsey,0.5,2.5% Ramsey,risk_aversion,combined,0,679.1420275435615,0.2043963971461479
874,euler_ramsey,0.5,1.5% Ramsey,risk_aversion,combined,0,1098.567206409094,1.6149122043931101
874,euler_ramsey,0.5,2.0% Ramsey,risk_aversion,combined,0,737.6221443341044,1.7131550494172938
874,euler_ramsey,0.5,2.5% Ramsey,risk_aversion,combined,0,489.36708914931916,1.7736424645211406
875,euler_ramsey,0.5,1.5% Ramsey,risk_aversion,combined,0,-108.48906835301295,0.8388006675597188
875,euler_ramsey,0.5,2.0% Ramsey,risk_aversion,combined,0,-76.77043369702633,0.7679179004575153
875,euler_ramsey,0.5,2.5% Ramsey,risk_aversion,combined,0,-50.775677436544186,0.7092793760932385
876,euler_ramsey,0.5,1.5% Ramsey,risk_aversion,combined,0,-525.3492727125262,0.45358226458257955
876,euler_ramsey,0.5,2.0% Ramsey,risk_aversion,combined,0,-315.79688292622706,0.36094760845575774
876,euler_ramsey,0.5,2.5% Ramsey,risk_aversion,combined,0,-202.6517892286885,0.2990940310233084
877,euler_ramsey,0.5,1.5% Ramsey,risk_aversion,combined,0,-1291.9100884247391,0.19700874275272956
877,euler_ramsey,0.5,2.0% Ramsey,risk_aversion,combined,0,-643.521033522349,0.1300052981338144
877,euler_ramsey,0.5,2.5% Ramsey,risk_aversion,combined,0,-423.0318309656496,0.0932049305463519
878,euler_ramsey,0.5,1.5% Ramsey,risk_aversion,combined,0,3582.8572822187025,0.3665849374208872
878,euler_ramsey,0.5,2.0% Ramsey,risk_aversion,combined,0,3649.9097494819644,0.27855304045274
878,euler_ramsey,0.5,2.5% Ramsey,risk_aversion,combined,0,3120.7546748350037,0.2227604440280987
879,euler_ramsey,0.5,1.5% Ramsey,risk_aversion,combined,0,279.7881980197866,1.0259578289351237
879,euler_ramsey,0.5,2.0% Ramsey,risk_aversion,combined,0,248.05709633514397,0.9820792942104267
879,euler_ramsey,0.5,2.5% Ramsey,risk_aversion,combined,0,200.3302370881539,0.9390251132716552
880,euler_ramsey,0.5,1.5% Ramsey,risk_aversion,combined,0,260.2855282725311,1.9616763127197905
880,euler_ramsey,0.5,2.0% Ramsey,risk_aversion,combined,0,163.4136401285765,2.172438381948407
880,euler_ramsey,0.5,2.5% Ramsey,risk_aversion,combined,0,110.97657665987255,2.324884567273943
881,euler_ramsey,0.5,1.5% Ramsey,risk_aversion,combined,0,396.4465108349897,1.3136212356549546
881,euler_ramsey,0.5,2.0% Ramsey,risk_aversion,combined,0,333.33787773974905,1.3287933782806283
881,euler_ramsey,0.5,2.5% Ramsey,risk_aversion,combined,0,263.05182506852617,1.3258723579434906
882,euler_ramsey,0.5,1.5% Ramsey,risk_aversion,combined,0,-132.18656781442053,0.7185488835423692
882,euler_ramsey,0.5,2.0% Ramsey,risk_aversion,combined,0,-123.1442578960553,0.6340975643404008
882,euler_ramsey,0.5,2.5% Ramsey,risk_aversion,combined,0,-97.90643959092677,0.5691895894508542
883,euler_ramsey,0.5,1.5% Ramsey,risk_aversion,combined,0,549.9373688148362,1.4963514777610007
883,euler_ramsey,0.5,2.0% Ramsey,risk_aversion,combined,0,437.12979127356175,1.559032684892705
883,euler_ramsey,0.5,2.5% Ramsey,risk_aversion,combined,0,334.36750360770696,1.5916523303316248
884,euler_ramsey,0.5,1.5% Ramsey,risk_aversion,combined,0,953.2122505528621,1.631900061221118
884,euler_ramsey,0.5,2.0% Ramsey,risk_aversion,combined,0,822.7894941044098,1.734696443432976
884,euler_ramsey,0.5,2.5% Ramsey,risk_aversion,combined,0,658.1434450133785,1.7986589941628424
885,euler_ramsey,0.5,1.5% Ramsey,risk_aversion,combined,0,895.7554983823073,0.5160234201190006
885,euler_ramsey,0.5,2.0% Ramsey,risk_aversion,combined,0,729.1187808873223,0.42292163580400516
885,euler_ramsey,0.5,2.5% Ramsey,risk_aversion,combined,0,538.3338463671037,0.35855332044844707
886,euler_ramsey,0.5,1.5% Ramsey,risk_aversion,combined,0,2526.727161436242,1.360119837932293
886,euler_ramsey,0.5,2.0% Ramsey,risk_aversion,combined,0,1957.7064202191782,1.3879456481219383
886,euler_ramsey,0.5,2.5% Ramsey,risk_aversion,combined,0,1327.990163861939,1.394372130576324
887,euler_ramsey,0.5,1.5% Ramsey,risk_aversion,combined,0,1975.2671404189298,1.2048855084486239
887,euler_ramsey,0.5,2.0% Ramsey,risk_aversion,combined,0,1468.5371119306994,1.1981516666746244
887,euler_ramsey,0.5,2.5% Ramsey,risk_aversion,combined,0,1029.3826409336955,1.1800109845575817
888,euler_ramsey,0.5,1.5% Ramsey,risk_aversion,combined,0,287.34380939107825,1.9445875693328052
888,euler_ramsey,0.5,2.0% Ramsey,risk_aversion,combined,0,197.33446070958234,2.1491358106940677
888,euler_ramsey,0.5,2.5% Ramsey,risk_aversion,combined,0,131.92777762560377,2.296372640638266
889,euler_ramsey,0.5,1.5% Ramsey,risk_aversion,combined,0,-78.33827552964283,0.7310031014790371
889,euler_ramsey,0.5,2.0% Ramsey,risk_aversion,combined,0,-53.12606087019667,0.6482348094502529
889,euler_ramsey,0.5,2.5% Ramsey,risk_aversion,combined,0,-32.65992668607224,0.5841181936805381
890,euler_ramsey,0.5,1.5% Ramsey,risk_aversion,combined,0,241.95473895312114,2.1182141122156835
890,euler_ramsey,0.5,2.0% Ramsey,risk_aversion,combined,0,158.38877403709697,2.386577141773709
890,euler_ramsey,0.5,2.5% Ramsey,risk_aversion,combined,0,110.21756017146112,2.5882970244050725
891,euler_ramsey,0.5,1.5% Ramsey,risk_aversion,combined,0,128.78668121441308,1.7801723223954107
891,euler_ramsey,0.5,2.0% Ramsey,risk_aversion,combined,0,110.13451748908703,1.9288343165184494
891,euler_ramsey,0.5,2.5% Ramsey,risk_aversion,combined,0,94.66699044879786,2.029590151476051
892,euler_ramsey,0.5,1.5% Ramsey,risk_aversion,combined,0,220.28740758304747,1.341488378195368
892,euler_ramsey,0.5,2.0% Ramsey,risk_aversion,combined,0,241.3220205193834,1.3631802793495778
892,euler_ramsey,0.5,2.5% Ramsey,risk_aversion,combined,0,225.04773249789548,1.3648380095739174
893,euler_ramsey,0.5,1.5% Ramsey,risk_aversion,combined,0,434.6720718425275,1.3552973186886934
893,euler_ramsey,0.5,2.0% Ramsey,risk_aversion,combined,0,346.98389146542047,1.3811494041637336
893,euler_ramsey,0.5,2.5% Ramsey,risk_aversion,combined,0,260.0335924544908,1.38599313265174
894,euler_ramsey,0.5,1.5% Ramsey,risk_aversion,combined,0,1018.4014565472725,0.25109538644406937
894,euler_ramsey,0.5,2.0% Ramsey,risk_aversion,combined,0,584.7938294604148,0.1749103155677605
894,euler_ramsey,0.5,2.5% Ramsey,risk_aversion,combined,0,356.6612205059699,0.13075623537591005
895,euler_ramsey,0.5,1.5% Ramsey,risk_aversion,combined,0,767.3601862507536,1.9951366116720008
895,euler_ramsey,0.5,2.0% Ramsey,risk_aversion,combined,0,471.951190191495,2.217939887957189
895,euler_ramsey,0.5,2.5% Ramsey,risk_aversion,combined,0,293.239706945335,2.38053627755157
896,euler_ramsey,0.5,1.5% Ramsey,risk_aversion,combined,0,4174.725708470103,0.13751524381855904
896,euler_ramsey,0.5,2.0% Ramsey,risk_aversion,combined,0,2720.3315341225352,0.08367016738710122
896,euler_ramsey,0.5,2.5% Ramsey,risk_aversion,combined,0,1789.806623047517,0.05633473770991438
897,euler_ramsey,0.5,1.5% Ramsey,risk_aversion,combined,0,778.5117631764493,0.5109687922985272
897,euler_ramsey,0.5,2.0% Ramsey,risk_aversion,combined,0,636.8189006419631,0.4183118440481866
897,euler_ramsey,0.5,2.5% Ramsey,risk_aversion,combined,0,505.5057430466626,0.35437609009106896
898,euler_ramsey,0.5,1.5% Ramsey,risk_aversion,combined,0,147.5521317819803,1.405372491364165
898,euler_ramsey,0.5,2.0% Ramsey,risk_aversion,combined,0,111.98105133646553,1.4436383326635862
898,euler_ramsey,0.5,2.5% Ramsey,risk_aversion,combined,0,91.42546925564103,1.457609053303579
899,euler_ramsey,0.5,1.5% Ramsey,risk_aversion,combined,0,221.75149482585238,1.7530955590264137
899,euler_ramsey,0.5,2.0% Ramsey,risk_aversion,combined,0,183.27522333287058,1.8928868201198763
899,euler_ramsey,0.5,2.5% Ramsey,risk_aversion,combined,0,138.09590629738776,1.9863420971189758
900,euler_ramsey,0.5,1.5% Ramsey,risk_aversion,combined,0,27.46400244319489,0.9106557741934838
900,euler_ramsey,0.5,2.0% Ramsey,risk_aversion,combined,0,28.66472959446633,0.8488928028714061
900,euler_ramsey,0.5,2.5% Ramsey,risk_aversion,combined,0,32.049920400932486,0.7950834791475201
901,euler_ramsey,0.5,1.5% Ramsey,risk_aversion,combined,0,573.7953397071153,1.5391481336216761
901,euler_ramsey,0.5,2.0% Ramsey,risk_aversion,combined,0,423.03262191877246,1.6143826237355707
901,euler_ramsey,0.5,2.5% Ramsey,risk_aversion,combined,0,295.23409600325544,1.6567212516024035
902,euler_ramsey,0.5,1.5% Ramsey,risk_aversion,combined,0,1594.4048867368913,0.47876288592302196
902,euler_ramsey,0.5,2.0% Ramsey,risk_aversion,combined,0,793.5030963746397,0.3857301516543658
902,euler_ramsey,0.5,2.5% Ramsey,risk_aversion,combined,0,442.8544630223281,0.32271759636252717
903,euler_ramsey,0.5,1.5% Ramsey,risk_aversion,combined,0,6162.767973267733,0.6371057739553448
903,euler_ramsey,0.5,2.0% Ramsey,risk_aversion,combined,0,3541.583795563617,0.548275008739611
903,euler_ramsey,0.5,2.5% Ramsey,risk_aversion,combined,0,2038.6589184265401,0.48277541130421253
904,euler_ramsey,0.5,1.5% Ramsey,risk_aversion,combined,0,584.1325672820976,1.9350041608413842
904,euler_ramsey,0.5,2.0% Ramsey,risk_aversion,combined,0,475.8178134842694,2.1370677923863095
904,euler_ramsey,0.5,2.5% Ramsey,risk_aversion,combined,0,365.226759912233,2.282363762162993
905,euler_ramsey,0.5,1.5% Ramsey,risk_aversion,combined,0,628.7114477883429,0.9283197415452532
905,euler_ramsey,0.5,2.0% Ramsey,risk_aversion,combined,0,448.6377162780641,0.8683021303642955
905,euler_ramsey,0.5,2.5% Ramsey,risk_aversion,combined,0,323.2277160324505,0.8153791017987031
906,euler_ramsey,0.5,1.5% Ramsey,risk_aversion,combined,0,162.90877499269104,2.071363808099007
906,euler_ramsey,0.5,2.0% Ramsey,risk_aversion,combined,0,112.42177772124847,2.3220119881899155
906,euler_ramsey,0.5,2.5% Ramsey,risk_aversion,combined,0,76.93691832937134,2.508378880317496
907,euler_ramsey,0.5,1.5% Ramsey,risk_aversion,combined,0,801.7711626551069,0.5207320180263386
907,euler_ramsey,0.5,2.0% Ramsey,risk_aversion,combined,0,405.15361923927907,0.42740301095846767
907,euler_ramsey,0.5,2.5% Ramsey,risk_aversion,combined,0,240.70487186870125,0.3627397538268029
908,euler_ramsey,0.5,1.5% Ramsey,risk_aversion,combined,0,3524.613649625108,0.29541110217618
908,euler_ramsey,0.5,2.0% Ramsey,risk_aversion,combined,0,2037.1680624451863,0.21350340790433156
908,euler_ramsey,0.5,2.5% Ramsey,risk_aversion,combined,0,1230.3507080643883,0.1642267222547988
909,euler_ramsey,0.5,1.5% Ramsey,risk_aversion,combined,0,-791.758982736448,0.4016353245016902
909,euler_ramsey,0.5,2.0% Ramsey,risk_aversion,combined,0,-625.6868616108328,0.3109986468819339
909,euler_ramsey,0.5,2.5% Ramsey,risk_aversion,combined,0,-424.0696319682857,0.2523217267599636
910,euler_ramsey,0.5,1.5% Ramsey,risk_aversion,combined,0,263.7224794901632,1.1302575239620236
910,euler_ramsey,0.5,2.0% Ramsey,risk_aversion,combined,0,183.08855066575504,1.1058100199123109
910,euler_ramsey,0.5,2.5% Ramsey,risk_aversion,combined,0,117.50563325492656,1.0752897755974935
911,euler_ramsey,0.5,1.5% Ramsey,risk_aversion,combined,0,-1045.6202022738112,0.33944209211927134
911,euler_ramsey,0.5,2.0% Ramsey,risk_aversion,combined,0,-589.4170019273089,0.2530803958687815
911,euler_ramsey,0.5,2.5% Ramsey,risk_aversion,combined,0,-336.15611093407966,0.19940545222854658
912,euler_ramsey,0.5,1.5% Ramsey,risk_aversion,combined,0,-224.33260170747508,1.1502252051423791
912,euler_ramsey,0.5,2.0% Ramsey,risk_aversion,combined,0,-164.29095834248096,1.1298345457501917
912,euler_ramsey,0.5,2.5% Ramsey,risk_aversion,combined,0,-107.58649738833077,1.1019400036552796
913,euler_ramsey,0.5,1.5% Ramsey,risk_aversion,combined,0,1824.0815708476957,0.44172122228982674
913,euler_ramsey,0.5,2.0% Ramsey,risk_aversion,combined,0,675.3344072514429,0.3494657779669395
913,euler_ramsey,0.5,2.5% Ramsey,risk_aversion,combined,0,330.5682971423083,0.2882860772024888
914,euler_ramsey,0.5,1.5% Ramsey,risk_aversion,combined,0,1540.8958769632354,0.5936587956537653
914,euler_ramsey,0.5,2.0% Ramsey,risk_aversion,combined,0,1223.0853183418067,0.5028224430653806
914,euler_ramsey,0.5,2.5% Ramsey,risk_aversion,combined,0,889.1629976405547,0.437338154173127
915,euler_ramsey,0.5,1.5% Ramsey,risk_aversion,combined,0,803.9934428666296,0.9344281950331625
915,euler_ramsey,0.5,2.0% Ramsey,risk_aversion,combined,0,568.3457028631761,0.8755016471589325
915,euler_ramsey,0.5,2.5% Ramsey,risk_aversion,combined,0,413.9128812769026,0.8232404152896696
916,euler_ramsey,0.5,1.5% Ramsey,risk_aversion,combined,0,-88.58838509961737,1.5400274716749827
916,euler_ramsey,0.5,2.0% Ramsey,risk_aversion,combined,0,-50.85046325401699,1.6154538558223803
916,euler_ramsey,0.5,2.5% Ramsey,risk_aversion,combined,0,-22.351289760665022,1.6577535238566372
917,euler_ramsey,0.5,1.5% Ramsey,risk_aversion,combined,0,311.65784556523363,1.2045112742593276
917,euler_ramsey,0.5,2.0% Ramsey,risk_aversion,combined,0,226.14561106396084,1.1951024043869771
917,euler_ramsey,0.5,2.5% Ramsey,risk_aversion,combined,0,158.9617598330446,1.1747795937246124
918,euler_ramsey,0.5,1.5% Ramsey,risk_aversion,combined,0,239.6292057188224,0.7125109369140522
918,euler_ramsey,0.5,2.0% Ramsey,risk_aversion,combined,0,222.76479946349053,0.6278427371545139
918,euler_ramsey,0.5,2.5% Ramsey,risk_aversion,combined,0,196.45304950912515,0.562982224145145
919,euler_ramsey,0.5,1.5% Ramsey,risk_aversion,combined,0,358.5692533330806,1.0092864023327752
919,euler_ramsey,0.5,2.0% Ramsey,risk_aversion,combined,0,268.42246586626095,0.9629975124040376
919,euler_ramsey,0.5,2.5% Ramsey,risk_aversion,combined,0,189.8454107208448,0.9184756493830201
920,euler_ramsey,0.5,1.5% Ramsey,risk_aversion,combined,0,4022.796595256498,0.28914944524616043
920,euler_ramsey,0.5,2.0% Ramsey,risk_aversion,combined,0,2262.9254140965018,0.20835776476604623
920,euler_ramsey,0.5,2.5% Ramsey,risk_aversion,combined,0,1375.4330684296976,0.15992920554991888
921,euler_ramsey,0.5,1.5% Ramsey,risk_aversion,combined,0,105.0888161705771,1.5967633430016355
921,euler_ramsey,0.5,2.0% Ramsey,risk_aversion,combined,0,71.86859670911684,1.6882376271439048
921,euler_ramsey,0.5,2.5% Ramsey,risk_aversion,combined,0,52.01097944947915,1.7430735318760073
922,euler_ramsey,0.5,1.5% Ramsey,risk_aversion,combined,0,-166.8345432382196,1.4184021105773115
922,euler_ramsey,0.5,2.0% Ramsey,risk_aversion,combined,0,-90.82013326482712,1.4604230324923393
922,euler_ramsey,0.5,2.5% Ramsey,risk_aversion,combined,0,-44.03583745682188,1.4772300490721515
923,euler_ramsey,0.5,1.5% Ramsey,risk_aversion,combined,0,631.499022813058,1.9681911837773207
923,euler_ramsey,0.5,2.0% Ramsey,risk_aversion,combined,0,417.81898029029406,2.182392997606762
923,euler_ramsey,0.5,2.5% Ramsey,risk_aversion,combined,0,280.99286728957156,2.3380057206261955
924,euler_ramsey,0.5,1.5% Ramsey,risk_aversion,combined,0,319.2216865971605,0.8002981617675016
924,euler_ramsey,0.5,2.0% Ramsey,risk_aversion,combined,0,262.8093572542475,0.7244661879854286
924,euler_ramsey,0.5,2.5% Ramsey,risk_aversion,combined,0,197.36426414412446,0.6633815101060506
925,euler_ramsey,0.5,1.5% Ramsey,risk_aversion,combined,0,964.0854264871545,1.2093587231992025
925,euler_ramsey,0.5,2.0% Ramsey,risk_aversion,combined,0,747.15954320717,1.2019805333878097
925,euler_ramsey,0.5,2.5% Ramsey,risk_aversion,combined,0,565.1086667878479,1.1832056587111022
926,euler_ramsey,0.5,1.5% Ramsey,risk_aversion,combined,0,268.1409338894301,3.328787222510997
926,euler_ramsey,0.5,2.0% Ramsey,risk_aversion,combined,0,230.88383673753154,4.152586549967198
926,euler_ramsey,0.5,2.5% Ramsey,risk_aversion,combined,0,188.67775349535353,4.872702028098034
927,euler_ramsey,0.5,1.5% Ramsey,risk_aversion,combined,0,202.64661729893,0.4136422038913137
927,euler_ramsey,0.5,2.0% Ramsey,risk_aversion,combined,0,122.38712531237601,0.3223638124378862
927,euler_ramsey,0.5,2.5% Ramsey,risk_aversion,combined,0,79.28376171593273,0.26284286167118975
928,euler_ramsey,0.5,1.5% Ramsey,risk_aversion,combined,0,634.5846247882662,0.32808772944966225
928,euler_ramsey,0.5,2.0% Ramsey,risk_aversion,combined,0,363.58320621640564,0.24270879280042518
928,euler_ramsey,0.5,2.5% Ramsey,risk_aversion,combined,0,216.02461516777083,0.19007948964025298
929,euler_ramsey,0.5,1.5% Ramsey,risk_aversion,combined,0,-318.26845402747995,0.5026546801347781
929,euler_ramsey,0.5,2.0% Ramsey,risk_aversion,combined,0,-215.36075333587476,0.40934699349636905
929,euler_ramsey,0.5,2.5% Ramsey,risk_aversion,combined,0,-128.31696795660542,0.34531752986196057
930,euler_ramsey,0.5,1.5% Ramsey,risk_aversion,combined,0,137.2421160340264,1.9898908922797793
930,euler_ramsey,0.5,2.0% Ramsey,risk_aversion,combined,0,91.08641409720596,2.2106006221160452
930,euler_ramsey,0.5,2.5% Ramsey,risk_aversion,combined,0,63.03968511030296,2.3714355252694292
931,euler_ramsey,0.5,1.5% Ramsey,risk_aversion,combined,0,2784.844607771062,0.3055962436268903
931,euler_ramsey,0.5,2.0% Ramsey,risk_aversion,combined,0,1485.407069941066,0.22255181812022268
931,euler_ramsey,0.5,2.5% Ramsey,risk_aversion,combined,0,884.0975244393896,0.17219719920393914
932,euler_ramsey,0.5,1.5% Ramsey,risk_aversion,combined,0,1427.0264272551785,0.1976760665693973
932,euler_ramsey,0.5,2.0% Ramsey,risk_aversion,combined,0,560.9145451323058,0.1304944946754224
932,euler_ramsey,0.5,2.5% Ramsey,risk_aversion,combined,0,302.5487136742327,0.09358163277483394
933,euler_ramsey,0.5,1.5% Ramsey,risk_aversion,combined,0,-312.56665021370804,0.19729786879599898
933,euler_ramsey,0.5,2.0% Ramsey,risk_aversion,combined,0,-104.41553444309564,0.13018253334887772
933,euler_ramsey,0.5,2.5% Ramsey,risk_aversion,combined,0,-48.23576947714678,0.09332248316441576
934,euler_ramsey,0.5,1.5% Ramsey,risk_aversion,combined,0,128.46353707598755,3.9115513704692173
934,euler_ramsey,0.5,2.0% Ramsey,risk_aversion,combined,0,110.1100268862827,5.058414831025457
934,euler_ramsey,0.5,2.5% Ramsey,risk_aversion,combined,0,92.43861289325241,6.102782047156676
935,euler_ramsey,0.5,1.5% Ramsey,risk_aversion,combined,0,224.20573573249905,1.7065009760142773
935,euler_ramsey,0.5,2.0% Ramsey,risk_aversion,combined,0,217.94178760496553,1.8317506740550062
935,euler_ramsey,0.5,2.5% Ramsey,risk_aversion,combined,0,195.31293298073982,1.913598104345762
936,euler_ramsey,0.5,1.5% Ramsey,risk_aversion,combined,0,549.2098001230073,1.0752402824004856
936,euler_ramsey,0.5,2.0% Ramsey,risk_aversion,combined,0,427.18516634460303,1.0395559123312963
936,euler_ramsey,0.5,2.5% Ramsey,risk_aversion,combined,0,303.7168757426057,1.0015617831104127
937,euler_ramsey,0.5,1.5% Ramsey,risk_aversion,combined,0,10948.407219279998,0.336865828278106
937,euler_ramsey,0.5,2.0% Ramsey,risk_aversion,combined,0,6572.484218000515,0.25175840208889133
937,euler_ramsey,0.5,2.5% Ramsey,risk_aversion,combined,0,3779.339521697329,0.19880909659402024
938,euler_ramsey,0.5,1.5% Ramsey,risk_aversion,combined,0,69.78120681403463,1.0583375683517409
938,euler_ramsey,0.5,2.0% Ramsey,risk_aversion,combined,0,47.06180941923,1.019458342593595
938,euler_ramsey,0.5,2.5% Ramsey,risk_aversion,combined,0,33.975763414163744,0.9793197049116424
939,euler_ramsey,0.5,1.5% Ramsey,risk_aversion,combined,0,190.86768215614705,2.811381499071609
939,euler_ramsey,0.5,2.0% Ramsey,risk_aversion,combined,0,117.25833846976954,3.3756874949671776
939,euler_ramsey,0.5,2.5% Ramsey,risk_aversion,combined,0,80.71200562282112,3.8456253819400605
940,euler_ramsey,0.5,1.5% Ramsey,risk_aversion,combined,0,973.182122672694,0.6164772985199407
940,euler_ramsey,0.5,2.0% Ramsey,risk_aversion,combined,0,717.9572129881643,0.5265508410626474
940,euler_ramsey,0.5,2.5% Ramsey,risk_aversion,combined,0,525.6518455945289,0.4609502155396558
941,euler_ramsey,0.5,1.5% Ramsey,risk_aversion,combined,0,154.83358672481558,0.4917960827420393
941,euler_ramsey,0.5,2.0% Ramsey,risk_aversion,combined,0,135.19212445629316,0.39857554213932384
941,euler_ramsey,0.5,2.5% Ramsey,risk_aversion,combined,0,113.16449452962765,0.33498220569980836
942,euler_ramsey,0.5,1.5% Ramsey,risk_aversion,combined,0,242.67417836936667,1.8528585509657631
942,euler_ramsey,0.5,2.0% Ramsey,risk_aversion,combined,0,167.36429758361928,2.025621774326075
942,euler_ramsey,0.5,2.5% Ramsey,risk_aversion,combined,0,114.15246157774878,2.1461653083498087
943,euler_ramsey,0.5,1.5% Ramsey,risk_aversion,combined,0,102.59353684848993,2.0761955613367107
943,euler_ramsey,0.5,2.0% Ramsey,risk_aversion,combined,0,78.83134297139132,2.3286990258445024
943,euler_ramsey,0.5,2.5% Ramsey,risk_aversion,combined,0,59.416355077296835,2.5166893945184197
944,euler_ramsey,0.5,1.5% Ramsey,risk_aversion,combined,0,379.99538771921846,0.4921788699037368
944,euler_ramsey,0.5,2.0% Ramsey,risk_aversion,combined,0,340.1042306890945,0.3994585316492854
944,euler_ramsey,0.5,2.5% Ramsey,risk_aversion,combined,0,276.0853334510332,0.33613951120681235
945,euler_ramsey,0.5,1.5% Ramsey,risk_aversion,combined,0,234.1574832889526,1.4062362814803964
945,euler_ramsey,0.5,2.0% Ramsey,risk_aversion,combined,0,185.8551059439528,1.4446964686953463
945,euler_ramsey,0.5,2.5% Ramsey,risk_aversion,combined,0,141.10420168408774,1.4588068258401472
946,euler_ramsey,0.5,1.5% Ramsey,risk_aversion,combined,0,576.9232421269659,1.0858121665944183
946,euler_ramsey,0.5,2.0% Ramsey,risk_aversion,combined,0,368.64164042782176,1.0514217939608463
946,euler_ramsey,0.5,2.5% Ramsey,risk_aversion,combined,0,229.63929657688192,1.01408358165839
947,euler_ramsey,0.5,1.5% Ramsey,risk_aversion,combined,0,4061.0592825604963,0.5082967103593035
947,euler_ramsey,0.5,2.0% Ramsey,risk_aversion,combined,0,2586.425480611463,0.4157281898473696
947,euler_ramsey,0.5,2.5% Ramsey,risk_aversion,combined,0,1571.6855346798045,0.35193540311381794
948,euler_ramsey,0.5,1.5% Ramsey,risk_aversion,combined,0,193.92798489944494,1.403934455163269
948,euler_ramsey,0.5,2.0% Ramsey,risk_aversion,combined,0,136.10611611352385,1.441935087411158
948,euler_ramsey,0.5,2.5% Ramsey,risk_aversion,combined,0,92.8246370651022,1.4557387729575721
949,euler_ramsey,0.5,1.5% Ramsey,risk_aversion,combined,0,629.0460872547725,0.6961340334467566
949,euler_ramsey,0.5,2.0% Ramsey,risk_aversion,combined,0,344.40259951185527,0.6103565667141811
949,euler_ramsey,0.5,2.5% Ramsey,risk_aversion,combined,0,191.19658489835447,0.5451756883669525
950,euler_ramsey,0.5,1.5% Ramsey,risk_aversion,combined,0,-262.2378369688143,0.720799245658488
950,euler_ramsey,0.5,2.0% Ramsey,risk_aversion,combined,0,-165.94310473056544,0.6365301649467517
950,euler_ramsey,0.5,2.5% Ramsey,risk_aversion,combined,0,-98.57554051514394,0.5716933532471766
951,euler_ramsey,0.5,1.5% Ramsey,risk_aversion,combined,0,223.23581632055402,1.5051942620602572
951,euler_ramsey,0.5,2.0% Ramsey,risk_aversion,combined,0,165.6082945043769,1.5705501102210653
951,euler_ramsey,0.5,2.5% Ramsey,risk_aversion,combined,0,117.84409479279138,1.6051097652076518
952,euler_ramsey,0.5,1.5% Ramsey,risk_aversion,combined,0,7891.563923682442,0.2283776709973819
952,euler_ramsey,0.5,2.0% Ramsey,risk_aversion,combined,0,3879.789350676559,0.15640838805522547
952,euler_ramsey,0.5,2.5% Ramsey,risk_aversion,combined,0,2403.5914690028158,0.11544760075115901
953,euler_ramsey,0.5,1.5% Ramsey,risk_aversion,combined,0,1122.232982863269,0.6529599875106568
953,euler_ramsey,0.5,2.0% Ramsey,risk_aversion,combined,0,706.7839052602595,0.5648574420720508
953,euler_ramsey,0.5,2.5% Ramsey,risk_aversion,combined,0,459.1458631972913,0.4994313275913939
954,euler_ramsey,0.5,1.5% Ramsey,risk_aversion,combined,0,2776.370399145129,0.7692662874038787
954,euler_ramsey,0.5,2.0% Ramsey,risk_aversion,combined,0,2062.745932803816,0.6921336092171985
954,euler_ramsey,0.5,2.5% Ramsey,risk_aversion,combined,0,1484.674847418504,0.6309541230148635
955,euler_ramsey,0.5,1.5% Ramsey,risk_aversion,combined,0,3316.6463554762763,0.3779677571393608
955,euler_ramsey,0.5,2.0% Ramsey,risk_aversion,combined,0,2980.2773429328986,0.28918240247738797
955,euler_ramsey,0.5,2.5% Ramsey,risk_aversion,combined,0,2326.7959430387205,0.2324937762371457
956,euler_ramsey,0.5,1.5% Ramsey,risk_aversion,combined,0,719.1462153658554,2.750938334757196
956,euler_ramsey,0.5,2.0% Ramsey,risk_aversion,combined,0,450.9520499080839,3.288358470705052
956,euler_ramsey,0.5,2.5% Ramsey,risk_aversion,combined,0,286.4699577955393,3.7334677629235555
957,euler_ramsey,0.5,1.5% Ramsey,risk_aversion,combined,0,1140.3475696065525,0.6915107771997594
957,euler_ramsey,0.5,2.0% Ramsey,risk_aversion,combined,0,1137.2305819006472,0.606290124148115
957,euler_ramsey,0.5,2.5% Ramsey,risk_aversion,combined,0,979.6365494414905,0.5416945470754487
958,euler_ramsey,0.5,1.5% Ramsey,risk_aversion,combined,0,-1704.7508406024356,0.3123885768029332
958,euler_ramsey,0.5,2.0% Ramsey,risk_aversion,combined,0,-1107.8852735249368,0.22871342739471484
958,euler_ramsey,0.5,2.5% Ramsey,risk_aversion,combined,0,-724.0691572636645,0.17769545865560354
959,euler_ramsey,0.5,1.5% Ramsey,risk_aversion,combined,0,-2322.416027540402,0.42975220855561824
959,euler_ramsey,0.5,2.0% Ramsey,risk_aversion,combined,0,-1984.334980877868,0.337975575896915
959,euler_ramsey,0.5,2.5% Ramsey,risk_aversion,combined,0,-1523.1158354020565,0.2775227536091028
960,euler_ramsey,0.5,1.5% Ramsey,risk_aversion,combined,0,236.8564553105924,0.6408772071720447
960,euler_ramsey,0.5,2.0% Ramsey,risk_aversion,combined,0,181.8425862996072,0.5518617394460515
960,euler_ramsey,0.5,2.5% Ramsey,risk_aversion,combined,0,137.92729172612133,0.4861214125871935
961,euler_ramsey,0.5,1.5% Ramsey,risk_aversion,combined,0,41.38650001847513,0.7054598215695072
961,euler_ramsey,0.5,2.0% Ramsey,risk_aversion,combined,0,30.0516187136847,0.6209685639578347
961,euler_ramsey,0.5,2.5% Ramsey,risk_aversion,combined,0,20.445478696468918,0.5563730486863503
962,euler_ramsey,0.5,1.5% Ramsey,risk_aversion,combined,0,1922.9216562558167,1.4808892116378012
962,euler_ramsey,0.5,2.0% Ramsey,risk_aversion,combined,0,1473.2104768456204,1.541331240146695
962,euler_ramsey,0.5,2.5% Ramsey,risk_aversion,combined,0,1023.9771014736591,1.5724522215087164
963,euler_ramsey,0.5,1.5% Ramsey,risk_aversion,combined,0,5242.301422272672,0.8237735958763152
963,euler_ramsey,0.5,2.0% Ramsey,risk_aversion,combined,0,5218.496049803746,0.7513694249311824
963,euler_ramsey,0.5,2.5% Ramsey,risk_aversion,combined,0,4305.122534633252,0.6921479449634594
964,euler_ramsey,0.5,1.5% Ramsey,risk_aversion,combined,0,-194.79447367586218,0.7010210353481425
964,euler_ramsey,0.5,2.0% Ramsey,risk_aversion,combined,0,-121.853495534799,0.6159673039809681
964,euler_ramsey,0.5,2.5% Ramsey,risk_aversion,combined,0,-77.75551105907088,0.5511197261478652
965,euler_ramsey,0.5,1.5% Ramsey,risk_aversion,combined,0,-222.73234223938636,0.8509354078959876
965,euler_ramsey,0.5,2.0% Ramsey,risk_aversion,combined,0,-179.3766155239068,0.780412561955798
965,euler_ramsey,0.5,2.5% Ramsey,risk_aversion,combined,0,-130.05163815212123,0.7217670893236161
966,euler_ramsey,0.5,1.5% Ramsey,risk_aversion,combined,0,251.68396564646287,1.565421513725947
966,euler_ramsey,0.5,2.0% Ramsey,risk_aversion,combined,0,201.47118758727825,1.6482746916325002
966,euler_ramsey,0.5,2.5% Ramsey,risk_aversion,combined,0,151.90371333911577,1.6964054846704375
967,euler_ramsey,0.5,1.5% Ramsey,risk_aversion,combined,0,2431.6064509002586,0.3693265232161616
967,euler_ramsey,0.5,2.0% Ramsey,risk_aversion,combined,0,2301.3073736996485,0.2808624672901697
967,euler_ramsey,0.5,2.5% Ramsey,risk_aversion,combined,0,1844.142400649698,0.2247287626665714
968,euler_ramsey,0.5,1.5% Ramsey,risk_aversion,combined,0,1569.6469768557938,0.31077413056001074
968,euler_ramsey,0.5,2.0% Ramsey,risk_aversion,combined,0,836.7243596568441,0.22714086924347
968,euler_ramsey,0.5,2.5% Ramsey,risk_aversion,combined,0,480.27180471878137,0.17623598648818464
969,euler_ramsey,0.5,1.5% Ramsey,risk_aversion,combined,0,137.4088127971935,0.4922307365093771
969,euler_ramsey,0.5,2.0% Ramsey,risk_aversion,combined,0,139.59823474310917,0.39904685792901134
969,euler_ramsey,0.5,2.5% Ramsey,risk_aversion,combined,0,130.76858084706558,0.33546006819793245
970,euler_ramsey,0.5,1.5% Ramsey,risk_aversion,combined,0,-64.86903970777074,0.7315027972733618
970,euler_ramsey,0.5,2.0% Ramsey,risk_aversion,combined,0,-51.07727231587956,0.6483459146952298
970,euler_ramsey,0.5,2.5% Ramsey,risk_aversion,combined,0,-27.704091434971865,0.5839803438651795
971,euler_ramsey,0.5,1.5% Ramsey,risk_aversion,combined,0,2995.223303671262,0.2900008089532617
971,euler_ramsey,0.5,2.0% Ramsey,risk_aversion,combined,0,2205.663199742775,0.2088093464751674
971,euler_ramsey,0.5,2.5% Ramsey,risk_aversion,combined,0,1536.0581035084203,0.1601575917484035
972,euler_ramsey,0.5,1.5% Ramsey,risk_aversion,combined,0,-3055.2120407679035,0.14460146241872074
972,euler_ramsey,0.5,2.0% Ramsey,risk_aversion,combined,0,-988.1440114387898,0.08897793241034856
972,euler_ramsey,0.5,2.5% Ramsey,risk_aversion,combined,0,-469.6754924814086,0.06043151985546019
973,euler_ramsey,0.5,1.5% Ramsey,risk_aversion,combined,0,-601.8879934413465,0.6105507133942083
973,euler_ramsey,0.5,2.0% Ramsey,risk_aversion,combined,0,-534.0003926751968,0.5195623450808794
973,euler_ramsey,0.5,2.5% Ramsey,risk_aversion,combined,0,-406.77699467221765,0.45346024988730493
974,euler_ramsey,0.5,1.5% Ramsey,risk_aversion,combined,0,626.705331129784,1.4006981498466577
974,euler_ramsey,0.5,2.0% Ramsey,risk_aversion,combined,0,372.6321445967711,1.4382636885348825
974,euler_ramsey,0.5,2.5% Ramsey,risk_aversion,combined,0,237.7296137207279,1.4518618153369207
975,euler_ramsey,0.5,1.5% Ramsey,risk_aversion,combined,0,1960.1289721942887,0.8644567539080693
975,euler_ramsey,0.5,2.0% Ramsey,risk_aversion,combined,0,1687.2011658554877,0.7968648203814693
975,euler_ramsey,0.5,2.5% Ramsey,risk_aversion,combined,0,1277.3873954630656,0.740007846993531
976,euler_ramsey,0.5,1.5% Ramsey,risk_aversion,combined,0,1421.9651779715966,0.5827955754811109
976,euler_ramsey,0.5,2.0% Ramsey,risk_aversion,combined,0,909.5836447145927,0.4907772060688007
976,euler_ramsey,0.5,2.5% Ramsey,risk_aversion,combined,0,564.9237661983382,0.42489185270104374
977,euler_ramsey,0.5,1.5% Ramsey,risk_aversion,combined,0,54.23724062198113,0.9983340652954764
977,euler_ramsey,0.5,2.0% Ramsey,risk_aversion,combined,0,42.597216433414665,0.9491967385171813
977,euler_ramsey,0.5,2.5% Ramsey,risk_aversion,combined,0,32.612321626617096,0.9027025790140464
978,euler_ramsey,0.5,1.5% Ramsey,risk_aversion,combined,0,849.7539352463025,1.2774830368274914
978,euler_ramsey,0.5,2.0% Ramsey,risk_aversion,combined,0,644.3272881680414,1.284816440826759
978,euler_ramsey,0.5,2.5% Ramsey,risk_aversion,combined,0,471.7730219749973,1.276290022105853
979,euler_ramsey,0.5,1.5% Ramsey,risk_aversion,combined,0,271.0113070881638,1.4059877141813346
979,euler_ramsey,0.5,2.0% Ramsey,risk_aversion,combined,0,217.52435255265328,1.4444073783444447
979,euler_ramsey,0.5,2.5% Ramsey,risk_aversion,combined,0,165.09071846959657,1.458502511936734
980,euler_ramsey,0.5,1.5% Ramsey,risk_aversion,combined,0,2853.9175914067528,0.2784606890952039
980,euler_ramsey,0.5,2.0% Ramsey,risk_aversion,combined,0,1226.8037798655655,0.19871737713572174
980,euler_ramsey,0.5,2.5% Ramsey,risk_aversion,combined,0,729.5946544412774,0.15137069885415755
981,euler_ramsey,0.5,1.5% Ramsey,risk_aversion,combined,0,1305.8837945324121,0.9402370774674574
981,euler_ramsey,0.5,2.0% Ramsey,risk_aversion,combined,0,1010.1982241557919,0.8839247243071414
981,euler_ramsey,0.5,2.5% Ramsey,risk_aversion,combined,0,756.5764968934209,0.8335311865384436
982,euler_ramsey,0.5,1.5% Ramsey,risk_aversion,combined,0,15.207004602194274,0.8695725634810839
982,euler_ramsey,0.5,2.0% Ramsey,risk_aversion,combined,0,12.12828457802131,0.8017659418801745
982,euler_ramsey,0.5,2.5% Ramsey,risk_aversion,combined,0,14.601393873530554,0.7446149841086693
983,euler_ramsey,0.5,1.5% Ramsey,risk_aversion,combined,0,-320.95027947591706,0.5646326914507925
983,euler_ramsey,0.5,2.0% Ramsey,risk_aversion,combined,0,-253.6529134302051,0.4720491975740667
983,euler_ramsey,0.5,2.5% Ramsey,risk_aversion,combined,0,-181.74506920654943,0.4063793647858729
984,euler_ramsey,0.5,1.5% Ramsey,risk_aversion,combined,0,687.1066786990808,1.6424306597596967
984,euler_ramsey,0.5,2.0% Ramsey,risk_aversion,combined,0,433.6172580641088,1.748062227062043
984,euler_ramsey,0.5,2.5% Ramsey,risk_aversion,combined,0,291.30379171267043,1.8142086497012093
985,euler_ramsey,0.5,1.5% Ramsey,risk_aversion,combined,0,-11.832319693437654,0.5785057396814434
985,euler_ramsey,0.5,2.0% Ramsey,risk_aversion,combined,0,-25.34275054893402,0.486190285134728
985,euler_ramsey,0.5,2.5% Ramsey,risk_aversion,combined,0,-28.97155462261981,0.42024952230811274
986,euler_ramsey,0.5,1.5% Ramsey,risk_aversion,combined,0,115.53430308619701,1.5319748871341314
986,euler_ramsey,0.5,2.0% Ramsey,risk_aversion,combined,0,75.52798933363206,1.6049065800956024
986,euler_ramsey,0.5,2.5% Ramsey,risk_aversion,combined,0,53.95033427028218,1.6453016667324483
987,euler_ramsey,0.5,1.5% Ramsey,risk_aversion,combined,0,-307.07715122900186,1.0954540632809147
987,euler_ramsey,0.5,2.0% Ramsey,risk_aversion,combined,0,-254.10278734195978,1.064267769890793
987,euler_ramsey,0.5,2.5% Ramsey,risk_aversion,combined,0,-191.39823486691932,1.0292026298589911
988,euler_ramsey,0.5,1.5% Ramsey,risk_aversion,combined,0,353.34691772396184,2.087794363073606
988,euler_ramsey,0.5,2.0% Ramsey,risk_aversion,combined,0,240.22823798546207,2.34483828836232
988,euler_ramsey,0.5,2.5% Ramsey,risk_aversion,combined,0,162.4871908188151,2.5368306845785247
989,euler_ramsey,0.5,1.5% Ramsey,risk_aversion,combined,0,456.6546740600943,0.8475190049120074
989,euler_ramsey,0.5,2.0% Ramsey,risk_aversion,combined,0,374.31707787758563,0.7764698647278435
989,euler_ramsey,0.5,2.5% Ramsey,risk_aversion,combined,0,271.617787384399,0.717528767163387
990,euler_ramsey,0.5,1.5% Ramsey,risk_aversion,combined,0,314.5163065164209,1.9284510815814424
990,euler_ramsey,0.5,2.0% Ramsey,risk_aversion,combined,0,273.9933145932492,2.1271617047611255
990,euler_ramsey,0.5,2.5% Ramsey,risk_aversion,combined,0,214.2957167156085,2.2696341000891946
991,euler_ramsey,0.5,1.5% Ramsey,risk_aversion,combined,0,445.6719238112249,0.8159448983938815
991,euler_ramsey,0.5,2.0% Ramsey,risk_aversion,combined,0,351.0264357712704,0.7410667206882162
991,euler_ramsey,0.5,2.5% Ramsey,risk_aversion,combined,0,244.64847286086382,0.6801968381274671
992,euler_ramsey,0.5,1.5% Ramsey,risk_aversion,combined,0,-192.22455604974866,0.8296707645001851
992,euler_ramsey,0.5,2.0% Ramsey,risk_aversion,combined,0,-108.82081352269401,0.7569962472869873
992,euler_ramsey,0.5,2.5% Ramsey,risk_aversion,combined,0,-62.31670168751178,0.6973211315777619
993,euler_ramsey,0.5,1.5% Ramsey,risk_aversion,combined,0,692.4975411232696,2.039192337754609
993,euler_ramsey,0.5,2.0% Ramsey,risk_aversion,combined,0,496.46222286164505,2.278876281856318
993,euler_ramsey,0.5,2.5% Ramsey,risk_aversion,combined,0,344.0833122506445,2.456184479033313
994,euler_ramsey,0.5,1.5% Ramsey,risk_aversion,combined,0,-171.3875236189101,1.4391607597370932
994,euler_ramsey,0.5,2.0% Ramsey,risk_aversion,combined,0,-145.103561805759,1.4863461286540263
994,euler_ramsey,0.5,2.5% Ramsey,risk_aversion,combined,0,-98.52650738677373,1.5069796669206623
995,euler_ramsey,0.5,1.5% Ramsey,risk_aversion,combined,0,427.5226301127206,1.8148140057171545
995,euler_ramsey,0.5,2.0% Ramsey,risk_aversion,combined,0,351.9845764422298,1.9747250211747278
995,euler_ramsey,0.5,2.5% Ramsey,risk_aversion,combined,0,274.5078637955494,2.084653205747814
996,euler_ramsey,0.5,1.5% Ramsey,risk_aversion,combined,0,574.4238186696122,0.8606793453251075
996,euler_ramsey,0.5,2.0% Ramsey,risk_aversion,combined,0,481.57807649138925,0.792140012881125
996,euler_ramsey,0.5,2.5% Ramsey,risk_aversion,combined,0,359.57844852541393,0.7346825813736801
997,euler_ramsey,0.5,1.5% Ramsey,risk_aversion,combined,0,1008.1922301897299,0.33160458867114695
997,euler_ramsey,0.5,2.0% Ramsey,risk_aversion,combined,0,669.8224725911092,0.24598252215770736
997,euler_ramsey,0.5,2.5% Ramsey,risk_aversion,combined,0,463.02526991161,0.1930589510119145
998,euler_ramsey,0.5,1.5% Ramsey,risk_aversion,combined,0,288.9798227077483,1.9437746438594778
998,euler_ramsey,0.5,2.0% Ramsey,risk_aversion,combined,0,210.25855432392117,2.1482108874089376
998,euler_ramsey,0.5,2.5% Ramsey,risk_aversion,combined,0,154.9774803069979,2.295259477397222
999,euler_ramsey,0.5,1.5% Ramsey,risk_aversion,combined,0,1136.8482131341987,1.1418289783943933
999,euler_ramsey,0.5,2.0% Ramsey,risk_aversion,combined,0,894.8574833301225,1.1205007843690316
999,euler_ramsey,0.5,2.5% Ramsey,risk_aversion,combined,0,648.4780646003402,1.0921875331324895
1000,euler_ramsey,0.5,1.5% Ramsey,risk_aversion,combined,0,339.0238895692648,1.9676535721151869
1000,euler_ramsey,0.5,2.0% Ramsey,risk_aversion,combined,0,247.99221214920155,2.180552622715825
1000,euler_ramsey,0.5,2.5% Ramsey,risk_aversion,combined,0,179.5530527095193,2.334807603178882
1001,euler_ramsey,0.5,1.5% Ramsey,risk_aversion,combined,0,2044.6931069022005,1.107478658053518
1001,euler_ramsey,0.5,2.0% Ramsey,risk_aversion,combined,0,1484.6874604371749,1.0796092666772796
1001,euler_ramsey,0.5,2.5% Ramsey,risk_aversion,combined,0,1063.350626416554,1.0469854715246405
1002,euler_ramsey,0.5,1.5% Ramsey,risk_aversion,combined,0,523.3830188922805,1.3743367914461573
1002,euler_ramsey,0.5,2.0% Ramsey,risk_aversion,combined,0,409.75625186113433,1.4048709452456438
1002,euler_ramsey,0.5,2.5% Ramsey,risk_aversion,combined,0,303.43205039544654,1.4133245689144103
1003,euler_ramsey,0.5,1.5% Ramsey,risk_aversion,combined,0,1231.943596199784,0.6869397984029919
1003,euler_ramsey,0.5,2.0% Ramsey,risk_aversion,combined,0,788.7767856719919,0.6003549362014367
1003,euler_ramsey,0.5,2.5% Ramsey,risk_aversion,combined,0,492.55723871658535,0.5349217339090784
1004,euler_ramsey,0.5,1.5% Ramsey,risk_aversion,combined,0,664.2731660367748,0.8184543447711445
1004,euler_ramsey,0.5,2.0% Ramsey,risk_aversion,combined,0,563.3167906909662,0.7443010188392007
1004,euler_ramsey,0.5,2.5% Ramsey,risk_aversion,combined,0,440.65876919290764,0.6839033836042291
1005,euler_ramsey,0.5,1.5% Ramsey,risk_aversion,combined,0,-342.2384077230254,0.9093139253541456
1005,euler_ramsey,0.5,2.0% Ramsey,risk_aversion,combined,0,-244.66457010172257,0.8465916814012032
1005,euler_ramsey,0.5,2.5% Ramsey,risk_aversion,combined,0,-155.02470563635094,0.7921319901420815
1006,euler_ramsey,0.5,1.5% Ramsey,risk_aversion,combined,0,477.8031438435839,1.7120666159464046
1006,euler_ramsey,0.5,2.0% Ramsey,risk_aversion,combined,0,345.756642603905,1.83902073418084
1006,euler_ramsey,0.5,2.5% Ramsey,risk_aversion,combined,0,240.712466034121,1.9221971835665823
1007,euler_ramsey,0.5,1.5% Ramsey,risk_aversion,combined,0,-65.65147912348054,0.693889617491406
1007,euler_ramsey,0.5,2.0% Ramsey,risk_aversion,combined,0,-53.31917310591284,0.6079210803899171
1007,euler_ramsey,0.5,2.5% Ramsey,risk_aversion,combined,0,-40.28987926341245,0.5426717096269308
1008,euler_ramsey,0.5,1.5% Ramsey,risk_aversion,combined,0,198.78082579354844,1.1609514227708437
1008,euler_ramsey,0.5,2.0% Ramsey,risk_aversion,combined,0,162.0465025195453,1.1416417901005953
1008,euler_ramsey,0.5,2.5% Ramsey,risk_aversion,combined,0,128.70541047299312,1.1143418697954626
1009,euler_ramsey,0.5,1.5% Ramsey,risk_aversion,combined,0,348.6137033050344,1.2341795364237924
1009,euler_ramsey,0.5,2.0% Ramsey,risk_aversion,combined,0,306.15905864554315,1.231756326036785
1009,euler_ramsey,0.5,2.5% Ramsey,risk_aversion,combined,0,241.83351680471273,1.2164171674052437
1010,euler_ramsey,0.5,1.5% Ramsey,risk_aversion,combined,0,671.1888197445769,0.9579480181534032
1010,euler_ramsey,0.5,2.0% Ramsey,risk_aversion,combined,0,651.2836427569596,0.9026819693331389
1010,euler_ramsey,0.5,2.5% Ramsey,risk_aversion,combined,0,543.4954613358705,0.8525627602928746
1011,euler_ramsey,0.5,1.5% Ramsey,risk_aversion,combined,0,11884.125527151817,0.30909383207205127
1011,euler_ramsey,0.5,2.0% Ramsey,risk_aversion,combined,0,7136.522609247923,0.22660270970593288
1011,euler_ramsey,0.5,2.5% Ramsey,risk_aversion,combined,0,4109.799305758533,0.17630380014998318
1012,euler_ramsey,0.5,1.5% Ramsey,risk_aversion,combined,0,4360.358405067796,0.3418288655354866
1012,euler_ramsey,0.5,2.0% Ramsey,risk_aversion,combined,0,2479.8235023337493,0.25562691098962304
1012,euler_ramsey,0.5,2.5% Ramsey,risk_aversion,combined,0,1415.6963169917597,0.20191213967995275
1013,euler_ramsey,0.5,1.5% Ramsey,risk_aversion,combined,0,1756.5693999582777,0.46714434017385537
1013,euler_ramsey,0.5,2.0% Ramsey,risk_aversion,combined,0,1453.6927194011025,0.374344125267421
1013,euler_ramsey,0.5,2.5% Ramsey,risk_aversion,combined,0,1103.12124312183,0.3118912741866891
1014,euler_ramsey,0.5,1.5% Ramsey,risk_aversion,combined,0,660.9469691994935,0.7407363505330692
1014,euler_ramsey,0.5,2.0% Ramsey,risk_aversion,combined,0,568.8854826193366,0.6590772179001766
1014,euler_ramsey,0.5,2.5% Ramsey,risk_aversion,combined,0,453.3383511600148,0.5955343928368066
1015,euler_ramsey,0.5,1.5% Ramsey,risk_aversion,combined,0,527.0080952701541,1.6697256599018706
1015,euler_ramsey,0.5,2.0% Ramsey,risk_aversion,combined,0,401.9558829918977,1.7832328108064595
1015,euler_ramsey,0.5,2.5% Ramsey,risk_aversion,combined,0,285.92971525865033,1.8555265966198995
1016,euler_ramsey,0.5,1.5% Ramsey,risk_aversion,combined,0,360.6013426147763,0.729534575519977
1016,euler_ramsey,0.5,2.0% Ramsey,risk_aversion,combined,0,245.74306104083848,0.6460305190777691
1016,euler_ramsey,0.5,2.5% Ramsey,risk_aversion,combined,0,163.73684540394964,0.5814869843915829
1017,euler_ramsey,0.5,1.5% Ramsey,risk_aversion,combined,0,-2295.9287548130183,0.14297068110229486
1017,euler_ramsey,0.5,2.0% Ramsey,risk_aversion,combined,0,-1891.9684325872481,0.08777038092437492
1017,euler_ramsey,0.5,2.5% Ramsey,risk_aversion,combined,0,-1377.878011257194,0.05950510355191624
1018,euler_ramsey,0.5,1.5% Ramsey,risk_aversion,combined,0,313.1585408793973,1.2416730559655387
1018,euler_ramsey,0.5,2.0% Ramsey,risk_aversion,combined,0,237.9078167809457,1.2408471576422728
1018,euler_ramsey,0.5,2.5% Ramsey,risk_aversion,combined,0,171.80194770068522,1.2265603034390453
1019,euler_ramsey,0.5,1.5% Ramsey,risk_aversion,combined,0,596.6305726817935,1.3512585960860257
1019,euler_ramsey,0.5,2.0% Ramsey,risk_aversion,combined,0,597.1427491557424,1.3766124130957014
1019,euler_ramsey,0.5,2.5% Ramsey,risk_aversion,combined,0,507.4541433356126,1.3812363925624516
1020,euler_ramsey,0.5,1.5% Ramsey,risk_aversion,combined,0,85.8026055831744,0.9000361086071623
1020,euler_ramsey,0.5,2.0% Ramsey,risk_aversion,combined,0,65.85072619394174,0.8362837755221596
1020,euler_ramsey,0.5,2.5% Ramsey,risk_aversion,combined,0,49.58918129330349,0.7813245472770054
1021,euler_ramsey,0.5,1.5% Ramsey,risk_aversion,combined,0,3342.227117321772,0.44444529975991537
1021,euler_ramsey,0.5,2.0% Ramsey,risk_aversion,combined,0,2846.7492425736627,0.3524349692363691
1021,euler_ramsey,0.5,2.5% Ramsey,risk_aversion,combined,0,2117.118061126634,0.2912820471152288
1022,euler_ramsey,0.5,1.5% Ramsey,risk_aversion,combined,0,-3.8795462645066703,0.48965049580459774
1022,euler_ramsey,0.5,2.0% Ramsey,risk_aversion,combined,0,0.3330692754341686,0.3963510314879577
1022,euler_ramsey,0.5,2.5% Ramsey,risk_aversion,combined,0,4.562010503311521,0.3327894244428557
1023,euler_ramsey,0.5,1.5% Ramsey,risk_aversion,combined,0,2395.0568696688424,0.9062469928487469
1023,euler_ramsey,0.5,2.0% Ramsey,risk_aversion,combined,0,2145.3127469689794,0.8460427002800769
1023,euler_ramsey,0.5,2.5% Ramsey,risk_aversion,combined,0,1691.1933780890215,0.7935967962716775
1024,euler_ramsey,0.5,1.5% Ramsey,risk_aversion,combined,0,199.21318503840956,1.6679640449365705
1024,euler_ramsey,0.5,2.0% Ramsey,risk_aversion,combined,0,148.19529313838953,1.780999827209057
1024,euler_ramsey,0.5,2.5% Ramsey,risk_aversion,combined,0,104.11796901614993,1.85294812335387
1025,euler_ramsey,0.5,1.5% Ramsey,risk_aversion,combined,0,562.4493258200724,1.172968988198374
1025,euler_ramsey,0.5,2.0% Ramsey,risk_aversion,combined,0,392.10803846939433,1.156539887532686
1025,euler_ramsey,0.5,2.5% Ramsey,risk_aversion,combined,0,263.1876876984946,1.1312806161073123
1026,euler_ramsey,0.5,1.5% Ramsey,risk_aversion,combined,0,236.95258217076884,1.0826420730716677
1026,euler_ramsey,0.5,2.0% Ramsey,risk_aversion,combined,0,176.9336915831154,1.048719428829938
1026,euler_ramsey,0.5,2.5% Ramsey,risk_aversion,combined,0,130.56576592916738,1.0118729859977094
1027,euler_ramsey,0.5,1.5% Ramsey,risk_aversion,combined,0,366.4358871877301,2.1209892281740177
1027,euler_ramsey,0.5,2.0% Ramsey,risk_aversion,combined,0,238.95790030713346,2.390839062728439
1027,euler_ramsey,0.5,2.5% Ramsey,risk_aversion,combined,0,158.275387213717,2.593970316853117
1028,euler_ramsey,0.5,1.5% Ramsey,risk_aversion,combined,0,211.64234796097136,0.8644644110320834
1028,euler_ramsey,0.5,2.0% Ramsey,risk_aversion,combined,0,148.7637243957414,0.7970676363769524
1028,euler_ramsey,0.5,2.5% Ramsey,risk_aversion,combined,0,103.76297007319259,0.7404043629977412
1029,euler_ramsey,0.5,1.5% Ramsey,risk_aversion,combined,0,1463.6357999132454,0.5004818392765868
1029,euler_ramsey,0.5,2.0% Ramsey,risk_aversion,combined,0,539.9231425459353,0.4071203774398815
1029,euler_ramsey,0.5,2.5% Ramsey,risk_aversion,combined,0,226.85353738055295,0.34313912449395356
1030,euler_ramsey,0.5,1.5% Ramsey,risk_aversion,combined,0,119.98073117341663,1.7994727087572988
1030,euler_ramsey,0.5,2.0% Ramsey,risk_aversion,combined,0,95.97432931688535,1.9543686283858133
1030,euler_ramsey,0.5,2.5% Ramsey,risk_aversion,combined,0,73.26418779695273,2.0601835453517445
1031,euler_ramsey,0.5,1.5% Ramsey,risk_aversion,combined,0,1619.2624168634131,0.5010582897487873
1031,euler_ramsey,0.5,2.0% Ramsey,risk_aversion,combined,0,885.471173756335,0.4078556309891209
1031,euler_ramsey,0.5,2.5% Ramsey,risk_aversion,combined,0,535.6861800539552,0.3439477343365739
1032,euler_ramsey,0.5,1.5% Ramsey,risk_aversion,combined,0,912.8258441637015,0.5088168356694764
1032,euler_ramsey,0.5,2.0% Ramsey,risk_aversion,combined,0,754.0647005660152,0.4159569087377248
1032,euler_ramsey,0.5,2.5% Ramsey,risk_aversion,combined,0,539.0553078806004,0.3519776771184019
1033,euler_ramsey,0.5,1.5% Ramsey,risk_aversion,combined,0,990.3216550176612,0.7107866197724004
1033,euler_ramsey,0.5,2.0% Ramsey,risk_aversion,combined,0,769.6828005091311,0.6267565365749875
1033,euler_ramsey,0.5,2.5% Ramsey,risk_aversion,combined,0,547.8399303183012,0.5623524983147506
1034,euler_ramsey,0.5,1.5% Ramsey,risk_aversion,combined,0,201.3880348878861,1.5669507845472253
1034,euler_ramsey,0.5,2.0% Ramsey,risk_aversion,combined,0,171.70110932194322,1.6503622094613584
1034,euler_ramsey,0.5,2.5% Ramsey,risk_aversion,combined,0,138.64222808053074,1.6989586298900998
1035,euler_ramsey,0.5,1.5% Ramsey,risk_aversion,combined,0,-164.51959868649968,1.1840461902050294
1035,euler_ramsey,0.5,2.0% Ramsey,risk_aversion,combined,0,-92.64109579226037,1.1702173969912126
1035,euler_ramsey,0.5,2.5% Ramsey,risk_aversion,combined,0,-25.0619681167318,1.146870969009579
1036,euler_ramsey,0.5,1.5% Ramsey,risk_aversion,combined,0,485.75091924735676,0.7488469000715844
1036,euler_ramsey,0.5,2.0% Ramsey,risk_aversion,combined,0,360.29561182316587,0.6676036042433443
1036,euler_ramsey,0.5,2.5% Ramsey,risk_aversion,combined,0,254.0625035453547,0.604091291898454
1037,euler_ramsey,0.5,1.5% Ramsey,risk_aversion,combined,0,212.67568633190274,1.550998029162268
1037,euler_ramsey,0.5,2.0% Ramsey,risk_aversion,combined,0,157.863405064519,1.6294514709413999
1037,euler_ramsey,0.5,2.5% Ramsey,risk_aversion,combined,0,120.94545406916858,1.6741832551759783
1038,euler_ramsey,0.5,1.5% Ramsey,risk_aversion,combined,0,437.1022910546885,1.1383226030738747
1038,euler_ramsey,0.5,2.0% Ramsey,risk_aversion,combined,0,344.955140025556,1.1160625519377243
1038,euler_ramsey,0.5,2.5% Ramsey,risk_aversion,combined,0,266.6218985248302,1.0871686015731103
1039,euler_ramsey,0.5,1.5% Ramsey,risk_aversion,combined,0,489.57630779779697,1.0619337739416215
1039,euler_ramsey,0.5,2.0% Ramsey,risk_aversion,combined,0,408.21031246411695,1.0248585796750538
1039,euler_ramsey,0.5,2.5% Ramsey,risk_aversion,combined,0,306.65617337804514,0.9860866373631106
1040,euler_ramsey,0.5,1.5% Ramsey,risk_aversion,combined,0,1324.94993749057,0.40594973078074204
1040,euler_ramsey,0.5,2.0% Ramsey,risk_aversion,combined,0,901.746731561681,0.3151905529388572
1040,euler_ramsey,0.5,2.5% Ramsey,risk_aversion,combined,0,632.8908907272566,0.2562673824016504
1041,euler_ramsey,0.5,1.5% Ramsey,risk_aversion,combined,0,5244.7824154774835,0.555795294189534
1041,euler_ramsey,0.5,2.0% Ramsey,risk_aversion,combined,0,4435.895934457788,0.4642985178272604
1041,euler_ramsey,0.5,2.5% Ramsey,risk_aversion,combined,0,3229.4105804459628,0.39957963402086943
1042,euler_ramsey,0.5,1.5% Ramsey,risk_aversion,combined,0,339.4727757866178,0.717915844888373
1042,euler_ramsey,0.5,2.0% Ramsey,risk_aversion,combined,0,219.11992885156113,0.6343392347715158
1042,euler_ramsey,0.5,2.5% Ramsey,risk_aversion,combined,0,149.0572343306616,0.5700581608171821
1043,euler_ramsey,0.5,1.5% Ramsey,risk_aversion,combined,0,588.2094983990787,0.8406957714022799
1043,euler_ramsey,0.5,2.0% Ramsey,risk_aversion,combined,0,488.2516642070102,0.7696224909574164
1043,euler_ramsey,0.5,2.5% Ramsey,risk_aversion,combined,0,371.938275743949,0.7108245021334105
1044,euler_ramsey,0.5,1.5% Ramsey,risk_aversion,combined,0,2309.3773843528666,0.2776967973981164
1044,euler_ramsey,0.5,2.0% Ramsey,risk_aversion,combined,0,926.5651188952913,0.19794285630143293
1044,euler_ramsey,0.5,2.5% Ramsey,risk_aversion,combined,0,499.0009362753388,0.15063781511215651
1045,euler_ramsey,0.5,1.5% Ramsey,risk_aversion,combined,0,-259.11907199005736,0.6704378936590314
1045,euler_ramsey,0.5,2.0% Ramsey,risk_aversion,combined,0,-128.24296098276193,0.5829091354135252
1045,euler_ramsey,0.5,2.5% Ramsey,risk_aversion,combined,0,-36.49260796862871,0.517294994174773
1046,euler_ramsey,0.5,1.5% Ramsey,risk_aversion,combined,0,33.65146574651413,1.7168405514024447
1046,euler_ramsey,0.5,2.0% Ramsey,risk_aversion,combined,0,30.855768614937404,1.844737751522774
1046,euler_ramsey,0.5,2.5% Ramsey,risk_aversion,combined,0,30.67151498415707,1.92866080397012
1047,euler_ramsey,0.5,1.5% Ramsey,risk_aversion,combined,0,1796.715386116937,0.6932405035419171
1047,euler_ramsey,0.5,2.0% Ramsey,risk_aversion,combined,0,1202.865696211524,0.6074154738362942
1047,euler_ramsey,0.5,2.5% Ramsey,risk_aversion,combined,0,775.2844767925612,0.542326787467694
1048,euler_ramsey,0.5,1.5% Ramsey,risk_aversion,combined,0,475.68759937992155,1.3207805513424138
1048,euler_ramsey,0.5,2.0% Ramsey,risk_aversion,combined,0,480.8921959197207,1.339016886679511
1048,euler_ramsey,0.5,2.5% Ramsey,risk_aversion,combined,0,407.4239849645253,1.338387537666102
1049,euler_ramsey,0.5,1.5% Ramsey,risk_aversion,combined,0,404.668212915165,2.072756198616265
1049,euler_ramsey,0.5,2.0% Ramsey,risk_aversion,combined,0,252.53201476144767,2.3249074522862556
1049,euler_ramsey,0.5,2.5% Ramsey,risk_aversion,combined,0,177.1797830625439,2.512867695631744
1050,euler_ramsey,0.5,1.5% Ramsey,risk_aversion,combined,0,335.7566588648108,1.1136604330391509
1050,euler_ramsey,0.5,2.0% Ramsey,risk_aversion,combined,0,272.9875309717319,1.0862013232492085
1050,euler_ramsey,0.5,2.5% Ramsey,risk_aversion,combined,0,203.9353034760723,1.0536700239083354
1051,euler_ramsey,0.5,1.5% Ramsey,risk_aversion,combined,0,313.19341706902634,2.009505330776545
1051,euler_ramsey,0.5,2.0% Ramsey,risk_aversion,combined,0,237.42810621391615,2.2375473884259756
1051,euler_ramsey,0.5,2.5% Ramsey,risk_aversion,combined,0,175.58622991764696,2.404678072686944
1052,euler_ramsey,0.5,1.5% Ramsey,risk_aversion,combined,0,-198.78104207873884,0.8885377131377947
1052,euler_ramsey,0.5,2.0% Ramsey,risk_aversion,combined,0,-174.69136278217738,0.8230789034099256
1052,euler_ramsey,0.5,2.5% Ramsey,risk_aversion,combined,0,-135.42557927229646,0.7671123148485012
1053,euler_ramsey,0.5,1.5% Ramsey,risk_aversion,combined,0,280.0722130229411,0.4498056258922607
1053,euler_ramsey,0.5,2.0% Ramsey,risk_aversion,combined,0,188.46975034080472,0.35722140213245224
1053,euler_ramsey,0.5,2.5% Ramsey,risk_aversion,combined,0,112.5571238431877,0.29554356299278245
1054,euler_ramsey,0.5,1.5% Ramsey,risk_aversion,combined,0,413.949858342286,0.44948736916772086
1054,euler_ramsey,0.5,2.0% Ramsey,risk_aversion,combined,0,315.8500059238151,0.35691391756655033
1054,euler_ramsey,0.5,2.5% Ramsey,risk_aversion,combined,0,225.66426498746378,0.2952562964687743
1055,euler_ramsey,0.5,1.5% Ramsey,risk_aversion,combined,0,315.8258181688669,0.9065451655640644
1055,euler_ramsey,0.5,2.0% Ramsey,risk_aversion,combined,0,218.0311465017143,0.8437969549897484
1055,euler_ramsey,0.5,2.5% Ramsey,risk_aversion,combined,0,161.63564134617337,0.7894297702314647
1056,euler_ramsey,0.5,1.5% Ramsey,risk_aversion,combined,0,656.1939855305544,0.7274996814862598
1056,euler_ramsey,0.5,2.0% Ramsey,risk_aversion,combined,0,518.1558680862786,0.6453766192459854
1056,euler_ramsey,0.5,2.5% Ramsey,risk_aversion,combined,0,394.93640836671767,0.5818112908605738
1057,euler_ramsey,0.5,1.5% Ramsey,risk_aversion,combined,0,366.8286313171788,1.6706282511491521
1057,euler_ramsey,0.5,2.0% Ramsey,risk_aversion,combined,0,249.56545067523848,1.7841325726475041
1057,euler_ramsey,0.5,2.5% Ramsey,risk_aversion,combined,0,166.01706204479513,1.8563581991236255
1058,euler_ramsey,0.5,1.5% Ramsey,risk_aversion,combined,0,-8.442138350359249,0.7578453497583241
1058,euler_ramsey,0.5,2.0% Ramsey,risk_aversion,combined,0,6.143227005974208,0.6770803405497046
1058,euler_ramsey,0.5,2.5% Ramsey,risk_aversion,combined,0,16.822580036684624,0.6136216171627121
1059,euler_ramsey,0.5,1.5% Ramsey,risk_aversion,combined,0,1895.3751074525192,1.3731203881869856
1059,euler_ramsey,0.5,2.0% Ramsey,risk_aversion,combined,0,1531.4392649733832,1.4041640439506335
1059,euler_ramsey,0.5,2.5% Ramsey,risk_aversion,combined,0,1091.6779922618896,1.412961970999268
1060,euler_ramsey,0.5,1.5% Ramsey,risk_aversion,combined,0,548.3848382475053,1.5087814398737585
1060,euler_ramsey,0.5,2.0% Ramsey,risk_aversion,combined,0,449.4280705134719,1.576095052157742
1060,euler_ramsey,0.5,2.5% Ramsey,risk_aversion,combined,0,333.1210352535927,1.6123990576895102
1061,euler_ramsey,0.5,1.5% Ramsey,risk_aversion,combined,0,239.6250606668095,0.7832040129546245
1061,euler_ramsey,0.5,2.0% Ramsey,risk_aversion,combined,0,203.4589233497646,0.7053034141474385
1061,euler_ramsey,0.5,2.5% Ramsey,risk_aversion,combined,0,164.25742940367417,0.6431563628179788
1062,euler_ramsey,0.5,1.5% Ramsey,risk_aversion,combined,0,842.4503685978322,1.4578017082017838
1062,euler_ramsey,0.5,2.0% Ramsey,risk_aversion,combined,0,713.1120140542163,1.5114949494374061
1062,euler_ramsey,0.5,2.5% Ramsey,risk_aversion,combined,0,568.8580277480404,1.537531785773316
1063,euler_ramsey,0.5,1.5% Ramsey,risk_aversion,combined,0,887.961461308457,0.9253199493519797
1063,euler_ramsey,0.5,2.0% Ramsey,risk_aversion,combined,0,701.6969374211333,0.8652452930950296
1063,euler_ramsey,0.5,2.5% Ramsey,risk_aversion,combined,0,522.311389224979,0.812386036634336
1064,euler_ramsey,0.5,1.5% Ramsey,risk_aversion,combined,0,463.22183289176695,3.2954722517268027
1064,euler_ramsey,0.5,2.0% Ramsey,risk_aversion,combined,0,311.4824336946524,4.10198066068906
1064,euler_ramsey,0.5,2.5% Ramsey,risk_aversion,combined,0,214.80990392734765,4.805138984922603
1065,euler_ramsey,0.5,1.5% Ramsey,risk_aversion,combined,0,670.8389702000443,0.4536614456657305
1065,euler_ramsey,0.5,2.0% Ramsey,risk_aversion,combined,0,524.8503441529754,0.36114124060303787
1065,euler_ramsey,0.5,2.5% Ramsey,risk_aversion,combined,0,418.037856652035,0.29935348244076254
1066,euler_ramsey,0.5,1.5% Ramsey,risk_aversion,combined,0,1147.1721886070657,0.7308175796659101
1066,euler_ramsey,0.5,2.0% Ramsey,risk_aversion,combined,0,1019.9039554419276,0.6478556404414545
1066,euler_ramsey,0.5,2.5% Ramsey,risk_aversion,combined,0,817.3984700129171,0.5836592928950746
1067,euler_ramsey,0.5,1.5% Ramsey,risk_aversion,combined,0,-158.13778827159985,1.1028465724716487
1067,euler_ramsey,0.5,2.0% Ramsey,risk_aversion,combined,0,-107.64321340006106,1.0721273482747777
1067,euler_ramsey,0.5,2.5% Ramsey,risk_aversion,combined,0,-61.91015124162317,1.0372954730337802
1068,euler_ramsey,0.5,1.5% Ramsey,risk_aversion,combined,0,-2182.859884133472,0.3608974193162959
1068,euler_ramsey,0.5,2.0% Ramsey,risk_aversion,combined,0,-1270.2815237335478,0.2729338486380183
1068,euler_ramsey,0.5,2.5% Ramsey,risk_aversion,combined,0,-780.0774698635108,0.21743481106923176
1069,euler_ramsey,0.5,1.5% Ramsey,risk_aversion,combined,0,473.03556591414826,0.6747753607356866
1069,euler_ramsey,0.5,2.0% Ramsey,risk_aversion,combined,0,371.19976485913935,0.5880958646194391
1069,euler_ramsey,0.5,2.5% Ramsey,risk_aversion,combined,0,288.4732357947886,0.5229186774108423
1070,euler_ramsey,0.5,1.5% Ramsey,risk_aversion,combined,0,226.94132258962298,0.49609719623302734
1070,euler_ramsey,0.5,2.0% Ramsey,risk_aversion,combined,0,197.62290092478165,0.40297623904862234
1070,euler_ramsey,0.5,2.5% Ramsey,risk_aversion,combined,0,153.3561244693098,0.33928226724880484
1071,euler_ramsey,0.5,1.5% Ramsey,risk_aversion,combined,0,2381.617445208892,0.6456322842121656
1071,euler_ramsey,0.5,2.0% Ramsey,risk_aversion,combined,0,2138.8530736763832,0.5568493362613066
1071,euler_ramsey,0.5,2.5% Ramsey,risk_aversion,combined,0,1617.752084117903,0.49113082087639365
1072,euler_ramsey,0.5,1.5% Ramsey,risk_aversion,combined,0,-577.1222222484714,0.6085355925830235
1072,euler_ramsey,0.5,2.0% Ramsey,risk_aversion,combined,0,-413.2184707469693,0.5176198089108682
1072,euler_ramsey,0.5,2.5% Ramsey,risk_aversion,combined,0,-265.2343429289519,0.45162276873077284
1073,euler_ramsey,0.5,1.5% Ramsey,risk_aversion,combined,0,715.6957780609317,0.8192174782819408
1073,euler_ramsey,0.5,2.0% Ramsey,risk_aversion,combined,0,598.6768966192919,0.7455909264632494
1073,euler_ramsey,0.5,2.5% Ramsey,risk_aversion,combined,0,462.4172287939899,0.6855882516724982
1074,euler_ramsey,0.5,1.5% Ramsey,risk_aversion,combined,0,815.2767119391236,0.6782893644772888
1074,euler_ramsey,0.5,2.0% Ramsey,risk_aversion,combined,0,614.7349154262077,0.5911774963179507
1074,euler_ramsey,0.5,2.5% Ramsey,risk_aversion,combined,0,434.53992246169827,0.5256177813447273
1075,euler_ramsey,0.5,1.5% Ramsey,risk_aversion,combined,0,816.2998664864332,1.1927785076318975
1075,euler_ramsey,0.5,2.0% Ramsey,risk_aversion,combined,0,614.3309781900958,1.180811841790427
1075,euler_ramsey,0.5,2.5% Ramsey,risk_aversion,combined,0,423.16901860140274,1.1587009858921429
1076,euler_ramsey,0.5,1.5% Ramsey,risk_aversion,combined,0,1316.9206491665352,1.0425224363554233
1076,euler_ramsey,0.5,2.0% Ramsey,risk_aversion,combined,0,1192.2149123733927,1.0010281201504698
1076,euler_ramsey,0.5,2.5% Ramsey,risk_aversion,combined,0,936.6693248937406,0.9593695578142127
1077,euler_ramsey,0.5,1.5% Ramsey,risk_aversion,combined,0,2856.9560055621837,0.16448291175508614
1077,euler_ramsey,0.5,2.0% Ramsey,risk_aversion,combined,0,1116.7342769473091,0.10422674609578467
1077,euler_ramsey,0.5,2.5% Ramsey,risk_aversion,combined,0,677.2783220828944,0.07241754999952912
1078,euler_ramsey,0.5,1.5% Ramsey,risk_aversion,combined,0,217.92215795940933,1.3109998846878743
1078,euler_ramsey,0.5,2.0% Ramsey,risk_aversion,combined,0,125.74953338285394,1.3251855769874397
1078,euler_ramsey,0.5,2.5% Ramsey,risk_aversion,combined,0,74.5788038801311,1.3213608344462324
1079,euler_ramsey,0.5,1.5% Ramsey,risk_aversion,combined,0,111.62623053213426,1.340908847417797
1079,euler_ramsey,0.5,2.0% Ramsey,risk_aversion,combined,0,70.30500659715672,1.3631872202076527
1079,euler_ramsey,0.5,2.5% Ramsey,risk_aversion,combined,0,48.09362082039392,1.3653876442202721
1080,euler_ramsey,0.5,1.5% Ramsey,risk_aversion,combined,0,236.7973987358545,1.6596520268512267
1080,euler_ramsey,0.5,2.0% Ramsey,risk_aversion,combined,0,192.5475255017981,1.7701027687364954
1080,euler_ramsey,0.5,2.5% Ramsey,risk_aversion,combined,0,149.38124036403386,1.8399626028385074
1081,euler_ramsey,0.5,1.5% Ramsey,risk_aversion,combined,0,1656.7117249656178,1.881796043038429
1081,euler_ramsey,0.5,2.0% Ramsey,risk_aversion,combined,0,1303.039898486362,2.0667700491123675
1081,euler_ramsey,0.5,2.5% Ramsey,risk_aversion,combined,0,968.9284875264841,2.1981047439962764
1082,euler_ramsey,0.5,1.5% Ramsey,risk_aversion,combined,0,807.3767962163703,0.7600897478611316
1082,euler_ramsey,0.5,2.0% Ramsey,risk_aversion,combined,0,749.889530226456,0.6798706124872381
1082,euler_ramsey,0.5,2.5% Ramsey,risk_aversion,combined,0,604.0153211404764,0.6167402915598993
1083,euler_ramsey,0.5,1.5% Ramsey,risk_aversion,combined,0,499.887382652743,1.7788337337727222
1083,euler_ramsey,0.5,2.0% Ramsey,risk_aversion,combined,0,330.7762074798583,1.927450477025746
1083,euler_ramsey,0.5,2.5% Ramsey,risk_aversion,combined,0,225.0977639486042,2.028282914162812
1084,euler_ramsey,0.5,1.5% Ramsey,risk_aversion,combined,0,817.9100492752564,0.6189843943935549
1084,euler_ramsey,0.5,2.0% Ramsey,risk_aversion,combined,0,693.7865757837324,0.5286753631570106
1084,euler_ramsey,0.5,2.5% Ramsey,risk_aversion,combined,0,509.7821997607481,0.4627502150347142
1085,euler_ramsey,0.5,1.5% Ramsey,risk_aversion,combined,0,340.0319307002763,2.0690827217748238
1085,euler_ramsey,0.5,2.0% Ramsey,risk_aversion,combined,0,291.1109744110143,2.319456768752773
1085,euler_ramsey,0.5,2.5% Ramsey,risk_aversion,combined,0,239.9546873046335,2.505807784736141
1086,euler_ramsey,0.5,1.5% Ramsey,risk_aversion,combined,0,998.4878706416034,0.49524799650376056
1086,euler_ramsey,0.5,2.0% Ramsey,risk_aversion,combined,0,749.1657741644109,0.4024806902100338
1086,euler_ramsey,0.5,2.5% Ramsey,risk_aversion,combined,0,535.9633666276496,0.3390214482182007
1087,euler_ramsey,0.5,1.5% Ramsey,risk_aversion,combined,0,-71.41730377222595,1.9515663335576665
1087,euler_ramsey,0.5,2.0% Ramsey,risk_aversion,combined,0,-52.15199256424561,2.158420125857111
1087,euler_ramsey,0.5,2.5% Ramsey,risk_aversion,combined,0,-34.15159482382427,2.3074780151826895
1088,euler_ramsey,0.5,1.5% Ramsey,risk_aversion,combined,0,1286.0400776015936,1.2099990107474277
1088,euler_ramsey,0.5,2.0% Ramsey,risk_aversion,combined,0,880.8873920217528,1.2022453967908986
1088,euler_ramsey,0.5,2.5% Ramsey,risk_aversion,combined,0,588.5795680064077,1.1831285848491293
1089,euler_ramsey,0.5,1.5% Ramsey,risk_aversion,combined,0,142.0501875412784,2.0272731606622205
1089,euler_ramsey,0.5,2.0% Ramsey,risk_aversion,combined,0,94.48532086560445,2.2616550814051046
1089,euler_ramsey,0.5,2.5% Ramsey,risk_aversion,combined,0,66.23124459593146,2.4340818470627155
1090,euler_ramsey,0.5,1.5% Ramsey,risk_aversion,combined,0,198.8452362798967,2.1280135862385197
1090,euler_ramsey,0.5,2.0% Ramsey,risk_aversion,combined,0,136.10104020864605,2.400107331834162
1090,euler_ramsey,0.5,2.5% Ramsey,risk_aversion,combined,0,94.84169354713231,2.605060162611099
1091,euler_ramsey,0.5,1.5% Ramsey,risk_aversion,combined,0,78.10156328347449,3.3317694785269776
1091,euler_ramsey,0.5,2.0% Ramsey,risk_aversion,combined,0,47.26673908322944,4.1560766918052865
1091,euler_ramsey,0.5,2.5% Ramsey,risk_aversion,combined,0,30.673857670888136,4.876214422722187
1092,euler_ramsey,0.5,1.5% Ramsey,risk_aversion,combined,0,722.3705747040473,1.2796214387438305
1092,euler_ramsey,0.5,2.0% Ramsey,risk_aversion,combined,0,491.96082908841953,1.2870338058199278
1092,euler_ramsey,0.5,2.5% Ramsey,risk_aversion,combined,0,330.3008297390394,1.2784769680015455
1093,euler_ramsey,0.5,1.5% Ramsey,risk_aversion,combined,0,744.4179820275513,0.53162196095803
1093,euler_ramsey,0.5,2.0% Ramsey,risk_aversion,combined,0,550.0621353366748,0.4384198651084853
1093,euler_ramsey,0.5,2.5% Ramsey,risk_aversion,combined,0,352.6077734824923,0.3734600197908821
1094,euler_ramsey,0.5,1.5% Ramsey,risk_aversion,combined,0,1918.03120781769,0.9322605655624487
1094,euler_ramsey,0.5,2.0% Ramsey,risk_aversion,combined,0,1462.0366190480547,0.8737439567438191
1094,euler_ramsey,0.5,2.5% Ramsey,risk_aversion,combined,0,1018.910438495929,0.8218749916923062
1095,euler_ramsey,0.5,1.5% Ramsey,risk_aversion,combined,0,573.2747641002197,0.9802604937663694
1095,euler_ramsey,0.5,2.0% Ramsey,risk_aversion,combined,0,384.05996612946115,0.9279623941272579
1095,euler_ramsey,0.5,2.5% Ramsey,risk_aversion,combined,0,254.14184688044855,0.8795230010569653
1096,euler_ramsey,0.5,1.5% Ramsey,risk_aversion,combined,0,204.3939498628665,1.7204382038116568
1096,euler_ramsey,0.5,2.0% Ramsey,risk_aversion,combined,0,142.8924933159528,1.8497653175714293
1096,euler_ramsey,0.5,2.5% Ramsey,risk_aversion,combined,0,102.95652273274024,1.9347494335559858
1097,euler_ramsey,0.5,1.5% Ramsey,risk_aversion,combined,0,771.2087240254675,0.7461836660123341
1097,euler_ramsey,0.5,2.0% Ramsey,risk_aversion,combined,0,700.1747501968562,0.6645816206454788
1097,euler_ramsey,0.5,2.5% Ramsey,risk_aversion,combined,0,577.792958734198,0.6008886784939772
1098,euler_ramsey,0.5,1.5% Ramsey,risk_aversion,combined,0,979.4979168256739,0.9293044786917386
1098,euler_ramsey,0.5,2.0% Ramsey,risk_aversion,combined,0,839.1577627157637,0.8710045115914299
1098,euler_ramsey,0.5,2.5% Ramsey,risk_aversion,combined,0,629.932412642566,0.8193249151077671
1099,euler_ramsey,0.5,1.5% Ramsey,risk_aversion,combined,0,207.733338497299,1.3823328354759261
1099,euler_ramsey,0.5,2.0% Ramsey,risk_aversion,combined,0,140.95764053807795,1.4146090693319857
1099,euler_ramsey,0.5,2.5% Ramsey,risk_aversion,combined,0,98.7376210277499,1.4241256232070516
1100,euler_ramsey,0.5,1.5% Ramsey,risk_aversion,combined,0,569.9099059452103,1.7679055345578052
1100,euler_ramsey,0.5,2.0% Ramsey,risk_aversion,combined,0,497.56972347694443,1.9128426957288698
1100,euler_ramsey,0.5,2.5% Ramsey,risk_aversion,combined,0,395.6248240990984,2.010637547949932
1101,euler_ramsey,0.5,1.5% Ramsey,risk_aversion,combined,0,545.2067625341864,0.3805731356168871
1101,euler_ramsey,0.5,2.0% Ramsey,risk_aversion,combined,0,363.13716206974493,0.2910978817630741
1101,euler_ramsey,0.5,2.5% Ramsey,risk_aversion,combined,0,237.52239383963658,0.23394328809881745
1102,euler_ramsey,0.5,1.5% Ramsey,risk_aversion,combined,0,3247.2388909828865,0.38322682672575364
1102,euler_ramsey,0.5,2.0% Ramsey,risk_aversion,combined,0,2224.3085828637077,0.2940556205615609
1102,euler_ramsey,0.5,2.5% Ramsey,risk_aversion,combined,0,1495.0764732548314,0.2369360905431945
1103,euler_ramsey,0.5,1.5% Ramsey,risk_aversion,combined,0,1030.5981715434195,1.4962160981656363
1103,euler_ramsey,0.5,2.0% Ramsey,risk_aversion,combined,0,699.1141090232823,1.5603040748740635
1103,euler_ramsey,0.5,2.5% Ramsey,risk_aversion,combined,0,464.49074688691604,1.5940790483989227
1104,euler_ramsey,0.5,1.5% Ramsey,risk_aversion,combined,0,35.67229497512744,0.5968868166149076
1104,euler_ramsey,0.5,2.0% Ramsey,risk_aversion,combined,0,73.05095628165427,0.5051863715887516
1104,euler_ramsey,0.5,2.5% Ramsey,risk_aversion,combined,0,90.83212186470243,0.43905653248682425
1105,euler_ramsey,0.5,1.5% Ramsey,risk_aversion,combined,0,504.4499286826418,1.1720919693856835
1105,euler_ramsey,0.5,2.0% Ramsey,risk_aversion,combined,0,464.6144665337058,1.1562930342984579
1105,euler_ramsey,0.5,2.5% Ramsey,risk_aversion,combined,0,380.0098605151769,1.1317025488516215
1106,euler_ramsey,0.5,1.5% Ramsey,risk_aversion,combined,0,702.8945175471973,0.5988995035894689
1106,euler_ramsey,0.5,2.0% Ramsey,risk_aversion,combined,0,500.07736083039896,0.5076725294127247
1106,euler_ramsey,0.5,2.5% Ramsey,risk_aversion,combined,0,328.6277621155585,0.4417725163519013
1107,euler_ramsey,0.5,1.5% Ramsey,risk_aversion,combined,0,40.77599836152349,1.6526503467932314
1107,euler_ramsey,0.5,2.0% Ramsey,risk_aversion,combined,0,27.160127222221718,1.7610406031003316
1107,euler_ramsey,0.5,2.5% Ramsey,risk_aversion,combined,0,20.95266624727467,1.8292700749072226
1108,euler_ramsey,0.5,1.5% Ramsey,risk_aversion,combined,0,373.8495902056109,1.7514912202475872
1108,euler_ramsey,0.5,2.0% Ramsey,risk_aversion,combined,0,278.157952268736,1.8908995276353755
1108,euler_ramsey,0.5,2.5% Ramsey,risk_aversion,combined,0,193.68545113483557,1.9841184967165741
1109,euler_ramsey,0.5,1.5% Ramsey,risk_aversion,combined,0,549.1174946573544,2.09843480839171
1109,euler_ramsey,0.5,2.0% Ramsey,risk_aversion,combined,0,420.7425001707447,2.359974829042907
1109,euler_ramsey,0.5,2.5% Ramsey,risk_aversion,combined,0,307.3155570772858,2.555937050761234
1110,euler_ramsey,0.5,1.5% Ramsey,risk_aversion,combined,0,391.49676154403494,1.1584201107598209
1110,euler_ramsey,0.5,2.0% Ramsey,risk_aversion,combined,0,300.6173798438744,1.1385750921513464
1110,euler_ramsey,0.5,2.5% Ramsey,risk_aversion,combined,0,221.6810185663166,1.1109153788982808
1111,euler_ramsey,0.5,1.5% Ramsey,risk_aversion,combined,0,1517.6253169229344,1.045797862446152
1111,euler_ramsey,0.5,2.0% Ramsey,risk_aversion,combined,0,1459.5303131378607,1.0075016050953414
1111,euler_ramsey,0.5,2.5% Ramsey,risk_aversion,combined,0,1230.2392422705814,0.9683346549345487
1112,euler_ramsey,0.5,1.5% Ramsey,risk_aversion,combined,0,149.29831043123787,0.5248775736763591
1112,euler_ramsey,0.5,2.0% Ramsey,risk_aversion,combined,0,124.66264460645564,0.43176759809484017
1112,euler_ramsey,0.5,2.5% Ramsey,risk_aversion,combined,0,88.36790374158207,0.3670849670457256
1113,euler_ramsey,0.5,1.5% Ramsey,risk_aversion,combined,0,913.6477545553515,1.3320904543390453
1113,euler_ramsey,0.5,2.0% Ramsey,risk_aversion,combined,0,649.3856480354711,1.3530459600897287
1113,euler_ramsey,0.5,2.5% Ramsey,risk_aversion,combined,0,452.01680969234445,1.3545951076621094
1114,euler_ramsey,0.5,1.5% Ramsey,risk_aversion,combined,0,70.38570885788963,0.7185146561989127
1114,euler_ramsey,0.5,2.0% Ramsey,risk_aversion,combined,0,62.88206780773809,0.6339863322967806
1114,euler_ramsey,0.5,2.5% Ramsey,risk_aversion,combined,0,56.563649964021465,0.5690337514089574
1115,euler_ramsey,0.5,1.5% Ramsey,risk_aversion,combined,0,198.89763007955898,1.4096138919060648
1115,euler_ramsey,0.5,2.0% Ramsey,risk_aversion,combined,0,155.74043129571078,1.4489481934965318
1115,euler_ramsey,0.5,2.5% Ramsey,risk_aversion,combined,0,118.94672277289378,1.4637119064304684
1116,euler_ramsey,0.5,1.5% Ramsey,risk_aversion,combined,0,-892.4900565265474,0.3523649567230974
1116,euler_ramsey,0.5,2.0% Ramsey,risk_aversion,combined,0,-867.6802018801646,0.26512838607263733
1116,euler_ramsey,0.5,2.5% Ramsey,risk_aversion,combined,0,-726.1421575560134,0.21039118179699812
1117,euler_ramsey,0.5,1.5% Ramsey,risk_aversion,combined,0,1138.48101918691,0.44079642201966285
1117,euler_ramsey,0.5,2.0% Ramsey,risk_aversion,combined,0,1039.2071150976108,0.3485942583382834
1117,euler_ramsey,0.5,2.5% Ramsey,risk_aversion,combined,0,856.576063702682,0.2874799753770092
1118,euler_ramsey,0.5,1.5% Ramsey,risk_aversion,combined,0,56.625043311971,0.9556036722829392
1118,euler_ramsey,0.5,2.0% Ramsey,risk_aversion,combined,0,47.83234796421688,0.9002955012740773
1118,euler_ramsey,0.5,2.5% Ramsey,risk_aversion,combined,0,38.24420012247199,0.8501837388685092
1119,euler_ramsey,0.5,1.5% Ramsey,risk_aversion,combined,0,-1057.9846995690186,0.30400590525568655
1119,euler_ramsey,0.5,2.0% Ramsey,risk_aversion,combined,0,-803.1650652613517,0.22113453267380537
1119,euler_ramsey,0.5,2.5% Ramsey,risk_aversion,combined,0,-567.1684011837632,0.17094155005122147
1120,euler_ramsey,0.5,1.5% Ramsey,risk_aversion,combined,0,3962.9812724152357,0.4363259430054236
1120,euler_ramsey,0.5,2.0% Ramsey,risk_aversion,combined,0,2094.6988462450554,0.3445301665592787
1120,euler_ramsey,0.5,2.5% Ramsey,risk_aversion,combined,0,1200.5229876289127,0.28381230837818805
1121,euler_ramsey,0.5,1.5% Ramsey,risk_aversion,combined,0,216.1984624230526,0.7176674966854109
1121,euler_ramsey,0.5,2.0% Ramsey,risk_aversion,combined,0,200.18024888720603,0.6333903092463218
1121,euler_ramsey,0.5,2.5% Ramsey,risk_aversion,combined,0,170.32839390228213,0.5686478317745227
1122,euler_ramsey,0.5,1.5% Ramsey,risk_aversion,combined,0,771.9378378530587,1.2958443501370662
1122,euler_ramsey,0.5,2.0% Ramsey,risk_aversion,combined,0,586.8182151803376,1.3072749976609923
1122,euler_ramsey,0.5,2.5% Ramsey,risk_aversion,combined,0,396.99201446914697,1.3016693480360517
1123,euler_ramsey,0.5,1.5% Ramsey,risk_aversion,combined,0,2748.074153079381,0.6512518337377472
1123,euler_ramsey,0.5,2.0% Ramsey,risk_aversion,combined,0,2260.863216182883,0.5642756024311082
1123,euler_ramsey,0.5,2.5% Ramsey,risk_aversion,combined,0,1676.9724759672072,0.49958219453676594
1124,euler_ramsey,0.5,1.5% Ramsey,risk_aversion,combined,0,1855.1762101178379,0.6210367975752735
1124,euler_ramsey,0.5,2.0% Ramsey,risk_aversion,combined,0,3361.5331119414427,0.531784339563447
1124,euler_ramsey,0.5,2.5% Ramsey,risk_aversion,combined,0,4456.595418887737,0.4664991685711853
1125,euler_ramsey,0.5,1.5% Ramsey,risk_aversion,combined,0,61.454740918888284,1.7701430912558829
1125,euler_ramsey,0.5,2.0% Ramsey,risk_aversion,combined,0,39.558827160286135,1.9155728524207458
1125,euler_ramsey,0.5,2.5% Ramsey,risk_aversion,combined,0,27.92863484433843,2.01362048269279
1126,euler_ramsey,0.5,1.5% Ramsey,risk_aversion,combined,0,2507.94147867456,0.7425321792632069
1126,euler_ramsey,0.5,2.0% Ramsey,risk_aversion,combined,0,1848.5168585085653,0.6617832782816955
1126,euler_ramsey,0.5,2.5% Ramsey,risk_aversion,combined,0,1254.1332520055018,0.5987854687614096
1127,euler_ramsey,0.5,1.5% Ramsey,risk_aversion,combined,0,42096.16128514926,0.13573580931389737
1127,euler_ramsey,0.5,2.0% Ramsey,risk_aversion,combined,0,25337.17340511274,0.08243282042527361
1127,euler_ramsey,0.5,2.5% Ramsey,risk_aversion,combined,0,14705.821166725695,0.055427000743504706
1128,euler_ramsey,0.5,1.5% Ramsey,risk_aversion,combined,0,1137.7014054190483,0.6426212534236043
1128,euler_ramsey,0.5,2.0% Ramsey,risk_aversion,combined,0,972.7632798916229,0.5537459216929004
1128,euler_ramsey,0.5,2.5% Ramsey,risk_aversion,combined,0,734.8163943912315,0.48805292108282144
1129,euler_ramsey,0.5,1.5% Ramsey,risk_aversion,combined,0,655.711691942569,0.899651070601769
1129,euler_ramsey,0.5,2.0% Ramsey,risk_aversion,combined,0,438.6018746875382,0.8376822859711693
1129,euler_ramsey,0.5,2.5% Ramsey,risk_aversion,combined,0,299.4929716240883,0.7840330555472427
1130,euler_ramsey,0.5,1.5% Ramsey,risk_aversion,combined,0,121.18585253206464,0.7173199922231778
1130,euler_ramsey,0.5,2.0% Ramsey,risk_aversion,combined,0,97.14005988630294,0.633028974668136
1130,euler_ramsey,0.5,2.5% Ramsey,risk_aversion,combined,0,74.719436272625,0.568280978763113
1131,euler_ramsey,0.5,1.5% Ramsey,risk_aversion,combined,0,318.22515657552765,1.6568519498404672
1131,euler_ramsey,0.5,2.0% Ramsey,risk_aversion,combined,0,227.47135519009885,1.7662448426713837
1131,euler_ramsey,0.5,2.5% Ramsey,risk_aversion,combined,0,157.59325301715023,1.8353651891052802
1132,euler_ramsey,0.5,1.5% Ramsey,risk_aversion,combined,0,4286.628893374615,0.6666760979628318
1132,euler_ramsey,0.5,2.0% Ramsey,risk_aversion,combined,0,3295.877908439426,0.5804837877697745
1132,euler_ramsey,0.5,2.5% Ramsey,risk_aversion,combined,0,2271.473325026218,0.5158701209673708
1133,euler_ramsey,0.5,1.5% Ramsey,risk_aversion,combined,0,1237.7977722404382,1.6862315100835672
1133,euler_ramsey,0.5,2.0% Ramsey,risk_aversion,combined,0,884.8293251686284,1.8058397609888222
1133,euler_ramsey,0.5,2.5% Ramsey,risk_aversion,combined,0,592.7801978823829,1.8832730744760273
1134,euler_ramsey,0.5,1.5% Ramsey,risk_aversion,combined,0,537.9371817386432,1.2996425180524291
1134,euler_ramsey,0.5,2.0% Ramsey,risk_aversion,combined,0,367.970859984072,1.31174552396804
1134,euler_ramsey,0.5,2.5% Ramsey,risk_aversion,combined,0,242.26202256891486,1.3065754453709673
1135,euler_ramsey,0.5,1.5% Ramsey,risk_aversion,combined,0,1320.4641431040914,0.3718116820940991
1135,euler_ramsey,0.5,2.0% Ramsey,risk_aversion,combined,0,1197.5413757520855,0.2832123428432045
1135,euler_ramsey,0.5,2.5% Ramsey,risk_aversion,combined,0,962.0259250439132,0.22689539512140566
1136,euler_ramsey,0.5,1.5% Ramsey,risk_aversion,combined,0,243.71142761427078,0.8578694248889497
1136,euler_ramsey,0.5,2.0% Ramsey,risk_aversion,combined,0,192.442942862307,0.7886439845299674
1136,euler_ramsey,0.5,2.5% Ramsey,risk_aversion,combined,0,143.28211422759006,0.7307294213695333
1137,euler_ramsey,0.5,1.5% Ramsey,risk_aversion,combined,0,-549.8936420002718,0.7684759780172328
1137,euler_ramsey,0.5,2.0% Ramsey,risk_aversion,combined,0,-423.1914723172669,0.689172678689061
1137,euler_ramsey,0.5,2.5% Ramsey,risk_aversion,combined,0,-313.096019641647,0.626428144836107
1138,euler_ramsey,0.5,1.5% Ramsey,risk_aversion,combined,0,-437.8798373162704,0.7423958408493117
1138,euler_ramsey,0.5,2.0% Ramsey,risk_aversion,combined,0,-317.4740238927162,0.6611521047022103
1138,euler_ramsey,0.5,2.5% Ramsey,risk_aversion,combined,0,-201.18974500715774,0.597816360904997
1139,euler_ramsey,0.5,1.5% Ramsey,risk_aversion,combined,0,114.40225194117517,0.5191891541844471
1139,euler_ramsey,0.5,2.0% Ramsey,risk_aversion,combined,0,105.82645627364413,0.4261695612237026
1139,euler_ramsey,0.5,2.5% Ramsey,risk_aversion,combined,0,84.39295717557657,0.3617387013206254
1140,euler_ramsey,0.5,1.5% Ramsey,risk_aversion,combined,0,597.829684456711,1.3685174221721346
1140,euler_ramsey,0.5,2.0% Ramsey,risk_aversion,combined,0,579.104998368732,1.3983273751385903
1140,euler_ramsey,0.5,2.5% Ramsey,risk_aversion,combined,0,475.6026495481822,1.4061799670433035
1141,euler_ramsey,0.5,1.5% Ramsey,risk_aversion,combined,0,1482.7833651449378,1.3207608929251944
1141,euler_ramsey,0.5,2.0% Ramsey,risk_aversion,combined,0,1133.8860920567035,1.3390824099614178
1141,euler_ramsey,0.5,2.5% Ramsey,risk_aversion,combined,0,784.1332180241775,1.3385793318463028
1142,euler_ramsey,0.5,1.5% Ramsey,risk_aversion,combined,0,-42.42211601865785,0.5220466862015348
1142,euler_ramsey,0.5,2.0% Ramsey,risk_aversion,combined,0,-33.23088309317368,0.42915779317471214
1142,euler_ramsey,0.5,2.5% Ramsey,risk_aversion,combined,0,-25.783256573468098,0.3646948355895716
1143,euler_ramsey,0.5,1.5% Ramsey,risk_aversion,combined,0,2784.168765039737,0.849981866915348
1143,euler_ramsey,0.5,2.0% Ramsey,risk_aversion,combined,0,2071.8482151457015,0.7794916584264385
1143,euler_ramsey,0.5,2.5% Ramsey,risk_aversion,combined,0,1340.4769271114283,0.7208906334061739
1144,euler_ramsey,0.5,1.5% Ramsey,risk_aversion,combined,0,-14.120795512625518,0.3897102505811443
1144,euler_ramsey,0.5,2.0% Ramsey,risk_aversion,combined,0,-24.117805135440527,0.299863076632617
1144,euler_ramsey,0.5,2.5% Ramsey,risk_aversion,combined,0,-25.626061762457795,0.24210532213238417
1145,euler_ramsey,0.5,1.5% Ramsey,risk_aversion,combined,0,262.29524515850824,0.6081250596962791
1145,euler_ramsey,0.5,2.0% Ramsey,risk_aversion,combined,0,234.57681496152995,0.5170069881208563
1145,euler_ramsey,0.5,2.5% Ramsey,risk_aversion,combined,0,183.00383448566663,0.4508996778459336
1146,euler_ramsey,0.5,1.5% Ramsey,risk_aversion,combined,0,231.94263493295117,1.157591827893054
1146,euler_ramsey,0.5,2.0% Ramsey,risk_aversion,combined,0,198.42954299622812,1.1376113454606116
1146,euler_ramsey,0.5,2.5% Ramsey,risk_aversion,combined,0,160.34227841868835,1.1098733237252432
1147,euler_ramsey,0.5,1.5% Ramsey,risk_aversion,combined,0,384.4424011609524,1.790833490137264
1147,euler_ramsey,0.5,2.0% Ramsey,risk_aversion,combined,0,310.9570916616454,1.9423530224954524
1147,euler_ramsey,0.5,2.5% Ramsey,risk_aversion,combined,0,231.77618599806763,2.0453102034733393
1148,euler_ramsey,0.5,1.5% Ramsey,risk_aversion,combined,0,1941.753541708687,0.9469691950958533
1148,euler_ramsey,0.5,2.0% Ramsey,risk_aversion,combined,0,1422.775078531975,0.890566792593696
1148,euler_ramsey,0.5,2.5% Ramsey,risk_aversion,combined,0,1010.4238376608837,0.8399323577163135
1149,euler_ramsey,0.5,1.5% Ramsey,risk_aversion,combined,0,3853.3480389411875,0.4001341559668918
1149,euler_ramsey,0.5,2.0% Ramsey,risk_aversion,combined,0,3446.088926192316,0.3100955824334272
1149,euler_ramsey,0.5,2.5% Ramsey,risk_aversion,combined,0,2628.994297535282,0.251794479386251
1150,euler_ramsey,0.5,1.5% Ramsey,risk_aversion,combined,0,397.890828331461,1.1101532174268938
1150,euler_ramsey,0.5,2.0% Ramsey,risk_aversion,combined,0,342.84584190611537,1.0821527520712801
1150,euler_ramsey,0.5,2.5% Ramsey,risk_aversion,combined,0,268.10980514387944,1.0492793399345384
1151,euler_ramsey,0.5,1.5% Ramsey,risk_aversion,combined,0,435.48428154075503,1.3371298024025577
1151,euler_ramsey,0.5,2.0% Ramsey,risk_aversion,combined,0,459.42880870822097,1.3578013787874943
1151,euler_ramsey,0.5,2.5% Ramsey,risk_aversion,combined,0,421.69053630217996,1.3587350177974655
1152,euler_ramsey,0.5,1.5% Ramsey,risk_aversion,combined,0,406.9794429553622,1.8753997944928003
1152,euler_ramsey,0.5,2.0% Ramsey,risk_aversion,combined,0,286.74561832010943,2.0558861524964445
1152,euler_ramsey,0.5,2.5% Ramsey,risk_aversion,combined,0,199.48076392981898,2.1828556590201122
1153,euler_ramsey,0.5,1.5% Ramsey,risk_aversion,combined,0,-390.17303547606605,0.41946556420729497
1153,euler_ramsey,0.5,2.0% Ramsey,risk_aversion,combined,0,-288.993268667394,0.3279923599362874
1153,euler_ramsey,0.5,2.5% Ramsey,risk_aversion,combined,0,-214.36599110423006,0.2681227928611147
1154,euler_ramsey,0.5,1.5% Ramsey,risk_aversion,combined,0,3265.9273997261885,1.1334972029074541
1154,euler_ramsey,0.5,2.0% Ramsey,risk_aversion,combined,0,1907.7902878376906,1.110866469653475
1154,euler_ramsey,0.5,2.5% Ramsey,risk_aversion,combined,0,1162.6802394846968,1.0817289564339816
1155,euler_ramsey,0.5,1.5% Ramsey,risk_aversion,combined,0,197.06947429465143,2.1020303623336853
1155,euler_ramsey,0.5,2.0% Ramsey,risk_aversion,combined,0,131.86957202877437,2.3643686354248548
1155,euler_ramsey,0.5,2.5% Ramsey,risk_aversion,combined,0,92.12016526789037,2.5609266842636353
1156,euler_ramsey,0.5,1.5% Ramsey,risk_aversion,combined,0,-1081.1525333349787,0.16006406689330097
1156,euler_ramsey,0.5,2.0% Ramsey,risk_aversion,combined,0,-435.4236380930072,0.10076754551878103
1156,euler_ramsey,0.5,2.5% Ramsey,risk_aversion,combined,0,-225.57343272887258,0.06965823696351713
1157,euler_ramsey,0.5,1.5% Ramsey,risk_aversion,combined,0,346.9815814592189,0.681120834967116
1157,euler_ramsey,0.5,2.0% Ramsey,risk_aversion,combined,0,265.6538854173905,0.5941764337478931
1157,euler_ramsey,0.5,2.5% Ramsey,risk_aversion,combined,0,194.07437856107325,0.5286452813556645
1158,euler_ramsey,0.5,1.5% Ramsey,risk_aversion,combined,0,2560.5846996335936,0.8909378412234428
1158,euler_ramsey,0.5,2.0% Ramsey,risk_aversion,combined,0,2180.358001090108,0.8287939002933876
1158,euler_ramsey,0.5,2.5% Ramsey,risk_aversion,combined,0,1641.5665302904213,0.7753471761397229
1159,euler_ramsey,0.5,1.5% Ramsey,risk_aversion,combined,0,391.40709408474345,1.9569997017761533
1159,euler_ramsey,0.5,2.0% Ramsey,risk_aversion,combined,0,278.44077125949644,2.1663422871761253
1159,euler_ramsey,0.5,2.5% Ramsey,risk_aversion,combined,0,194.31490775120847,2.317586275314768
1160,euler_ramsey,0.5,1.5% Ramsey,risk_aversion,combined,0,437.2680907296852,0.8616181036256254
1160,euler_ramsey,0.5,2.0% Ramsey,risk_aversion,combined,0,361.87866275705755,0.7930873475866774
1160,euler_ramsey,0.5,2.5% Ramsey,risk_aversion,combined,0,271.93355138549174,0.7355874472903733
1161,euler_ramsey,0.5,1.5% Ramsey,risk_aversion,combined,0,662.3622714534632,1.5543345246862825
1161,euler_ramsey,0.5,2.0% Ramsey,risk_aversion,combined,0,492.94090977800244,1.6343109861098195
1161,euler_ramsey,0.5,2.5% Ramsey,risk_aversion,combined,0,359.55163102420204,1.6803564172981245
1162,euler_ramsey,0.5,1.5% Ramsey,risk_aversion,combined,0,843.2442954442735,0.5029564803420878
1162,euler_ramsey,0.5,2.0% Ramsey,risk_aversion,combined,0,552.113040663088,0.4096873369683622
1162,euler_ramsey,0.5,2.5% Ramsey,risk_aversion,combined,0,384.88395931877943,0.34567419222307244
1163,euler_ramsey,0.5,1.5% Ramsey,risk_aversion,combined,0,1447.8320045276348,0.6935743725083753
1163,euler_ramsey,0.5,2.0% Ramsey,risk_aversion,combined,0,1078.3107924821752,0.6079528161361594
1163,euler_ramsey,0.5,2.5% Ramsey,risk_aversion,combined,0,763.1023919056652,0.542973456842257
1164,euler_ramsey,0.5,1.5% Ramsey,risk_aversion,combined,0,4677.27272488084,0.3020290210107297
1164,euler_ramsey,0.5,2.0% Ramsey,risk_aversion,combined,0,3172.645683732409,0.21987173242485125
1164,euler_ramsey,0.5,2.5% Ramsey,risk_aversion,combined,0,2185.4031467910445,0.17011202213116067
1165,euler_ramsey,0.5,1.5% Ramsey,risk_aversion,combined,0,156.71950207128154,0.5429470271899952
1165,euler_ramsey,0.5,2.0% Ramsey,risk_aversion,combined,0,111.78141990075119,0.44982854799976724
1165,euler_ramsey,0.5,2.5% Ramsey,risk_aversion,combined,0,70.67155349515993,0.3845432066108122
1166,euler_ramsey,0.5,1.5% Ramsey,risk_aversion,combined,0,-430.15585221020416,0.3912576470067181
1166,euler_ramsey,0.5,2.0% Ramsey,risk_aversion,combined,0,-162.01940753739416,0.30121383665137236
1166,euler_ramsey,0.5,2.5% Ramsey,risk_aversion,combined,0,-91.1278385772299,0.24328982640778807
1167,euler_ramsey,0.5,1.5% Ramsey,risk_aversion,combined,0,873.2548214349513,1.0594530799791986
1167,euler_ramsey,0.5,2.0% Ramsey,risk_aversion,combined,0,444.17277041294,1.0222898900856692
1167,euler_ramsey,0.5,2.5% Ramsey,risk_aversion,combined,0,268.37473653315817,0.9836268308397699
1168,euler_ramsey,0.5,1.5% Ramsey,risk_aversion,combined,0,469.27547150167646,0.7303503585893736
1168,euler_ramsey,0.5,2.0% Ramsey,risk_aversion,combined,0,428.5800465390912,0.647090567237472
1168,euler_ramsey,0.5,2.5% Ramsey,risk_aversion,combined,0,355.9201525188676,0.5826913608319918
1169,euler_ramsey,0.5,1.5% Ramsey,risk_aversion,combined,0,241.42027707810124,0.9710556077603658
1169,euler_ramsey,0.5,2.0% Ramsey,risk_aversion,combined,0,209.60539828355937,0.9182890515668359
1169,euler_ramsey,0.5,2.5% Ramsey,risk_aversion,combined,0,169.99858917766858,0.8697247337559753
1170,euler_ramsey,0.5,1.5% Ramsey,risk_aversion,combined,0,185.4754958400083,0.7986379931824268
1170,euler_ramsey,0.5,2.0% Ramsey,risk_aversion,combined,0,150.17768241210908,0.7223807038449763
1170,euler_ramsey,0.5,2.5% Ramsey,risk_aversion,combined,0,117.56406337325618,0.6610218835455621
1171,euler_ramsey,0.5,1.5% Ramsey,risk_aversion,combined,0,495.37142318121687,1.4255507739694133
1171,euler_ramsey,0.5,2.0% Ramsey,risk_aversion,combined,0,379.6082150036634,1.4694587926325462
1171,euler_ramsey,0.5,2.5% Ramsey,risk_aversion,combined,0,275.80125210147685,1.4877519150308214
1172,euler_ramsey,0.5,1.5% Ramsey,risk_aversion,combined,0,1601.149326965444,0.887674056747241
1172,euler_ramsey,0.5,2.0% Ramsey,risk_aversion,combined,0,1182.378649898223,0.8225757409374771
1172,euler_ramsey,0.5,2.5% Ramsey,risk_aversion,combined,0,816.2118130930229,0.7669369142987217
1173,euler_ramsey,0.5,1.5% Ramsey,risk_aversion,combined,0,-275.7623202766312,0.3929651624735376
1173,euler_ramsey,0.5,2.0% Ramsey,risk_aversion,combined,0,-152.46124655102565,0.3027390486147412
1173,euler_ramsey,0.5,2.5% Ramsey,risk_aversion,combined,0,-79.18816910889345,0.24464940404459312
1174,euler_ramsey,0.5,1.5% Ramsey,risk_aversion,combined,0,956.009829937073,0.18059601200657638
1174,euler_ramsey,0.5,2.0% Ramsey,risk_aversion,combined,0,618.968794527635,0.1168441179268267
1174,euler_ramsey,0.5,2.5% Ramsey,risk_aversion,combined,0,457.81682675035677,0.0825002440086863
1175,euler_ramsey,0.5,1.5% Ramsey,risk_aversion,combined,0,-152.78659836775705,0.5874615458089265
1175,euler_ramsey,0.5,2.0% Ramsey,risk_aversion,combined,0,-99.73996470109093,0.49573483955476405
1175,euler_ramsey,0.5,2.5% Ramsey,risk_aversion,combined,0,-60.09175645845558,0.4298743147955088
1176,euler_ramsey,0.5,1.5% Ramsey,risk_aversion,combined,0,867.6972846096105,0.46446574679832703
1176,euler_ramsey,0.5,2.0% Ramsey,risk_aversion,combined,0,805.6372800235899,0.37167569119381294
1176,euler_ramsey,0.5,2.5% Ramsey,risk_aversion,combined,0,627.310316909665,0.3093236116290281
1177,euler_ramsey,0.5,1.5% Ramsey,risk_aversion,combined,0,435.4145749643059,2.2070290677523308
1177,euler_ramsey,0.5,2.0% Ramsey,risk_aversion,combined,0,339.3065249871388,2.5101528951111254
1177,euler_ramsey,0.5,2.5% Ramsey,risk_aversion,combined,0,249.03865233507253,2.742321953794699
1178,euler_ramsey,0.5,1.5% Ramsey,risk_aversion,combined,0,279.1219045977842,1.4526408403011175
1178,euler_ramsey,0.5,2.0% Ramsey,risk_aversion,combined,0,215.11685572709803,1.5034577600214765
1178,euler_ramsey,0.5,2.5% Ramsey,risk_aversion,combined,0,155.95697416909806,1.5268977625201836
1179,euler_ramsey,0.5,1.5% Ramsey,risk_aversion,combined,0,1310.5284086224856,0.7199251178619831
1179,euler_ramsey,0.5,2.0% Ramsey,risk_aversion,combined,0,1188.7680431480628,0.6362179788617408
1179,euler_ramsey,0.5,2.5% Ramsey,risk_aversion,combined,0,974.15641003977,0.5718150534620331
1180,euler_ramsey,0.5,1.5% Ramsey,risk_aversion,combined,0,8.827421357110943,3.26388812005011
1180,euler_ramsey,0.5,2.0% Ramsey,risk_aversion,combined,0,4.520487395312159,4.05280954523225
1180,euler_ramsey,0.5,2.5% Ramsey,risk_aversion,combined,0,3.5170158680754264,4.738319525295867
1181,euler_ramsey,0.5,1.5% Ramsey,risk_aversion,combined,0,1069.0131977864426,1.3668233510681007
1181,euler_ramsey,0.5,2.0% Ramsey,risk_aversion,combined,0,894.4074418978835,1.396222703102492
1181,euler_ramsey,0.5,2.5% Ramsey,risk_aversion,combined,0,710.469119809141,1.4038951099002743
1182,euler_ramsey,0.5,1.5% Ramsey,risk_aversion,combined,0,2178.909558343443,0.5848557395856977
1182,euler_ramsey,0.5,2.0% Ramsey,risk_aversion,combined,0,1436.9265973694905,0.49358584512795184
1182,euler_ramsey,0.5,2.5% Ramsey,risk_aversion,combined,0,907.2992310048606,0.42810114323356563
1183,euler_ramsey,0.5,1.5% Ramsey,risk_aversion,combined,0,268.3896815885699,0.8181906167500902
1183,euler_ramsey,0.5,2.0% Ramsey,risk_aversion,combined,0,220.20641877920903,0.7440285815551569
1183,euler_ramsey,0.5,2.5% Ramsey,risk_aversion,combined,0,165.2509539970989,0.6836085746593916
1184,euler_ramsey,0.5,1.5% Ramsey,risk_aversion,combined,0,118.94903207174671,0.9189872343303884
1184,euler_ramsey,0.5,2.0% Ramsey,risk_aversion,combined,0,101.22007115594428,0.8574230996560657
1184,euler_ramsey,0.5,2.5% Ramsey,risk_aversion,combined,0,89.33148839817109,0.8035918339054071
1185,euler_ramsey,0.5,1.5% Ramsey,risk_aversion,combined,0,759.4028655736881,0.9348693026787688
1185,euler_ramsey,0.5,2.0% Ramsey,risk_aversion,combined,0,602.5812775355126,0.876142401631002
1185,euler_ramsey,0.5,2.5% Ramsey,risk_aversion,combined,0,446.1067173867822,0.8240238052980017
1186,euler_ramsey,0.5,1.5% Ramsey,risk_aversion,combined,0,392.3929203962716,1.437469615207036
1186,euler_ramsey,0.5,2.0% Ramsey,risk_aversion,combined,0,316.89217432807976,1.4840964356137067
1186,euler_ramsey,0.5,2.5% Ramsey,risk_aversion,combined,0,234.3736771274849,1.504327874551884
1187,euler_ramsey,0.5,1.5% Ramsey,risk_aversion,combined,0,105.59290346378867,2.153262519361919
1187,euler_ramsey,0.5,2.0% Ramsey,risk_aversion,combined,0,74.60759411920509,2.4349899597573987
1187,euler_ramsey,0.5,2.5% Ramsey,risk_aversion,combined,0,52.81491461456917,2.648259869819516
1188,euler_ramsey,0.5,1.5% Ramsey,risk_aversion,combined,0,-279.5754641770412,1.186277954137931
1188,euler_ramsey,0.5,2.0% Ramsey,risk_aversion,combined,0,-230.03131820516995,1.1732430470719917
1188,euler_ramsey,0.5,2.5% Ramsey,risk_aversion,combined,0,-169.29766498388827,1.1503502143474091
1189,euler_ramsey,0.5,1.5% Ramsey,risk_aversion,combined,0,6663.82918159038,0.3655834661007575
1189,euler_ramsey,0.5,2.0% Ramsey,risk_aversion,combined,0,5166.399554715941,0.27749525875503034
1189,euler_ramsey,0.5,2.5% Ramsey,risk_aversion,combined,0,3560.1895336707357,0.22172199182483873
1190,euler_ramsey,0.5,1.5% Ramsey,risk_aversion,combined,0,4.636211986806214,3.9870341125209614
1190,euler_ramsey,0.5,2.0% Ramsey,risk_aversion,combined,0,0.8317128676500729,5.178616053571522
1190,euler_ramsey,0.5,2.5% Ramsey,risk_aversion,combined,0,0.10974843615213213,6.268876754491737
1191,euler_ramsey,0.5,1.5% Ramsey,risk_aversion,combined,0,1058.928571137465,0.241551427830931
1191,euler_ramsey,0.5,2.0% Ramsey,risk_aversion,combined,0,580.1889261526737,0.1668298953154725
1191,euler_ramsey,0.5,2.5% Ramsey,risk_aversion,combined,0,384.63696833718234,0.12389640845171385
1192,euler_ramsey,0.5,1.5% Ramsey,risk_aversion,combined,0,1302.0998186743261,1.091803569023016
1192,euler_ramsey,0.5,2.0% Ramsey,risk_aversion,combined,0,1054.5393742635374,1.0611497647568666
1192,euler_ramsey,0.5,2.5% Ramsey,risk_aversion,combined,0,777.0488051455301,1.026689171977561
1193,euler_ramsey,0.5,1.5% Ramsey,risk_aversion,combined,0,374.00008081774854,1.6655234389811913
1193,euler_ramsey,0.5,2.0% Ramsey,risk_aversion,combined,0,267.1846977138422,1.7778572745276189
1193,euler_ramsey,0.5,2.5% Ramsey,risk_aversion,combined,0,178.26932870499041,1.8492472152361523
1194,euler_ramsey,0.5,1.5% Ramsey,risk_aversion,combined,0,2015.557093757413,1.250147372963174
1194,euler_ramsey,0.5,2.0% Ramsey,risk_aversion,combined,0,1900.2898617946746,1.252553598036187
1194,euler_ramsey,0.5,2.5% Ramsey,risk_aversion,combined,0,1516.727197324019,1.2408702100427105
1195,euler_ramsey,0.5,1.5% Ramsey,risk_aversion,combined,0,702.6375523320672,1.1374296137614384
1195,euler_ramsey,0.5,2.0% Ramsey,risk_aversion,combined,0,488.45043704287093,1.11361990808461
1195,euler_ramsey,0.5,2.5% Ramsey,risk_aversion,combined,0,324.9280237231087,1.0834330067834932
1196,euler_ramsey,0.5,1.5% Ramsey,risk_aversion,combined,0,78.3760371156453,0.6438981199831962
1196,euler_ramsey,0.5,2.0% Ramsey,risk_aversion,combined,0,62.97644075460799,0.5546395714341833
1196,euler_ramsey,0.5,2.5% Ramsey,risk_aversion,combined,0,50.96775779389734,0.48865855201189207
1197,euler_ramsey,0.5,1.5% Ramsey,risk_aversion,combined,0,1763.2197962701016,1.8325319819146224
1197,euler_ramsey,0.5,2.0% Ramsey,risk_aversion,combined,0,1433.4022424947564,1.999501422326439
1197,euler_ramsey,0.5,2.5% Ramsey,risk_aversion,combined,0,1065.4145796825637,2.115486615692471
1198,euler_ramsey,0.5,1.5% Ramsey,risk_aversion,combined,0,504.08944281322914,0.3894754818985196
1198,euler_ramsey,0.5,2.0% Ramsey,risk_aversion,combined,0,332.01287961109114,0.29946493475427177
1198,euler_ramsey,0.5,2.5% Ramsey,risk_aversion,combined,0,209.79546604800024,0.24163941832121152
1199,euler_ramsey,0.5,1.5% Ramsey,risk_aversion,combined,0,-584.4101547298087,0.4803346337019506
1199,euler_ramsey,0.5,2.0% Ramsey,risk_aversion,combined,0,-358.5098575183045,0.3871506729690087
1199,euler_ramsey,0.5,2.5% Ramsey,risk_aversion,combined,0,-227.99984750367676,0.32399080400711777
1200,euler_ramsey,0.5,1.5% Ramsey,risk_aversion,combined,0,2578.168133248304,1.2187348501417778
1200,euler_ramsey,0.5,2.0% Ramsey,risk_aversion,combined,0,1595.3334680134712,1.2140823386246298
1200,euler_ramsey,0.5,2.5% Ramsey,risk_aversion,combined,0,997.6894411614857,1.197313252551985
1201,euler_ramsey,0.5,1.5% Ramsey,risk_aversion,combined,0,480.80957472759195,0.3945335885346307
1201,euler_ramsey,0.5,2.0% Ramsey,risk_aversion,combined,0,428.9824272908958,0.30441337790027223
1201,euler_ramsey,0.5,2.5% Ramsey,risk_aversion,combined,0,334.2325557119642,0.24630757632884714
1202,euler_ramsey,0.5,1.5% Ramsey,risk_aversion,combined,0,238.52574865516797,1.6753284910736286
1202,euler_ramsey,0.5,2.0% Ramsey,risk_aversion,combined,0,184.20220400068837,1.7906212279341642
1202,euler_ramsey,0.5,2.5% Ramsey,risk_aversion,combined,0,138.0310754027363,1.8643551019735862
1203,euler_ramsey,0.5,1.5% Ramsey,risk_aversion,combined,0,188.53640767900967,1.3810533327953534
1203,euler_ramsey,0.5,2.0% Ramsey,risk_aversion,combined,0,160.09134842558547,1.4132597991043143
1203,euler_ramsey,0.5,2.5% Ramsey,risk_aversion,combined,0,133.64830667200502,1.4228000044242588
1204,euler_ramsey,0.5,1.5% Ramsey,risk_aversion,combined,0,1146.4702420968858,0.8571816141582183
1204,euler_ramsey,0.5,2.0% Ramsey,risk_aversion,combined,0,932.8882816419326,0.7878223258693139
1204,euler_ramsey,0.5,2.5% Ramsey,risk_aversion,combined,0,689.7989371777787,0.7298441326040569
1205,euler_ramsey,0.5,1.5% Ramsey,risk_aversion,combined,0,247.89635500590623,1.7738603470097607
1205,euler_ramsey,0.5,2.0% Ramsey,risk_aversion,combined,0,188.91952640900345,1.9204904097805469
1205,euler_ramsey,0.5,2.5% Ramsey,risk_aversion,combined,0,138.18763061923897,2.0195911507530653
1206,euler_ramsey,0.5,1.5% Ramsey,risk_aversion,combined,0,1566.704389906407,0.7630941374643894
1206,euler_ramsey,0.5,2.0% Ramsey,risk_aversion,combined,0,1334.68704830371,0.6841341520518857
1206,euler_ramsey,0.5,2.5% Ramsey,risk_aversion,combined,0,1056.0091302767953,0.6218671924609799
1207,euler_ramsey,0.5,1.5% Ramsey,risk_aversion,combined,0,551.7520343114463,0.5780625745740007
1207,euler_ramsey,0.5,2.0% Ramsey,risk_aversion,combined,0,338.0391476912937,0.4861903173568221
1207,euler_ramsey,0.5,2.5% Ramsey,risk_aversion,combined,0,242.64725135147245,0.4205393503584993
1208,euler_ramsey,0.5,1.5% Ramsey,risk_aversion,combined,0,-27.79419131280293,0.37616896419410245
1208,euler_ramsey,0.5,2.0% Ramsey,risk_aversion,combined,0,-39.50647390710411,0.2871268055155685
1208,euler_ramsey,0.5,2.5% Ramsey,risk_aversion,combined,0,-45.51679504211315,0.2303844268301537
1209,euler_ramsey,0.5,1.5% Ramsey,risk_aversion,combined,0,406.7834074649361,1.1390272685791596
1209,euler_ramsey,0.5,2.0% Ramsey,risk_aversion,combined,0,299.868341282875,1.1157327385414542
1209,euler_ramsey,0.5,2.5% Ramsey,risk_aversion,combined,0,212.36804521601843,1.0858463891518872
1210,euler_ramsey,0.5,1.5% Ramsey,risk_aversion,combined,0,616.7676322744505,0.9924395928200728
1210,euler_ramsey,0.5,2.0% Ramsey,risk_aversion,combined,0,411.8899080603799,0.9437885780807792
1210,euler_ramsey,0.5,2.5% Ramsey,risk_aversion,combined,0,262.43983564184396,0.897848785846589
1211,euler_ramsey,0.5,1.5% Ramsey,risk_aversion,combined,0,340.37611695873386,0.7581487232978112
1211,euler_ramsey,0.5,2.0% Ramsey,risk_aversion,combined,0,262.14185851199306,0.6789679968060636
1211,euler_ramsey,0.5,2.5% Ramsey,risk_aversion,combined,0,195.32929531228052,0.6165887296640028
1212,euler_ramsey,0.5,1.5% Ramsey,risk_aversion,combined,0,79.52065157506851,1.2737537745048044
1212,euler_ramsey,0.5,2.0% Ramsey,risk_aversion,combined,0,55.65812827321582,1.279474390933776
1212,euler_ramsey,0.5,2.5% Ramsey,risk_aversion,combined,0,40.510406515132246,1.2696509759710521
1213,euler_ramsey,0.5,1.5% Ramsey,risk_aversion,combined,0,-73.75671031596721,0.4453411299086026
1213,euler_ramsey,0.5,2.0% Ramsey,risk_aversion,combined,0,-76.32957158369202,0.35291274045268967
1213,euler_ramsey,0.5,2.5% Ramsey,risk_aversion,combined,0,-67.35105501184644,0.2914922430808182
1214,euler_ramsey,0.5,1.5% Ramsey,risk_aversion,combined,0,-492.34825587270996,0.6101970757918952
1214,euler_ramsey,0.5,2.0% Ramsey,risk_aversion,combined,0,-269.7187988925633,0.5193072567492808
1214,euler_ramsey,0.5,2.5% Ramsey,risk_aversion,combined,0,-146.24187308980774,0.4532774238124305
1215,euler_ramsey,0.5,1.5% Ramsey,risk_aversion,combined,0,273.86230254256856,0.2606439093650115
1215,euler_ramsey,0.5,2.0% Ramsey,risk_aversion,combined,0,219.75400924199786,0.183109605826472
1215,euler_ramsey,0.5,2.5% Ramsey,risk_aversion,combined,0,177.92599147479118,0.13778939980419913
1216,euler_ramsey,0.5,1.5% Ramsey,risk_aversion,combined,0,548.6705460059266,0.8655018065096507
1216,euler_ramsey,0.5,2.0% Ramsey,risk_aversion,combined,0,397.66810002277424,0.7966247614302789
1216,euler_ramsey,0.5,2.5% Ramsey,risk_aversion,combined,0,286.9742995224626,0.7387836923380215
1217,euler_ramsey,0.5,1.5% Ramsey,risk_aversion,combined,0,-1490.254393790172,0.13219648136903894
1217,euler_ramsey,0.5,2.0% Ramsey,risk_aversion,combined,0,-1036.962853992545,0.07971645207295198
1217,euler_ramsey,0.5,2.5% Ramsey,risk_aversion,combined,0,-693.839936038081,0.05330122951733032
1218,euler_ramsey,0.5,1.5% Ramsey,risk_aversion,combined,0,50.78355083674414,2.07010443323111
1218,euler_ramsey,0.5,2.0% Ramsey,risk_aversion,combined,0,37.69964927733582,2.3203603849876777
1218,euler_ramsey,0.5,2.5% Ramsey,risk_aversion,combined,0,30.80621521869551,2.506388502866083
1219,euler_ramsey,0.5,1.5% Ramsey,risk_aversion,combined,0,3884.5219594336813,0.8972078809805673
1219,euler_ramsey,0.5,2.0% Ramsey,risk_aversion,combined,0,3471.88928627152,0.8361147277567582
1219,euler_ramsey,0.5,2.5% Ramsey,risk_aversion,combined,0,2645.756232715085,0.7832909954623066
1220,euler_ramsey,0.5,1.5% Ramsey,risk_aversion,combined,0,-706.1298487244147,0.1467866098683888
1220,euler_ramsey,0.5,2.0% Ramsey,risk_aversion,combined,0,-305.3940185188763,0.09062463701312388
1220,euler_ramsey,0.5,2.5% Ramsey,risk_aversion,combined,0,-168.80312908294746,0.0617090539204695
1221,euler_ramsey,0.5,1.5% Ramsey,risk_aversion,combined,0,658.4362769957226,1.3248104523191273
1221,euler_ramsey,0.5,2.0% Ramsey,risk_aversion,combined,0,481.7666976571654,1.3428657659548349
1221,euler_ramsey,0.5,2.5% Ramsey,risk_aversion,combined,0,319.08723712500847,1.3419715610572445
1222,euler_ramsey,0.5,1.5% Ramsey,risk_aversion,combined,0,2885.737921723513,0.37469270459438037
1222,euler_ramsey,0.5,2.0% Ramsey,risk_aversion,combined,0,2668.0747667530686,0.2859876363329395
1222,euler_ramsey,0.5,2.5% Ramsey,risk_aversion,combined,0,2077.7442323043333,0.22948707683923647
1223,euler_ramsey,0.5,1.5% Ramsey,risk_aversion,combined,0,1553.8137753234425,2.117034823030519
1223,euler_ramsey,0.5,2.0% Ramsey,risk_aversion,combined,0,1027.0312179989858,2.386270974613144
1223,euler_ramsey,0.5,2.5% Ramsey,risk_aversion,combined,0,660.0387436791228,2.5890701257661486
1224,euler_ramsey,0.5,1.5% Ramsey,risk_aversion,combined,0,528.4263261409027,3.0390446676854945
1224,euler_ramsey,0.5,2.0% Ramsey,risk_aversion,combined,0,468.5258286237259,3.7153672645152334
1224,euler_ramsey,0.5,2.5% Ramsey,risk_aversion,combined,0,371.73737139812977,4.292391922737975
1225,euler_ramsey,0.5,1.5% Ramsey,risk_aversion,combined,0,1998.5512355804435,0.6631255911272003
1225,euler_ramsey,0.5,2.0% Ramsey,risk_aversion,combined,0,1567.2112086232949,0.5761940899037411
1225,euler_ramsey,0.5,2.5% Ramsey,risk_aversion,combined,0,1159.3568329829764,0.5111900866968728
1226,euler_ramsey,0.5,1.5% Ramsey,risk_aversion,combined,0,76.52750656673796,2.0002982976589676
1226,euler_ramsey,0.5,2.0% Ramsey,risk_aversion,combined,0,44.28702199021471,2.2249591962916906
1226,euler_ramsey,0.5,2.5% Ramsey,risk_aversion,combined,0,28.624913628895065,2.3891107216021137
1227,euler_ramsey,0.5,1.5% Ramsey,risk_aversion,combined,0,407.9679614106543,0.7631691916127943
1227,euler_ramsey,0.5,2.0% Ramsey,risk_aversion,combined,0,254.09654429484962,0.6836304243197848
1227,euler_ramsey,0.5,2.5% Ramsey,risk_aversion,combined,0,165.14875539197877,0.62088529598488
1228,euler_ramsey,0.5,1.5% Ramsey,risk_aversion,combined,0,644.900280090267,0.48265308005473617
1228,euler_ramsey,0.5,2.0% Ramsey,risk_aversion,combined,0,361.5273916170246,0.389435561645123
1228,euler_ramsey,0.5,2.5% Ramsey,risk_aversion,combined,0,210.0059068866172,0.3261751290869945
1229,euler_ramsey,0.5,1.5% Ramsey,risk_aversion,combined,0,16.394068849929354,2.0258285790842803
1229,euler_ramsey,0.5,2.0% Ramsey,risk_aversion,combined,0,9.677957582619207,2.2598804601226776
1229,euler_ramsey,0.5,2.5% Ramsey,risk_aversion,combined,0,7.076533997951974,2.4320052855859977
1230,euler_ramsey,0.5,1.5% Ramsey,risk_aversion,combined,0,-297.33444002790065,0.6591778724295958
1230,euler_ramsey,0.5,2.0% Ramsey,risk_aversion,combined,0,-225.4236588981166,0.5708227211716653
1230,euler_ramsey,0.5,2.5% Ramsey,risk_aversion,combined,0,-157.1321639135134,0.5049793179918896
1231,euler_ramsey,0.5,1.5% Ramsey,risk_aversion,combined,0,1840.5384334676928,1.0942313674322959
1231,euler_ramsey,0.5,2.0% Ramsey,risk_aversion,combined,0,1291.0487880776816,1.0629309910155258
1231,euler_ramsey,0.5,2.5% Ramsey,risk_aversion,combined,0,857.5044263919524,1.0278987212884765
1232,euler_ramsey,0.5,1.5% Ramsey,risk_aversion,combined,0,1142.836394914215,0.6162227665128385
1232,euler_ramsey,0.5,2.0% Ramsey,risk_aversion,combined,0,894.3421186576185,0.5262713170811071
1232,euler_ramsey,0.5,2.5% Ramsey,risk_aversion,combined,0,654.95354291466,0.46069352303972944
1233,euler_ramsey,0.5,1.5% Ramsey,risk_aversion,combined,0,9447.43590423551,0.13629439491253914
1233,euler_ramsey,0.5,2.0% Ramsey,risk_aversion,combined,0,8255.077801478843,0.0829891900035577
1233,euler_ramsey,0.5,2.5% Ramsey,risk_aversion,combined,0,6242.502894208403,0.05592301602594048
1234,euler_ramsey,0.5,1.5% Ramsey,risk_aversion,combined,0,30.50392999791339,0.7332372280442864
1234,euler_ramsey,0.5,2.0% Ramsey,risk_aversion,combined,0,34.368760450295056,0.650304838523586
1234,euler_ramsey,0.5,2.5% Ramsey,risk_aversion,combined,0,29.983077480608106,0.5860211445811786
1235,euler_ramsey,0.5,1.5% Ramsey,risk_aversion,combined,0,43.031179749982215,2.556442562682155
1235,euler_ramsey,0.5,2.0% Ramsey,risk_aversion,combined,0,27.345586763250843,3.0048758295669464
1235,euler_ramsey,0.5,2.5% Ramsey,risk_aversion,combined,0,18.268990516673256,3.367186171535637
1236,euler_ramsey,0.5,1.5% Ramsey,risk_aversion,combined,0,349.42329837735565,2.328222171667056
1236,euler_ramsey,0.5,2.0% Ramsey,risk_aversion,combined,0,242.1104666475066,2.67961116979595
1236,euler_ramsey,0.5,2.5% Ramsey,risk_aversion,combined,0,160.3414973330132,2.954346352494788
1237,euler_ramsey,0.5,1.5% Ramsey,risk_aversion,combined,0,-127.98501697803826,0.5714016431625676
1237,euler_ramsey,0.5,2.0% Ramsey,risk_aversion,combined,0,-76.16728968251921,0.47921074027296
1237,euler_ramsey,0.5,2.5% Ramsey,risk_aversion,combined,0,-34.33945701980633,0.4135679492111273
1238,euler_ramsey,0.5,1.5% Ramsey,risk_aversion,combined,0,460.5179990156041,0.41326606266782423
1238,euler_ramsey,0.5,2.0% Ramsey,risk_aversion,combined,0,373.25188581571336,0.32216686037628917
1238,euler_ramsey,0.5,2.5% Ramsey,risk_aversion,combined,0,288.5561083622367,0.26275470114913174
1239,euler_ramsey,0.5,1.5% Ramsey,risk_aversion,combined,0,2159.6249160142806,0.4908964312124999
1239,euler_ramsey,0.5,2.0% Ramsey,risk_aversion,combined,0,1379.1378975541288,0.3978546853099542
1239,euler_ramsey,0.5,2.5% Ramsey,risk_aversion,combined,0,866.7715998733923,0.3343990252890641
1240,euler_ramsey,0.5,1.5% Ramsey,risk_aversion,combined,0,187.62649193447876,2.667138377060295
1240,euler_ramsey,0.5,2.0% Ramsey,risk_aversion,combined,0,157.86875788329692,3.1651194534532423
1240,euler_ramsey,0.5,2.5% Ramsey,risk_aversion,combined,0,130.82914682684986,3.57326819187372
1241,euler_ramsey,0.5,1.5% Ramsey,risk_aversion,combined,0,967.3366544522971,0.49516851941630446
1241,euler_ramsey,0.5,2.0% Ramsey,risk_aversion,combined,0,733.620217066486,0.40236708296812473
1241,euler_ramsey,0.5,2.5% Ramsey,risk_aversion,combined,0,522.7317121472515,0.33889010777599077
1242,euler_ramsey,0.5,1.5% Ramsey,risk_aversion,combined,0,566.8765234450542,1.4807637127488176
1242,euler_ramsey,0.5,2.0% Ramsey,risk_aversion,combined,0,407.46615930236015,1.5395050612397707
1242,euler_ramsey,0.5,2.5% Ramsey,risk_aversion,combined,0,278.2923950810374,1.56903291972267
1243,euler_ramsey,0.5,1.5% Ramsey,risk_aversion,combined,0,741.8215479043868,0.807104869815804
1243,euler_ramsey,0.5,2.0% Ramsey,risk_aversion,combined,0,611.2753861697422,0.7317427474311216
1243,euler_ramsey,0.5,2.5% Ramsey,risk_aversion,combined,0,462.1427341235948,0.6707840757052798
1244,euler_ramsey,0.5,1.5% Ramsey,risk_aversion,combined,0,397.02931013627983,0.926859286011645
1244,euler_ramsey,0.5,2.0% Ramsey,risk_aversion,combined,0,244.70334825984486,0.8663971109648345
1244,euler_ramsey,0.5,2.5% Ramsey,risk_aversion,combined,0,158.2211331023557,0.8131624605442895
1245,euler_ramsey,0.5,1.5% Ramsey,risk_aversion,combined,0,4616.914291603735,0.28725391355132013
1245,euler_ramsey,0.5,2.0% Ramsey,risk_aversion,combined,0,2435.8149121919655,0.20669158629626208
1245,euler_ramsey,0.5,2.5% Ramsey,risk_aversion,combined,0,1578.4164119686277,0.15847308821706818
1246,euler_ramsey,0.5,1.5% Ramsey,risk_aversion,combined,0,630.3081491041069,1.0099820738583996
1246,euler_ramsey,0.5,2.0% Ramsey,risk_aversion,combined,0,363.9338275993488,0.9640416878412993
1246,euler_ramsey,0.5,2.5% Ramsey,risk_aversion,combined,0,216.36122065862926,0.9196934620618238
1247,euler_ramsey,0.5,1.5% Ramsey,risk_aversion,combined,0,704.3576866639216,1.4495214528860791
1247,euler_ramsey,0.5,2.0% Ramsey,risk_aversion,combined,0,497.53979897324876,1.5000192418590603
1247,euler_ramsey,0.5,2.5% Ramsey,risk_aversion,combined,0,357.2745016575727,1.5233268664472572
1248,euler_ramsey,0.5,1.5% Ramsey,risk_aversion,combined,0,1914.6725071826374,0.675486659762342
1248,euler_ramsey,0.5,2.0% Ramsey,risk_aversion,combined,0,1166.3376604624434,0.5888597470760633
1248,euler_ramsey,0.5,2.5% Ramsey,risk_aversion,combined,0,717.0136545188681,0.5237054990590552
1249,euler_ramsey,0.5,1.5% Ramsey,risk_aversion,combined,0,228.91705315325297,1.5281883561694485
1249,euler_ramsey,0.5,2.0% Ramsey,risk_aversion,combined,0,162.68230295954626,1.5997642293268493
1249,euler_ramsey,0.5,2.5% Ramsey,risk_aversion,combined,0,109.0748037299545,1.6391242542785454
1250,euler_ramsey,0.5,1.5% Ramsey,risk_aversion,combined,0,3929.8406095215546,0.30406353263744706
1250,euler_ramsey,0.5,2.0% Ramsey,risk_aversion,combined,0,2198.141112554809,0.22115852843215464
1250,euler_ramsey,0.5,2.5% Ramsey,risk_aversion,combined,0,1269.2821256931636,0.17095131560804724
1251,euler_ramsey,0.5,1.5% Ramsey,risk_aversion,combined,0,-1230.1989178708186,0.4115098326097077
1251,euler_ramsey,0.5,2.0% Ramsey,risk_aversion,combined,0,-1093.124866532756,0.3204614854041047
1251,euler_ramsey,0.5,2.5% Ramsey,risk_aversion,combined,0,-826.3543309272839,0.26114601421431805
1252,euler_ramsey,0.5,1.5% Ramsey,risk_aversion,combined,0,819.9024540217127,1.3453521834837079
1252,euler_ramsey,0.5,2.0% Ramsey,risk_aversion,combined,0,598.1906516893349,1.368643254883348
1252,euler_ramsey,0.5,2.5% Ramsey,risk_aversion,combined,0,404.9641033657514,1.371605481456575
1253,euler_ramsey,0.5,1.5% Ramsey,risk_aversion,combined,0,-116.3397458791253,0.7186750502862121
1253,euler_ramsey,0.5,2.0% Ramsey,risk_aversion,combined,0,-119.53597187301314,0.6346958160380636
1253,euler_ramsey,0.5,2.5% Ramsey,risk_aversion,combined,0,-105.51676652977604,0.5701098726276286
1254,euler_ramsey,0.5,1.5% Ramsey,risk_aversion,combined,0,438.0935421002189,0.905197091889444
1254,euler_ramsey,0.5,2.0% Ramsey,risk_aversion,combined,0,252.79474647911707,0.8421610846545455
1254,euler_ramsey,0.5,2.5% Ramsey,risk_aversion,combined,0,161.504350467953,0.787603609536389
1255,euler_ramsey,0.5,1.5% Ramsey,risk_aversion,combined,0,817.3369002148073,0.7628354831761208
1255,euler_ramsey,0.5,2.0% Ramsey,risk_aversion,combined,0,646.9337923094859,0.6848215105837686
1255,euler_ramsey,0.5,2.5% Ramsey,risk_aversion,combined,0,493.237508745109,0.6231667882069887
1256,euler_ramsey,0.5,1.5% Ramsey,risk_aversion,combined,0,-772.2300746763391,0.41792554420341427
1256,euler_ramsey,0.5,2.0% Ramsey,risk_aversion,combined,0,-326.50258085429493,0.3264598108802751
1256,euler_ramsey,0.5,2.5% Ramsey,risk_aversion,combined,0,-158.7002770378528,0.26666060872870845
1257,euler_ramsey,0.5,1.5% Ramsey,risk_aversion,combined,0,-390.07086118060136,0.426743618999373
1257,euler_ramsey,0.5,2.0% Ramsey,risk_aversion,combined,0,-285.41749452324075,0.3349186015081802
1257,euler_ramsey,0.5,2.5% Ramsey,risk_aversion,combined,0,-174.93512362647053,0.274568060913303
1258,euler_ramsey,0.5,1.5% Ramsey,risk_aversion,combined,0,628.8219852104446,0.672171588096198
1258,euler_ramsey,0.5,2.0% Ramsey,risk_aversion,combined,0,432.7056118859497,0.5853151205048543
1258,euler_ramsey,0.5,2.5% Ramsey,risk_aversion,combined,0,312.4330477290313,0.5201650544741193
1259,euler_ramsey,0.5,1.5% Ramsey,risk_aversion,combined,0,7279.903279477598,0.14339857662591232
1259,euler_ramsey,0.5,2.0% Ramsey,risk_aversion,combined,0,5916.261051737411,0.08815628882340283
1259,euler_ramsey,0.5,2.5% Ramsey,risk_aversion,combined,0,4287.301190117166,0.05983708383987028
1260,euler_ramsey,0.5,1.5% Ramsey,risk_aversion,combined,0,-54.4999503478953,1.0701252899099607
1260,euler_ramsey,0.5,2.0% Ramsey,risk_aversion,combined,0,-32.46078277604455,1.0337151018133885
1260,euler_ramsey,0.5,2.5% Ramsey,risk_aversion,combined,0,-20.134344145250395,0.995216451750483
1261,euler_ramsey,0.5,1.5% Ramsey,risk_aversion,combined,0,218.35448045882262,0.9175819481844971
1261,euler_ramsey,0.5,2.0% Ramsey,risk_aversion,combined,0,159.7924817420217,0.8557116113174776
1261,euler_ramsey,0.5,2.5% Ramsey,risk_aversion,combined,0,114.07733958322807,0.801670915154907
1262,euler_ramsey,0.5,1.5% Ramsey,risk_aversion,combined,0,460.0931836056654,1.910059556338257
1262,euler_ramsey,0.5,2.0% Ramsey,risk_aversion,combined,0,285.89685656775816,2.102415823348641
1262,euler_ramsey,0.5,2.5% Ramsey,risk_aversion,combined,0,183.2428695361778,2.239383501334505
1263,euler_ramsey,0.5,1.5% Ramsey,risk_aversion,combined,0,110.81712889640946,1.7358578150358523
1263,euler_ramsey,0.5,2.0% Ramsey,risk_aversion,combined,0,83.62944143676218,1.8701864510382267
1263,euler_ramsey,0.5,2.5% Ramsey,risk_aversion,combined,0,60.62349312346919,1.95919194978902
1264,euler_ramsey,0.5,1.5% Ramsey,risk_aversion,combined,0,1224.998089920074,0.2281547708952576
1264,euler_ramsey,0.5,2.0% Ramsey,risk_aversion,combined,0,428.64406697054085,0.1555438676930456
1264,euler_ramsey,0.5,2.5% Ramsey,risk_aversion,combined,0,219.21638271665265,0.11435782191830063
1265,euler_ramsey,0.5,1.5% Ramsey,risk_aversion,combined,0,1027.5695170931779,0.3926657296876992
1265,euler_ramsey,0.5,2.0% Ramsey,risk_aversion,combined,0,860.7823602253695,0.3027555315334213
1265,euler_ramsey,0.5,2.5% Ramsey,risk_aversion,combined,0,717.4158117140098,0.2448431637284328
1266,euler_ramsey,0.5,1.5% Ramsey,risk_aversion,combined,0,1401.8225037998375,0.5057953251801086
1266,euler_ramsey,0.5,2.0% Ramsey,risk_aversion,combined,0,1117.6396208059664,0.4126295789915555
1266,euler_ramsey,0.5,2.5% Ramsey,risk_aversion,combined,0,801.025777360091,0.348576679720056
1267,euler_ramsey,0.5,1.5% Ramsey,risk_aversion,combined,0,4076.034743199435,0.39517005066796634
1267,euler_ramsey,0.5,2.0% Ramsey,risk_aversion,combined,0,3121.750712052216,0.3050994181475301
1267,euler_ramsey,0.5,2.5% Ramsey,risk_aversion,combined,0,2108.6369571396267,0.24699559351129688
1268,euler_ramsey,0.5,1.5% Ramsey,risk_aversion,combined,0,-68.65548986505931,0.5159786579470522
1268,euler_ramsey,0.5,2.0% Ramsey,risk_aversion,combined,0,-54.884325540604216,0.4227264439852754
1268,euler_ramsey,0.5,2.5% Ramsey,risk_aversion,combined,0,-41.17187412127751,0.35826457344710455
1269,euler_ramsey,0.5,1.5% Ramsey,risk_aversion,combined,0,4859.072618005933,0.47431495297899545
1269,euler_ramsey,0.5,2.0% Ramsey,risk_aversion,combined,0,3379.174512897308,0.38215410559376806
1269,euler_ramsey,0.5,2.5% Ramsey,risk_aversion,combined,0,2258.1448995206406,0.3197939667343469
1270,euler_ramsey,0.5,1.5% Ramsey,risk_aversion,combined,0,-45.22113017193042,0.6404666230883537
1270,euler_ramsey,0.5,2.0% Ramsey,risk_aversion,combined,0,-26.947549566671004,0.5513662719341076
1270,euler_ramsey,0.5,2.5% Ramsey,risk_aversion,combined,0,-12.195268269015497,0.485579114815737
1271,euler_ramsey,0.5,1.5% Ramsey,risk_aversion,combined,0,629.3489523176725,1.1446378114107751
1271,euler_ramsey,0.5,2.0% Ramsey,risk_aversion,combined,0,524.4449413446424,1.122740069829011
1271,euler_ramsey,0.5,2.5% Ramsey,risk_aversion,combined,0,415.4391187391304,1.0938881806658225
1272,euler_ramsey,0.5,1.5% Ramsey,risk_aversion,combined,0,406.7076725848975,2.153066424590863
1272,euler_ramsey,0.5,2.0% Ramsey,risk_aversion,combined,0,316.32976340334915,2.434709671153219
1272,euler_ramsey,0.5,2.5% Ramsey,risk_aversion,combined,0,226.02863020245198,2.647907462278433
1273,euler_ramsey,0.5,1.5% Ramsey,risk_aversion,combined,0,-285.93009302100955,0.4753547151714954
1273,euler_ramsey,0.5,2.0% Ramsey,risk_aversion,combined,0,-171.0514602902355,0.3822227114102852
1273,euler_ramsey,0.5,2.5% Ramsey,risk_aversion,combined,0,-93.57494058216278,0.3192766275352235
1274,euler_ramsey,0.5,1.5% Ramsey,risk_aversion,combined,0,-402.17625581498487,0.37452485002069263
1274,euler_ramsey,0.5,2.0% Ramsey,risk_aversion,combined,0,-369.31098088036765,0.2854950133373252
1274,euler_ramsey,0.5,2.5% Ramsey,risk_aversion,combined,0,-265.34401078462616,0.22883680427875158
1275,euler_ramsey,0.5,1.5% Ramsey,risk_aversion,combined,0,509.80680810987735,1.9305381289171986
1275,euler_ramsey,0.5,2.0% Ramsey,risk_aversion,combined,0,475.2782902898675,2.130512959504886
1275,euler_ramsey,0.5,2.5% Ramsey,risk_aversion,combined,0,401.2770676949035,2.2739677101163465
1276,euler_ramsey,0.5,1.5% Ramsey,risk_aversion,combined,0,1096.145872483618,0.5470643055354449
1276,euler_ramsey,0.5,2.0% Ramsey,risk_aversion,combined,0,801.8209459665494,0.45442444072860827
1276,euler_ramsey,0.5,2.5% Ramsey,risk_aversion,combined,0,586.8980086582262,0.3892947757292005
1277,euler_ramsey,0.5,1.5% Ramsey,risk_aversion,combined,0,144.88556150393947,0.8389651084754512
1277,euler_ramsey,0.5,2.0% Ramsey,risk_aversion,combined,0,125.52481119608015,0.7670590680126391
1277,euler_ramsey,0.5,2.5% Ramsey,risk_aversion,combined,0,103.31273497259421,0.7077504812438736
1278,euler_ramsey,0.5,1.5% Ramsey,risk_aversion,combined,0,247.24732602708386,1.2766875597076521
1278,euler_ramsey,0.5,2.0% Ramsey,risk_aversion,combined,0,198.9506151282585,1.2831054548729357
1278,euler_ramsey,0.5,2.5% Ramsey,risk_aversion,combined,0,151.64788181343528,1.2737619232970967
1279,euler_ramsey,0.5,1.5% Ramsey,risk_aversion,combined,0,4303.311752128383,0.20984806238706533
1279,euler_ramsey,0.5,2.0% Ramsey,risk_aversion,combined,0,2937.0995336263777,0.14053333935670367
1279,euler_ramsey,0.5,2.5% Ramsey,risk_aversion,combined,0,1991.893290131473,0.10191589671780422
1280,euler_ramsey,0.5,1.5% Ramsey,risk_aversion,combined,0,493.3139589228211,1.3169797867371538
1280,euler_ramsey,0.5,2.0% Ramsey,risk_aversion,combined,0,381.51035523088836,1.3331721142249031
1280,euler_ramsey,0.5,2.5% Ramsey,risk_aversion,combined,0,268.4565404739111,1.3309314057629062
1281,euler_ramsey,0.5,1.5% Ramsey,risk_aversion,combined,0,361.33831252064556,1.8173827216842142
1281,euler_ramsey,0.5,2.0% Ramsey,risk_aversion,combined,0,208.7272458704951,1.9784642878641736
1281,euler_ramsey,0.5,2.5% Ramsey,risk_aversion,combined,0,139.91164566510915,2.0894385731853293
1282,euler_ramsey,0.5,1.5% Ramsey,risk_aversion,combined,0,-63.5844458314852,1.8451955805222477
1282,euler_ramsey,0.5,2.0% Ramsey,risk_aversion,combined,0,-57.011067744139844,2.0157105418209778
1282,euler_ramsey,0.5,2.5% Ramsey,risk_aversion,combined,0,-42.5297547727376,2.1343873563442197
1283,euler_ramsey,0.5,1.5% Ramsey,risk_aversion,combined,0,57.776824735028804,0.5126604266650622
1283,euler_ramsey,0.5,2.0% Ramsey,risk_aversion,combined,0,73.03095198400848,0.41941450292774546
1283,euler_ramsey,0.5,2.5% Ramsey,risk_aversion,combined,0,84.64330876304385,0.3550764455650244
1284,euler_ramsey,0.5,1.5% Ramsey,risk_aversion,combined,0,583.0440178976353,0.6372119901758678
1284,euler_ramsey,0.5,2.0% Ramsey,risk_aversion,combined,0,447.26480690623106,0.5478360282272191
1284,euler_ramsey,0.5,2.5% Ramsey,risk_aversion,combined,0,328.6174275871521,0.4819792340141694
1285,euler_ramsey,0.5,1.5% Ramsey,risk_aversion,combined,0,1615.9558273277767,0.3887102824111393
1285,euler_ramsey,0.5,2.0% Ramsey,risk_aversion,combined,0,1429.1756783814842,0.29899638426697805
1285,euler_ramsey,0.5,2.5% Ramsey,risk_aversion,combined,0,1100.4378306658089,0.24135573632296356
1286,euler_ramsey,0.5,1.5% Ramsey,risk_aversion,combined,0,1478.5427894591496,0.6192948553400842
1286,euler_ramsey,0.5,2.0% Ramsey,risk_aversion,combined,0,1082.4744649250651,0.5295244937458071
1286,euler_ramsey,0.5,2.5% Ramsey,risk_aversion,combined,0,734.5952292935285,0.4639450957397382
1287,euler_ramsey,0.5,1.5% Ramsey,risk_aversion,combined,0,131.12899917282203,1.266360659756675
1287,euler_ramsey,0.5,2.0% Ramsey,risk_aversion,combined,0,94.76905707628161,1.2705893434159348
1287,euler_ramsey,0.5,2.5% Ramsey,risk_aversion,combined,0,61.783695750670866,1.259754272010786
1288,euler_ramsey,0.5,1.5% Ramsey,risk_aversion,combined,0,-774.898956863403,0.7874820773634578
1288,euler_ramsey,0.5,2.0% Ramsey,risk_aversion,combined,0,-588.8102188360604,0.7102874408932202
1288,euler_ramsey,0.5,2.5% Ramsey,risk_aversion,combined,0,-406.0885187868668,0.6485304147354631
1289,euler_ramsey,0.5,1.5% Ramsey,risk_aversion,combined,0,611.3011621568459,1.2906267840745553
1289,euler_ramsey,0.5,2.0% Ramsey,risk_aversion,combined,0,496.6646006457138,1.299966534500216
1289,euler_ramsey,0.5,2.5% Ramsey,risk_aversion,combined,0,361.082178430844,1.2926836686607577
1290,euler_ramsey,0.5,1.5% Ramsey,risk_aversion,combined,0,1241.9083967589718,1.77019607227154
1290,euler_ramsey,0.5,2.0% Ramsey,risk_aversion,combined,0,824.7602537647867,1.9176819706041863
1290,euler_ramsey,0.5,2.5% Ramsey,risk_aversion,combined,0,562.4883902101392,2.0178889588262487
1291,euler_ramsey,0.5,1.5% Ramsey,risk_aversion,combined,0,10010.181395624493,1.4858156046869173
1291,euler_ramsey,0.5,2.0% Ramsey,risk_aversion,combined,0,7213.117604538282,1.5512877967535783
1291,euler_ramsey,0.5,2.5% Ramsey,risk_aversion,combined,0,4644.514513189503,1.5867806297387899
1292,euler_ramsey,0.5,1.5% Ramsey,risk_aversion,combined,0,371.4442400018903,1.049889688230968
1292,euler_ramsey,0.5,2.0% Ramsey,risk_aversion,combined,0,285.0366732736318,1.0103451766529536
1292,euler_ramsey,0.5,2.5% Ramsey,risk_aversion,combined,0,201.06694135597652,0.9699606836772169
1293,euler_ramsey,0.5,1.5% Ramsey,risk_aversion,combined,0,1155.0911147403522,1.2089735597246296
1293,euler_ramsey,0.5,2.0% Ramsey,risk_aversion,combined,0,1425.6411147460062,1.2011877324165166
1293,euler_ramsey,0.5,2.5% Ramsey,risk_aversion,combined,0,1404.7983447201655,1.1819677966440247
1294,euler_ramsey,0.5,1.5% Ramsey,risk_aversion,combined,0,1410.4411750700367,1.0623225555973228
1294,euler_ramsey,0.5,2.0% Ramsey,risk_aversion,combined,0,1000.3265278459277,1.0269160551179684
1294,euler_ramsey,0.5,2.5% Ramsey,risk_aversion,combined,0,704.3025182893903,0.9894773113195378
1295,euler_ramsey,0.5,1.5% Ramsey,risk_aversion,combined,0,863.6417230152568,1.8443849756943587
1295,euler_ramsey,0.5,2.0% Ramsey,risk_aversion,combined,0,590.3474593196294,2.0148285670006962
1295,euler_ramsey,0.5,2.5% Ramsey,risk_aversion,combined,0,390.9659401305334,2.133636221954641
1296,euler_ramsey,0.5,1.5% Ramsey,risk_aversion,combined,0,-1081.728125625909,0.3464364723620959
1296,euler_ramsey,0.5,2.0% Ramsey,risk_aversion,combined,0,-822.3243356170167,0.2595570133462822
1296,euler_ramsey,0.5,2.5% Ramsey,risk_aversion,combined,0,-608.0460744558778,0.2052843910054848
1297,euler_ramsey,0.5,1.5% Ramsey,risk_aversion,combined,0,2703.5927209483516,0.413519748179099
1297,euler_ramsey,0.5,2.0% Ramsey,risk_aversion,combined,0,2138.042181290512,0.3227494682197964
1297,euler_ramsey,0.5,2.5% Ramsey,risk_aversion,combined,0,1561.1771776818011,0.26350244299017966
1298,euler_ramsey,0.5,1.5% Ramsey,risk_aversion,combined,0,1149.7566296569953,1.5182453564752045
1298,euler_ramsey,0.5,2.0% Ramsey,risk_aversion,combined,0,778.4878136521957,1.5883785981943908
1298,euler_ramsey,0.5,2.5% Ramsey,risk_aversion,combined,0,501.119844527593,1.626870393275785
1299,euler_ramsey,0.5,1.5% Ramsey,risk_aversion,combined,0,10289.881136369617,0.13245831373327438
1299,euler_ramsey,0.5,2.0% Ramsey,risk_aversion,combined,0,7734.222799467255,0.08015527556189063
1299,euler_ramsey,0.5,2.5% Ramsey,risk_aversion,combined,0,5665.378085356732,0.05375624346152964
1300,euler_ramsey,0.5,1.5% Ramsey,risk_aversion,combined,0,2944.473842236376,0.4632919798395754
1300,euler_ramsey,0.5,2.0% Ramsey,risk_aversion,combined,0,1896.3800298656665,0.370559446875205
1300,euler_ramsey,0.5,2.5% Ramsey,risk_aversion,combined,0,1151.702367662504,0.30828862114503885
1301,euler_ramsey,0.5,1.5% Ramsey,risk_aversion,combined,0,395.38730622004397,1.0827591092394533
1301,euler_ramsey,0.5,2.0% Ramsey,risk_aversion,combined,0,307.10825107631985,1.0491731343756616
1301,euler_ramsey,0.5,2.5% Ramsey,risk_aversion,combined,0,218.77010102061692,1.0125964838101211
1302,euler_ramsey,0.5,1.5% Ramsey,risk_aversion,combined,0,1572.4471006871518,0.3843576394115638
1302,euler_ramsey,0.5,2.0% Ramsey,risk_aversion,combined,0,1027.731348018843,0.29475336185438267
1302,euler_ramsey,0.5,2.5% Ramsey,risk_aversion,combined,0,709.0055283315445,0.23736429888235613
1303,euler_ramsey,0.5,1.5% Ramsey,risk_aversion,combined,0,228.44947448939018,2.027930656633342
1303,euler_ramsey,0.5,2.0% Ramsey,risk_aversion,combined,0,188.51075112683455,2.262896561813388
1303,euler_ramsey,0.5,2.5% Ramsey,risk_aversion,combined,0,151.62702819593412,2.4359906975970915
1304,euler_ramsey,0.5,1.5% Ramsey,risk_aversion,combined,0,244.82988653979294,0.8074051833782343
1304,euler_ramsey,0.5,2.0% Ramsey,risk_aversion,combined,0,182.98422616447047,0.7323152192320294
1304,euler_ramsey,0.5,2.5% Ramsey,risk_aversion,combined,0,123.99276794788595,0.6715521836049643
1305,euler_ramsey,0.5,1.5% Ramsey,risk_aversion,combined,0,1942.8671068668752,0.5678176629869802
1305,euler_ramsey,0.5,2.0% Ramsey,risk_aversion,combined,0,1432.6502753068373,0.47583998318558873
1305,euler_ramsey,0.5,2.5% Ramsey,risk_aversion,combined,0,970.9276461837962,0.41044690437802356
1306,euler_ramsey,0.5,1.5% Ramsey,risk_aversion,combined,0,-370.84848078160115,0.9126408655802498
1306,euler_ramsey,0.5,2.0% Ramsey,risk_aversion,combined,0,-335.78169082125845,0.8508865480470404
1306,euler_ramsey,0.5,2.5% Ramsey,risk_aversion,combined,0,-254.90961024776578,0.797044534627769
1307,euler_ramsey,0.5,1.5% Ramsey,risk_aversion,combined,0,90.74586627318664,1.408542118942019
1307,euler_ramsey,0.5,2.0% Ramsey,risk_aversion,combined,0,81.66621776724334,1.447890871076797
1307,euler_ramsey,0.5,2.5% Ramsey,risk_aversion,combined,0,72.7357807298628,1.4627215716045512
1308,euler_ramsey,0.5,1.5% Ramsey,risk_aversion,combined,0,0.22226962725609203,1.4022714711599136
1308,euler_ramsey,0.5,2.0% Ramsey,risk_aversion,combined,0,-3.770227522438714,1.439870626748979
1308,euler_ramsey,0.5,2.5% Ramsey,risk_aversion,combined,0,-1.8112281662172591,1.453318943765839
1309,euler_ramsey,0.5,1.5% Ramsey,risk_aversion,combined,0,411.34273035109135,0.7868750406941049
1309,euler_ramsey,0.5,2.0% Ramsey,risk_aversion,combined,0,260.29000404464654,0.709075996442628
1309,euler_ramsey,0.5,2.5% Ramsey,risk_aversion,combined,0,169.80421571064463,0.6469275385020562
1310,euler_ramsey,0.5,1.5% Ramsey,risk_aversion,combined,0,287.1177554048973,1.2331373402312045
1310,euler_ramsey,0.5,2.0% Ramsey,risk_aversion,combined,0,261.5811688873793,1.2297075109565931
1310,euler_ramsey,0.5,2.5% Ramsey,risk_aversion,combined,0,210.28966554045027,1.213524629667371
1311,euler_ramsey,0.5,1.5% Ramsey,risk_aversion,combined,0,702.3255442250709,1.2563607089311553
1311,euler_ramsey,0.5,2.0% Ramsey,risk_aversion,combined,0,553.3700231210935,1.2593187059103312
1311,euler_ramsey,0.5,2.5% Ramsey,risk_aversion,combined,0,429.2958643311267,1.2477185267366138
1312,euler_ramsey,0.5,1.5% Ramsey,risk_aversion,combined,0,2620.201447582684,0.7734072462206016
1312,euler_ramsey,0.5,2.0% Ramsey,risk_aversion,combined,0,2004.6669386311,0.6972505618871151
1312,euler_ramsey,0.5,2.5% Ramsey,risk_aversion,combined,0,1490.9456030607937,0.6366562453907406
1313,euler_ramsey,0.5,1.5% Ramsey,risk_aversion,combined,0,1690.3029138323577,0.5159095799242959
1313,euler_ramsey,0.5,2.0% Ramsey,risk_aversion,combined,0,1376.142804982877,0.42305585373161314
1313,euler_ramsey,0.5,2.5% Ramsey,risk_aversion,combined,0,984.9790058223598,0.3588376782289358
1314,euler_ramsey,0.5,1.5% Ramsey,risk_aversion,combined,0,367.395210136427,1.996091527909541
1314,euler_ramsey,0.5,2.0% Ramsey,risk_aversion,combined,0,219.73074137525944,2.2192105966849898
1314,euler_ramsey,0.5,2.5% Ramsey,risk_aversion,combined,0,140.69778744880352,2.382131021562729
1315,euler_ramsey,0.5,1.5% Ramsey,risk_aversion,combined,0,-91.3488670335991,0.5517300569078546
1315,euler_ramsey,0.5,2.0% Ramsey,risk_aversion,combined,0,-77.6378763045723,0.45913327681410665
1315,euler_ramsey,0.5,2.5% Ramsey,risk_aversion,combined,0,-59.49186878926153,0.39386619555560404
1316,euler_ramsey,0.5,1.5% Ramsey,risk_aversion,combined,0,770.7359361996602,0.6029770759325153
1316,euler_ramsey,0.5,2.0% Ramsey,risk_aversion,combined,0,624.4648078749246,0.51228789609978
1316,euler_ramsey,0.5,2.5% Ramsey,risk_aversion,combined,0,462.6138374216865,0.44660760069191907
1317,euler_ramsey,0.5,1.5% Ramsey,risk_aversion,combined,0,77.76405395876226,1.0789065831428672
1317,euler_ramsey,0.5,2.0% Ramsey,risk_aversion,combined,0,64.64230470075844,1.0447025487575552
1317,euler_ramsey,0.5,2.5% Ramsey,risk_aversion,combined,0,49.57714347274923,1.0076963730163455
1318,euler_ramsey,0.5,1.5% Ramsey,risk_aversion,combined,0,1218.0230497438786,0.7117591279284406
1318,euler_ramsey,0.5,2.0% Ramsey,risk_aversion,combined,0,713.8826199434297,0.6271367847557897
1318,euler_ramsey,0.5,2.5% Ramsey,risk_aversion,combined,0,434.9831794129078,0.5623073308244557
1319,euler_ramsey,0.5,1.5% Ramsey,risk_aversion,combined,0,589.1775892857936,0.6078177920545627
1319,euler_ramsey,0.5,2.0% Ramsey,risk_aversion,combined,0,508.89896212683504,0.5173339518514081
1319,euler_ramsey,0.5,2.5% Ramsey,risk_aversion,combined,0,404.20848236996454,0.4516653023063323
1320,euler_ramsey,0.5,1.5% Ramsey,risk_aversion,combined,0,1574.877643073597,0.7304321931801719
1320,euler_ramsey,0.5,2.0% Ramsey,risk_aversion,combined,0,1403.878163774213,0.6474915864644455
1320,euler_ramsey,0.5,2.5% Ramsey,risk_aversion,combined,0,1111.1198628951734,0.5833217213801793
1321,euler_ramsey,0.5,1.5% Ramsey,risk_aversion,combined,0,2205.0054087130084,1.0869656376518133
1321,euler_ramsey,0.5,2.0% Ramsey,risk_aversion,combined,0,1789.8489088233978,1.0564646366954238
1321,euler_ramsey,0.5,2.5% Ramsey,risk_aversion,combined,0,1314.6861647179696,1.0223408614412455
1322,euler_ramsey,0.5,1.5% Ramsey,risk_aversion,combined,0,857.0891153095034,0.9111593588922211
1322,euler_ramsey,0.5,2.0% Ramsey,risk_aversion,combined,0,639.9995924438869,0.8493280207598887
1322,euler_ramsey,0.5,2.5% Ramsey,risk_aversion,combined,0,462.69590350680687,0.7955667062406984
1323,euler_ramsey,0.5,1.5% Ramsey,risk_aversion,combined,0,279.42768911386986,1.2327928007451354
1323,euler_ramsey,0.5,2.0% Ramsey,risk_aversion,combined,0,187.4198943321991,1.2292754502393375
1323,euler_ramsey,0.5,2.5% Ramsey,risk_aversion,combined,0,125.49649611522344,1.213008675248644
1324,euler_ramsey,0.5,1.5% Ramsey,risk_aversion,combined,0,406.4639414236994,1.7743891404541616
1324,euler_ramsey,0.5,2.0% Ramsey,risk_aversion,combined,0,288.009956500641,1.921110307947986
1324,euler_ramsey,0.5,2.5% Ramsey,risk_aversion,combined,0,189.63280673071716,2.020242240801112
1325,euler_ramsey,0.5,1.5% Ramsey,risk_aversion,combined,0,806.8436774853513,0.6914623819367707
1325,euler_ramsey,0.5,2.0% Ramsey,risk_aversion,combined,0,731.1302771406386,0.6055699197943573
1325,euler_ramsey,0.5,2.5% Ramsey,risk_aversion,combined,0,575.7360018233113,0.5404535872970019
1326,euler_ramsey,0.5,1.5% Ramsey,risk_aversion,combined,0,-14.372266681145067,2.0047205409873685
1326,euler_ramsey,0.5,2.0% Ramsey,risk_aversion,combined,0,-8.147125205623194,2.2309308636109044
1326,euler_ramsey,0.5,2.5% Ramsey,risk_aversion,combined,0,-2.4126718467675015,2.396374407495285
1327,euler_ramsey,0.5,1.5% Ramsey,risk_aversion,combined,0,75.97669543492596,1.3477576966359432
1327,euler_ramsey,0.5,2.0% Ramsey,risk_aversion,combined,0,51.22159219264211,1.3717220004025685
1327,euler_ramsey,0.5,2.5% Ramsey,risk_aversion,combined,0,40.248070167120446,1.3751597696353393
1328,euler_ramsey,0.5,1.5% Ramsey,risk_aversion,combined,0,834.5335611674236,0.13369851780665803
1328,euler_ramsey,0.5,2.0% Ramsey,risk_aversion,combined,0,676.8359535083655,0.08082810884808074
1328,euler_ramsey,0.5,2.5% Ramsey,risk_aversion,combined,0,503.8830257994565,0.054151422661741666
1329,euler_ramsey,0.5,1.5% Ramsey,risk_aversion,combined,0,247.9182057384821,0.7929365160337959
1329,euler_ramsey,0.5,2.0% Ramsey,risk_aversion,combined,0,166.2948468459933,0.7154124764326205
1329,euler_ramsey,0.5,2.5% Ramsey,risk_aversion,combined,0,117.58661946858247,0.6532830069944686
1330,euler_ramsey,0.5,1.5% Ramsey,risk_aversion,combined,0,2724.298444594091,0.2938974535563744
1330,euler_ramsey,0.5,2.0% Ramsey,risk_aversion,combined,0,1619.0646402191924,0.21225482461751247
1330,euler_ramsey,0.5,2.5% Ramsey,risk_aversion,combined,0,1039.4405443390374,0.1631812344244207
1331,euler_ramsey,0.5,1.5% Ramsey,risk_aversion,combined,0,472.9350002613412,0.6297480984452455
1331,euler_ramsey,0.5,2.0% Ramsey,risk_aversion,combined,0,379.63412394432225,0.5399631053041954
1331,euler_ramsey,0.5,2.5% Ramsey,risk_aversion,combined,0,280.81196164600044,0.4740567271850218
1332,euler_ramsey,0.5,1.5% Ramsey,risk_aversion,combined,0,-359.2708668671426,0.38394317486078644
1332,euler_ramsey,0.5,2.0% Ramsey,risk_aversion,combined,0,-331.67225130287176,0.2944355874575049
1332,euler_ramsey,0.5,2.5% Ramsey,risk_aversion,combined,0,-267.5673537099597,0.2371065156247833
1333,euler_ramsey,0.5,1.5% Ramsey,risk_aversion,combined,0,679.869148554836,1.807549385741605
1333,euler_ramsey,0.5,2.0% Ramsey,risk_aversion,combined,0,472.06833428291225,1.96611545656803
1333,euler_ramsey,0.5,2.5% Ramsey,risk_aversion,combined,0,323.05138159903396,2.0752843002125996
1334,euler_ramsey,0.5,1.5% Ramsey,risk_aversion,combined,0,991.8512241280669,0.5718351444717085
1334,euler_ramsey,0.5,2.0% Ramsey,risk_aversion,combined,0,769.3248115627513,0.4797239533508764
1334,euler_ramsey,0.5,2.5% Ramsey,risk_aversion,combined,0,578.7495988283479,0.4141200045757852
1335,euler_ramsey,0.5,1.5% Ramsey,risk_aversion,combined,0,-83.06097212612299,0.6784307857383501
1335,euler_ramsey,0.5,2.0% Ramsey,risk_aversion,combined,0,-199.57179179974062,0.5914425466567512
1335,euler_ramsey,0.5,2.5% Ramsey,risk_aversion,combined,0,-240.9610721140232,0.5259449188789314
1336,euler_ramsey,0.5,1.5% Ramsey,risk_aversion,combined,0,4895.565737925114,0.33517979422946803
1336,euler_ramsey,0.5,2.0% Ramsey,risk_aversion,combined,0,2941.6018634908637,0.24973932395702395
1336,euler_ramsey,0.5,2.5% Ramsey,risk_aversion,combined,0,1740.6714202597657,0.19671804477433308
1337,euler_ramsey,0.5,1.5% Ramsey,risk_aversion,combined,0,443.48422279281925,2.0724557665172343
1337,euler_ramsey,0.5,2.0% Ramsey,risk_aversion,combined,0,535.95566432244,2.323919202290781
1337,euler_ramsey,0.5,2.5% Ramsey,risk_aversion,combined,0,537.9279026077444,2.5111597592551886
1338,euler_ramsey,0.5,1.5% Ramsey,risk_aversion,combined,0,415.25951456609744,1.4026126139425317
1338,euler_ramsey,0.5,2.0% Ramsey,risk_aversion,combined,0,285.64777481179067,1.4403297281148537
1338,euler_ramsey,0.5,2.5% Ramsey,risk_aversion,combined,0,205.75662651520412,1.4539392053998754
1339,euler_ramsey,0.5,1.5% Ramsey,risk_aversion,combined,0,234.0562005246392,0.8942167302786466
1339,euler_ramsey,0.5,2.0% Ramsey,risk_aversion,combined,0,210.92004833075097,0.8301502040172576
1339,euler_ramsey,0.5,2.5% Ramsey,risk_aversion,combined,0,172.625373089937,0.7751038006998688
1340,euler_ramsey,0.5,1.5% Ramsey,risk_aversion,combined,0,1672.347129302327,0.41308622462436406
1340,euler_ramsey,0.5,2.0% Ramsey,risk_aversion,combined,0,1308.4309202191191,0.3220288384071713
1340,euler_ramsey,0.5,2.5% Ramsey,risk_aversion,combined,0,946.4906622205067,0.2626468115279896
1341,euler_ramsey,0.5,1.5% Ramsey,risk_aversion,combined,0,379.4248889862503,1.4585107819472503
1341,euler_ramsey,0.5,2.0% Ramsey,risk_aversion,combined,0,277.94554013744886,1.510861605352059
1341,euler_ramsey,0.5,2.5% Ramsey,risk_aversion,combined,0,190.90992693852704,1.5354601644467067
1342,euler_ramsey,0.5,1.5% Ramsey,risk_aversion,combined,0,281.4944747887067,0.9425913600825792
1342,euler_ramsey,0.5,2.0% Ramsey,risk_aversion,combined,0,208.3130402432498,0.8847646510558246
1342,euler_ramsey,0.5,2.5% Ramsey,risk_aversion,combined,0,146.44313175542436,0.83310503280721
1343,euler_ramsey,0.5,1.5% Ramsey,risk_aversion,combined,0,1242.110055768961,1.1237673792387586
1343,euler_ramsey,0.5,2.0% Ramsey,risk_aversion,combined,0,1046.9335081858635,1.0988713635859195
1343,euler_ramsey,0.5,2.5% Ramsey,risk_aversion,combined,0,833.9734996815761,1.068185475782709
1344,euler_ramsey,0.5,1.5% Ramsey,risk_aversion,combined,0,799.7161379257906,1.3141477815368237
1344,euler_ramsey,0.5,2.0% Ramsey,risk_aversion,combined,0,584.9450878912638,1.3301625836126059
1344,euler_ramsey,0.5,2.5% Ramsey,risk_aversion,combined,0,408.67424843301967,1.3278836540236543
1345,euler_ramsey,0.5,1.5% Ramsey,risk_aversion,combined,0,729.1302848135235,0.8649909876564693
1345,euler_ramsey,0.5,2.0% Ramsey,risk_aversion,combined,0,550.374226834066,0.7964170535252311
1345,euler_ramsey,0.5,2.5% Ramsey,risk_aversion,combined,0,403.2066358748516,0.7388127989646978
1346,euler_ramsey,0.5,1.5% Ramsey,risk_aversion,combined,0,533.8262022627404,2.54712590948568
1346,euler_ramsey,0.5,2.0% Ramsey,risk_aversion,combined,0,465.3204963034023,2.9930594043465204
1346,euler_ramsey,0.5,2.5% Ramsey,risk_aversion,combined,0,380.3596427643906,3.3536475487337736
1347,euler_ramsey,0.5,1.5% Ramsey,risk_aversion,combined,0,1717.673130940063,0.2342040146003936
1347,euler_ramsey,0.5,2.0% Ramsey,risk_aversion,combined,0,1025.6834314414461,0.1606723236033579
1347,euler_ramsey,0.5,2.5% Ramsey,risk_aversion,combined,0,727.3395332342407,0.11870787805519352
1348,euler_ramsey,0.5,1.5% Ramsey,risk_aversion,combined,0,269.23657761175014,1.9506619651016797
1348,euler_ramsey,0.5,2.0% Ramsey,risk_aversion,combined,0,196.43077539029895,2.1574001254320767
1348,euler_ramsey,0.5,2.5% Ramsey,risk_aversion,combined,0,138.6590646585515,2.306369583564094
1349,euler_ramsey,0.5,1.5% Ramsey,risk_aversion,combined,0,3486.7000175036433,0.3995146651496226
1349,euler_ramsey,0.5,2.0% Ramsey,risk_aversion,combined,0,2176.946532642556,0.30929109622677103
1349,euler_ramsey,0.5,2.5% Ramsey,risk_aversion,combined,0,1358.7383295552122,0.2509205186604357
1350,euler_ramsey,0.5,1.5% Ramsey,risk_aversion,combined,0,774.2673207778182,0.947054250454577
1350,euler_ramsey,0.5,2.0% Ramsey,risk_aversion,combined,0,592.0186876261478,0.8913316711260522
1350,euler_ramsey,0.5,2.5% Ramsey,risk_aversion,combined,0,426.533772332918,0.8412419637136648
1351,euler_ramsey,0.5,1.5% Ramsey,risk_aversion,combined,0,255.23773846312983,1.6561244187282957
1351,euler_ramsey,0.5,2.0% Ramsey,risk_aversion,combined,0,206.1990066102306,1.765585202569982
1351,euler_ramsey,0.5,2.5% Ramsey,risk_aversion,combined,0,159.6686503008945,1.8347039837557793
1352,euler_ramsey,0.5,1.5% Ramsey,risk_aversion,combined,0,1797.7993053773966,0.5738987848379152
1352,euler_ramsey,0.5,2.0% Ramsey,risk_aversion,combined,0,1394.1164936710393,0.4820956713580133
1352,euler_ramsey,0.5,2.5% Ramsey,risk_aversion,combined,0,1045.0276334428936,0.416619444308781
1353,euler_ramsey,0.5,1.5% Ramsey,risk_aversion,combined,0,254.71059328093637,2.3284564664759597
1353,euler_ramsey,0.5,2.0% Ramsey,risk_aversion,combined,0,211.6984509744312,2.680222430571587
1353,euler_ramsey,0.5,2.5% Ramsey,risk_aversion,combined,0,171.54061049721508,2.9553898744672695
1354,euler_ramsey,0.5,1.5% Ramsey,risk_aversion,combined,0,413.4969303834679,0.7056652859751007
1354,euler_ramsey,0.5,2.0% Ramsey,risk_aversion,combined,0,291.2525843901195,0.6201810497328547
1354,euler_ramsey,0.5,2.5% Ramsey,risk_aversion,combined,0,201.8667463756522,0.554939301965384
1355,euler_ramsey,0.5,1.5% Ramsey,risk_aversion,combined,0,-416.8436562180278,0.4671427070430972
1355,euler_ramsey,0.5,2.0% Ramsey,risk_aversion,combined,0,-254.5160563880476,0.3742219807594415
1355,euler_ramsey,0.5,2.5% Ramsey,risk_aversion,combined,0,-167.6281777291049,0.3116953194934952
1356,euler_ramsey,0.5,1.5% Ramsey,risk_aversion,combined,0,-283.50351265230375,0.653672475936909
1356,euler_ramsey,0.5,2.0% Ramsey,risk_aversion,combined,0,-193.68101068627735,0.5650482320534668
1356,euler_ramsey,0.5,2.5% Ramsey,risk_aversion,combined,0,-130.84771689620212,0.4992040931225446
1357,euler_ramsey,0.5,1.5% Ramsey,risk_aversion,combined,0,233.9869429464731,1.563171853514836
1357,euler_ramsey,0.5,2.0% Ramsey,risk_aversion,combined,0,134.10206048503298,1.644553820442313
1357,euler_ramsey,0.5,2.5% Ramsey,risk_aversion,combined,0,80.80584024820344,1.691426829177465
1358,euler_ramsey,0.5,1.5% Ramsey,risk_aversion,combined,0,177.97650841353357,0.4475925753832046
1358,euler_ramsey,0.5,2.0% Ramsey,risk_aversion,combined,0,163.81305305399755,0.3550850694604316
1358,euler_ramsey,0.5,2.5% Ramsey,risk_aversion,combined,0,140.49398959431724,0.2935375353600705
1359,euler_ramsey,0.5,1.5% Ramsey,risk_aversion,combined,0,91.2472873236079,2.720026158734344
1359,euler_ramsey,0.5,2.0% Ramsey,risk_aversion,combined,0,54.24324106461495,3.2417275686052434
1359,euler_ramsey,0.5,2.5% Ramsey,risk_aversion,combined,0,34.58908806093379,3.6717306866291772
1360,euler_ramsey,0.5,1.5% Ramsey,risk_aversion,combined,0,327.5084897621395,1.6553724505059295
1360,euler_ramsey,0.5,2.0% Ramsey,risk_aversion,combined,0,242.2041884119527,1.7645674076058437
1360,euler_ramsey,0.5,2.5% Ramsey,risk_aversion,combined,0,178.95721726235033,1.8335047665626143
1361,euler_ramsey,0.5,1.5% Ramsey,risk_aversion,combined,0,540.3539447817844,1.339101208070087
1361,euler_ramsey,0.5,2.0% Ramsey,risk_aversion,combined,0,476.5493956269925,1.3613166868484037
1361,euler_ramsey,0.5,2.5% Ramsey,risk_aversion,combined,0,384.86950794558123,1.3636021027247502
1362,euler_ramsey,0.5,1.5% Ramsey,risk_aversion,combined,0,361.76838482612345,0.8637317644832145
1362,euler_ramsey,0.5,2.0% Ramsey,risk_aversion,combined,0,318.86584953067586,0.7955747318914689
1362,euler_ramsey,0.5,2.5% Ramsey,risk_aversion,combined,0,252.82717090667748,0.7383150304273565
1363,euler_ramsey,0.5,1.5% Ramsey,risk_aversion,combined,0,164.95537165999673,2.631415760019286
1363,euler_ramsey,0.5,2.0% Ramsey,risk_aversion,combined,0,148.05449134370542,3.1131329492572593
1363,euler_ramsey,0.5,2.5% Ramsey,risk_aversion,combined,0,122.379684398178,3.5062118814092913
1364,euler_ramsey,0.5,1.5% Ramsey,risk_aversion,combined,0,127.16688853428163,2.2051668958202133
1364,euler_ramsey,0.5,2.0% Ramsey,risk_aversion,combined,0,95.13665715731919,2.5071181135525538
1364,euler_ramsey,0.5,2.5% Ramsey,risk_aversion,combined,0,73.73012337177343,2.738108607332135
1365,euler_ramsey,0.5,1.5% Ramsey,risk_aversion,combined,0,-4.865356644584692,0.8400775715143585
1365,euler_ramsey,0.5,2.0% Ramsey,risk_aversion,combined,0,-5.161430752638432,0.7687615973126517
1365,euler_ramsey,0.5,2.5% Ramsey,risk_aversion,combined,0,-4.976964022675474,0.7098056401590752
1366,euler_ramsey,0.5,1.5% Ramsey,risk_aversion,combined,0,-314.6112685233352,0.9020264946772727
1366,euler_ramsey,0.5,2.0% Ramsey,risk_aversion,combined,0,-227.25679179932857,0.8384422923731155
1366,euler_ramsey,0.5,2.5% Ramsey,risk_aversion,combined,0,-148.34868385013954,0.783524383684255
1367,euler_ramsey,0.5,1.5% Ramsey,risk_aversion,combined,0,758.7799939156938,1.0296584617263134
1367,euler_ramsey,0.5,2.0% Ramsey,risk_aversion,combined,0,433.371298468992,0.986944833932804
1367,euler_ramsey,0.5,2.5% Ramsey,risk_aversion,combined,0,267.3690645757554,0.9447029812423381
1368,euler_ramsey,0.5,1.5% Ramsey,risk_aversion,combined,0,-327.76198435243293,0.8513582400402455
1368,euler_ramsey,0.5,2.0% Ramsey,risk_aversion,combined,0,-268.2506971820549,0.7809637614688802
1368,euler_ramsey,0.5,2.5% Ramsey,risk_aversion,combined,0,-199.02148458321457,0.7223924091213065
1369,euler_ramsey,0.5,1.5% Ramsey,risk_aversion,combined,0,-1067.846616834164,0.7673607521519272
1369,euler_ramsey,0.5,2.0% Ramsey,risk_aversion,combined,0,-817.7008343603109,0.6883436021512368
1369,euler_ramsey,0.5,2.5% Ramsey,risk_aversion,combined,0,-540.8330910130019,0.6258621435114569
1370,euler_ramsey,0.5,1.5% Ramsey,risk_aversion,combined,0,644.1507311053463,0.516461973456211
1370,euler_ramsey,0.5,2.0% Ramsey,risk_aversion,combined,0,545.0774604233234,0.4232720428071778
1370,euler_ramsey,0.5,2.5% Ramsey,risk_aversion,combined,0,411.2501766096985,0.3588327051432172
1371,euler_ramsey,0.5,1.5% Ramsey,risk_aversion,combined,0,-12.11890864354397,1.2464911629839002
1371,euler_ramsey,0.5,2.0% Ramsey,risk_aversion,combined,0,-12.779519138767128,1.2456100351917838
1371,euler_ramsey,0.5,2.5% Ramsey,risk_aversion,combined,0,-4.555711700551465,1.2310351241967703
1372,euler_ramsey,0.5,1.5% Ramsey,risk_aversion,combined,0,-1789.866141640277,0.305691512805316
1372,euler_ramsey,0.5,2.0% Ramsey,risk_aversion,combined,0,-799.822681056804,0.22272782341895858
1372,euler_ramsey,0.5,2.5% Ramsey,risk_aversion,combined,0,-468.8701459001667,0.17239766987729346
1373,euler_ramsey,0.5,1.5% Ramsey,risk_aversion,combined,0,167.13747034291933,1.2304460715869754
1373,euler_ramsey,0.5,2.0% Ramsey,risk_aversion,combined,0,123.20872184881945,1.2267198439732365
1373,euler_ramsey,0.5,2.5% Ramsey,risk_aversion,combined,0,89.33451574782252,1.2103084853862895
1374,euler_ramsey,0.5,1.5% Ramsey,risk_aversion,combined,0,416.6343036597784,0.47821892562254725
1374,euler_ramsey,0.5,2.0% Ramsey,risk_aversion,combined,0,286.4327900082848,0.3850898477625799
1374,euler_ramsey,0.5,2.5% Ramsey,risk_aversion,combined,0,176.27532645754195,0.32203735971379893
1375,euler_ramsey,0.5,1.5% Ramsey,risk_aversion,combined,0,-81.54221677478584,1.1584259077832773
1375,euler_ramsey,0.5,2.0% Ramsey,risk_aversion,combined,0,-55.705723255304974,1.139643292905628
1375,euler_ramsey,0.5,2.5% Ramsey,risk_aversion,combined,0,-35.38406951790222,1.1128723023616185
1376,euler_ramsey,0.5,1.5% Ramsey,risk_aversion,combined,0,651.6736275897745,1.352695694070778
1376,euler_ramsey,0.5,2.0% Ramsey,risk_aversion,combined,0,395.4481325741605,1.378281826422132
1376,euler_ramsey,0.5,2.5% Ramsey,risk_aversion,combined,0,262.9545224415914,1.383050872565052
1377,euler_ramsey,0.5,1.5% Ramsey,risk_aversion,combined,0,-85.43746737460914,0.8321697375665001
1377,euler_ramsey,0.5,2.0% Ramsey,risk_aversion,combined,0,-58.59922899966364,0.7589959247241496
1377,euler_ramsey,0.5,2.5% Ramsey,risk_aversion,combined,0,-39.582631980416316,0.6989117874288598
1378,euler_ramsey,0.5,1.5% Ramsey,risk_aversion,combined,0,1093.2475601433662,0.8653902029913397
1378,euler_ramsey,0.5,2.0% Ramsey,risk_aversion,combined,0,716.3611297293985,0.7972387472086062
1378,euler_ramsey,0.5,2.5% Ramsey,risk_aversion,combined,0,481.9847354125825,0.7399867082160458
1379,euler_ramsey,0.5,1.5% Ramsey,risk_aversion,combined,0,-19.401742749687912,0.9908179602518937
1379,euler_ramsey,0.5,2.0% Ramsey,risk_aversion,combined,0,3.509753139354854,0.9413785063429315
1379,euler_ramsey,0.5,2.5% Ramsey,risk_aversion,combined,0,9.772319651277192,0.8947901492814478
1380,euler_ramsey,0.5,1.5% Ramsey,risk_aversion,combined,0,3394.3077043488665,0.6081194747713007
1380,euler_ramsey,0.5,2.0% Ramsey,risk_aversion,combined,0,3195.999819022702,0.5181137791987913
1380,euler_ramsey,0.5,2.5% Ramsey,risk_aversion,combined,0,2561.653606864149,0.4527177750031311
1381,euler_ramsey,0.5,1.5% Ramsey,risk_aversion,combined,0,-166.27644940606405,0.8020817545828401
1381,euler_ramsey,0.5,2.0% Ramsey,risk_aversion,combined,0,-119.08176707851959,0.7255312653701772
1381,euler_ramsey,0.5,2.5% Ramsey,risk_aversion,combined,0,-84.82459440385053,0.6638382356383413
1382,euler_ramsey,0.5,1.5% Ramsey,risk_aversion,combined,0,572.0627301165943,0.5071266021030433
1382,euler_ramsey,0.5,2.0% Ramsey,risk_aversion,combined,0,326.8325542532103,0.4141904762895239
1382,euler_ramsey,0.5,2.5% Ramsey,risk_aversion,combined,0,196.59764217483763,0.3502156136625523
1383,euler_ramsey,0.5,1.5% Ramsey,risk_aversion,combined,0,163.5066011979664,0.8915372930506491
1383,euler_ramsey,0.5,2.0% Ramsey,risk_aversion,combined,0,147.23167430387826,0.8265396307479554
1383,euler_ramsey,0.5,2.5% Ramsey,risk_aversion,combined,0,119.71811869998108,0.7708492353686985
1384,euler_ramsey,0.5,1.5% Ramsey,risk_aversion,combined,0,-191.34040612900003,0.5119301108379838
1384,euler_ramsey,0.5,2.0% Ramsey,risk_aversion,combined,0,-89.14383508542288,0.4188358470749876
1384,euler_ramsey,0.5,2.5% Ramsey,risk_aversion,combined,0,-55.01271106213517,0.354602313153054
1385,euler_ramsey,0.5,1.5% Ramsey,risk_aversion,combined,0,618.560971098744,0.9386701995376174
1385,euler_ramsey,0.5,2.0% Ramsey,risk_aversion,combined,0,617.7539978525732,0.8804031205238732
1385,euler_ramsey,0.5,2.5% Ramsey,risk_aversion,combined,0,515.2389736499425,0.8285209621456078
1386,euler_ramsey,0.5,1.5% Ramsey,risk_aversion,combined,0,-767.6850229040764,0.3071441557937001
1386,euler_ramsey,0.5,2.0% Ramsey,risk_aversion,combined,0,-345.0789875447689,0.22409019988261616
1386,euler_ramsey,0.5,2.5% Ramsey,risk_aversion,combined,0,-198.37641183135975,0.17363918490105434
1387,euler_ramsey,0.5,1.5% Ramsey,risk_aversion,combined,0,1957.4263484066896,0.8260416550292415
1387,euler_ramsey,0.5,2.0% Ramsey,risk_aversion,combined,0,1521.137649744293,0.7539232587995631
1387,euler_ramsey,0.5,2.5% Ramsey,risk_aversion,combined,0,1134.5442580057177,0.6948158558469639
1388,euler_ramsey,0.5,1.5% Ramsey,risk_aversion,combined,0,248.89587503363612,0.8786243881264568
1388,euler_ramsey,0.5,2.0% Ramsey,risk_aversion,combined,0,171.30078514828642,0.8111630949164341
1388,euler_ramsey,0.5,2.5% Ramsey,risk_aversion,combined,0,109.73585617751314,0.7540093218320838
1389,euler_ramsey,0.5,1.5% Ramsey,risk_aversion,combined,0,-578.531878567507,0.5374998793691091
1389,euler_ramsey,0.5,2.0% Ramsey,risk_aversion,combined,0,-77.66495215669566,0.4446646645117186
1389,euler_ramsey,0.5,2.5% Ramsey,risk_aversion,combined,0,-9.87332150638955,0.3797237389681882
1390,euler_ramsey,0.5,1.5% Ramsey,risk_aversion,combined,0,617.7930495380872,1.4023877063346752
1390,euler_ramsey,0.5,2.0% Ramsey,risk_aversion,combined,0,473.77026134439245,1.4399758537837444
1390,euler_ramsey,0.5,2.5% Ramsey,risk_aversion,combined,0,341.405881696119,1.453621828064441
1391,euler_ramsey,0.5,1.5% Ramsey,risk_aversion,combined,0,1861.796864187938,1.1454259531561466
1391,euler_ramsey,0.5,2.0% Ramsey,risk_aversion,combined,0,1307.0909948197714,1.1240673661974274
1391,euler_ramsey,0.5,2.5% Ramsey,risk_aversion,combined,0,841.6661170676423,1.0955895394372692
1392,euler_ramsey,0.5,1.5% Ramsey,risk_aversion,combined,0,657.1106541934971,0.9075829205363499
1392,euler_ramsey,0.5,2.0% Ramsey,risk_aversion,combined,0,490.76728707798895,0.844684000468533
1392,euler_ramsey,0.5,2.5% Ramsey,risk_aversion,combined,0,358.65488764205287,0.7901833981012896
1393,euler_ramsey,0.5,1.5% Ramsey,risk_aversion,combined,0,1426.1756455075983,0.4188520581854503
1393,euler_ramsey,0.5,2.0% Ramsey,risk_aversion,combined,0,915.551634298133,0.3277660278641971
1393,euler_ramsey,0.5,2.5% Ramsey,risk_aversion,combined,0,620.7197186045624,0.26812898292258674
1394,euler_ramsey,0.5,1.5% Ramsey,risk_aversion,combined,0,243.35583224586148,2.3678401142767194
1394,euler_ramsey,0.5,2.0% Ramsey,risk_aversion,combined,0,141.86780477585248,2.735479857231023
1394,euler_ramsey,0.5,2.5% Ramsey,risk_aversion,combined,0,85.84257062044797,3.024676591004581
1395,euler_ramsey,0.5,1.5% Ramsey,risk_aversion,combined,0,252.39396499436936,1.7451051893083644
1395,euler_ramsey,0.5,2.0% Ramsey,risk_aversion,combined,0,208.0128781966374,1.882392998910746
1395,euler_ramsey,0.5,2.5% Ramsey,risk_aversion,combined,0,160.18761668620033,1.9738609788271915
1396,euler_ramsey,0.5,1.5% Ramsey,risk_aversion,combined,0,47.638700672820974,1.0457830345588108
1396,euler_ramsey,0.5,2.0% Ramsey,risk_aversion,combined,0,46.47844694608094,1.0049685847867473
1396,euler_ramsey,0.5,2.5% Ramsey,risk_aversion,combined,0,40.073287657662036,0.9636870152228101
1397,euler_ramsey,0.5,1.5% Ramsey,risk_aversion,combined,0,1373.1859846650357,0.6848045427437222
1397,euler_ramsey,0.5,2.0% Ramsey,risk_aversion,combined,0,759.6605680083126,0.5987593195198075
1397,euler_ramsey,0.5,2.5% Ramsey,risk_aversion,combined,0,451.02862645720523,0.5337900246306942
1398,euler_ramsey,0.5,1.5% Ramsey,risk_aversion,combined,0,633.9446299876826,1.085715787598866
1398,euler_ramsey,0.5,2.0% Ramsey,risk_aversion,combined,0,498.4435894120538,1.0523323672264573
1398,euler_ramsey,0.5,2.5% Ramsey,risk_aversion,combined,0,374.4213472159589,1.015838838354143
1399,euler_ramsey,0.5,1.5% Ramsey,risk_aversion,combined,0,170.09112656239014,2.046988186307207
1399,euler_ramsey,0.5,2.0% Ramsey,risk_aversion,combined,0,116.55044240733501,2.2886839666475254
1399,euler_ramsey,0.5,2.5% Ramsey,risk_aversion,combined,0,82.27926495474506,2.46744495180247
1400,euler_ramsey,0.5,1.5% Ramsey,risk_aversion,combined,0,502.8169634421292,0.7526164140976203
1400,euler_ramsey,0.5,2.0% Ramsey,risk_aversion,combined,0,452.588646064976,0.6724666407031006
1400,euler_ramsey,0.5,2.5% Ramsey,risk_aversion,combined,0,352.6602284809451,0.60962471170193
1401,euler_ramsey,0.5,1.5% Ramsey,risk_aversion,combined,0,695.7505003780352,2.4670211853274955
1401,euler_ramsey,0.5,2.0% Ramsey,risk_aversion,combined,0,369.2661484905538,2.876702173286197
1401,euler_ramsey,0.5,2.5% Ramsey,risk_aversion,combined,0,224.2611156387055,3.2039173479814997
1402,euler_ramsey,0.5,1.5% Ramsey,risk_aversion,combined,0,611.7384660746715,0.7721588634845818
1402,euler_ramsey,0.5,2.0% Ramsey,risk_aversion,combined,0,488.5644109170619,0.6932709258961562
1402,euler_ramsey,0.5,2.5% Ramsey,risk_aversion,combined,0,357.68462301333045,0.6307445953473563
1403,euler_ramsey,0.5,1.5% Ramsey,risk_aversion,combined,0,300.3876663493741,1.1615041495996412
1403,euler_ramsey,0.5,2.0% Ramsey,risk_aversion,combined,0,231.2161336989143,1.1429415763039308
1403,euler_ramsey,0.5,2.5% Ramsey,risk_aversion,combined,0,173.84716117547788,1.1163530526378258
1404,euler_ramsey,0.5,1.5% Ramsey,risk_aversion,combined,0,204.4103334869421,1.5119721573868197
1404,euler_ramsey,0.5,2.0% Ramsey,risk_aversion,combined,0,146.52057803770765,1.5796261445231798
1404,euler_ramsey,0.5,2.5% Ramsey,risk_aversion,combined,0,108.58937028814753,1.6160702261265976
1405,euler_ramsey,0.5,1.5% Ramsey,risk_aversion,combined,0,184.303268790868,1.124880121057316
1405,euler_ramsey,0.5,2.0% Ramsey,risk_aversion,combined,0,143.68380143411784,1.098614602876535
1405,euler_ramsey,0.5,2.5% Ramsey,risk_aversion,combined,0,109.42194193727892,1.0667320287365858
1406,euler_ramsey,0.5,1.5% Ramsey,risk_aversion,combined,0,3571.0427324502984,0.4533670510824309
1406,euler_ramsey,0.5,2.0% Ramsey,risk_aversion,combined,0,2802.189681153774,0.3611345120108558
1406,euler_ramsey,0.5,2.5% Ramsey,risk_aversion,combined,0,1998.8031187055126,0.29951604887659944
1407,euler_ramsey,0.5,1.5% Ramsey,risk_aversion,combined,0,-575.7258434064136,0.5090265139396504
1407,euler_ramsey,0.5,2.0% Ramsey,risk_aversion,combined,0,-338.76363692516037,0.4157237220319693
1407,euler_ramsey,0.5,2.5% Ramsey,risk_aversion,combined,0,-216.24176007064233,0.35147231033490867
1408,euler_ramsey,0.5,1.5% Ramsey,risk_aversion,combined,0,425.4966179652715,1.0241711208866826
1408,euler_ramsey,0.5,2.0% Ramsey,risk_aversion,combined,0,391.49604098120057,0.9797192254739375
1408,euler_ramsey,0.5,2.5% Ramsey,risk_aversion,combined,0,322.89930236214144,0.9362347420747771
1409,euler_ramsey,0.5,1.5% Ramsey,risk_aversion,combined,0,268.83972952587345,1.219199688867492
1409,euler_ramsey,0.5,2.0% Ramsey,risk_aversion,combined,0,232.59623605182117,1.2122499158985536
1409,euler_ramsey,0.5,2.5% Ramsey,risk_aversion,combined,0,194.2745465452057,1.1934454691967316
1410,euler_ramsey,0.5,1.5% Ramsey,risk_aversion,combined,0,508.7541380505777,1.2456121640302475
1410,euler_ramsey,0.5,2.0% Ramsey,risk_aversion,combined,0,353.5835933689184,1.2448289387849996
1410,euler_ramsey,0.5,2.5% Ramsey,risk_aversion,combined,0,242.78198201193732,1.2303935725364539
1411,euler_ramsey,0.5,1.5% Ramsey,risk_aversion,combined,0,184.77284544218415,1.7516457530501601
1411,euler_ramsey,0.5,2.0% Ramsey,risk_aversion,combined,0,145.04072889040063,1.8909415296361716
1411,euler_ramsey,0.5,2.5% Ramsey,risk_aversion,combined,0,110.95326267598658,1.9840252205031332
1412,euler_ramsey,0.5,1.5% Ramsey,risk_aversion,combined,0,176.96462318056305,1.3597074194087648
1412,euler_ramsey,0.5,2.0% Ramsey,risk_aversion,combined,0,105.48978904729142,1.3866712360289324
1412,euler_ramsey,0.5,2.5% Ramsey,risk_aversion,combined,0,65.8850421984563,1.3922983400229696
1413,euler_ramsey,0.5,1.5% Ramsey,risk_aversion,combined,0,1083.4613091377662,0.7333177214428201
1413,euler_ramsey,0.5,2.0% Ramsey,risk_aversion,combined,0,613.5475605006229,0.6502758372707259
1413,euler_ramsey,0.5,2.5% Ramsey,risk_aversion,combined,0,353.12021394079477,0.5859341985973167
1414,euler_ramsey,0.5,1.5% Ramsey,risk_aversion,combined,0,673.853659061776,1.3303597831155918
1414,euler_ramsey,0.5,2.0% Ramsey,risk_aversion,combined,0,531.5072862758991,1.3507311466951475
1414,euler_ramsey,0.5,2.5% Ramsey,risk_aversion,combined,0,381.94020759693797,1.351678255152236
1415,euler_ramsey,0.5,1.5% Ramsey,risk_aversion,combined,0,447.65330729285375,2.477499211714739
1415,euler_ramsey,0.5,2.0% Ramsey,risk_aversion,combined,0,377.7054463105525,2.891474295697041
1415,euler_ramsey,0.5,2.5% Ramsey,risk_aversion,combined,0,288.7305814685383,3.222419395829982
1416,euler_ramsey,0.5,1.5% Ramsey,risk_aversion,combined,0,183.59736105822026,1.9187979882885582
1416,euler_ramsey,0.5,2.0% Ramsey,risk_aversion,combined,0,173.82953430803659,2.114461453409361
1416,euler_ramsey,0.5,2.5% Ramsey,risk_aversion,combined,0,157.17534691353444,2.254242591093085
1417,euler_ramsey,0.5,1.5% Ramsey,risk_aversion,combined,0,253.0321227964895,1.1000979518174785
1417,euler_ramsey,0.5,2.0% Ramsey,risk_aversion,combined,0,207.82830699115542,1.0690161097350221
1417,euler_ramsey,0.5,2.5% Ramsey,risk_aversion,combined,0,163.60533880059177,1.0339657720124573
1418,euler_ramsey,0.5,1.5% Ramsey,risk_aversion,combined,0,405.19261140864165,1.1321828021255773
1418,euler_ramsey,0.5,2.0% Ramsey,risk_aversion,combined,0,352.5430284901696,1.107842406435474
1418,euler_ramsey,0.5,2.5% Ramsey,risk_aversion,combined,0,290.59813558017606,1.0773487716173349
1419,euler_ramsey,0.5,1.5% Ramsey,risk_aversion,combined,0,109.67224243815922,1.3521523409563805
1419,euler_ramsey,0.5,2.0% Ramsey,risk_aversion,combined,0,75.52659172962515,1.3771259945157859
1419,euler_ramsey,0.5,2.5% Ramsey,risk_aversion,combined,0,55.38631520497899,1.381320399373853
1420,euler_ramsey,0.5,1.5% Ramsey,risk_aversion,combined,0,529.3633268226541,1.0382454001352819
1420,euler_ramsey,0.5,2.0% Ramsey,risk_aversion,combined,0,483.72852580727965,0.9957955654268592
1420,euler_ramsey,0.5,2.5% Ramsey,risk_aversion,combined,0,391.0308046289819,0.9534876517776516
1421,euler_ramsey,0.5,1.5% Ramsey,risk_aversion,combined,0,-761.2322979972594,0.5157906150580508
1421,euler_ramsey,0.5,2.0% Ramsey,risk_aversion,combined,0,-399.3607177712075,0.4224553109850656
1421,euler_ramsey,0.5,2.5% Ramsey,risk_aversion,combined,0,-240.79458140036405,0.3579530882334411
1422,euler_ramsey,0.5,1.5% Ramsey,risk_aversion,combined,0,-40.52576240553843,0.5715843924619762
1422,euler_ramsey,0.5,2.0% Ramsey,risk_aversion,combined,0,-40.11160634233101,0.47952787197596697
1422,euler_ramsey,0.5,2.5% Ramsey,risk_aversion,combined,0,-31.31460604364341,0.4139531208262877
1423,euler_ramsey,0.5,1.5% Ramsey,risk_aversion,combined,0,-2369.343169235223,0.3569584182164363
1423,euler_ramsey,0.5,2.0% Ramsey,risk_aversion,combined,0,-2247.6146084497377,0.2693138224336462
1423,euler_ramsey,0.5,2.5% Ramsey,risk_aversion,combined,0,-1792.5765274299515,0.21415807519542177
1424,euler_ramsey,0.5,1.5% Ramsey,risk_aversion,combined,0,152.66244848522481,2.1138901807751114
1424,euler_ramsey,0.5,2.0% Ramsey,risk_aversion,combined,0,97.07469899233531,2.380622525581608
1424,euler_ramsey,0.5,2.5% Ramsey,risk_aversion,combined,0,66.02907729373503,2.5808929379087147
1425,euler_ramsey,0.5,1.5% Ramsey,risk_aversion,combined,0,1001.4162255464514,1.0103683468660614
1425,euler_ramsey,0.5,2.0% Ramsey,risk_aversion,combined,0,843.1547356040094,0.9640207129797298
1425,euler_ramsey,0.5,2.5% Ramsey,risk_aversion,combined,0,633.8775878540781,0.9194973163057826
1426,euler_ramsey,0.5,1.5% Ramsey,risk_aversion,combined,0,-67.08395441428384,0.5412268949965641
1426,euler_ramsey,0.5,2.0% Ramsey,risk_aversion,combined,0,-58.02841490046804,0.44808066351000325
1426,euler_ramsey,0.5,2.5% Ramsey,risk_aversion,combined,0,-43.98349186679894,0.38283573690369654
1427,euler_ramsey,0.5,1.5% Ramsey,risk_aversion,combined,0,413.8055713812251,0.709153281808181
1427,euler_ramsey,0.5,2.0% Ramsey,risk_aversion,combined,0,284.2842086864386,0.6245218573118322
1427,euler_ramsey,0.5,2.5% Ramsey,risk_aversion,combined,0,200.8930939495121,0.5597555517438222
1428,euler_ramsey,0.5,1.5% Ramsey,risk_aversion,combined,0,-483.2257733867709,0.7828023219720543
1428,euler_ramsey,0.5,2.0% Ramsey,risk_aversion,combined,0,-244.16249405032426,0.7041577883282446
1428,euler_ramsey,0.5,2.5% Ramsey,risk_aversion,combined,0,-125.84880222991005,0.6415093932796954
1429,euler_ramsey,0.5,1.5% Ramsey,risk_aversion,combined,0,307.9304048760013,1.496870964400242
1429,euler_ramsey,0.5,2.0% Ramsey,risk_aversion,combined,0,211.46598868578872,1.5598829298741508
1429,euler_ramsey,0.5,2.5% Ramsey,risk_aversion,combined,0,142.1251700557552,1.5926288002590914
1430,euler_ramsey,0.5,1.5% Ramsey,risk_aversion,combined,0,169.22668899010452,0.7445964879638594
1430,euler_ramsey,0.5,2.0% Ramsey,risk_aversion,combined,0,200.13801781323983,0.6628217901573439
1430,euler_ramsey,0.5,2.5% Ramsey,risk_aversion,combined,0,212.39126330307633,0.5990614290623592
1431,euler_ramsey,0.5,1.5% Ramsey,risk_aversion,combined,0,2091.178015976296,0.37898117185343283
1431,euler_ramsey,0.5,2.0% Ramsey,risk_aversion,combined,0,1370.952660532863,0.28963354921983714
1431,euler_ramsey,0.5,2.5% Ramsey,risk_aversion,combined,0,911.5583417316573,0.23261583533138241
1432,euler_ramsey,0.5,1.5% Ramsey,risk_aversion,combined,0,315.77672890516584,1.304458747399703
1432,euler_ramsey,0.5,2.0% Ramsey,risk_aversion,combined,0,236.2204895094805,1.3178448715527213
1432,euler_ramsey,0.5,2.5% Ramsey,risk_aversion,combined,0,162.65101945970952,1.313632299643787
1433,euler_ramsey,0.5,1.5% Ramsey,risk_aversion,combined,0,1826.7384975167718,0.5749482057359927
1433,euler_ramsey,0.5,2.0% Ramsey,risk_aversion,combined,0,1227.1548530216196,0.48330753898273776
1433,euler_ramsey,0.5,2.5% Ramsey,risk_aversion,combined,0,801.7957357386694,0.41790011422387957
1434,euler_ramsey,0.5,1.5% Ramsey,risk_aversion,combined,0,1383.7009552865395,0.25833966217583526
1434,euler_ramsey,0.5,2.0% Ramsey,risk_aversion,combined,0,520.9572706804248,0.18112124888081851
1434,euler_ramsey,0.5,2.5% Ramsey,risk_aversion,combined,0,276.1566518995866,0.1360777649737895
1435,euler_ramsey,0.5,1.5% Ramsey,risk_aversion,combined,0,-593.1328460726331,0.4758927335984614
1435,euler_ramsey,0.5,2.0% Ramsey,risk_aversion,combined,0,-397.4115884283943,0.3828860778982025
1435,euler_ramsey,0.5,2.5% Ramsey,risk_aversion,combined,0,-261.5792130614295,0.3199848505255937
1436,euler_ramsey,0.5,1.5% Ramsey,risk_aversion,combined,0,388.94010945909804,0.39821523444213675
1436,euler_ramsey,0.5,2.0% Ramsey,risk_aversion,combined,0,377.1000060752389,0.30788051698273944
1436,euler_ramsey,0.5,2.5% Ramsey,risk_aversion,combined,0,310.3318719002991,0.24950880713757642
1437,euler_ramsey,0.5,1.5% Ramsey,risk_aversion,combined,0,-103.40697652501882,0.8021382780981765
1437,euler_ramsey,0.5,2.0% Ramsey,risk_aversion,combined,0,-74.35412562707664,0.7261807330966848
1437,euler_ramsey,0.5,2.5% Ramsey,risk_aversion,combined,0,-50.35533205381362,0.6649314043033738
1438,euler_ramsey,0.5,1.5% Ramsey,risk_aversion,combined,0,-35.82422833967108,0.875179396445479
1438,euler_ramsey,0.5,2.0% Ramsey,risk_aversion,combined,0,-36.66603431905107,0.8081454923938177
1438,euler_ramsey,0.5,2.5% Ramsey,risk_aversion,combined,0,-31.352706469313087,0.7513764608814234
1439,euler_ramsey,0.5,1.5% Ramsey,risk_aversion,combined,0,424.2422583437582,0.7258025633592616
1439,euler_ramsey,0.5,2.0% Ramsey,risk_aversion,combined,0,383.1921243574264,0.6422291198496727
1439,euler_ramsey,0.5,2.5% Ramsey,risk_aversion,combined,0,301.44403313179595,0.5777196836280777
1440,euler_ramsey,0.5,1.5% Ramsey,risk_aversion,combined,0,642.5128627879478,1.334899296154224
1440,euler_ramsey,0.5,2.0% Ramsey,risk_aversion,combined,0,564.9013375457944,1.355537663911327
1440,euler_ramsey,0.5,2.5% Ramsey,risk_aversion,combined,0,449.23796715938283,1.3567050742192526
1441,euler_ramsey,0.5,1.5% Ramsey,risk_aversion,combined,0,-967.1956545395035,0.1921242829133138
1441,euler_ramsey,0.5,2.0% Ramsey,risk_aversion,combined,0,-342.00731798306293,0.1260155710943698
1441,euler_ramsey,0.5,2.5% Ramsey,risk_aversion,combined,0,-178.9776826269096,0.08991980126110148
1442,euler_ramsey,0.5,1.5% Ramsey,risk_aversion,combined,0,81.17515948773182,0.9053248849803024
1442,euler_ramsey,0.5,2.0% Ramsey,risk_aversion,combined,0,56.212057380225524,0.8420593642535483
1442,euler_ramsey,0.5,2.5% Ramsey,risk_aversion,combined,0,41.37967576701238,0.7873213637489745
1443,euler_ramsey,0.5,1.5% Ramsey,risk_aversion,combined,0,23.47647643738881,0.8994998211511355
1443,euler_ramsey,0.5,2.0% Ramsey,risk_aversion,combined,0,22.346116923496545,0.835637408063518
1443,euler_ramsey,0.5,2.5% Ramsey,risk_aversion,combined,0,24.487907479586315,0.7806389233285419
1444,euler_ramsey,0.5,1.5% Ramsey,risk_aversion,combined,0,498.97536713707035,1.8138277764241124
1444,euler_ramsey,0.5,2.0% Ramsey,risk_aversion,combined,0,337.83153298482216,1.9742100357877976
1444,euler_ramsey,0.5,2.5% Ramsey,risk_aversion,combined,0,223.77239434670943,2.084744268672249
1445,euler_ramsey,0.5,1.5% Ramsey,risk_aversion,combined,0,217.9993774691045,1.3353391117473663
1445,euler_ramsey,0.5,2.0% Ramsey,risk_aversion,combined,0,168.12581931645795,1.3557997098131598
1445,euler_ramsey,0.5,2.5% Ramsey,risk_aversion,combined,0,122.69486674419664,1.3566256795374625
1446,euler_ramsey,0.5,1.5% Ramsey,risk_aversion,combined,0,508.4833077637526,1.2710695261005955
1446,euler_ramsey,0.5,2.0% Ramsey,risk_aversion,combined,0,403.69503631647683,1.2771862788823172
1446,euler_ramsey,0.5,2.5% Ramsey,risk_aversion,combined,0,307.98392934634757,1.2677885510196794
1447,euler_ramsey,0.5,1.5% Ramsey,risk_aversion,combined,0,4074.982521333791,0.8112204635572702
1447,euler_ramsey,0.5,2.0% Ramsey,risk_aversion,combined,0,3354.7163806625085,0.7371147081236374
1447,euler_ramsey,0.5,2.5% Ramsey,risk_aversion,combined,0,2373.3680401158376,0.6769598584220337
1448,euler_ramsey,0.5,1.5% Ramsey,risk_aversion,combined,0,1243.783047784013,1.3105191423876401
1448,euler_ramsey,0.5,2.0% Ramsey,risk_aversion,combined,0,948.6150752168454,1.3262074182372017
1448,euler_ramsey,0.5,2.5% Ramsey,risk_aversion,combined,0,651.9897982150026,1.3238123746530028
1449,euler_ramsey,0.5,1.5% Ramsey,risk_aversion,combined,0,2423.6574741507475,0.25142693920672304
1449,euler_ramsey,0.5,2.0% Ramsey,risk_aversion,combined,0,1427.1600704994923,0.1752176832096705
1449,euler_ramsey,0.5,2.5% Ramsey,risk_aversion,combined,0,887.8734716851445,0.1310326540670329
1450,euler_ramsey,0.5,1.5% Ramsey,risk_aversion,combined,0,173.73406856205688,4.133074012804332
1450,euler_ramsey,0.5,2.0% Ramsey,risk_aversion,combined,0,137.07891544056557,5.411861844869933
1450,euler_ramsey,0.5,2.5% Ramsey,risk_aversion,combined,0,104.52574707139611,6.592454957011561
1451,euler_ramsey,0.5,1.5% Ramsey,risk_aversion,combined,0,485.4854152706296,2.1948560724780055
1451,euler_ramsey,0.5,2.0% Ramsey,risk_aversion,combined,0,382.5749852923135,2.493661264180967
1451,euler_ramsey,0.5,2.5% Ramsey,risk_aversion,combined,0,281.858690523524,2.7221282020574775
1452,euler_ramsey,0.5,1.5% Ramsey,risk_aversion,combined,0,772.1139915899968,2.109951049787226
1452,euler_ramsey,0.5,2.0% Ramsey,risk_aversion,combined,0,541.9668021765158,2.3776094393228573
1452,euler_ramsey,0.5,2.5% Ramsey,risk_aversion,combined,0,387.60773596666337,2.5792456209713546
1453,euler_ramsey,0.5,1.5% Ramsey,risk_aversion,combined,0,1231.4116013527298,1.7946265337447354
1453,euler_ramsey,0.5,2.0% Ramsey,risk_aversion,combined,0,783.741454518585,1.9492756452758488
1453,euler_ramsey,0.5,2.5% Ramsey,risk_aversion,combined,0,499.2014697639563,2.055219569210278
1454,euler_ramsey,0.5,1.5% Ramsey,risk_aversion,combined,0,462.9287611739219,2.043103779869053
1454,euler_ramsey,0.5,2.0% Ramsey,risk_aversion,combined,0,296.99466789607385,2.283663074151047
1454,euler_ramsey,0.5,2.5% Ramsey,risk_aversion,combined,0,194.93805581692,2.46151598593633
1455,euler_ramsey,0.5,1.5% Ramsey,risk_aversion,combined,0,345.0595994961833,1.2981918205241516
1455,euler_ramsey,0.5,2.0% Ramsey,risk_aversion,combined,0,256.7313102699491,1.3100526603947407
1455,euler_ramsey,0.5,2.5% Ramsey,risk_aversion,combined,0,177.13013671274317,1.304732660775001
1456,euler_ramsey,0.5,1.5% Ramsey,risk_aversion,combined,0,336.50203519168315,0.34136914961365505
1456,euler_ramsey,0.5,2.0% Ramsey,risk_aversion,combined,0,368.3111460948802,0.25490691772444396
1456,euler_ramsey,0.5,2.5% Ramsey,risk_aversion,combined,0,357.8512400771373,0.2010916185457129
1457,euler_ramsey,0.5,1.5% Ramsey,risk_aversion,combined,0,2812.173021696518,0.3321874233867325
1457,euler_ramsey,0.5,2.0% Ramsey,risk_aversion,combined,0,1705.8502611275776,0.24658930430276269
1457,euler_ramsey,0.5,2.5% Ramsey,risk_aversion,combined,0,1051.7945790720244,0.1936471019216301
1458,euler_ramsey,0.5,1.5% Ramsey,risk_aversion,combined,0,446.35137793039974,1.2485250332379032
1458,euler_ramsey,0.5,2.0% Ramsey,risk_aversion,combined,0,311.11623439800076,1.2489159276902555
1458,euler_ramsey,0.5,2.5% Ramsey,risk_aversion,combined,0,217.04042407907795,1.2353991318492341
1459,euler_ramsey,0.5,1.5% Ramsey,risk_aversion,combined,0,296.592560423031,2.645061473420234
1459,euler_ramsey,0.5,2.0% Ramsey,risk_aversion,combined,0,248.43746026623467,3.1329130232986784
1459,euler_ramsey,0.5,2.5% Ramsey,risk_aversion,combined,0,191.53488886372972,3.5316075613182907
1460,euler_ramsey,0.5,1.5% Ramsey,risk_aversion,combined,0,182.00272255393475,1.7401401353283732
1460,euler_ramsey,0.5,2.0% Ramsey,risk_aversion,combined,0,138.73600638122932,1.8756457429832942
1460,euler_ramsey,0.5,2.5% Ramsey,risk_aversion,combined,0,105.84489582339832,1.9657999008646545
1461,euler_ramsey,0.5,1.5% Ramsey,risk_aversion,combined,0,1625.8629021092213,0.48193169086522
1461,euler_ramsey,0.5,2.0% Ramsey,risk_aversion,combined,0,1279.0039761056682,0.3891312477519301
1461,euler_ramsey,0.5,2.5% Ramsey,risk_aversion,combined,0,933.3388084257979,0.3261347618695262
1462,euler_ramsey,0.5,1.5% Ramsey,risk_aversion,combined,0,2332.7528840697973,0.2123813160590918
1462,euler_ramsey,0.5,2.0% Ramsey,risk_aversion,combined,0,1063.220139989124,0.14248507714199693
1462,euler_ramsey,0.5,2.5% Ramsey,risk_aversion,combined,0,574.889591529399,0.10346530862707737
1463,euler_ramsey,0.5,1.5% Ramsey,risk_aversion,combined,0,-1366.3215015316925,0.2901673549320448
1463,euler_ramsey,0.5,2.0% Ramsey,risk_aversion,combined,0,-551.9179675630792,0.20886472512185045
1463,euler_ramsey,0.5,2.5% Ramsey,risk_aversion,combined,0,-336.14086877759786,0.16015122192388373
1464,euler_ramsey,0.5,1.5% Ramsey,risk_aversion,combined,0,1498.1759612860817,0.3244000716703013
1464,euler_ramsey,0.5,2.0% Ramsey,risk_aversion,combined,0,815.5204307927003,0.23940091755634613
1464,euler_ramsey,0.5,2.5% Ramsey,risk_aversion,combined,0,454.6878551788069,0.18714140583954136
1465,euler_ramsey,0.5,1.5% Ramsey,risk_aversion,combined,0,560.4731915807206,1.7022302063623822
1465,euler_ramsey,0.5,2.0% Ramsey,risk_aversion,combined,0,640.4548300075828,1.8253237127163071
1465,euler_ramsey,0.5,2.5% Ramsey,risk_aversion,combined,0,616.5266579579715,1.9052080118517238
1466,euler_ramsey,0.5,1.5% Ramsey,risk_aversion,combined,0,664.135718557623,0.4928675942133444
1466,euler_ramsey,0.5,2.0% Ramsey,risk_aversion,combined,0,514.3045523570828,0.3997459219975271
1466,euler_ramsey,0.5,2.5% Ramsey,risk_aversion,combined,0,387.92415303547205,0.33617288355695923
1467,euler_ramsey,0.5,1.5% Ramsey,risk_aversion,combined,0,2174.498175369433,0.4731435441257081
1467,euler_ramsey,0.5,2.0% Ramsey,risk_aversion,combined,0,1559.3764200236833,0.380234098941691
1467,euler_ramsey,0.5,2.5% Ramsey,risk_aversion,combined,0,1037.6190466084254,0.3174974302770197
1468,euler_ramsey,0.5,1.5% Ramsey,risk_aversion,combined,0,540.6262937443255,2.0352384727619084
1468,euler_ramsey,0.5,2.0% Ramsey,risk_aversion,combined,0,383.76832151501833,2.272834796733187
1468,euler_ramsey,0.5,2.5% Ramsey,risk_aversion,combined,0,254.1592313941897,2.4481640471576473
1469,euler_ramsey,0.5,1.5% Ramsey,risk_aversion,combined,0,230.79360196748607,1.4131199504518779
1469,euler_ramsey,0.5,2.0% Ramsey,risk_aversion,combined,0,158.4262892552331,1.4538150879527962
1469,euler_ramsey,0.5,2.5% Ramsey,risk_aversion,combined,0,109.82594939307356,1.4696960233459744
1470,euler_ramsey,0.5,1.5% Ramsey,risk_aversion,combined,0,121.24714761001327,3.7324138091512187
1470,euler_ramsey,0.5,2.0% Ramsey,risk_aversion,combined,0,107.16725147775573,4.77619149289513
1470,euler_ramsey,0.5,2.5% Ramsey,risk_aversion,combined,0,92.15790559308434,5.7155657667940245
1471,euler_ramsey,0.5,1.5% Ramsey,risk_aversion,combined,0,2642.2942346705245,0.588679946985635
1471,euler_ramsey,0.5,2.0% Ramsey,risk_aversion,combined,0,1623.6346943593292,0.49716027512762867
1471,euler_ramsey,0.5,2.5% Ramsey,risk_aversion,combined,0,1014.4524199810095,0.4314022014159617
1472,euler_ramsey,0.5,1.5% Ramsey,risk_aversion,combined,0,2648.895190247228,0.5771683214344482
1472,euler_ramsey,0.5,2.0% Ramsey,risk_aversion,combined,0,605.8482789751691,0.4849742223318393
1472,euler_ramsey,0.5,2.5% Ramsey,risk_aversion,combined,0,260.9430335681121,0.41915620691779987
1473,euler_ramsey,0.5,1.5% Ramsey,risk_aversion,combined,0,431.0944118615211,0.9937120261800894
1473,euler_ramsey,0.5,2.0% Ramsey,risk_aversion,combined,0,411.5635321080888,0.9451335358923815
1473,euler_ramsey,0.5,2.5% Ramsey,risk_aversion,combined,0,350.5325543455072,0.8992988317084396
1474,euler_ramsey,0.5,1.5% Ramsey,risk_aversion,combined,0,17185.562242368444,0.4704113037625932
1474,euler_ramsey,0.5,2.0% Ramsey,risk_aversion,combined,0,10395.79708990291,0.37975915126650484
1474,euler_ramsey,0.5,2.5% Ramsey,risk_aversion,combined,0,6346.038994674738,0.3183904937022938
1475,euler_ramsey,0.5,1.5% Ramsey,risk_aversion,combined,0,881.2185723515537,1.4090987481238972
1475,euler_ramsey,0.5,2.0% Ramsey,risk_aversion,combined,0,695.9210050989801,1.4491883438760864
1475,euler_ramsey,0.5,2.5% Ramsey,risk_aversion,combined,0,521.261230541691,1.4647421440144002
1476,euler_ramsey,0.5,1.5% Ramsey,risk_aversion,combined,0,1765.7453379155895,0.9835223707073402
1476,euler_ramsey,0.5,2.0% Ramsey,risk_aversion,combined,0,1082.493429854801,0.9336326013236329
1476,euler_ramsey,0.5,2.5% Ramsey,risk_aversion,combined,0,633.3632879831476,0.8870020910217349
1477,euler_ramsey,0.5,1.5% Ramsey,risk_aversion,combined,0,311.45507803942473,1.6757064721465642
1477,euler_ramsey,0.5,2.0% Ramsey,risk_aversion,combined,0,244.4861606111664,1.7910648748785016
1477,euler_ramsey,0.5,2.5% Ramsey,risk_aversion,combined,0,180.12978767432875,1.8648691865536642
1478,euler_ramsey,0.5,1.5% Ramsey,risk_aversion,combined,0,2028.8722811883476,0.30977379051013426
1478,euler_ramsey,0.5,2.0% Ramsey,risk_aversion,combined,0,1211.8163342299918,0.22625392035968753
1478,euler_ramsey,0.5,2.5% Ramsey,risk_aversion,combined,0,718.6776792633706,0.1754550812556992
1479,euler_ramsey,0.5,1.5% Ramsey,risk_aversion,combined,0,99.42789728046687,1.5787682472313689
1479,euler_ramsey,0.5,2.0% Ramsey,risk_aversion,combined,0,111.5374776729723,1.6647750120000993
1479,euler_ramsey,0.5,2.5% Ramsey,risk_aversion,combined,0,104.25855992704447,1.7153042200037352
1480,euler_ramsey,0.5,1.5% Ramsey,risk_aversion,combined,0,473.1510659960363,2.551339918023259
1480,euler_ramsey,0.5,2.0% Ramsey,risk_aversion,combined,0,353.1089938037063,2.9980777138455252
1480,euler_ramsey,0.5,2.5% Ramsey,risk_aversion,combined,0,263.241719563526,3.3591331984936104
1481,euler_ramsey,0.5,1.5% Ramsey,risk_aversion,combined,0,-1559.2753618691577,0.40740549183533475
1481,euler_ramsey,0.5,2.0% Ramsey,risk_aversion,combined,0,-1348.9935070702627,0.31663879478464685
1481,euler_ramsey,0.5,2.5% Ramsey,risk_aversion,combined,0,-943.3719940690436,0.2576460599606294
1482,euler_ramsey,0.5,1.5% Ramsey,risk_aversion,combined,0,483.37657089080295,1.0649479964488278
1482,euler_ramsey,0.5,2.0% Ramsey,risk_aversion,combined,0,390.0580788933969,1.028323378359125
1482,euler_ramsey,0.5,2.5% Ramsey,risk_aversion,combined,0,297.1607715652263,0.9898850597242819
1483,euler_ramsey,0.5,1.5% Ramsey,risk_aversion,combined,0,2582.4184451744304,0.8871215997206334
1483,euler_ramsey,0.5,2.0% Ramsey,risk_aversion,combined,0,1716.9192142577058,0.8236380083668452
1483,euler_ramsey,0.5,2.5% Ramsey,risk_aversion,combined,0,1046.1840387336222,0.7693419150253293
1484,euler_ramsey,0.5,1.5% Ramsey,risk_aversion,combined,0,522.942368820849,0.47120082771992716
1484,euler_ramsey,0.5,2.0% Ramsey,risk_aversion,combined,0,474.2209211501909,0.3781377586588801
1484,euler_ramsey,0.5,2.5% Ramsey,risk_aversion,combined,0,389.504471792271,0.31538468383591434
1485,euler_ramsey,0.5,1.5% Ramsey,risk_aversion,combined,0,957.2575613685789,0.6177482959367178
1485,euler_ramsey,0.5,2.0% Ramsey,risk_aversion,combined,0,754.4927209781986,0.5276397869988044
1485,euler_ramsey,0.5,2.5% Ramsey,risk_aversion,combined,0,546.5985019084644,0.46189065370800536
1486,euler_ramsey,0.5,1.5% Ramsey,risk_aversion,combined,0,429.61806441300257,2.231095270867092
1486,euler_ramsey,0.5,2.0% Ramsey,risk_aversion,combined,0,378.6022672091316,2.5436277688473337
1486,euler_ramsey,0.5,2.5% Ramsey,risk_aversion,combined,0,301.64612188017475,2.7840238405768414
1487,euler_ramsey,0.5,1.5% Ramsey,risk_aversion,combined,0,165.8761164608495,3.3567142985870033
1487,euler_ramsey,0.5,2.0% Ramsey,risk_aversion,combined,0,123.71881844970771,4.194184226831596
1487,euler_ramsey,0.5,2.5% Ramsey,risk_aversion,combined,0,93.76150603421576,4.927308653068534
1488,euler_ramsey,0.5,1.5% Ramsey,risk_aversion,combined,0,621.511789826222,1.0943505811420315
1488,euler_ramsey,0.5,2.0% Ramsey,risk_aversion,combined,0,597.9856035181126,1.0625746120966668
1488,euler_ramsey,0.5,2.5% Ramsey,risk_aversion,combined,0,500.2120087025528,1.0271430673985114
1489,euler_ramsey,0.5,1.5% Ramsey,risk_aversion,combined,0,-568.110919352385,0.410729765488205
1489,euler_ramsey,0.5,2.0% Ramsey,risk_aversion,combined,0,-278.909726454648,0.3195843417461836
1489,euler_ramsey,0.5,2.5% Ramsey,risk_aversion,combined,0,-150.77852764828017,0.2602550862473008
1490,euler_ramsey,0.5,1.5% Ramsey,risk_aversion,combined,0,2083.3125167494254,0.6227879414255452
1490,euler_ramsey,0.5,2.0% Ramsey,risk_aversion,combined,0,1826.1357303682332,0.533156129012591
1490,euler_ramsey,0.5,2.5% Ramsey,risk_aversion,combined,0,1385.283782605733,0.46756113451104686
1491,euler_ramsey,0.5,1.5% Ramsey,risk_aversion,combined,0,19.57553114025481,1.1421848984706218
1491,euler_ramsey,0.5,2.0% Ramsey,risk_aversion,combined,0,13.386233429779683,1.1195800510217166
1491,euler_ramsey,0.5,2.5% Ramsey,risk_aversion,combined,0,15.34206190941696,1.0901754916228403
1492,euler_ramsey,0.5,1.5% Ramsey,risk_aversion,combined,0,41.54873441138419,0.541621913877153
1492,euler_ramsey,0.5,2.0% Ramsey,risk_aversion,combined,0,18.872552717370716,0.44848547627174884
1492,euler_ramsey,0.5,2.5% Ramsey,risk_aversion,combined,0,6.309173763777917,0.3832329946495076
1493,euler_ramsey,0.5,1.5% Ramsey,risk_aversion,combined,0,96.85047498147438,0.9010414127093377
1493,euler_ramsey,0.5,2.0% Ramsey,risk_aversion,combined,0,87.84719826977319,0.837823344344587
1493,euler_ramsey,0.5,2.5% Ramsey,risk_aversion,combined,0,70.45718693611401,0.7832251538394003
1494,euler_ramsey,0.5,1.5% Ramsey,risk_aversion,combined,0,-7.800684507863564,2.3638688115928463
1494,euler_ramsey,0.5,2.0% Ramsey,risk_aversion,combined,0,-3.5121451959829826,2.729870287298848
1494,euler_ramsey,0.5,2.5% Ramsey,risk_aversion,combined,0,2.457089941943213,3.0175795530431846
1495,euler_ramsey,0.5,1.5% Ramsey,risk_aversion,combined,0,1449.9086448288476,0.6094285998513664
1495,euler_ramsey,0.5,2.0% Ramsey,risk_aversion,combined,0,1074.6501526708855,0.5182739683239116
1495,euler_ramsey,0.5,2.5% Ramsey,risk_aversion,combined,0,750.4838733247253,0.45211237008956207
1496,euler_ramsey,0.5,1.5% Ramsey,risk_aversion,combined,0,460.48554411697836,1.5987655904262308
1496,euler_ramsey,0.5,2.0% Ramsey,risk_aversion,combined,0,339.21672809459403,1.6909708084307198
1496,euler_ramsey,0.5,2.5% Ramsey,risk_aversion,combined,0,242.10880883958643,1.7464037891573398
1497,euler_ramsey,0.5,1.5% Ramsey,risk_aversion,combined,0,90.03872771387059,0.7463816129944146
1497,euler_ramsey,0.5,2.0% Ramsey,risk_aversion,combined,0,78.91681942066299,0.6656159547716675
1497,euler_ramsey,0.5,2.5% Ramsey,risk_aversion,combined,0,61.988084832512605,0.6024454641651396
1498,euler_ramsey,0.5,1.5% Ramsey,risk_aversion,combined,0,142.39892744579214,1.2333561669331685
1498,euler_ramsey,0.5,2.0% Ramsey,risk_aversion,combined,0,94.59826333114329,1.2297955060396488
1498,euler_ramsey,0.5,2.5% Ramsey,risk_aversion,combined,0,63.72410841259704,1.2134800852709164
1499,euler_ramsey,0.5,1.5% Ramsey,risk_aversion,combined,0,544.8911826418394,1.232994331881771
1499,euler_ramsey,0.5,2.0% Ramsey,risk_aversion,combined,0,505.6863901745717,1.230744880152953
1499,euler_ramsey,0.5,2.5% Ramsey,risk_aversion,combined,0,420.4270171709348,1.2154622445256595
1500,euler_ramsey,0.5,1.5% Ramsey,risk_aversion,combined,0,-2294.7054736289438,0.20988444964321776
1500,euler_ramsey,0.5,2.0% Ramsey,risk_aversion,combined,0,-1016.3779594151364,0.14043623485752818
1500,euler_ramsey,0.5,2.5% Ramsey,risk_aversion,combined,0,-578.7862808714774,0.10176695568539985
1501,euler_ramsey,0.5,1.5% Ramsey,risk_aversion,combined,0,1842.0465526269368,0.3782855222221459
1501,euler_ramsey,0.5,2.0% Ramsey,risk_aversion,combined,0,1482.615861727863,0.28915386423445005
1501,euler_ramsey,0.5,2.5% Ramsey,risk_aversion,combined,0,1100.9997754174078,0.23227639930193134
1502,euler_ramsey,0.5,1.5% Ramsey,risk_aversion,combined,0,-384.5550054817391,0.30872932615412085
1502,euler_ramsey,0.5,2.0% Ramsey,risk_aversion,combined,0,-280.36571884758615,0.22531865953575927
1502,euler_ramsey,0.5,2.5% Ramsey,risk_aversion,combined,0,-208.53729001591424,0.17462329201777715
1503,euler_ramsey,0.5,1.5% Ramsey,risk_aversion,combined,0,-664.5848240272198,0.6057158747525272
1503,euler_ramsey,0.5,2.0% Ramsey,risk_aversion,combined,0,-527.8189651403052,0.5144690975428339
1503,euler_ramsey,0.5,2.5% Ramsey,risk_aversion,combined,0,-387.0287954148794,0.44835009221263417
1504,euler_ramsey,0.5,1.5% Ramsey,risk_aversion,combined,0,63.52126851898616,1.078901192895578
1504,euler_ramsey,0.5,2.0% Ramsey,risk_aversion,combined,0,52.866461133475305,1.0446927676640725
1504,euler_ramsey,0.5,2.5% Ramsey,risk_aversion,combined,0,40.47845049539821,1.007682303438882
1505,euler_ramsey,0.5,1.5% Ramsey,risk_aversion,combined,0,1410.966958485358,0.2819608880807578
1505,euler_ramsey,0.5,2.0% Ramsey,risk_aversion,combined,0,845.1246022627276,0.20172975815571156
1505,euler_ramsey,0.5,2.5% Ramsey,risk_aversion,combined,0,597.3838191916471,0.153965452437343
1506,euler_ramsey,0.5,1.5% Ramsey,risk_aversion,combined,0,270.9411600315229,1.8278660522769437
1506,euler_ramsey,0.5,2.0% Ramsey,risk_aversion,combined,0,174.45153790619682,1.9921997828855413
1506,euler_ramsey,0.5,2.5% Ramsey,risk_aversion,combined,0,120.25793396062758,2.105793813030305
1507,euler_ramsey,0.5,1.5% Ramsey,risk_aversion,combined,0,481.90066076747826,1.6948868065787157
1507,euler_ramsey,0.5,2.0% Ramsey,risk_aversion,combined,0,306.7618438024555,1.816221887767116
1507,euler_ramsey,0.5,2.5% Ramsey,risk_aversion,combined,0,208.48445919322643,1.8948052509319924
1508,euler_ramsey,0.5,1.5% Ramsey,risk_aversion,combined,0,94.28028633780853,0.5970774969627602
1508,euler_ramsey,0.5,2.0% Ramsey,risk_aversion,combined,0,71.57163458967149,0.505350369486326
1508,euler_ramsey,0.5,2.5% Ramsey,risk_aversion,combined,0,54.073646128984436,0.4392007506138187
1509,euler_ramsey,0.5,1.5% Ramsey,risk_aversion,combined,0,526.6290883460933,1.3592888246541908
1509,euler_ramsey,0.5,2.0% Ramsey,risk_aversion,combined,0,371.3221825969622,1.3861079538097048
1509,euler_ramsey,0.5,2.5% Ramsey,risk_aversion,combined,0,267.2303482423594,1.3916880429865166
1510,euler_ramsey,0.5,1.5% Ramsey,risk_aversion,combined,0,227.57852695388755,1.1271011178714538
1510,euler_ramsey,0.5,2.0% Ramsey,risk_aversion,combined,0,191.11382148905764,1.1014723990016941
1510,euler_ramsey,0.5,2.5% Ramsey,risk_aversion,combined,0,155.7157764906463,1.0700374841473026
1511,euler_ramsey,0.5,1.5% Ramsey,risk_aversion,combined,0,105.45866318967225,1.7194708452742722
1511,euler_ramsey,0.5,2.0% Ramsey,risk_aversion,combined,0,71.16674534166343,1.848420293978607
1511,euler_ramsey,0.5,2.5% Ramsey,risk_aversion,combined,0,53.14472515774785,1.9330802783029788
1512,euler_ramsey,0.5,1.5% Ramsey,risk_aversion,combined,0,-26.364687289987298,1.290483368311824
1512,euler_ramsey,0.5,2.0% Ramsey,risk_aversion,combined,0,-14.399668177165703,1.3000847881184603
1512,euler_ramsey,0.5,2.5% Ramsey,risk_aversion,combined,0,0.3130739714395458,1.2930452183222596
1513,euler_ramsey,0.5,1.5% Ramsey,risk_aversion,combined,0,181.98886865036198,1.480104432080578
1513,euler_ramsey,0.5,2.0% Ramsey,risk_aversion,combined,0,149.71085670923793,1.538521336850091
1513,euler_ramsey,0.5,2.5% Ramsey,risk_aversion,combined,0,125.74075787342873,1.5677837300987156
1514,euler_ramsey,0.5,1.5% Ramsey,risk_aversion,combined,0,4782.200609498859,0.3788531734816141
1514,euler_ramsey,0.5,2.0% Ramsey,risk_aversion,combined,0,4841.5135241310945,0.2899142686732038
1514,euler_ramsey,0.5,2.5% Ramsey,risk_aversion,combined,0,4084.538917226919,0.2331082283202806
1515,euler_ramsey,0.5,1.5% Ramsey,risk_aversion,combined,0,829.1821305162665,0.5064447030153564
1515,euler_ramsey,0.5,2.0% Ramsey,risk_aversion,combined,0,692.1078934774578,0.4135181845014914
1515,euler_ramsey,0.5,2.5% Ramsey,risk_aversion,combined,0,501.56097773954895,0.34958903864800117
1516,euler_ramsey,0.5,1.5% Ramsey,risk_aversion,combined,0,339.7097643589911,2.566789726791714
1516,euler_ramsey,0.5,2.0% Ramsey,risk_aversion,combined,0,245.03854095777757,3.0197521204212867
1516,euler_ramsey,0.5,2.5% Ramsey,risk_aversion,combined,0,171.24745623232045,3.386359186081238
1517,euler_ramsey,0.5,1.5% Ramsey,risk_aversion,combined,0,182.37277299684382,0.7553918411151392
1517,euler_ramsey,0.5,2.0% Ramsey,risk_aversion,combined,0,172.90849165064571,0.6743964560758526
1517,euler_ramsey,0.5,2.5% Ramsey,risk_aversion,combined,0,143.6577120137371,0.6108453412453391
1518,euler_ramsey,0.5,1.5% Ramsey,risk_aversion,combined,0,-1691.1550051153354,0.21153358335680394
1518,euler_ramsey,0.5,2.0% Ramsey,risk_aversion,combined,0,-1179.8194104369477,0.14181089460321847
1518,euler_ramsey,0.5,2.5% Ramsey,risk_aversion,combined,0,-812.7645296940717,0.10291619833107885
1519,euler_ramsey,0.5,1.5% Ramsey,risk_aversion,combined,0,148.92119215649288,2.0107150924057
1519,euler_ramsey,0.5,2.0% Ramsey,risk_aversion,combined,0,110.0049149032003,2.2390743432724114
1519,euler_ramsey,0.5,2.5% Ramsey,risk_aversion,combined,0,79.6985889369891,2.406403478392193
1520,euler_ramsey,0.5,1.5% Ramsey,risk_aversion,combined,0,67.32844448868777,3.393072188120066
1520,euler_ramsey,0.5,2.0% Ramsey,risk_aversion,combined,0,50.70516975649632,4.249908828009047
1520,euler_ramsey,0.5,2.5% Ramsey,risk_aversion,combined,0,40.54603023560951,5.002229194268059
1521,euler_ramsey,0.5,1.5% Ramsey,risk_aversion,combined,0,249.05559395740383,2.0965676509359485
1521,euler_ramsey,0.5,2.0% Ramsey,risk_aversion,combined,0,204.47614280344854,2.356932996426227
1521,euler_ramsey,0.5,2.5% Ramsey,risk_aversion,combined,0,165.84530610107802,2.5517722224784882
1522,euler_ramsey,0.5,1.5% Ramsey,risk_aversion,combined,0,-163.15326033809578,1.119377705051589
1522,euler_ramsey,0.5,2.0% Ramsey,risk_aversion,combined,0,-132.00563768434802,1.0926320789124093
1522,euler_ramsey,0.5,2.5% Ramsey,risk_aversion,combined,0,-93.62575022706349,1.060473914156354
1523,euler_ramsey,0.5,1.5% Ramsey,risk_aversion,combined,0,214.80822632839153,3.3379570466383703
1523,euler_ramsey,0.5,2.0% Ramsey,risk_aversion,combined,0,164.59117049342333,4.165490722991813
1523,euler_ramsey,0.5,2.5% Ramsey,risk_aversion,combined,0,120.4166492043044,4.888849070206784
1524,euler_ramsey,0.5,1.5% Ramsey,risk_aversion,combined,0,371.01090985346826,1.05926180990418
1524,euler_ramsey,0.5,2.0% Ramsey,risk_aversion,combined,0,291.3634653873788,1.0213664482180158
1524,euler_ramsey,0.5,2.5% Ramsey,risk_aversion,combined,0,204.62420542256652,0.981989901668064
1525,euler_ramsey,0.5,1.5% Ramsey,risk_aversion,combined,0,-197.37407464586937,0.7626066279148671
1525,euler_ramsey,0.5,2.0% Ramsey,risk_aversion,combined,0,-171.89438565861155,0.6824090237583934
1525,euler_ramsey,0.5,2.5% Ramsey,risk_aversion,combined,0,-131.4773614187476,0.6192083651528214
1526,euler_ramsey,0.5,1.5% Ramsey,risk_aversion,combined,0,431.16047971338656,1.9736221536265857
1526,euler_ramsey,0.5,2.0% Ramsey,risk_aversion,combined,0,258.46816936016427,2.188855703542135
1526,euler_ramsey,0.5,2.5% Ramsey,risk_aversion,combined,0,172.06166305165738,2.3451482361587193
1527,euler_ramsey,0.5,1.5% Ramsey,risk_aversion,combined,0,418.3582689375865,1.4731949499863517
1527,euler_ramsey,0.5,2.0% Ramsey,risk_aversion,combined,0,328.4878913141247,1.5300157857913437
1527,euler_ramsey,0.5,2.5% Ramsey,risk_aversion,combined,0,250.01834801109487,1.5581116803239685
1528,euler_ramsey,0.5,1.5% Ramsey,risk_aversion,combined,0,277.5965298098859,0.8820046193083939
1528,euler_ramsey,0.5,2.0% Ramsey,risk_aversion,combined,0,189.84449204823926,0.8162683640550379
1528,euler_ramsey,0.5,2.5% Ramsey,risk_aversion,combined,0,137.66727509930837,0.760314032863773
1529,euler_ramsey,0.5,1.5% Ramsey,risk_aversion,combined,0,225.52157778293275,2.0019670112549464
1529,euler_ramsey,0.5,2.0% Ramsey,risk_aversion,combined,0,154.13797689679282,2.2270620582436598
1529,euler_ramsey,0.5,2.5% Ramsey,risk_aversion,combined,0,104.06233192823149,2.3916989953110983
1530,euler_ramsey,0.5,1.5% Ramsey,risk_aversion,combined,0,143.65446758670097,1.5235081149095857
1530,euler_ramsey,0.5,2.0% Ramsey,risk_aversion,combined,0,106.55369099911175,1.5941611435482237
1530,euler_ramsey,0.5,2.5% Ramsey,risk_aversion,combined,0,80.32536226029718,1.6328407445483124
1531,euler_ramsey,0.5,1.5% Ramsey,risk_aversion,combined,0,-1256.9358837445054,0.4748530959371885
1531,euler_ramsey,0.5,2.0% Ramsey,risk_aversion,combined,0,-488.5661242622277,0.3818753573904768
1531,euler_ramsey,0.5,2.5% Ramsey,risk_aversion,combined,0,-278.2909143996883,0.3190282909380136
1532,euler_ramsey,0.5,1.5% Ramsey,risk_aversion,combined,0,235.1463013246377,0.32859549630944396
1532,euler_ramsey,0.5,2.0% Ramsey,risk_aversion,combined,0,156.42377504957642,0.24318369579291313
1532,euler_ramsey,0.5,2.5% Ramsey,risk_aversion,combined,0,112.50060495769695,0.19051324886191576
1533,euler_ramsey,0.5,1.5% Ramsey,risk_aversion,combined,0,5674.55584383753,0.3509405228364184
1533,euler_ramsey,0.5,2.0% Ramsey,risk_aversion,combined,0,2938.033665124725,0.26403394720370466
1533,euler_ramsey,0.5,2.5% Ramsey,risk_aversion,combined,0,1627.336258176286,0.2095338193061095
1534,euler_ramsey,0.5,1.5% Ramsey,risk_aversion,combined,0,122.24974852249906,0.7084496619572561
1534,euler_ramsey,0.5,2.0% Ramsey,risk_aversion,combined,0,105.0287891409763,0.6233400533460604
1534,euler_ramsey,0.5,2.5% Ramsey,risk_aversion,combined,0,73.51488427521153,0.5582795595765236
1535,euler_ramsey,0.5,1.5% Ramsey,risk_aversion,combined,0,886.7633732348916,0.7190382419870983
1535,euler_ramsey,0.5,2.0% Ramsey,risk_aversion,combined,0,831.6630932893179,0.6352280564455857
1535,euler_ramsey,0.5,2.5% Ramsey,risk_aversion,combined,0,670.8632062527263,0.5707494621075735
1536,euler_ramsey,0.5,1.5% Ramsey,risk_aversion,combined,0,305.0976096745925,0.433022334743352
1536,euler_ramsey,0.5,2.0% Ramsey,risk_aversion,combined,0,267.1342180131746,0.3409608647214798
1536,euler_ramsey,0.5,2.5% Ramsey,risk_aversion,combined,0,216.246725672171,0.2802298487120876
1537,euler_ramsey,0.5,1.5% Ramsey,risk_aversion,combined,0,72.74267782720575,2.013679893179024
1537,euler_ramsey,0.5,2.0% Ramsey,risk_aversion,combined,0,50.837206376230974,2.2431657780134677
1537,euler_ramsey,0.5,2.5% Ramsey,risk_aversion,combined,0,38.258042318840175,2.41143188659304
1538,euler_ramsey,0.5,1.5% Ramsey,risk_aversion,combined,0,-154.56270634289135,0.3761823333476786
1538,euler_ramsey,0.5,2.0% Ramsey,risk_aversion,combined,0,-127.784471211814,0.2869903894990676
1538,euler_ramsey,0.5,2.5% Ramsey,risk_aversion,combined,0,-97.0777943349716,0.23017565909870855
1539,euler_ramsey,0.5,1.5% Ramsey,risk_aversion,combined,0,895.9789592730763,1.609662947160513
1539,euler_ramsey,0.5,2.0% Ramsey,risk_aversion,combined,0,659.0121999909077,1.7061266737227003
1539,euler_ramsey,0.5,2.5% Ramsey,risk_aversion,combined,0,478.28274955751294,1.7652269629805457
1540,euler_ramsey,0.5,1.5% Ramsey,risk_aversion,combined,0,-0.126250242789118,0.875558988385557
1540,euler_ramsey,0.5,2.0% Ramsey,risk_aversion,combined,0,5.066797032516462,0.8088925020538191
1540,euler_ramsey,0.5,2.5% Ramsey,risk_aversion,combined,0,8.731749032407949,0.752414666273816
1541,euler_ramsey,0.5,1.5% Ramsey,risk_aversion,combined,0,93.14022318343306,2.784080982163532
1541,euler_ramsey,0.5,2.0% Ramsey,risk_aversion,combined,0,53.462150074973096,3.335480373499637
1541,euler_ramsey,0.5,2.5% Ramsey,risk_aversion,combined,0,32.78109366272885,3.793217097740456
1542,euler_ramsey,0.5,1.5% Ramsey,risk_aversion,combined,0,223.95200285771074,0.9589630406461744
1542,euler_ramsey,0.5,2.0% Ramsey,risk_aversion,combined,0,181.67040626880387,0.9033090130560063
1542,euler_ramsey,0.5,2.5% Ramsey,risk_aversion,combined,0,147.05739601267138,0.8528625977709028
1543,euler_ramsey,0.5,1.5% Ramsey,risk_aversion,combined,0,153.90750471556225,1.8908293751459073
1543,euler_ramsey,0.5,2.0% Ramsey,risk_aversion,combined,0,111.38734375896068,2.0765880199093663
1543,euler_ramsey,0.5,2.5% Ramsey,risk_aversion,combined,0,79.94661375654769,2.207950620796419
1544,euler_ramsey,0.5,1.5% Ramsey,risk_aversion,combined,0,1354.213018417272,1.6257047394993847
1544,euler_ramsey,0.5,2.0% Ramsey,risk_aversion,combined,0,928.3525331537991,1.727269738334983
1544,euler_ramsey,0.5,2.5% Ramsey,risk_aversion,combined,0,620.2546987027315,1.7903854741065572
1545,euler_ramsey,0.5,1.5% Ramsey,risk_aversion,combined,0,1093.3304804281197,0.6541185750160661
1545,euler_ramsey,0.5,2.0% Ramsey,risk_aversion,combined,0,770.3975968866077,0.5654538434027041
1545,euler_ramsey,0.5,2.5% Ramsey,risk_aversion,combined,0,496.9103888723787,0.49956464891647795
1546,euler_ramsey,0.5,1.5% Ramsey,risk_aversion,combined,0,-393.3098876759447,0.4225469506969545
1546,euler_ramsey,0.5,2.0% Ramsey,risk_aversion,combined,0,-317.33925916633353,0.33101761937651586
1546,euler_ramsey,0.5,2.5% Ramsey,risk_aversion,combined,0,-226.4466063359717,0.2709913678282596
1547,euler_ramsey,0.5,1.5% Ramsey,risk_aversion,combined,0,1931.6980273262595,0.37534583701200464
1547,euler_ramsey,0.5,2.0% Ramsey,risk_aversion,combined,0,1391.9216849941251,0.28652603427750084
1547,euler_ramsey,0.5,2.5% Ramsey,risk_aversion,combined,0,981.37819020937,0.22993751645115015
1548,euler_ramsey,0.5,1.5% Ramsey,risk_aversion,combined,0,629.6900202738589,0.3357469245937484
1548,euler_ramsey,0.5,2.0% Ramsey,risk_aversion,combined,0,371.927761598336,0.24966477617354205
1548,euler_ramsey,0.5,2.5% Ramsey,risk_aversion,combined,0,222.16463548917915,0.19631153005115184
1549,euler_ramsey,0.5,1.5% Ramsey,risk_aversion,combined,0,808.8359019189152,1.340142360089252
1549,euler_ramsey,0.5,2.0% Ramsey,risk_aversion,combined,0,545.967878493721,1.3622306660662715
1549,euler_ramsey,0.5,2.5% Ramsey,risk_aversion,combined,0,372.6742830839105,1.3643277606291528
1550,euler_ramsey,0.5,1.5% Ramsey,risk_aversion,combined,0,35.514457799748044,0.617523781324036
1550,euler_ramsey,0.5,2.0% Ramsey,risk_aversion,combined,0,35.838614072848166,0.5269071152942543
1550,euler_ramsey,0.5,2.5% Ramsey,risk_aversion,combined,0,35.19628075323493,0.4608347712667715
1551,euler_ramsey,0.5,1.5% Ramsey,risk_aversion,combined,0,332.35982192713794,0.28319597695826815
1551,euler_ramsey,0.5,2.0% Ramsey,risk_aversion,combined,0,174.92051656207437,0.20277740297354685
1551,euler_ramsey,0.5,2.5% Ramsey,risk_aversion,combined,0,100.44181862723237,0.15485608144975654
1552,euler_ramsey,0.5,1.5% Ramsey,risk_aversion,combined,0,284.4967784326378,1.9076104467407777
1552,euler_ramsey,0.5,2.0% Ramsey,risk_aversion,combined,0,213.86238415722428,2.099318655997766
1552,euler_ramsey,0.5,2.5% Ramsey,risk_aversion,combined,0,155.7550770239469,2.23572715836006
1553,euler_ramsey,0.5,1.5% Ramsey,risk_aversion,combined,0,1327.8393514001637,0.40745863502100416
1553,euler_ramsey,0.5,2.0% Ramsey,risk_aversion,combined,0,960.4590225272073,0.31656651901983884
1553,euler_ramsey,0.5,2.5% Ramsey,risk_aversion,combined,0,658.012197069109,0.2575098872598245
1554,euler_ramsey,0.5,1.5% Ramsey,risk_aversion,combined,0,-1.7706782623408748,1.9125950843600252
1554,euler_ramsey,0.5,2.0% Ramsey,risk_aversion,combined,0,-3.652015610406548,2.1061657466370707
1554,euler_ramsey,0.5,2.5% Ramsey,risk_aversion,combined,0,-0.8281033104322999,2.2440550935813737
1555,euler_ramsey,0.5,1.5% Ramsey,risk_aversion,combined,0,200.152794901964,0.28994200687551164
1555,euler_ramsey,0.5,2.0% Ramsey,risk_aversion,combined,0,108.25327195035992,0.20861028356185143
1555,euler_ramsey,0.5,2.5% Ramsey,risk_aversion,combined,0,73.70954493428793,0.15990006369282045
1556,euler_ramsey,0.5,1.5% Ramsey,risk_aversion,combined,0,76.15817539006483,1.732082382353655
1556,euler_ramsey,0.5,2.0% Ramsey,risk_aversion,combined,0,57.49489949444433,1.8651540169400012
1556,euler_ramsey,0.5,2.5% Ramsey,risk_aversion,combined,0,45.595986456865106,1.9531605728241144
1557,euler_ramsey,0.5,1.5% Ramsey,risk_aversion,combined,0,669.2553881921867,1.124770693511716
1557,euler_ramsey,0.5,2.0% Ramsey,risk_aversion,combined,0,505.0679625173869,1.09850431938249
1557,euler_ramsey,0.5,2.5% Ramsey,risk_aversion,combined,0,365.18627703349017,1.0666400089506602
1558,euler_ramsey,0.5,1.5% Ramsey,risk_aversion,combined,0,-137.20307513238424,0.6173562917256017
1558,euler_ramsey,0.5,2.0% Ramsey,risk_aversion,combined,0,-94.11324277051558,0.5270753827301639
1558,euler_ramsey,0.5,2.5% Ramsey,risk_aversion,combined,0,-65.89691773602563,0.4612085060026395
1559,euler_ramsey,0.5,1.5% Ramsey,risk_aversion,combined,0,638.4683696011923,1.0353346433962916
1559,euler_ramsey,0.5,2.0% Ramsey,risk_aversion,combined,0,592.6101510158234,0.9926047918959253
1559,euler_ramsey,0.5,2.5% Ramsey,risk_aversion,combined,0,481.7513846821916,0.9501357770451271
1560,euler_ramsey,0.5,1.5% Ramsey,risk_aversion,combined,0,298.40023650845785,1.1937654789656138
1560,euler_ramsey,0.5,2.0% Ramsey,risk_aversion,combined,0,214.5700239356788,1.1818612621934956
1560,euler_ramsey,0.5,2.5% Ramsey,risk_aversion,combined,0,144.59667684581436,1.1597147715701057
1561,euler_ramsey,0.5,1.5% Ramsey,risk_aversion,combined,0,217.17996919757087,0.4201087877752917
1561,euler_ramsey,0.5,2.0% Ramsey,risk_aversion,combined,0,88.41724868278803,0.3285573321989475
1561,euler_ramsey,0.5,2.5% Ramsey,risk_aversion,combined,0,35.62383279681578,0.2686219434572787
1562,euler_ramsey,0.5,1.5% Ramsey,risk_aversion,combined,0,1946.5000184103844,0.5047682173869085
1562,euler_ramsey,0.5,2.0% Ramsey,risk_aversion,combined,0,1679.1853361991346,0.41240220599525584
1562,euler_ramsey,0.5,2.5% Ramsey,risk_aversion,combined,0,1280.510175078841,0.3488607010282909
1563,euler_ramsey,0.5,1.5% Ramsey,risk_aversion,combined,0,891.1803053208359,0.6731767685231015
1563,euler_ramsey,0.5,2.0% Ramsey,risk_aversion,combined,0,560.6276053530477,0.5861018627494496
1563,euler_ramsey,0.5,2.5% Ramsey,risk_aversion,combined,0,360.5343311111289,0.5207126131707516
1564,euler_ramsey,0.5,1.5% Ramsey,risk_aversion,combined,0,352.29372833772817,0.8181620809759045
1564,euler_ramsey,0.5,2.0% Ramsey,risk_aversion,combined,0,344.7922847678201,0.7443086536232398
1564,euler_ramsey,0.5,2.5% Ramsey,risk_aversion,combined,0,296.9197826981806,0.6841281958595548
1565,euler_ramsey,0.5,1.5% Ramsey,risk_aversion,combined,0,877.4948163142026,1.2175637115208164
1565,euler_ramsey,0.5,2.0% Ramsey,risk_aversion,combined,0,597.6494225944722,1.2113738413235762
1565,euler_ramsey,0.5,2.5% Ramsey,risk_aversion,combined,0,400.8204543438407,1.1933165616921337
1566,euler_ramsey,0.5,1.5% Ramsey,risk_aversion,combined,0,1326.4977883317526,0.8218516961989035
1566,euler_ramsey,0.5,2.0% Ramsey,risk_aversion,combined,0,1129.503547616524,0.7490850998837975
1566,euler_ramsey,0.5,2.5% Ramsey,risk_aversion,combined,0,856.3764190678475,0.6895801698988128
1567,euler_ramsey,0.5,1.5% Ramsey,risk_aversion,combined,0,592.8169187036482,0.8819029415111329
1567,euler_ramsey,0.5,2.0% Ramsey,risk_aversion,combined,0,321.58201678920375,0.8166460030492633
1567,euler_ramsey,0.5,2.5% Ramsey,risk_aversion,combined,0,200.07055471204893,0.7610656544671273
1568,euler_ramsey,0.5,1.5% Ramsey,risk_aversion,combined,0,-156.20476697845416,0.564199710129141
1568,euler_ramsey,0.5,2.0% Ramsey,risk_aversion,combined,0,-100.98895754365988,0.4715017926945997
1568,euler_ramsey,0.5,2.5% Ramsey,risk_aversion,combined,0,-50.18468355121105,0.4057806586495885
1569,euler_ramsey,0.5,1.5% Ramsey,risk_aversion,combined,0,2066.474272043325,0.2638183662595134
1569,euler_ramsey,0.5,2.0% Ramsey,risk_aversion,combined,0,782.5221264823487,0.1860564967945095
1569,euler_ramsey,0.5,2.5% Ramsey,risk_aversion,combined,0,369.84791699320914,0.140438056116162
1570,euler_ramsey,0.5,1.5% Ramsey,risk_aversion,combined,0,-1430.8904659021964,0.35538246442826527
1570,euler_ramsey,0.5,2.0% Ramsey,risk_aversion,combined,0,-991.8768690528552,0.2676765707489309
1570,euler_ramsey,0.5,2.5% Ramsey,risk_aversion,combined,0,-683.9399946836294,0.2125720026739899
1571,euler_ramsey,0.5,1.5% Ramsey,risk_aversion,combined,0,3718.610174148516,0.38568395741928396
1571,euler_ramsey,0.5,2.0% Ramsey,risk_aversion,combined,0,3087.447242482491,0.2959968848742591
1571,euler_ramsey,0.5,2.5% Ramsey,risk_aversion,combined,0,2222.1431331270587,0.23850589614359674
1572,euler_ramsey,0.5,1.5% Ramsey,risk_aversion,combined,0,384.43367778381577,1.5601093783138174
1572,euler_ramsey,0.5,2.0% Ramsey,risk_aversion,combined,0,271.1708007817118,1.6410709178167198
1572,euler_ramsey,0.5,2.5% Ramsey,risk_aversion,combined,0,199.53756123607494,1.6877217128108428
1573,euler_ramsey,0.5,1.5% Ramsey,risk_aversion,combined,0,228.52123729665715,2.377800563291861
1573,euler_ramsey,0.5,2.0% Ramsey,risk_aversion,combined,0,178.68335377196104,2.7496912372937325
1573,euler_ramsey,0.5,2.5% Ramsey,risk_aversion,combined,0,138.2453593071158,3.0427734259737567
1574,euler_ramsey,0.5,1.5% Ramsey,risk_aversion,combined,0,1022.8690523541372,0.9005330187897906
1574,euler_ramsey,0.5,2.0% Ramsey,risk_aversion,combined,0,866.5698233212029,0.8377250478119915
1574,euler_ramsey,0.5,2.5% Ramsey,risk_aversion,combined,0,648.5911192790828,0.7834775878721923
1575,euler_ramsey,0.5,1.5% Ramsey,risk_aversion,combined,0,992.9734774666205,1.086603463408571
1575,euler_ramsey,0.5,2.0% Ramsey,risk_aversion,combined,0,725.3297992137506,1.053507576029083
1575,euler_ramsey,0.5,2.5% Ramsey,risk_aversion,combined,0,516.622031942369,1.0171979225956502
1576,euler_ramsey,0.5,1.5% Ramsey,risk_aversion,combined,0,458.97842686546,0.6667242006195229
1576,euler_ramsey,0.5,2.0% Ramsey,risk_aversion,combined,0,249.44764854439794,0.5785307926308684
1576,euler_ramsey,0.5,2.5% Ramsey,risk_aversion,combined,0,156.32646697886258,0.5125918766188888
1577,euler_ramsey,0.5,1.5% Ramsey,risk_aversion,combined,0,970.1427524993242,0.7521578495730106
1577,euler_ramsey,0.5,2.0% Ramsey,risk_aversion,combined,0,713.2995945188992,0.6729811380108063
1577,euler_ramsey,0.5,2.5% Ramsey,risk_aversion,combined,0,511.9451298295204,0.6107935985201774
1578,euler_ramsey,0.5,1.5% Ramsey,risk_aversion,combined,0,1072.7244958660522,0.7819856451786973
1578,euler_ramsey,0.5,2.0% Ramsey,risk_aversion,combined,0,778.1086129514915,0.7056619962083341
1578,euler_ramsey,0.5,2.5% Ramsey,risk_aversion,combined,0,555.9306954928754,0.6446842762267826
1579,euler_ramsey,0.5,1.5% Ramsey,risk_aversion,combined,0,1049.532010887698,0.8300444976507044
1579,euler_ramsey,0.5,2.0% Ramsey,risk_aversion,combined,0,904.3461686432518,0.757018370510561
1579,euler_ramsey,0.5,2.5% Ramsey,risk_aversion,combined,0,681.5779979672401,0.6971109425854789
1580,euler_ramsey,0.5,1.5% Ramsey,risk_aversion,combined,0,1072.5978122912604,2.130524182252281
1580,euler_ramsey,0.5,2.0% Ramsey,risk_aversion,combined,0,769.1600035749766,2.405402706912221
1580,euler_ramsey,0.5,2.5% Ramsey,risk_aversion,combined,0,526.0101767969251,2.6131939881750412
1581,euler_ramsey,0.5,1.5% Ramsey,risk_aversion,combined,0,1738.0211249371498,0.8218205250091984
1581,euler_ramsey,0.5,2.0% Ramsey,risk_aversion,combined,0,1427.1215747008387,0.7483571390960315
1581,euler_ramsey,0.5,2.5% Ramsey,risk_aversion,combined,0,1044.5827920475585,0.6883534783784335
1582,euler_ramsey,0.5,1.5% Ramsey,risk_aversion,combined,0,-273.0015798640965,0.3409434888078149
1582,euler_ramsey,0.5,2.0% Ramsey,risk_aversion,combined,0,-159.1682100457254,0.25442213255146146
1582,euler_ramsey,0.5,2.5% Ramsey,risk_aversion,combined,0,-92.77473994152878,0.20059707156206952
1583,euler_ramsey,0.5,1.5% Ramsey,risk_aversion,combined,0,-1793.8977188408137,0.7826086548138886
1583,euler_ramsey,0.5,2.0% Ramsey,risk_aversion,combined,0,-1558.8056878606487,0.7042880643265842
1583,euler_ramsey,0.5,2.5% Ramsey,risk_aversion,combined,0,-1198.0881265233143,0.6418720693378445
1584,euler_ramsey,0.5,1.5% Ramsey,risk_aversion,combined,0,-2068.454379679335,0.4498166348244096
1584,euler_ramsey,0.5,2.0% Ramsey,risk_aversion,combined,0,-1315.2948571940804,0.3574839771424396
1584,euler_ramsey,0.5,2.5% Ramsey,risk_aversion,combined,0,-867.9988576176582,0.29593572366590076
1585,euler_ramsey,0.5,1.5% Ramsey,risk_aversion,combined,0,225.2513656989332,2.1349660047560524
1585,euler_ramsey,0.5,2.0% Ramsey,risk_aversion,combined,0,168.72641497072996,2.4097357723153054
1585,euler_ramsey,0.5,2.5% Ramsey,risk_aversion,combined,0,124.32251124960071,2.6170252426738965
1586,euler_ramsey,0.5,1.5% Ramsey,risk_aversion,combined,0,-123.86971942265347,1.270020864246221
1586,euler_ramsey,0.5,2.0% Ramsey,risk_aversion,combined,0,-88.04482812178408,1.2753758995930289
1586,euler_ramsey,0.5,2.5% Ramsey,risk_aversion,combined,0,-53.48737023759581,1.2653233589977513
1587,euler_ramsey,0.5,1.5% Ramsey,risk_aversion,combined,0,72.28693073435673,1.3814410501755134
1587,euler_ramsey,0.5,2.0% Ramsey,risk_aversion,combined,0,61.32928033115803,1.413306181810309
1587,euler_ramsey,0.5,2.5% Ramsey,risk_aversion,combined,0,56.11169865571709,1.4225382220566933
1588,euler_ramsey,0.5,1.5% Ramsey,risk_aversion,combined,0,575.2418875601389,1.0313695605865163
1588,euler_ramsey,0.5,2.0% Ramsey,risk_aversion,combined,0,486.54510667844283,0.9886055521504445
1588,euler_ramsey,0.5,2.5% Ramsey,risk_aversion,combined,0,392.19350716132277,0.9462408781998491
1589,euler_ramsey,0.5,1.5% Ramsey,risk_aversion,combined,0,81.578283366919,0.8940064058621456
1589,euler_ramsey,0.5,2.0% Ramsey,risk_aversion,combined,0,58.569249935197384,0.8291683013950417
1589,euler_ramsey,0.5,2.5% Ramsey,risk_aversion,combined,0,44.43489454581569,0.7735628319117144
1590,euler_ramsey,0.5,1.5% Ramsey,risk_aversion,combined,0,2046.8072835864357,0.7516508331926551
1590,euler_ramsey,0.5,2.0% Ramsey,risk_aversion,combined,0,1860.8773869647268,0.6709673042766122
1590,euler_ramsey,0.5,2.5% Ramsey,risk_aversion,combined,0,1449.7007753831058,0.6077461893947219
1591,euler_ramsey,0.5,1.5% Ramsey,risk_aversion,combined,0,-285.56917914289954,0.343798494858014
1591,euler_ramsey,0.5,2.0% Ramsey,risk_aversion,combined,0,-107.7625936394747,0.25702345900656165
1591,euler_ramsey,0.5,2.5% Ramsey,risk_aversion,combined,0,-15.375783889205369,0.20293680343249818
1592,euler_ramsey,0.5,1.5% Ramsey,risk_aversion,combined,0,458.5560961276305,1.2526604744421634
1592,euler_ramsey,0.5,2.0% Ramsey,risk_aversion,combined,0,366.2652352134273,1.253441669771059
1592,euler_ramsey,0.5,2.5% Ramsey,risk_aversion,combined,0,285.09571896242056,1.2401049980488335
1593,euler_ramsey,0.5,1.5% Ramsey,risk_aversion,combined,0,50.20088839628067,1.1002198460724706
1593,euler_ramsey,0.5,2.0% Ramsey,risk_aversion,combined,0,69.20620108344816,1.0693883322817304
1593,euler_ramsey,0.5,2.5% Ramsey,risk_aversion,combined,0,76.71361380756147,1.0345594467636685
1594,euler_ramsey,0.5,1.5% Ramsey,risk_aversion,combined,0,866.0230604438494,0.510397987721903
1594,euler_ramsey,0.5,2.0% Ramsey,risk_aversion,combined,0,498.79051297850714,0.417064060668343
1594,euler_ramsey,0.5,2.5% Ramsey,risk_aversion,combined,0,295.5432425250561,0.35275351356171947
1595,euler_ramsey,0.5,1.5% Ramsey,risk_aversion,combined,0,172.10505939877444,2.017177430955814
1595,euler_ramsey,0.5,2.0% Ramsey,risk_aversion,combined,0,130.82947649366622,2.2478865150196543
1595,euler_ramsey,0.5,2.5% Ramsey,risk_aversion,combined,0,103.2766789412123,2.4173362759167207
1596,euler_ramsey,0.5,1.5% Ramsey,risk_aversion,combined,0,269.47563183292726,1.9966104171205388
1596,euler_ramsey,0.5,2.0% Ramsey,risk_aversion,combined,0,195.55221182506347,2.219489647281507
1596,euler_ramsey,0.5,2.5% Ramsey,risk_aversion,combined,0,132.25291571246044,2.3821072718422798
1597,euler_ramsey,0.5,1.5% Ramsey,risk_aversion,combined,0,807.8752100232665,1.2056767724770079
1597,euler_ramsey,0.5,2.0% Ramsey,risk_aversion,combined,0,696.1197754154522,1.1968608778169867
1597,euler_ramsey,0.5,2.5% Ramsey,risk_aversion,combined,0,531.9776715239453,1.1769343022727528
1598,euler_ramsey,0.5,1.5% Ramsey,risk_aversion,combined,0,961.1878298614682,1.0375896454535303
1598,euler_ramsey,0.5,2.0% Ramsey,risk_aversion,combined,0,748.1069445632778,0.9954510466705515
1598,euler_ramsey,0.5,2.5% Ramsey,risk_aversion,combined,0,546.2830100098549,0.9533987549888613
1599,euler_ramsey,0.5,1.5% Ramsey,risk_aversion,combined,0,131.50788249107632,2.0035955193446844
1599,euler_ramsey,0.5,2.0% Ramsey,risk_aversion,combined,0,102.1859809027324,2.2293714351932947
1599,euler_ramsey,0.5,2.5% Ramsey,risk_aversion,combined,0,78.90211396737061,2.3944951890366215
1600,euler_ramsey,0.5,1.5% Ramsey,risk_aversion,combined,0,186.22469596809654,0.7323181804019362
1600,euler_ramsey,0.5,2.0% Ramsey,risk_aversion,combined,0,188.12460783579854,0.6505939708970145
1600,euler_ramsey,0.5,2.5% Ramsey,risk_aversion,combined,0,165.30558527321955,0.5871565850166715
1601,euler_ramsey,0.5,1.5% Ramsey,risk_aversion,combined,0,149.57440018841348,1.2328155691834992
1601,euler_ramsey,0.5,2.0% Ramsey,risk_aversion,combined,0,112.93499168760782,1.2297032856458614
1601,euler_ramsey,0.5,2.5% Ramsey,risk_aversion,combined,0,88.84430017120671,1.2136716405776422
1602,euler_ramsey,0.5,1.5% Ramsey,risk_aversion,combined,0,-183.80925331221496,0.6100341998551057
1602,euler_ramsey,0.5,2.0% Ramsey,risk_aversion,combined,0,-158.38730327093072,0.519010107086299
1602,euler_ramsey,0.5,2.5% Ramsey,risk_aversion,combined,0,-115.09475679949189,0.4529010910570889
1603,euler_ramsey,0.5,1.5% Ramsey,risk_aversion,combined,0,1541.3669538215147,0.5644757613282427
1603,euler_ramsey,0.5,2.0% Ramsey,risk_aversion,combined,0,541.3322601469762,0.47210395056203686
1603,euler_ramsey,0.5,2.5% Ramsey,risk_aversion,combined,0,262.5105340922943,0.40657492968070963
1604,euler_ramsey,0.5,1.5% Ramsey,risk_aversion,combined,0,244.7010506732631,1.0616562028771643
1604,euler_ramsey,0.5,2.0% Ramsey,risk_aversion,combined,0,160.88696060231968,1.0232691103460447
1604,euler_ramsey,0.5,2.5% Ramsey,risk_aversion,combined,0,111.9506222406944,0.9834073767721703
1605,euler_ramsey,0.5,1.5% Ramsey,risk_aversion,combined,0,505.5031184178498,2.6471156732964776
1605,euler_ramsey,0.5,2.0% Ramsey,risk_aversion,combined,0,388.7153074592731,3.136545923108463
1605,euler_ramsey,0.5,2.5% Ramsey,risk_aversion,combined,0,275.8662575648976,3.536982080778341
1606,euler_ramsey,0.5,1.5% Ramsey,risk_aversion,combined,0,-204.82375106299347,0.48494682780485443
1606,euler_ramsey,0.5,2.0% Ramsey,risk_aversion,combined,0,-170.65694724094334,0.3917864465551682
1606,euler_ramsey,0.5,2.5% Ramsey,risk_aversion,combined,0,-134.8481375781837,0.328469231871364
1607,euler_ramsey,0.5,1.5% Ramsey,risk_aversion,combined,0,315.79476839578194,2.178770266773036
1607,euler_ramsey,0.5,2.0% Ramsey,risk_aversion,combined,0,265.99800865369906,2.4707850129953015
1607,euler_ramsey,0.5,2.5% Ramsey,risk_aversion,combined,0,222.48805851024255,2.693193070997703
1608,euler_ramsey,0.5,1.5% Ramsey,risk_aversion,combined,0,237.66808917094195,1.4665141760879483
1608,euler_ramsey,0.5,2.0% Ramsey,risk_aversion,combined,0,185.01888804466245,1.521279044023013
1608,euler_ramsey,0.5,2.5% Ramsey,risk_aversion,combined,0,140.6281721187012,1.5477508923757086
1609,euler_ramsey,0.5,1.5% Ramsey,risk_aversion,combined,0,931.1838332625709,0.49546564961508116
1609,euler_ramsey,0.5,2.0% Ramsey,risk_aversion,combined,0,684.1167832024692,0.4026548287547348
1609,euler_ramsey,0.5,2.5% Ramsey,risk_aversion,combined,0,470.8452084470331,0.3391617499650631
1610,euler_ramsey,0.5,1.5% Ramsey,risk_aversion,combined,0,1525.6935220362154,0.318894369932315
1610,euler_ramsey,0.5,2.0% Ramsey,risk_aversion,combined,0,959.814093528867,0.2344147783832574
1610,euler_ramsey,0.5,2.5% Ramsey,risk_aversion,combined,0,620.4584022789003,0.18268576597284214
1611,euler_ramsey,0.5,1.5% Ramsey,risk_aversion,combined,0,1372.737137350961,1.861382805507964
1611,euler_ramsey,0.5,2.0% Ramsey,risk_aversion,combined,0,1013.9132126200004,2.038070612843789
1611,euler_ramsey,0.5,2.5% Ramsey,risk_aversion,combined,0,726.6730449781963,2.162163412271934
1612,euler_ramsey,0.5,1.5% Ramsey,risk_aversion,combined,0,-2001.29094642025,0.3865392654237039
1612,euler_ramsey,0.5,2.0% Ramsey,risk_aversion,combined,0,-1622.6246469633472,0.29691918133270434
1612,euler_ramsey,0.5,2.5% Ramsey,risk_aversion,combined,0,-1213.145941264776,0.2394152666321564
1613,euler_ramsey,0.5,1.5% Ramsey,risk_aversion,combined,0,1596.8995072200828,0.826080984314764
1613,euler_ramsey,0.5,2.0% Ramsey,risk_aversion,combined,0,1366.761498961564,0.7537104928433218
1613,euler_ramsey,0.5,2.5% Ramsey,risk_aversion,combined,0,1046.9375491829533,0.6943946526765156
1614,euler_ramsey,0.5,1.5% Ramsey,risk_aversion,combined,0,3071.7512455501783,0.40736971618514595
1614,euler_ramsey,0.5,2.0% Ramsey,risk_aversion,combined,0,2638.728347250702,0.31667748807101925
1614,euler_ramsey,0.5,2.5% Ramsey,risk_aversion,combined,0,1945.9406711276415,0.2577280934565946
1615,euler_ramsey,0.5,1.5% Ramsey,risk_aversion,combined,0,2591.6310201536726,0.3439566675021238
1615,euler_ramsey,0.5,2.0% Ramsey,risk_aversion,combined,0,1477.9481441909184,0.25725050083281137
1615,euler_ramsey,0.5,2.5% Ramsey,risk_aversion,combined,0,854.8930660939787,0.20318985305831694
1616,euler_ramsey,0.5,1.5% Ramsey,risk_aversion,combined,0,1343.8641535054846,0.332519994850173
1616,euler_ramsey,0.5,2.0% Ramsey,risk_aversion,combined,0,818.6119237775412,0.24681983028343046
1616,euler_ramsey,0.5,2.5% Ramsey,risk_aversion,combined,0,523.1097095556512,0.19381266930955804
1617,euler_ramsey,0.5,1.5% Ramsey,risk_aversion,combined,0,396.28938267338935,0.6529708607586958
1617,euler_ramsey,0.5,2.0% Ramsey,risk_aversion,combined,0,273.6321269209455,0.5642207036796252
1617,euler_ramsey,0.5,2.5% Ramsey,risk_aversion,combined,0,180.91081590443014,0.49830583129099304
1618,euler_ramsey,0.5,1.5% Ramsey,risk_aversion,combined,0,189.57215481715892,0.9767355646449442
1618,euler_ramsey,0.5,2.0% Ramsey,risk_aversion,combined,0,173.67058298272704,0.9247383221674058
1618,euler_ramsey,0.5,2.5% Ramsey,risk_aversion,combined,0,148.2831558910627,0.8767361692577265
1619,euler_ramsey,0.5,1.5% Ramsey,risk_aversion,combined,0,-74.7967628258113,0.23764388926973126
1619,euler_ramsey,0.5,2.0% Ramsey,risk_aversion,combined,0,-97.44488757876235,0.16351219436985312
1619,euler_ramsey,0.5,2.5% Ramsey,risk_aversion,combined,0,-81.65609288010741,0.12107531243687175
1620,euler_ramsey,0.5,1.5% Ramsey,risk_aversion,combined,0,94.06099205966403,2.899938343056865
1620,euler_ramsey,0.5,2.0% Ramsey,risk_aversion,combined,0,80.12971586462292,3.5062590456273206
1620,euler_ramsey,0.5,2.5% Ramsey,risk_aversion,combined,0,65.38870857141652,4.015805082909173
1621,euler_ramsey,0.5,1.5% Ramsey,risk_aversion,combined,0,423.0334439313365,0.5753114437695771
1621,euler_ramsey,0.5,2.0% Ramsey,risk_aversion,combined,0,258.42334399593375,0.4828790600701352
1621,euler_ramsey,0.5,2.5% Ramsey,risk_aversion,combined,0,150.63779525321127,0.41696931307788276
1622,euler_ramsey,0.5,1.5% Ramsey,risk_aversion,combined,0,607.2140622824568,1.3116647152872072
1622,euler_ramsey,0.5,2.0% Ramsey,risk_aversion,combined,0,501.91303643021337,1.3261703627395083
1622,euler_ramsey,0.5,2.5% Ramsey,risk_aversion,combined,0,378.3719266650391,1.3226664333893519
1623,euler_ramsey,0.5,1.5% Ramsey,risk_aversion,combined,0,-2034.4903709296045,0.1664833799925661
1623,euler_ramsey,0.5,2.0% Ramsey,risk_aversion,combined,0,-367.27586838772345,0.10573500148613779
1623,euler_ramsey,0.5,2.5% Ramsey,risk_aversion,combined,0,-109.78602219996277,0.07359140010323427
1624,euler_ramsey,0.5,1.5% Ramsey,risk_aversion,combined,0,2505.87996116844,0.7082749887447215
1624,euler_ramsey,0.5,2.0% Ramsey,risk_aversion,combined,0,2119.8960282350345,0.6235522578171386
1624,euler_ramsey,0.5,2.5% Ramsey,risk_aversion,combined,0,1611.4544209248509,0.558770161403332
1625,euler_ramsey,0.5,1.5% Ramsey,risk_aversion,combined,0,673.2823271895164,1.1826845558800918
1625,euler_ramsey,0.5,2.0% Ramsey,risk_aversion,combined,0,523.2073108673328,1.168778756804924
1625,euler_ramsey,0.5,2.5% Ramsey,risk_aversion,combined,0,388.7447359778515,1.14541621565269
1626,euler_ramsey,0.5,1.5% Ramsey,risk_aversion,combined,0,981.2014947889365,0.2815290302336932
1626,euler_ramsey,0.5,2.0% Ramsey,risk_aversion,combined,0,419.14049374934274,0.20125262756554763
1626,euler_ramsey,0.5,2.5% Ramsey,risk_aversion,combined,0,250.88421729621953,0.15349451207778214
1627,euler_ramsey,0.5,1.5% Ramsey,risk_aversion,combined,0,105.55846181178661,0.43740631540233765
1627,euler_ramsey,0.5,2.0% Ramsey,risk_aversion,combined,0,92.29089762374672,0.3451998971036465
1627,euler_ramsey,0.5,2.5% Ramsey,risk_aversion,combined,0,82.26979414307824,0.28421606598286275
1628,euler_ramsey,0.5,1.5% Ramsey,risk_aversion,combined,0,-101.47615920807722,0.2026477431339432
1628,euler_ramsey,0.5,2.0% Ramsey,risk_aversion,combined,0,108.32498426931572,0.13452353158322725
1628,euler_ramsey,0.5,2.5% Ramsey,risk_aversion,combined,0,130.41713113455725,0.09688716639613457
1629,euler_ramsey,0.5,1.5% Ramsey,risk_aversion,combined,0,989.9143818125431,0.6040053748251417
1629,euler_ramsey,0.5,2.0% Ramsey,risk_aversion,combined,0,935.3602122296534,0.513055196681881
1629,euler_ramsey,0.5,2.5% Ramsey,risk_aversion,combined,0,769.9653156850374,0.4471850216037129
1630,euler_ramsey,0.5,1.5% Ramsey,risk_aversion,combined,0,1222.7059453462618,0.9923298809559068
1630,euler_ramsey,0.5,2.0% Ramsey,risk_aversion,combined,0,878.6023244549816,0.9428330111258967
1630,euler_ramsey,0.5,2.5% Ramsey,risk_aversion,combined,0,612.1436431642675,0.8962516353496564
1631,euler_ramsey,0.5,1.5% Ramsey,risk_aversion,combined,0,-146.12957511931128,0.6726232101042483
1631,euler_ramsey,0.5,2.0% Ramsey,risk_aversion,combined,0,-64.48788456828167,0.5854560252557897
1631,euler_ramsey,0.5,2.5% Ramsey,risk_aversion,combined,0,-24.335663694933068,0.5200606114829457
1632,euler_ramsey,0.5,1.5% Ramsey,risk_aversion,combined,0,1583.1930729725582,0.3707239837912587
1632,euler_ramsey,0.5,2.0% Ramsey,risk_aversion,combined,0,546.0222795953059,0.28195170833693706
1632,euler_ramsey,0.5,2.5% Ramsey,risk_aversion,combined,0,286.12681827580616,0.22560049969577473
1633,euler_ramsey,0.5,1.5% Ramsey,risk_aversion,combined,0,655.6702415395924,0.38399066040656754
1633,euler_ramsey,0.5,2.0% Ramsey,risk_aversion,combined,0,496.9483172340795,0.294337930876748
1633,euler_ramsey,0.5,2.5% Ramsey,risk_aversion,combined,0,329.3998599281487,0.2369370100671266
1634,euler_ramsey,0.5,1.5% Ramsey,risk_aversion,combined,0,41.67240573922411,1.2697513675336354
1634,euler_ramsey,0.5,2.0% Ramsey,risk_aversion,combined,0,34.42251506324104,1.2751840391933114
1634,euler_ramsey,0.5,2.5% Ramsey,risk_aversion,combined,0,27.986989470435176,1.2652316830164134
1635,euler_ramsey,0.5,1.5% Ramsey,risk_aversion,combined,0,56.900741761998376,1.8723848627464506
1635,euler_ramsey,0.5,2.0% Ramsey,risk_aversion,combined,0,26.33938830815668,2.0519410198234884
1635,euler_ramsey,0.5,2.5% Ramsey,risk_aversion,combined,0,16.953490815847502,2.1780766114609964
1636,euler_ramsey,0.5,1.5% Ramsey,risk_aversion,combined,0,1089.0734512580505,0.6608406825934283
1636,euler_ramsey,0.5,2.0% Ramsey,risk_aversion,combined,0,861.5626274616296,0.5738716984504432
1636,euler_ramsey,0.5,2.5% Ramsey,risk_aversion,combined,0,666.4286444788995,0.5089082723178305
1637,euler_ramsey,0.5,1.5% Ramsey,risk_aversion,combined,0,502.809829913977,1.1436275359711416
1637,euler_ramsey,0.5,2.0% Ramsey,risk_aversion,combined,0,363.815513782192,1.121455317121349
1637,euler_ramsey,0.5,2.5% Ramsey,risk_aversion,combined,0,253.7633731194201,1.0924393193031117
1638,euler_ramsey,0.5,1.5% Ramsey,risk_aversion,combined,0,2703.7330130496384,0.7033951815301006
1638,euler_ramsey,0.5,2.0% Ramsey,risk_aversion,combined,0,2594.611171234366,0.6192724403347134
1638,euler_ramsey,0.5,2.5% Ramsey,risk_aversion,combined,0,2097.100142388293,0.5550198450527225
1639,euler_ramsey,0.5,1.5% Ramsey,risk_aversion,combined,0,740.3981170715039,0.6823089035352001
1639,euler_ramsey,0.5,2.0% Ramsey,risk_aversion,combined,0,733.194502389922,0.5960087293282387
1639,euler_ramsey,0.5,2.5% Ramsey,risk_aversion,combined,0,624.6497424192052,0.5308731060151187
1640,euler_ramsey,0.5,1.5% Ramsey,risk_aversion,combined,0,-565.6900541296561,0.5916811853851378
1640,euler_ramsey,0.5,2.0% Ramsey,risk_aversion,combined,0,-454.4992490115477,0.4998927958911231
1640,euler_ramsey,0.5,2.5% Ramsey,risk_aversion,combined,0,-339.7579420209318,0.4338645744918094
1641,euler_ramsey,0.5,1.5% Ramsey,risk_aversion,combined,0,408.3318963652235,0.36641881647440366
1641,euler_ramsey,0.5,2.0% Ramsey,risk_aversion,combined,0,358.02746560327597,0.27792713300774163
1641,euler_ramsey,0.5,2.5% Ramsey,risk_aversion,combined,0,306.9835920949767,0.22191537858483842
1642,euler_ramsey,0.5,1.5% Ramsey,risk_aversion,combined,0,1462.4942451554225,0.48004735126680753
1642,euler_ramsey,0.5,2.0% Ramsey,risk_aversion,combined,0,886.2823722816169,0.38686017787278376
1642,euler_ramsey,0.5,2.5% Ramsey,risk_aversion,combined,0,552.8092034643497,0.32371184478739506
1643,euler_ramsey,0.5,1.5% Ramsey,risk_aversion,combined,0,444.9252430635296,0.6130561394178873
1643,euler_ramsey,0.5,2.0% Ramsey,risk_aversion,combined,0,391.47578849553065,0.5224807005669565
1643,euler_ramsey,0.5,2.5% Ramsey,risk_aversion,combined,0,302.84640561311784,0.45656361003730717
1644,euler_ramsey,0.5,1.5% Ramsey,risk_aversion,combined,0,1236.5659204371348,0.8414677445563283
1644,euler_ramsey,0.5,2.0% Ramsey,risk_aversion,combined,0,809.1175638060271,0.7717455670735942
1644,euler_ramsey,0.5,2.5% Ramsey,risk_aversion,combined,0,514.1088213968189,0.7139968446509661
1645,euler_ramsey,0.5,1.5% Ramsey,risk_aversion,combined,0,545.1478213217011,1.2872607256986832
1645,euler_ramsey,0.5,2.0% Ramsey,risk_aversion,combined,0,502.88115858422964,1.2965496419588223
1645,euler_ramsey,0.5,2.5% Ramsey,risk_aversion,combined,0,412.04203511712933,1.2895086273144003
1646,euler_ramsey,0.5,1.5% Ramsey,risk_aversion,combined,0,1065.5112131276949,0.8780168199535565
1646,euler_ramsey,0.5,2.0% Ramsey,risk_aversion,combined,0,841.9215528059711,0.8113416745917877
1646,euler_ramsey,0.5,2.5% Ramsey,risk_aversion,combined,0,610.240358570712,0.7548262210616881
1647,euler_ramsey,0.5,1.5% Ramsey,risk_aversion,combined,0,-394.0653619178215,0.8606844481849568
1647,euler_ramsey,0.5,2.0% Ramsey,risk_aversion,combined,0,-286.6233498674386,0.7912581069543443
1647,euler_ramsey,0.5,2.5% Ramsey,risk_aversion,combined,0,-209.76064724556488,0.7331217289794019
1648,euler_ramsey,0.5,1.5% Ramsey,risk_aversion,combined,0,26.552859778824644,1.671303393425301
1648,euler_ramsey,0.5,2.0% Ramsey,risk_aversion,combined,0,16.872913256612403,1.785351816036544
1648,euler_ramsey,0.5,2.5% Ramsey,risk_aversion,combined,0,12.548774627115908,1.8580459689007822
1649,euler_ramsey,0.5,1.5% Ramsey,risk_aversion,combined,0,-406.2460395049632,0.4674577666983553
1649,euler_ramsey,0.5,2.0% Ramsey,risk_aversion,combined,0,-175.43024467671913,0.37448280563742115
1649,euler_ramsey,0.5,2.5% Ramsey,risk_aversion,combined,0,-94.11991345476248,0.31191602717837175
1650,euler_ramsey,0.5,1.5% Ramsey,risk_aversion,combined,0,479.79737306675173,0.7112119591900629
1650,euler_ramsey,0.5,2.0% Ramsey,risk_aversion,combined,0,395.19132465968227,0.6261085274481161
1650,euler_ramsey,0.5,2.5% Ramsey,risk_aversion,combined,0,285.7164014261773,0.5609702977424768
1651,euler_ramsey,0.5,1.5% Ramsey,risk_aversion,combined,0,-743.0346563842761,0.44879996686872764
1651,euler_ramsey,0.5,2.0% Ramsey,risk_aversion,combined,0,-617.4557926116647,0.35630147369645404
1651,euler_ramsey,0.5,2.5% Ramsey,risk_aversion,combined,0,-444.6985706779673,0.2947069236382083
1652,euler_ramsey,0.5,1.5% Ramsey,risk_aversion,combined,0,1225.592289191914,1.046176339451349
1652,euler_ramsey,0.5,2.0% Ramsey,risk_aversion,combined,0,1200.3645256722955,1.0065066855308353
1652,euler_ramsey,0.5,2.5% Ramsey,risk_aversion,combined,0,1019.883738922788,0.9662109290967152
1653,euler_ramsey,0.5,1.5% Ramsey,risk_aversion,combined,0,401.7549038109545,0.7493382609989181
1653,euler_ramsey,0.5,2.0% Ramsey,risk_aversion,combined,0,362.29963254207837,0.6676993064699486
1653,euler_ramsey,0.5,2.5% Ramsey,risk_aversion,combined,0,295.18174018498496,0.6038861424119178
1654,euler_ramsey,0.5,1.5% Ramsey,risk_aversion,combined,0,74.22904751651424,0.3599299565194344
1654,euler_ramsey,0.5,2.0% Ramsey,risk_aversion,combined,0,41.46279506608271,0.2718660967420352
1654,euler_ramsey,0.5,2.5% Ramsey,risk_aversion,combined,0,29.581435653812292,0.2163698939291342
1655,euler_ramsey,0.5,1.5% Ramsey,risk_aversion,combined,0,-520.3606140844507,0.6208370116549594
1655,euler_ramsey,0.5,2.0% Ramsey,risk_aversion,combined,0,-388.7250071830367,0.5306376396776948
1655,euler_ramsey,0.5,2.5% Ramsey,risk_aversion,combined,0,-268.4191432284259,0.46471804155120056
1656,euler_ramsey,0.5,1.5% Ramsey,risk_aversion,combined,0,222.90924571707717,1.1281900577845936
1656,euler_ramsey,0.5,2.0% Ramsey,risk_aversion,combined,0,153.14791377591922,1.1019530309563697
1656,euler_ramsey,0.5,2.5% Ramsey,risk_aversion,combined,0,103.5629873804005,1.069959963333724
1657,euler_ramsey,0.5,1.5% Ramsey,risk_aversion,combined,0,2907.0872925341523,0.8618555129103385
1657,euler_ramsey,0.5,2.0% Ramsey,risk_aversion,combined,0,2263.6145690757576,0.7933343998513324
1657,euler_ramsey,0.5,2.5% Ramsey,risk_aversion,combined,0,1536.2464388603798,0.7358920511096604
1658,euler_ramsey,0.5,1.5% Ramsey,risk_aversion,combined,0,-10.227571328369205,2.130347007577476
1658,euler_ramsey,0.5,2.0% Ramsey,risk_aversion,combined,0,-6.2444591363782385,2.4034387125811327
1658,euler_ramsey,0.5,2.5% Ramsey,risk_aversion,combined,0,-1.65234855170935,2.6092013495856254
1659,euler_ramsey,0.5,1.5% Ramsey,risk_aversion,combined,0,2518.133950790754,0.2792408745277014
1659,euler_ramsey,0.5,2.0% Ramsey,risk_aversion,combined,0,872.6167330792119,0.19928165060229397
1659,euler_ramsey,0.5,2.5% Ramsey,risk_aversion,combined,0,453.8531709716194,0.15179621977596552
1660,euler_ramsey,0.5,1.5% Ramsey,risk_aversion,combined,0,246.5029827749182,1.3678724469276118
1660,euler_ramsey,0.5,2.0% Ramsey,risk_aversion,combined,0,161.6563234952214,1.3969974112959898
1660,euler_ramsey,0.5,2.5% Ramsey,risk_aversion,combined,0,107.30185820469129,1.4042765975417415
1661,euler_ramsey,0.5,1.5% Ramsey,risk_aversion,combined,0,714.010779027136,0.5637132877005125
1661,euler_ramsey,0.5,2.0% Ramsey,risk_aversion,combined,0,574.0037707163667,0.4714757250637224
1661,euler_ramsey,0.5,2.5% Ramsey,risk_aversion,combined,0,435.38616004924586,0.406048522595167
1662,euler_ramsey,0.5,1.5% Ramsey,risk_aversion,combined,0,108.5394353096343,1.5672186410676578
1662,euler_ramsey,0.5,2.0% Ramsey,risk_aversion,combined,0,82.46407268480742,1.6500342057352497
1662,euler_ramsey,0.5,2.5% Ramsey,risk_aversion,combined,0,60.785959427971974,1.6980634416667633
1663,euler_ramsey,0.5,1.5% Ramsey,risk_aversion,combined,0,-230.39934097390713,0.4900138733785398
1663,euler_ramsey,0.5,2.0% Ramsey,risk_aversion,combined,0,-209.32964797380797,0.3967896434259671
1663,euler_ramsey,0.5,2.5% Ramsey,risk_aversion,combined,0,-170.56689272579868,0.333254041328843
1664,euler_ramsey,0.5,1.5% Ramsey,risk_aversion,combined,0,126.86084159785736,1.0754962016366443
1664,euler_ramsey,0.5,2.0% Ramsey,risk_aversion,combined,0,132.63349123543315,1.0397906472260883
1664,euler_ramsey,0.5,2.5% Ramsey,risk_aversion,combined,0,123.29001336408528,1.0017430112827956
1665,euler_ramsey,0.5,1.5% Ramsey,risk_aversion,combined,0,248.3424742292237,2.180169838222944
1665,euler_ramsey,0.5,2.0% Ramsey,risk_aversion,combined,0,174.22725868360348,2.4724583021377176
1665,euler_ramsey,0.5,2.5% Ramsey,risk_aversion,combined,0,120.27775334585859,2.695034272310914
1666,euler_ramsey,0.5,1.5% Ramsey,risk_aversion,combined,0,769.8289122037797,0.6037589271446678
1666,euler_ramsey,0.5,2.0% Ramsey,risk_aversion,combined,0,560.9373018453331,0.5126969967848458
1666,euler_ramsey,0.5,2.5% Ramsey,risk_aversion,combined,0,376.6825494559291,0.44675643780706004
1667,euler_ramsey,0.5,1.5% Ramsey,risk_aversion,combined,0,857.1248742527058,0.3322699063997994
1667,euler_ramsey,0.5,2.0% Ramsey,risk_aversion,combined,0,592.3058116432779,0.2465761036532725
1667,euler_ramsey,0.5,2.5% Ramsey,risk_aversion,combined,0,416.46846763921786,0.1935843067967806
1668,euler_ramsey,0.5,1.5% Ramsey,risk_aversion,combined,0,53.10859583715283,0.765511699733857
1668,euler_ramsey,0.5,2.0% Ramsey,risk_aversion,combined,0,33.81995557499638,0.6854539778531923
1668,euler_ramsey,0.5,2.5% Ramsey,risk_aversion,combined,0,19.405007658698185,0.6222939994390261
1669,euler_ramsey,0.5,1.5% Ramsey,risk_aversion,combined,0,-124.71539627280082,0.6558614763950511
1669,euler_ramsey,0.5,2.0% Ramsey,risk_aversion,combined,0,-100.78831717515861,0.5675479119910193
1669,euler_ramsey,0.5,2.5% Ramsey,risk_aversion,combined,0,-75.17122356308433,0.5018318633910608
1670,euler_ramsey,0.5,1.5% Ramsey,risk_aversion,combined,0,339.52395994387456,1.3602820330656025
1670,euler_ramsey,0.5,2.0% Ramsey,risk_aversion,combined,0,192.54202758385074,1.3874142651469146
1670,euler_ramsey,0.5,2.5% Ramsey,risk_aversion,combined,0,113.33082927433051,1.3931753114616865
1671,euler_ramsey,0.5,1.5% Ramsey,risk_aversion,combined,0,418.6245318677048,0.8353410829816009
1671,euler_ramsey,0.5,2.0% Ramsey,risk_aversion,combined,0,343.31946450929775,0.7632852942810661
1671,euler_ramsey,0.5,2.5% Ramsey,risk_aversion,combined,0,260.81949606745144,0.7039293046815558
1672,euler_ramsey,0.5,1.5% Ramsey,risk_aversion,combined,0,609.7013709095658,1.3589649479532666
1672,euler_ramsey,0.5,2.0% Ramsey,risk_aversion,combined,0,486.5459368401726,1.3858577850342941
1672,euler_ramsey,0.5,2.5% Ramsey,risk_aversion,combined,0,362.1316722486649,1.391500531292591
1673,euler_ramsey,0.5,1.5% Ramsey,risk_aversion,combined,0,1173.4600498649797,0.5349013272720258
1673,euler_ramsey,0.5,2.0% Ramsey,risk_aversion,combined,0,677.1468652173883,0.4422063161022807
1673,euler_ramsey,0.5,2.5% Ramsey,risk_aversion,combined,0,425.6462668695612,0.37744194567542755
1674,euler_ramsey,0.5,1.5% Ramsey,risk_aversion,combined,0,1152.2321493619354,0.7639488988029163
1674,euler_ramsey,0.5,2.0% Ramsey,risk_aversion,combined,0,946.5717436994931,0.6841610092717874
1674,euler_ramsey,0.5,2.5% Ramsey,risk_aversion,combined,0,666.5768424984495,0.6212214904064788
1675,euler_ramsey,0.5,1.5% Ramsey,risk_aversion,combined,0,41.86148066057622,0.7706887272982891
1675,euler_ramsey,0.5,2.0% Ramsey,risk_aversion,combined,0,35.61212675164738,0.6911322493578408
1675,euler_ramsey,0.5,2.5% Ramsey,risk_aversion,combined,0,27.262271831301952,0.6281809616743134
1676,euler_ramsey,0.5,1.5% Ramsey,risk_aversion,combined,0,821.8275468530438,1.4006151599189554
1676,euler_ramsey,0.5,2.0% Ramsey,risk_aversion,combined,0,700.9119579575904,1.4389820468067043
1676,euler_ramsey,0.5,2.5% Ramsey,risk_aversion,combined,0,560.1804757451254,1.4534627112484964
1677,euler_ramsey,0.5,1.5% Ramsey,risk_aversion,combined,0,829.342423683382,1.3305376948278198
1677,euler_ramsey,0.5,2.0% Ramsey,risk_aversion,combined,0,585.8983920498514,1.3509347787878365
1677,euler_ramsey,0.5,2.5% Ramsey,risk_aversion,combined,0,404.87410006683604,1.3520427725753528
1678,euler_ramsey,0.5,1.5% Ramsey,risk_aversion,combined,0,1725.1247047526438,0.4255971708905875
1678,euler_ramsey,0.5,2.0% Ramsey,risk_aversion,combined,0,1326.1154064489458,0.33399466844037984
1678,euler_ramsey,0.5,2.5% Ramsey,risk_aversion,combined,0,956.6805409192405,0.2738109996602876
1679,euler_ramsey,0.5,1.5% Ramsey,risk_aversion,combined,0,1037.6160130981361,0.40215144142847975
1679,euler_ramsey,0.5,2.0% Ramsey,risk_aversion,combined,0,916.2006610505063,0.31164749060063635
1679,euler_ramsey,0.5,2.5% Ramsey,risk_aversion,combined,0,696.7857708488166,0.2530153259244726
1680,euler_ramsey,0.5,1.5% Ramsey,risk_aversion,combined,0,616.8047176302599,1.9054087031077642
1680,euler_ramsey,0.5,2.0% Ramsey,risk_aversion,combined,0,365.4047855689208,2.096475740299159
1680,euler_ramsey,0.5,2.5% Ramsey,risk_aversion,combined,0,218.7925746868675,2.2323889796203833
1681,euler_ramsey,0.5,1.5% Ramsey,risk_aversion,combined,0,407.863433606628,2.0007978195813547
1681,euler_ramsey,0.5,2.0% Ramsey,risk_aversion,combined,0,258.8044440757408,2.225766643707674
1681,euler_ramsey,0.5,2.5% Ramsey,risk_aversion,combined,0,176.01036239509205,2.390307986020083
1682,euler_ramsey,0.5,1.5% Ramsey,risk_aversion,combined,0,3722.6020228417856,0.40099707851585
1682,euler_ramsey,0.5,2.0% Ramsey,risk_aversion,combined,0,3290.9510270342726,0.3106890021477031
1682,euler_ramsey,0.5,2.5% Ramsey,risk_aversion,combined,0,2471.599517387622,0.25221071452799787
1683,euler_ramsey,0.5,1.5% Ramsey,risk_aversion,combined,0,-271.00881980898396,0.48722395284689507
1683,euler_ramsey,0.5,2.0% Ramsey,risk_aversion,combined,0,-145.87560557503352,0.3942543826562006
1683,euler_ramsey,0.5,2.5% Ramsey,risk_aversion,combined,0,-72.7397322637181,0.33096297185470014
1684,euler_ramsey,0.5,1.5% Ramsey,risk_aversion,combined,0,100.50061196141783,1.5727588703688733
1684,euler_ramsey,0.5,2.0% Ramsey,risk_aversion,combined,0,65.87633234577716,1.6572662958432007
1684,euler_ramsey,0.5,2.5% Ramsey,risk_aversion,combined,0,47.58342182253818,1.706620705826144
1685,euler_ramsey,0.5,1.5% Ramsey,risk_aversion,combined,0,1221.0397037928383,4.225719362448126
1685,euler_ramsey,0.5,2.0% Ramsey,risk_aversion,combined,0,998.539229362808,5.573766598602022
1685,euler_ramsey,0.5,2.5% Ramsey,risk_aversion,combined,0,749.7019901700769,6.83075592428037
1686,euler_ramsey,0.5,1.5% Ramsey,risk_aversion,combined,0,648.9765232570089,4.062009767931419
1686,euler_ramsey,0.5,2.0% Ramsey,risk_aversion,combined,0,508.8763049958777,5.301845435926143
1686,euler_ramsey,0.5,2.5% Ramsey,risk_aversion,combined,0,370.6121024920644,6.443378164385332
1687,euler_ramsey,0.5,1.5% Ramsey,risk_aversion,combined,0,2685.672114219535,1.038517012299072
1687,euler_ramsey,0.5,2.0% Ramsey,risk_aversion,combined,0,2040.6398690802025,0.9985611634279808
1687,euler_ramsey,0.5,2.5% Ramsey,risk_aversion,combined,0,1468.6179846204614,0.9581714962579806
1688,euler_ramsey,0.5,1.5% Ramsey,risk_aversion,combined,0,40.86837157011904,3.301585920782296
1688,euler_ramsey,0.5,2.0% Ramsey,risk_aversion,combined,0,30.12860276644103,4.110081018426647
1688,euler_ramsey,0.5,2.5% Ramsey,risk_aversion,combined,0,20.81582998363526,4.814647374072009
1689,euler_ramsey,0.5,1.5% Ramsey,risk_aversion,combined,0,2408.471903645656,0.40856662403508365
1689,euler_ramsey,0.5,2.0% Ramsey,risk_aversion,combined,0,2128.3671166345234,0.31792172555868997
1689,euler_ramsey,0.5,2.5% Ramsey,risk_aversion,combined,0,1616.9720497240485,0.2589462183184826
1690,euler_ramsey,0.5,1.5% Ramsey,risk_aversion,combined,0,969.6176569578611,1.007875827476284
1690,euler_ramsey,0.5,2.0% Ramsey,risk_aversion,combined,0,871.8557787546087,0.961133787843518
1690,euler_ramsey,0.5,2.5% Ramsey,risk_aversion,combined,0,690.1544438183493,0.9163341742386143
1691,euler_ramsey,0.5,1.5% Ramsey,risk_aversion,combined,0,16.83870471826258,0.3264491060285634
1691,euler_ramsey,0.5,2.0% Ramsey,risk_aversion,combined,0,169.48476607306722,0.2413031822268695
1691,euler_ramsey,0.5,2.5% Ramsey,risk_aversion,combined,0,210.1872915405699,0.1888686835445148
1692,euler_ramsey,0.5,1.5% Ramsey,risk_aversion,combined,0,398.29954172741196,1.4100014223787207
1692,euler_ramsey,0.5,2.0% Ramsey,risk_aversion,combined,0,321.41202367622617,1.4495162923555278
1692,euler_ramsey,0.5,2.5% Ramsey,risk_aversion,combined,0,243.3539764126454,1.464447558327449
1693,euler_ramsey,0.5,1.5% Ramsey,risk_aversion,combined,0,766.4236338374275,1.3491023256572878
1693,euler_ramsey,0.5,2.0% Ramsey,risk_aversion,combined,0,391.15159375172396,1.373366931487861
1693,euler_ramsey,0.5,2.5% Ramsey,risk_aversion,combined,0,229.48747822778446,1.3770516098211365
1694,euler_ramsey,0.5,1.5% Ramsey,risk_aversion,combined,0,583.559133839543,1.539283583388288
1694,euler_ramsey,0.5,2.0% Ramsey,risk_aversion,combined,0,324.19460717868066,1.6135861370803926
1694,euler_ramsey,0.5,2.5% Ramsey,risk_aversion,combined,0,197.6169656519181,1.6549430924623698
1695,euler_ramsey,0.5,1.5% Ramsey,risk_aversion,combined,0,-425.6052538491078,0.617567331942606
1695,euler_ramsey,0.5,2.0% Ramsey,risk_aversion,combined,0,-333.23765886900276,0.5271799029571013
1695,euler_ramsey,0.5,2.5% Ramsey,risk_aversion,combined,0,-241.32459776348279,0.46123972742904507
1696,euler_ramsey,0.5,1.5% Ramsey,risk_aversion,combined,0,526.990787724267,1.671549277751522
1696,euler_ramsey,0.5,2.0% Ramsey,risk_aversion,combined,0,390.4184408072867,1.7859491786513806
1696,euler_ramsey,0.5,2.5% Ramsey,risk_aversion,combined,0,269.6207483448919,1.8590497633728644
1697,euler_ramsey,0.5,1.5% Ramsey,risk_aversion,combined,0,193.15585988480632,2.055807633277814
1697,euler_ramsey,0.5,2.0% Ramsey,risk_aversion,combined,0,160.11465310596876,2.300778803582973
1697,euler_ramsey,0.5,2.5% Ramsey,risk_aversion,combined,0,124.43832589085939,2.482353960646872
1698,euler_ramsey,0.5,1.5% Ramsey,risk_aversion,combined,0,1707.343949208856,0.36190254984134057
1698,euler_ramsey,0.5,2.0% Ramsey,risk_aversion,combined,0,1133.1373773424086,0.2737569974760486
1698,euler_ramsey,0.5,2.5% Ramsey,risk_aversion,combined,0,784.1195924707832,0.2181286296376598
1699,euler_ramsey,0.5,1.5% Ramsey,risk_aversion,combined,0,348.16374051114525,0.39492105578745174
1699,euler_ramsey,0.5,2.0% Ramsey,risk_aversion,combined,0,248.00773113921596,0.3046091660671741
1699,euler_ramsey,0.5,2.5% Ramsey,risk_aversion,combined,0,167.3915501219543,0.24639013854493713
1700,euler_ramsey,0.5,1.5% Ramsey,risk_aversion,combined,0,-138.17274727991642,0.6058913342081707
1700,euler_ramsey,0.5,2.0% Ramsey,risk_aversion,combined,0,-67.14044252215615,0.5146321631258641
1700,euler_ramsey,0.5,2.5% Ramsey,risk_aversion,combined,0,-34.43637508154728,0.4485030967402407
1701,euler_ramsey,0.5,1.5% Ramsey,risk_aversion,combined,0,168.5944393486008,0.669706867652743
1701,euler_ramsey,0.5,2.0% Ramsey,risk_aversion,combined,0,121.43293530027867,0.5819270787808446
1701,euler_ramsey,0.5,2.5% Ramsey,risk_aversion,combined,0,81.25167104986245,0.516165267271183
1702,euler_ramsey,0.5,1.5% Ramsey,risk_aversion,combined,0,-2662.8883520260874,0.10644678812462109
1702,euler_ramsey,0.5,2.0% Ramsey,risk_aversion,combined,0,-998.6767075710015,0.06114281290408385
1702,euler_ramsey,0.5,2.5% Ramsey,risk_aversion,combined,0,-524.3678761418561,0.039373402710065813
1703,euler_ramsey,0.5,1.5% Ramsey,risk_aversion,combined,0,92.78882880181146,2.2367229172312766
1703,euler_ramsey,0.5,2.0% Ramsey,risk_aversion,combined,0,67.69303905702483,2.5511574012952214
1703,euler_ramsey,0.5,2.5% Ramsey,risk_aversion,combined,0,49.91267347881278,2.7930312443785836
1704,euler_ramsey,0.5,1.5% Ramsey,risk_aversion,combined,0,1446.5410291256974,1.7532542203894745
1704,euler_ramsey,0.5,2.0% Ramsey,risk_aversion,combined,0,1040.3010524341735,1.8938770744829525
1704,euler_ramsey,0.5,2.5% Ramsey,risk_aversion,combined,0,692.6974375904049,1.9882639584690571
1705,euler_ramsey,0.5,1.5% Ramsey,risk_aversion,combined,0,-412.89619606486883,0.8519784702589874
1705,euler_ramsey,0.5,2.0% Ramsey,risk_aversion,combined,0,-340.44173233619216,0.7817899752597772
1705,euler_ramsey,0.5,2.5% Ramsey,risk_aversion,combined,0,-256.0138903568117,0.7233426135988316
1706,euler_ramsey,0.5,1.5% Ramsey,risk_aversion,combined,0,-2520.4960091662483,0.13234728434431256
1706,euler_ramsey,0.5,2.0% Ramsey,risk_aversion,combined,0,-1904.464198657051,0.07985545461366812
1706,euler_ramsey,0.5,2.5% Ramsey,risk_aversion,combined,0,-1407.6560786771258,0.05341984944525368
1707,euler_ramsey,0.5,1.5% Ramsey,risk_aversion,combined,0,2853.123402870397,0.4186695974992875
1707,euler_ramsey,0.5,2.0% Ramsey,risk_aversion,combined,0,1624.5726361234458,0.3276370605133588
1707,euler_ramsey,0.5,2.5% Ramsey,risk_aversion,combined,0,1002.6005768703756,0.26803873334620004
1708,euler_ramsey,0.5,1.5% Ramsey,risk_aversion,combined,0,215.88179042843515,2.271232353027675
1708,euler_ramsey,0.5,2.0% Ramsey,risk_aversion,combined,0,254.0914221204392,2.5994327892321794
1708,euler_ramsey,0.5,2.5% Ramsey,risk_aversion,combined,0,259.28741139261143,2.8535527459400796
1709,euler_ramsey,0.5,1.5% Ramsey,risk_aversion,combined,0,617.0370121310696,0.5833373509169922
1709,euler_ramsey,0.5,2.0% Ramsey,risk_aversion,combined,0,410.17089177516164,0.4914088950401759
1709,euler_ramsey,0.5,2.5% Ramsey,risk_aversion,combined,0,279.58424957984346,0.4255712066046265
1710,euler_ramsey,0.5,1.5% Ramsey,risk_aversion,combined,0,741.887596201859,1.5796676711749675
1710,euler_ramsey,0.5,2.0% Ramsey,risk_aversion,combined,0,626.3375004523642,1.6685871342067549
1710,euler_ramsey,0.5,2.5% Ramsey,risk_aversion,combined,0,487.4744473515933,1.7218365546999357
1711,euler_ramsey,0.5,1.5% Ramsey,risk_aversion,combined,0,2528.0371451636347,0.4460010981559582
1711,euler_ramsey,0.5,2.0% Ramsey,risk_aversion,combined,0,2163.819877107844,0.3540364263087054
1711,euler_ramsey,0.5,2.5% Ramsey,risk_aversion,combined,0,1677.2206820411022,0.29284782720454233
1712,euler_ramsey,0.5,1.5% Ramsey,risk_aversion,combined,0,282.8643491863466,1.8879644257502222
1712,euler_ramsey,0.5,2.0% Ramsey,risk_aversion,combined,0,180.55487476904221,2.072795073224536
1712,euler_ramsey,0.5,2.5% Ramsey,risk_aversion,combined,0,115.92712779545418,2.2034041136654587
1713,euler_ramsey,0.5,1.5% Ramsey,risk_aversion,combined,0,662.2069980640263,0.9623213976728818
1713,euler_ramsey,0.5,2.0% Ramsey,risk_aversion,combined,0,322.30896874953186,0.9086228589500752
1713,euler_ramsey,0.5,2.5% Ramsey,risk_aversion,combined,0,182.14211377839808,0.8596191315911209
1714,euler_ramsey,0.5,1.5% Ramsey,risk_aversion,combined,0,213.71174922781034,0.6943072885891388
1714,euler_ramsey,0.5,2.0% Ramsey,risk_aversion,combined,0,141.54307184050856,0.6083462268934581
1714,euler_ramsey,0.5,2.5% Ramsey,risk_aversion,combined,0,95.99389118749404,0.543127502337645
1715,euler_ramsey,0.5,1.5% Ramsey,risk_aversion,combined,0,280.4257652697455,1.3742431912253723
1715,euler_ramsey,0.5,2.0% Ramsey,risk_aversion,combined,0,244.22864819894113,1.4061461326121971
1715,euler_ramsey,0.5,2.5% Ramsey,risk_aversion,combined,0,198.23937336229878,1.4157462951974764
1716,euler_ramsey,0.5,1.5% Ramsey,risk_aversion,combined,0,244.05319207245338,0.6309932101239226
1716,euler_ramsey,0.5,2.0% Ramsey,risk_aversion,combined,0,189.6866110976679,0.541439426296971
1716,euler_ramsey,0.5,2.5% Ramsey,risk_aversion,combined,0,143.81489796471706,0.47564242917346145
1717,euler_ramsey,0.5,1.5% Ramsey,risk_aversion,combined,0,2867.1363933108773,0.3359596028800449
1717,euler_ramsey,0.5,2.0% Ramsey,risk_aversion,combined,0,1574.9369100124472,0.2499761174615715
1717,euler_ramsey,0.5,2.5% Ramsey,risk_aversion,combined,0,875.9899610957731,0.19666022747933135
1718,euler_ramsey,0.5,1.5% Ramsey,risk_aversion,combined,0,277.5697560535507,0.8634890735593347
1718,euler_ramsey,0.5,2.0% Ramsey,risk_aversion,combined,0,217.51821669557492,0.7953111404650153
1718,euler_ramsey,0.5,2.5% Ramsey,risk_aversion,combined,0,157.25801157116504,0.7380581125656376
1719,euler_ramsey,0.5,1.5% Ramsey,risk_aversion,combined,0,-363.8433589030021,0.515008405853785
1719,euler_ramsey,0.5,2.0% Ramsey,risk_aversion,combined,0,-308.47204412233145,0.4217837223084561
1719,euler_ramsey,0.5,2.5% Ramsey,risk_aversion,combined,0,-235.70353201704145,0.3573695723322512
1720,euler_ramsey,0.5,1.5% Ramsey,risk_aversion,combined,0,180.04186222138728,3.072737962466356
1720,euler_ramsey,0.5,2.0% Ramsey,risk_aversion,combined,0,215.62859609569176,3.7638134439481727
1720,euler_ramsey,0.5,2.5% Ramsey,risk_aversion,combined,0,214.3309442472069,4.3543306849020835
1721,euler_ramsey,0.5,1.5% Ramsey,risk_aversion,combined,0,248.42106021606662,1.3561252856248154
1721,euler_ramsey,0.5,2.0% Ramsey,risk_aversion,combined,0,147.1655851541193,1.381821190270833
1721,euler_ramsey,0.5,2.5% Ramsey,risk_aversion,combined,0,96.83951683986568,1.3864973624036112
1722,euler_ramsey,0.5,1.5% Ramsey,risk_aversion,combined,0,-444.3724918044238,0.7209222935237706
1722,euler_ramsey,0.5,2.0% Ramsey,risk_aversion,combined,0,-445.8973352760783,0.636679653644067
1722,euler_ramsey,0.5,2.5% Ramsey,risk_aversion,combined,0,-368.09830824040984,0.5718468854378624
1723,euler_ramsey,0.5,1.5% Ramsey,risk_aversion,combined,0,1143.5506795139615,0.8266560327719126
1723,euler_ramsey,0.5,2.0% Ramsey,risk_aversion,combined,0,894.8731927122911,0.7536536487383644
1723,euler_ramsey,0.5,2.5% Ramsey,risk_aversion,combined,0,637.971013708647,0.6938476068327523
1724,euler_ramsey,0.5,1.5% Ramsey,risk_aversion,combined,0,1583.094293071329,1.8362513158090628
1724,euler_ramsey,0.5,2.0% Ramsey,risk_aversion,combined,0,1080.7531386706996,2.0054695242038556
1724,euler_ramsey,0.5,2.5% Ramsey,risk_aversion,combined,0,691.5159029623429,2.1235415453059545
1725,euler_ramsey,0.5,1.5% Ramsey,risk_aversion,combined,0,147.36383569324303,3.589549518984402
1725,euler_ramsey,0.5,2.0% Ramsey,risk_aversion,combined,0,112.89607450436553,4.553379138592062
1725,euler_ramsey,0.5,2.5% Ramsey,risk_aversion,combined,0,84.83423750202068,5.412299295098683
1726,euler_ramsey,0.5,1.5% Ramsey,risk_aversion,combined,0,-219.89462333614998,1.0194998729011342
1726,euler_ramsey,0.5,2.0% Ramsey,risk_aversion,combined,0,-140.32040194460978,0.9744553698804126
1726,euler_ramsey,0.5,2.5% Ramsey,risk_aversion,combined,0,-90.95467511301499,0.9305247782965512
1727,euler_ramsey,0.5,1.5% Ramsey,risk_aversion,combined,0,566.3605566897737,0.9923628017220871
1727,euler_ramsey,0.5,2.0% Ramsey,risk_aversion,combined,0,387.84114848965976,0.9431669550276345
1727,euler_ramsey,0.5,2.5% Ramsey,risk_aversion,combined,0,274.3851554837174,0.8967919093052419
1728,euler_ramsey,0.5,1.5% Ramsey,risk_aversion,combined,0,107.08954055480187,0.5129838407178939
1728,euler_ramsey,0.5,2.0% Ramsey,risk_aversion,combined,0,116.76092600988972,0.4197764563521701
1728,euler_ramsey,0.5,2.5% Ramsey,risk_aversion,combined,0,120.9438888800396,0.3554501525548217
1729,euler_ramsey,0.5,1.5% Ramsey,risk_aversion,combined,0,460.3908354065871,0.8531755250460306
1729,euler_ramsey,0.5,2.0% Ramsey,risk_aversion,combined,0,381.2656571567554,0.782767724690293
1729,euler_ramsey,0.5,2.5% Ramsey,risk_aversion,combined,0,285.0329029009813,0.7241479619023101
1730,euler_ramsey,0.5,1.5% Ramsey,risk_aversion,combined,0,75.20644867566713,0.9891583022676991
1730,euler_ramsey,0.5,2.0% Ramsey,risk_aversion,combined,0,66.21231966309352,0.939529424974737
1730,euler_ramsey,0.5,2.5% Ramsey,risk_aversion,combined,0,51.47622875436012,0.8928473819365687
1731,euler_ramsey,0.5,1.5% Ramsey,risk_aversion,combined,0,385.7730167446059,0.8125925873983282
1731,euler_ramsey,0.5,2.0% Ramsey,risk_aversion,combined,0,271.1570344417392,0.7388147862991319
1731,euler_ramsey,0.5,2.5% Ramsey,risk_aversion,combined,0,183.95578430712513,0.6787884132783132
1732,euler_ramsey,0.5,1.5% Ramsey,risk_aversion,combined,0,115.05861847148454,2.4972865257635473
1732,euler_ramsey,0.5,2.0% Ramsey,risk_aversion,combined,0,82.5723124887565,2.919769193222404
1732,euler_ramsey,0.5,2.5% Ramsey,risk_aversion,combined,0,59.291825962691426,3.2585010414304243
1733,euler_ramsey,0.5,1.5% Ramsey,risk_aversion,combined,0,2795.237980867444,0.3845632883542765
1733,euler_ramsey,0.5,2.0% Ramsey,risk_aversion,combined,0,1924.801225117025,0.29517710162815736
1733,euler_ramsey,0.5,2.5% Ramsey,risk_aversion,combined,0,1262.753085111288,0.23788916421344028
1734,euler_ramsey,0.5,1.5% Ramsey,risk_aversion,combined,0,111.57222153929538,0.5472068218855274
1734,euler_ramsey,0.5,2.0% Ramsey,risk_aversion,combined,0,87.90852276909449,0.45418046071869217
1734,euler_ramsey,0.5,2.5% Ramsey,risk_aversion,combined,0,62.75238946237108,0.3888106174508669
1735,euler_ramsey,0.5,1.5% Ramsey,risk_aversion,combined,0,788.7060158592625,1.0253556834674054
1735,euler_ramsey,0.5,2.0% Ramsey,risk_aversion,combined,0,449.47898313271867,0.9808932949780956
1735,euler_ramsey,0.5,2.5% Ramsey,risk_aversion,combined,0,281.96230371791336,0.9373375092818791
1736,euler_ramsey,0.5,1.5% Ramsey,risk_aversion,combined,0,-585.9915676648986,0.8594401826782165
1736,euler_ramsey,0.5,2.0% Ramsey,risk_aversion,combined,0,-396.4038432999031,0.7895875802580328
1736,euler_ramsey,0.5,2.5% Ramsey,risk_aversion,combined,0,-270.737819706929,0.7311816829696891
1737,euler_ramsey,0.5,1.5% Ramsey,risk_aversion,combined,0,320.83929663515346,1.0575380239796943
1737,euler_ramsey,0.5,2.0% Ramsey,risk_aversion,combined,0,207.97871507012698,1.018372432829112
1737,euler_ramsey,0.5,2.5% Ramsey,risk_aversion,combined,0,139.97276029735525,0.9780368679691114
1738,euler_ramsey,0.5,1.5% Ramsey,risk_aversion,combined,0,354.9996293015349,1.0065073363102832
1738,euler_ramsey,0.5,2.0% Ramsey,risk_aversion,combined,0,252.92046984425494,0.9592290985067224
1738,euler_ramsey,0.5,2.5% Ramsey,risk_aversion,combined,0,183.62876850332566,0.9140003696400912
1739,euler_ramsey,0.5,1.5% Ramsey,risk_aversion,combined,0,176.0603670505946,3.756817389811043
1739,euler_ramsey,0.5,2.0% Ramsey,risk_aversion,combined,0,144.49267106575527,4.814549686299749
1739,euler_ramsey,0.5,2.5% Ramsey,risk_aversion,combined,0,116.75569818598696,5.76810717603719
1740,euler_ramsey,0.5,1.5% Ramsey,risk_aversion,combined,0,-613.4113511313581,0.640276304200734
1740,euler_ramsey,0.5,2.0% Ramsey,risk_aversion,combined,0,-408.4665634295943,0.5510202209962984
1740,euler_ramsey,0.5,2.5% Ramsey,risk_aversion,combined,0,-253.3567265844598,0.485137183152156
1741,euler_ramsey,0.5,1.5% Ramsey,risk_aversion,combined,0,-683.460806806657,0.523597238101682
1741,euler_ramsey,0.5,2.0% Ramsey,risk_aversion,combined,0,-477.9676395707312,0.4303350518077856
1741,euler_ramsey,0.5,2.5% Ramsey,risk_aversion,combined,0,-326.3142301464072,0.36560791374520907
1742,euler_ramsey,0.5,1.5% Ramsey,risk_aversion,combined,0,842.7348976318672,0.6020819162867753
1742,euler_ramsey,0.5,2.0% Ramsey,risk_aversion,combined,0,1456.2212257162455,0.5110630807282782
1742,euler_ramsey,0.5,2.5% Ramsey,risk_aversion,combined,0,1914.7240863908432,0.44520360699954104
1743,euler_ramsey,0.5,1.5% Ramsey,risk_aversion,combined,0,723.6329161087064,1.6708033978022794
1743,euler_ramsey,0.5,2.0% Ramsey,risk_aversion,combined,0,546.7073118992794,1.786120512542748
1743,euler_ramsey,0.5,2.5% Ramsey,risk_aversion,combined,0,406.91823293800184,1.8602343896734823
1744,euler_ramsey,0.5,1.5% Ramsey,risk_aversion,combined,0,281.4791685408197,1.738289853199548
1744,euler_ramsey,0.5,2.0% Ramsey,risk_aversion,combined,0,231.97068326557448,1.8735465403021911
1744,euler_ramsey,0.5,2.5% Ramsey,risk_aversion,combined,0,183.16356581580672,1.9634437538213678
1745,euler_ramsey,0.5,1.5% Ramsey,risk_aversion,combined,0,683.320904644562,1.1394279741854876
1745,euler_ramsey,0.5,2.0% Ramsey,risk_aversion,combined,0,472.56912279488614,1.1169451460814561
1745,euler_ramsey,0.5,2.5% Ramsey,risk_aversion,combined,0,325.93488348998613,1.0877041185842975
1746,euler_ramsey,0.5,1.5% Ramsey,risk_aversion,combined,0,932.4834655723076,0.6906174198839722
1746,euler_ramsey,0.5,2.0% Ramsey,risk_aversion,combined,0,717.4344102506873,0.6044280236749299
1746,euler_ramsey,0.5,2.5% Ramsey,risk_aversion,combined,0,511.36827542247175,0.5391350366827277
1747,euler_ramsey,0.5,1.5% Ramsey,risk_aversion,combined,0,691.8099684702308,0.8758081082545177
1747,euler_ramsey,0.5,2.0% Ramsey,risk_aversion,combined,0,574.9579596175475,0.8093124795864022
1747,euler_ramsey,0.5,2.5% Ramsey,risk_aversion,combined,0,438.89944433265237,0.7529281287463367
1748,euler_ramsey,0.5,1.5% Ramsey,risk_aversion,combined,0,3.470749583116353,1.3237205058476034
1748,euler_ramsey,0.5,2.0% Ramsey,risk_aversion,combined,0,-0.2508954578629567,1.3411635209634163
1748,euler_ramsey,0.5,2.5% Ramsey,risk_aversion,combined,0,0.4845825763696725,1.3397600234803788
1749,euler_ramsey,0.5,1.5% Ramsey,risk_aversion,combined,0,892.525983824501,0.9863420055863819
1749,euler_ramsey,0.5,2.0% Ramsey,risk_aversion,combined,0,699.0266213941859,0.9364895869182953
1749,euler_ramsey,0.5,2.5% Ramsey,risk_aversion,combined,0,493.9087524024306,0.8897920586870772
1750,euler_ramsey,0.5,1.5% Ramsey,risk_aversion,combined,0,1433.4753237254786,0.4161494730135206
1750,euler_ramsey,0.5,2.0% Ramsey,risk_aversion,combined,0,1167.6544673918195,0.32486670223517583
1750,euler_ramsey,0.5,2.5% Ramsey,risk_aversion,combined,0,860.3298005385412,0.26523969868589875
1751,euler_ramsey,0.5,1.5% Ramsey,risk_aversion,combined,0,207.1469077722899,1.3751614039347364
1751,euler_ramsey,0.5,2.0% Ramsey,risk_aversion,combined,0,165.1488449215121,1.4056637728654373
1751,euler_ramsey,0.5,2.5% Ramsey,risk_aversion,combined,0,127.35883785077081,1.4139999649890664
1752,euler_ramsey,0.5,1.5% Ramsey,risk_aversion,combined,0,377.4211176041,1.4070658865016734
1752,euler_ramsey,0.5,2.0% Ramsey,risk_aversion,combined,0,279.2056419843202,1.4459884700978232
1752,euler_ramsey,0.5,2.5% Ramsey,risk_aversion,combined,0,193.09256321032854,1.4605120721246356
1753,euler_ramsey,0.5,1.5% Ramsey,risk_aversion,combined,0,-318.3354179208653,0.5444811744769765
1753,euler_ramsey,0.5,2.0% Ramsey,risk_aversion,combined,0,-254.80123406478072,0.45144341693050644
1753,euler_ramsey,0.5,2.5% Ramsey,risk_aversion,combined,0,-195.06052901337418,0.3861531017807978
1754,euler_ramsey,0.5,1.5% Ramsey,risk_aversion,combined,0,1564.6003443138945,0.48273011827330453
1754,euler_ramsey,0.5,2.0% Ramsey,risk_aversion,combined,0,771.7976124753842,0.3895610736555539
1754,euler_ramsey,0.5,2.5% Ramsey,risk_aversion,combined,0,413.56197125403327,0.32632629841041205
1755,euler_ramsey,0.5,1.5% Ramsey,risk_aversion,combined,0,185.56242248328888,1.4177115482394533
1755,euler_ramsey,0.5,2.0% Ramsey,risk_aversion,combined,0,137.48010107880518,1.4592755494068925
1755,euler_ramsey,0.5,2.5% Ramsey,risk_aversion,combined,0,99.48431816263395,1.4757378246203259
1756,euler_ramsey,0.5,1.5% Ramsey,risk_aversion,combined,0,1050.3712818742808,0.8444075795537536
1756,euler_ramsey,0.5,2.0% Ramsey,risk_aversion,combined,0,702.5846077023731,0.7746863213468604
1756,euler_ramsey,0.5,2.5% Ramsey,risk_aversion,combined,0,478.12946579480916,0.7167854213208059
1757,euler_ramsey,0.5,1.5% Ramsey,risk_aversion,combined,0,278.2778567394861,1.3732623222442832
1757,euler_ramsey,0.5,2.0% Ramsey,risk_aversion,combined,0,154.77518129015849,1.4031240715931856
1757,euler_ramsey,0.5,2.5% Ramsey,risk_aversion,combined,0,93.84477935544028,1.4108561949986478
1758,euler_ramsey,0.5,1.5% Ramsey,risk_aversion,combined,0,1641.5263305805872,2.0900657505679625
1758,euler_ramsey,0.5,2.0% Ramsey,risk_aversion,combined,0,1286.9937582936077,2.3498475666507193
1758,euler_ramsey,0.5,2.5% Ramsey,risk_aversion,combined,0,934.2879139820236,2.544597371899975
1759,euler_ramsey,0.5,1.5% Ramsey,risk_aversion,combined,0,2075.355711669202,0.30704498693117205
1759,euler_ramsey,0.5,2.0% Ramsey,risk_aversion,combined,0,886.0729285383954,0.22400557066588606
1759,euler_ramsey,0.5,2.5% Ramsey,risk_aversion,combined,0,527.4822478996614,0.17357310950418367
1760,euler_ramsey,0.5,1.5% Ramsey,risk_aversion,combined,0,125.43118881169372,0.6691472688882387
1760,euler_ramsey,0.5,2.0% Ramsey,risk_aversion,combined,0,63.23294454240944,0.5813333377506269
1760,euler_ramsey,0.5,2.5% Ramsey,risk_aversion,combined,0,35.98455494137242,0.5155643259326336
1761,euler_ramsey,0.5,1.5% Ramsey,risk_aversion,combined,0,-80.6926189699341,1.5711104152548547
1761,euler_ramsey,0.5,2.0% Ramsey,risk_aversion,combined,0,-48.94284101952791,1.6550455229734955
1761,euler_ramsey,0.5,2.5% Ramsey,risk_aversion,combined,0,-22.250347249965287,1.7039447401519272
1762,euler_ramsey,0.5,1.5% Ramsey,risk_aversion,combined,0,1659.93272596735,1.2110943138562857
1762,euler_ramsey,0.5,2.0% Ramsey,risk_aversion,combined,0,1133.7201655912734,1.2034007721236333
1762,euler_ramsey,0.5,2.5% Ramsey,risk_aversion,combined,0,740.7130092609875,1.1842653319836498
1763,euler_ramsey,0.5,1.5% Ramsey,risk_aversion,combined,0,696.1484928304039,1.438218117393948
1763,euler_ramsey,0.5,2.0% Ramsey,risk_aversion,combined,0,570.8077474711247,1.4857377840955468
1763,euler_ramsey,0.5,2.5% Ramsey,risk_aversion,combined,0,447.2495852001843,1.5067971735161791
1764,euler_ramsey,0.5,1.5% Ramsey,risk_aversion,combined,0,4693.378163230266,0.2551708352152967
1764,euler_ramsey,0.5,2.0% Ramsey,risk_aversion,combined,0,1706.6662896681737,0.1787538100415246
1764,euler_ramsey,0.5,2.5% Ramsey,risk_aversion,combined,0,969.8813257106597,0.1342404577946408
1765,euler_ramsey,0.5,1.5% Ramsey,risk_aversion,combined,0,-6.058450040597967,2.141508252859274
1765,euler_ramsey,0.5,2.0% Ramsey,risk_aversion,combined,0,-3.1856025718520256,2.418610930329723
1765,euler_ramsey,0.5,2.5% Ramsey,risk_aversion,combined,0,3.489654543797027,2.627770545917825
1766,euler_ramsey,0.5,1.5% Ramsey,risk_aversion,combined,0,1743.8241937724824,0.4080525572976099
1766,euler_ramsey,0.5,2.0% Ramsey,risk_aversion,combined,0,1278.1552827279681,0.31715441578659664
1766,euler_ramsey,0.5,2.5% Ramsey,risk_aversion,combined,0,876.4744104944035,0.2580695698200221
1767,euler_ramsey,0.5,1.5% Ramsey,risk_aversion,combined,0,402.8495010408611,0.4836448577322546
1767,euler_ramsey,0.5,2.0% Ramsey,risk_aversion,combined,0,273.77315360744944,0.3904117660601944
1767,euler_ramsey,0.5,2.5% Ramsey,risk_aversion,combined,0,193.72735331629482,0.3271062807163052
1768,euler_ramsey,0.5,1.5% Ramsey,risk_aversion,combined,0,47.19721916808191,2.5166304525476484
1768,euler_ramsey,0.5,2.0% Ramsey,risk_aversion,combined,0,33.77282114786871,2.9473585277618763
1768,euler_ramsey,0.5,2.5% Ramsey,risk_aversion,combined,0,25.73787433181051,3.2934557467144736
1769,euler_ramsey,0.5,1.5% Ramsey,risk_aversion,combined,0,357.35670680993377,0.42560416170802035
1769,euler_ramsey,0.5,2.0% Ramsey,risk_aversion,combined,0,168.5251962143895,0.3338207698837094
1769,euler_ramsey,0.5,2.5% Ramsey,risk_aversion,combined,0,86.60976897876922,0.2735374192262144
1770,euler_ramsey,0.5,1.5% Ramsey,risk_aversion,combined,0,-582.1930715952357,0.42661054963471695
1770,euler_ramsey,0.5,2.0% Ramsey,risk_aversion,combined,0,-458.71631475849523,0.3347845757732511
1770,euler_ramsey,0.5,2.5% Ramsey,risk_aversion,combined,0,-314.98476125315625,0.2744381950758756
1771,euler_ramsey,0.5,1.5% Ramsey,risk_aversion,combined,0,1057.9162823439256,0.49107710444019737
1771,euler_ramsey,0.5,2.0% Ramsey,risk_aversion,combined,0,819.6733894084474,0.39818485761445477
1771,euler_ramsey,0.5,2.5% Ramsey,risk_aversion,combined,0,575.334529636042,0.33480230304598213
1772,euler_ramsey,0.5,1.5% Ramsey,risk_aversion,combined,0,452.5270950320037,0.3221512741026195
1772,euler_ramsey,0.5,2.0% Ramsey,risk_aversion,combined,0,252.6370703886975,0.23734116884221682
1772,euler_ramsey,0.5,2.5% Ramsey,risk_aversion,combined,0,148.69890937690047,0.18528677416275952
1773,euler_ramsey,0.5,1.5% Ramsey,risk_aversion,combined,0,195.51274057681306,1.3537511018796564
1773,euler_ramsey,0.5,2.0% Ramsey,risk_aversion,combined,0,140.03549605134845,1.379345709830249
1773,euler_ramsey,0.5,2.5% Ramsey,risk_aversion,combined,0,100.35696767055559,1.384030396198843
1774,euler_ramsey,0.5,1.5% Ramsey,risk_aversion,combined,0,428.80144936257506,0.442689468282351
1774,euler_ramsey,0.5,2.0% Ramsey,risk_aversion,combined,0,303.03858325464546,0.3503215959654072
1774,euler_ramsey,0.5,2.5% Ramsey,risk_aversion,combined,0,190.03610440140244,0.28903888550163176
1775,euler_ramsey,0.5,1.5% Ramsey,risk_aversion,combined,0,195.95983988516238,2.1509921952908244
1775,euler_ramsey,0.5,2.0% Ramsey,risk_aversion,combined,0,133.50000587228348,2.431839248937181
1775,euler_ramsey,0.5,2.5% Ramsey,risk_aversion,combined,0,95.24901102236673,2.6443519394058894
1776,euler_ramsey,0.5,1.5% Ramsey,risk_aversion,combined,0,326.9260987364394,1.3336099916418478
1776,euler_ramsey,0.5,2.0% Ramsey,risk_aversion,combined,0,247.6026940151487,1.3540066087977936
1776,euler_ramsey,0.5,2.5% Ramsey,risk_aversion,combined,0,180.73426019545622,1.3548643241720852
1777,euler_ramsey,0.5,1.5% Ramsey,risk_aversion,combined,0,544.4238433917875,0.7126972545146409
1777,euler_ramsey,0.5,2.0% Ramsey,risk_aversion,combined,0,475.54312579861636,0.6280435546125106
1777,euler_ramsey,0.5,2.5% Ramsey,risk_aversion,combined,0,383.0171730432059,0.563187651417944
1778,euler_ramsey,0.5,1.5% Ramsey,risk_aversion,combined,0,-1071.766887213565,0.35577982251920515
1778,euler_ramsey,0.5,2.0% Ramsey,risk_aversion,combined,0,-789.0555508732549,0.2681196054130482
1778,euler_ramsey,0.5,2.5% Ramsey,risk_aversion,combined,0,-577.6672129867399,0.21301539442096462
1779,euler_ramsey,0.5,1.5% Ramsey,risk_aversion,combined,0,939.4361138763721,0.485535034677628
1779,euler_ramsey,0.5,2.0% Ramsey,risk_aversion,combined,0,638.0573759753056,0.3924325764895442
1779,euler_ramsey,0.5,2.5% Ramsey,risk_aversion,combined,0,457.41096651931764,0.329134598073608
1780,euler_ramsey,0.5,1.5% Ramsey,risk_aversion,combined,0,7706.253786188428,0.8029520928407167
1780,euler_ramsey,0.5,2.0% Ramsey,risk_aversion,combined,0,4742.365053977121,0.7301343256059486
1780,euler_ramsey,0.5,2.5% Ramsey,risk_aversion,combined,0,2826.1060085246663,0.6711446278028163
1781,euler_ramsey,0.5,1.5% Ramsey,risk_aversion,combined,0,1026.517099927152,0.7229488202116391
1781,euler_ramsey,0.5,2.0% Ramsey,risk_aversion,combined,0,734.1860613530035,0.6390837886150382
1781,euler_ramsey,0.5,2.5% Ramsey,risk_aversion,combined,0,497.38449371194645,0.5744685647921906
1782,euler_ramsey,0.5,1.5% Ramsey,risk_aversion,combined,0,4313.92883405271,0.39592571836676765
1782,euler_ramsey,0.5,2.0% Ramsey,risk_aversion,combined,0,3159.291347870191,0.30581400390549246
1782,euler_ramsey,0.5,2.5% Ramsey,risk_aversion,combined,0,2114.296301461459,0.2476562368897153
1783,euler_ramsey,0.5,1.5% Ramsey,risk_aversion,combined,0,-3282.9816614750007,0.23332548984763196
1783,euler_ramsey,0.5,2.0% Ramsey,risk_aversion,combined,0,-2562.390013268827,0.1599778754800656
1783,euler_ramsey,0.5,2.5% Ramsey,risk_aversion,combined,0,-1852.3588720985938,0.11814119023234221
1784,euler_ramsey,0.5,1.5% Ramsey,risk_aversion,combined,0,1039.6822866156845,1.0805141724664025
1784,euler_ramsey,0.5,2.0% Ramsey,risk_aversion,combined,0,764.5415211529096,1.046290721395167
1784,euler_ramsey,0.5,2.5% Ramsey,risk_aversion,combined,0,508.10437932679093,1.0093128794645052
1785,euler_ramsey,0.5,1.5% Ramsey,risk_aversion,combined,0,35.33094325848661,0.8513655557813719
1785,euler_ramsey,0.5,2.0% Ramsey,risk_aversion,combined,0,27.216874123081862,0.7805992106349081
1785,euler_ramsey,0.5,2.5% Ramsey,risk_aversion,combined,0,23.215426803892434,0.7217747032425318
1786,euler_ramsey,0.5,1.5% Ramsey,risk_aversion,combined,0,295.9424805283228,1.1518717329396193
1786,euler_ramsey,0.5,2.0% Ramsey,risk_aversion,combined,0,239.95936401173327,1.131341643672335
1786,euler_ramsey,0.5,2.5% Ramsey,risk_aversion,combined,0,180.91415516349613,1.1033597457976108
1787,euler_ramsey,0.5,1.5% Ramsey,risk_aversion,combined,0,-356.31214849899357,0.7271625604632521
1787,euler_ramsey,0.5,2.0% Ramsey,risk_aversion,combined,0,-318.37846350213766,0.6438137628016081
1787,euler_ramsey,0.5,2.5% Ramsey,risk_aversion,combined,0,-247.39361073580346,0.5794073884675766
1788,euler_ramsey,0.5,1.5% Ramsey,risk_aversion,combined,0,705.473910099629,0.5948376412251922
1788,euler_ramsey,0.5,2.0% Ramsey,risk_aversion,combined,0,1258.1252419602683,0.5034518960594531
1788,euler_ramsey,0.5,2.5% Ramsey,risk_aversion,combined,0,1691.5101294992005,0.43758910123978195
1789,euler_ramsey,0.5,1.5% Ramsey,risk_aversion,combined,0,1687.9053501044168,0.47275533617643
1789,euler_ramsey,0.5,2.0% Ramsey,risk_aversion,combined,0,860.4407266018144,0.3798432154721773
1789,euler_ramsey,0.5,2.5% Ramsey,risk_aversion,combined,0,520.8013639358238,0.3171193662526993
1790,euler_ramsey,0.5,1.5% Ramsey,risk_aversion,combined,0,164.57600631651422,0.868244347627249
1790,euler_ramsey,0.5,2.0% Ramsey,risk_aversion,combined,0,148.28010068104197,0.8001351818227508
1790,euler_ramsey,0.5,2.5% Ramsey,risk_aversion,combined,0,125.90908917620457,0.7428256712339204
1791,euler_ramsey,0.5,1.5% Ramsey,risk_aversion,combined,0,-18.123798868751756,1.2017372949540603
1791,euler_ramsey,0.5,2.0% Ramsey,risk_aversion,combined,0,-21.81013250520123,1.191299043302034
1791,euler_ramsey,0.5,2.5% Ramsey,risk_aversion,combined,0,-19.54645838703314,1.170126961573855
1792,euler_ramsey,0.5,1.5% Ramsey,risk_aversion,combined,0,912.4166624843945,0.60309391356943
1792,euler_ramsey,0.5,2.0% Ramsey,risk_aversion,combined,0,682.5007737234087,0.511671146676316
1792,euler_ramsey,0.5,2.5% Ramsey,risk_aversion,combined,0,486.5364341897119,0.4455326931307884
1793,euler_ramsey,0.5,1.5% Ramsey,risk_aversion,combined,0,294.7799654696456,0.9254140620319049
1793,euler_ramsey,0.5,2.0% Ramsey,risk_aversion,combined,0,219.99558925821052,0.8649885510824504
1793,euler_ramsey,0.5,2.5% Ramsey,risk_aversion,combined,0,160.30001328212663,0.8118552393666237
1794,euler_ramsey,0.5,1.5% Ramsey,risk_aversion,combined,0,-41.6913967047413,0.838741548904941
1794,euler_ramsey,0.5,2.0% Ramsey,risk_aversion,combined,0,-21.560307668994923,0.7678691502280832
1794,euler_ramsey,0.5,2.5% Ramsey,risk_aversion,combined,0,-7.565176377776338,0.7092400032166081
1795,euler_ramsey,0.5,1.5% Ramsey,risk_aversion,combined,0,-28.464352321399428,1.8035373355057744
1795,euler_ramsey,0.5,2.0% Ramsey,risk_aversion,combined,0,-14.984740280216059,1.9599577445934648
1795,euler_ramsey,0.5,2.5% Ramsey,risk_aversion,combined,0,-7.655768242233107,2.0669781869535853
1796,euler_ramsey,0.5,1.5% Ramsey,risk_aversion,combined,0,91.63118100480924,1.717897676797416
1796,euler_ramsey,0.5,2.0% Ramsey,risk_aversion,combined,0,67.52617112988983,1.8460180092683127
1796,euler_ramsey,0.5,2.5% Ramsey,risk_aversion,combined,0,48.29081080549703,1.9299375287098852
1797,euler_ramsey,0.5,1.5% Ramsey,risk_aversion,combined,0,-1065.2068623193834,0.41116746569153656
1797,euler_ramsey,0.5,2.0% Ramsey,risk_aversion,combined,0,-642.0029753714734,0.32011027811819254
1797,euler_ramsey,0.5,2.5% Ramsey,risk_aversion,combined,0,-434.6872096815145,0.2608040355054562
1798,euler_ramsey,0.5,1.5% Ramsey,risk_aversion,combined,0,-355.56808347953677,0.659121393882751
1798,euler_ramsey,0.5,2.0% Ramsey,risk_aversion,combined,0,-152.18147851079402,0.5714607270905812
1798,euler_ramsey,0.5,2.5% Ramsey,risk_aversion,combined,0,-73.65939578947203,0.506061596388493
1799,euler_ramsey,0.5,1.5% Ramsey,risk_aversion,combined,0,1156.7052788179203,0.8256917049936293
1799,euler_ramsey,0.5,2.0% Ramsey,risk_aversion,combined,0,866.4215643088513,0.7541412174731132
1799,euler_ramsey,0.5,2.5% Ramsey,risk_aversion,combined,0,625.443392674551,0.6954097019807585
1800,euler_ramsey,0.5,1.5% Ramsey,risk_aversion,combined,0,967.2043171651314,0.3849277131820956
1800,euler_ramsey,0.5,2.0% Ramsey,risk_aversion,combined,0,658.4211227617742,0.2951705892207727
1800,euler_ramsey,0.5,2.5% Ramsey,risk_aversion,combined,0,407.4071603858872,0.23767670076133474
1801,euler_ramsey,0.5,1.5% Ramsey,risk_aversion,combined,0,391.0670285987496,2.265341173747125
1801,euler_ramsey,0.5,2.0% Ramsey,risk_aversion,combined,0,347.1871110890799,2.5917491764048313
1801,euler_ramsey,0.5,2.5% Ramsey,risk_aversion,combined,0,282.78496837261775,2.8444340853706214
1802,euler_ramsey,0.5,1.5% Ramsey,risk_aversion,combined,0,-30.039734510306282,0.8478681427125159
1802,euler_ramsey,0.5,2.0% Ramsey,risk_aversion,combined,0,9.741699400746372,0.7781837437543777
1802,euler_ramsey,0.5,2.5% Ramsey,risk_aversion,combined,0,29.777701034279264,0.7201805475652576
1803,euler_ramsey,0.5,1.5% Ramsey,risk_aversion,combined,0,1648.8859048970198,0.8092775936432566
1803,euler_ramsey,0.5,2.0% Ramsey,risk_aversion,combined,0,1063.3526085810279,0.7345580469669132
1803,euler_ramsey,0.5,2.5% Ramsey,risk_aversion,combined,0,708.4245769178498,0.6739882517450512
1804,euler_ramsey,0.5,1.5% Ramsey,risk_aversion,combined,0,239.14574482861687,2.0298463649855463
1804,euler_ramsey,0.5,2.0% Ramsey,risk_aversion,combined,0,183.7057488168605,2.2651974295356103
1804,euler_ramsey,0.5,2.5% Ramsey,risk_aversion,combined,0,135.18519921656357,2.438485740263443
1805,euler_ramsey,0.5,1.5% Ramsey,risk_aversion,combined,0,196.4267550166123,1.7552706781447251
1805,euler_ramsey,0.5,2.0% Ramsey,risk_aversion,combined,0,150.91620893146825,1.8958470466624444
1805,euler_ramsey,0.5,2.5% Ramsey,risk_aversion,combined,0,113.11413000469601,1.9899950076388926
1806,euler_ramsey,0.5,1.5% Ramsey,risk_aversion,combined,0,219.09386650710758,1.8317511856173234
1806,euler_ramsey,0.5,2.0% Ramsey,risk_aversion,combined,0,161.6593914397701,1.997449964689699
1806,euler_ramsey,0.5,2.5% Ramsey,risk_aversion,combined,0,115.86558576293876,2.1121623119966912
1807,euler_ramsey,0.5,1.5% Ramsey,risk_aversion,combined,0,1245.5316762484815,1.0371780396919115
1807,euler_ramsey,0.5,2.0% Ramsey,risk_aversion,combined,0,969.752840830105,0.9952802189271047
1807,euler_ramsey,0.5,2.5% Ramsey,risk_aversion,combined,0,694.717529769398,0.9534332525142897
1808,euler_ramsey,0.5,1.5% Ramsey,risk_aversion,combined,0,597.3810412576021,1.7034351010102744
1808,euler_ramsey,0.5,2.0% Ramsey,risk_aversion,combined,0,450.0337760562468,1.8277234987871325
1808,euler_ramsey,0.5,2.5% Ramsey,risk_aversion,combined,0,314.70548488116145,1.9087465649141544
1809,euler_ramsey,0.5,1.5% Ramsey,risk_aversion,combined,0,227.66472438132203,0.4250514472578015
1809,euler_ramsey,0.5,2.0% Ramsey,risk_aversion,combined,0,111.32137007846949,0.3333081113962547
1809,euler_ramsey,0.5,2.5% Ramsey,risk_aversion,combined,0,49.11801762003171,0.27306746011752636
1810,euler_ramsey,0.5,1.5% Ramsey,risk_aversion,combined,0,244.03932070556328,1.347774062568653
1810,euler_ramsey,0.5,2.0% Ramsey,risk_aversion,combined,0,203.24231121699796,1.3709212582369164
1810,euler_ramsey,0.5,2.5% Ramsey,risk_aversion,combined,0,160.42800270302305,1.3737243811110038
1811,euler_ramsey,0.5,1.5% Ramsey,risk_aversion,combined,0,104.08833338610341,0.8405060429947738
1811,euler_ramsey,0.5,2.0% Ramsey,risk_aversion,combined,0,74.83628590677205,0.7694073083573736
1811,euler_ramsey,0.5,2.5% Ramsey,risk_aversion,combined,0,53.567176140811874,0.7106454453464915
1812,euler_ramsey,0.5,1.5% Ramsey,risk_aversion,combined,0,168.41306354766454,0.5829397706827053
1812,euler_ramsey,0.5,2.0% Ramsey,risk_aversion,combined,0,88.25088348396417,0.4908957452052145
1812,euler_ramsey,0.5,2.5% Ramsey,risk_aversion,combined,0,49.92153813163718,0.4249827200584147
1813,euler_ramsey,0.5,1.5% Ramsey,risk_aversion,combined,0,572.7968779865814,1.7565820482925454
1813,euler_ramsey,0.5,2.0% Ramsey,risk_aversion,combined,0,457.72684092022354,1.897772727316814
1813,euler_ramsey,0.5,2.5% Ramsey,risk_aversion,combined,0,345.176352544347,1.9925731125167443
1814,euler_ramsey,0.5,1.5% Ramsey,risk_aversion,combined,0,-746.5433672759387,0.3928483149608039
1814,euler_ramsey,0.5,2.0% Ramsey,risk_aversion,combined,0,-308.60918573711973,0.30269780704324534
1814,euler_ramsey,0.5,2.5% Ramsey,risk_aversion,combined,0,-177.51129241775845,0.24464889103222023
1815,euler_ramsey,0.5,1.5% Ramsey,risk_aversion,combined,0,271.36412485659645,1.5219574710074635
1815,euler_ramsey,0.5,2.0% Ramsey,risk_aversion,combined,0,178.00771595377117,1.5921545536312822
1815,euler_ramsey,0.5,2.5% Ramsey,risk_aversion,combined,0,123.91848191724746,1.6304946784565806
1816,euler_ramsey,0.5,1.5% Ramsey,risk_aversion,combined,0,320.8542695378501,0.9807375208734944
1816,euler_ramsey,0.5,2.0% Ramsey,risk_aversion,combined,0,292.6178046561774,0.9294038451596655
1816,euler_ramsey,0.5,2.5% Ramsey,risk_aversion,combined,0,233.10760013779222,0.8816853030369838
1817,euler_ramsey,0.5,1.5% Ramsey,risk_aversion,combined,0,-1660.8688962049473,0.2952754288022047
1817,euler_ramsey,0.5,2.0% Ramsey,risk_aversion,combined,0,-933.6406574396227,0.21345765383706106
1817,euler_ramsey,0.5,2.5% Ramsey,risk_aversion,combined,0,-609.5073616988539,0.16422233386399282
1818,euler_ramsey,0.5,1.5% Ramsey,risk_aversion,combined,0,107.64772642856389,1.2188598149635408
1818,euler_ramsey,0.5,2.0% Ramsey,risk_aversion,combined,0,76.3955185732279,1.2122203056146088
1818,euler_ramsey,0.5,2.5% Ramsey,risk_aversion,combined,0,53.79235395087726,1.193668588503372
1819,euler_ramsey,0.5,1.5% Ramsey,risk_aversion,combined,0,2987.270418871008,0.5466668648113513
1819,euler_ramsey,0.5,2.0% Ramsey,risk_aversion,combined,0,1912.955355064717,0.45474824383604345
1819,euler_ramsey,0.5,2.5% Ramsey,risk_aversion,combined,0,1245.3347364012907,0.39006895816965537
1820,euler_ramsey,0.5,1.5% Ramsey,risk_aversion,combined,0,49.54363213384311,4.215914750406375
1820,euler_ramsey,0.5,2.0% Ramsey,risk_aversion,combined,0,44.704147351009986,5.544592566100792
1820,euler_ramsey,0.5,2.5% Ramsey,risk_aversion,combined,0,37.61913217700419,6.7768986678577035
1821,euler_ramsey,0.5,1.5% Ramsey,risk_aversion,combined,0,662.3360584572207,0.3522968360897273
1821,euler_ramsey,0.5,2.0% Ramsey,risk_aversion,combined,0,434.3570339754713,0.26482294272265
1821,euler_ramsey,0.5,2.5% Ramsey,risk_aversion,combined,0,295.3336008509427,0.20998191241900033
1822,euler_ramsey,0.5,1.5% Ramsey,risk_aversion,combined,0,534.9220929061939,1.5791287001290066
1822,euler_ramsey,0.5,2.0% Ramsey,risk_aversion,combined,0,308.76907628640294,1.666666506981292
1822,euler_ramsey,0.5,2.5% Ramsey,risk_aversion,combined,0,196.13050804486699,1.7186500641366191
1823,euler_ramsey,0.5,1.5% Ramsey,risk_aversion,combined,0,203.76987393955463,1.3904209035864308
1823,euler_ramsey,0.5,2.0% Ramsey,risk_aversion,combined,0,180.63584955406,1.4249897354432126
1823,euler_ramsey,0.5,2.5% Ramsey,risk_aversion,combined,0,156.83886412196253,1.4364008325535917
1824,euler_ramsey,0.5,1.5% Ramsey,risk_aversion,combined,0,330.5608168416552,0.992926666486641
1824,euler_ramsey,0.5,2.0% Ramsey,risk_aversion,combined,0,266.1922284266861,0.9432789554228844
1824,euler_ramsey,0.5,2.5% Ramsey,risk_aversion,combined,0,208.35866476668977,0.896576389827746
1825,euler_ramsey,0.5,1.5% Ramsey,risk_aversion,combined,0,111.83270843883528,2.11998984625008
1825,euler_ramsey,0.5,2.0% Ramsey,risk_aversion,combined,0,76.42336721789638,2.3889074742839562
1825,euler_ramsey,0.5,2.5% Ramsey,risk_aversion,combined,0,55.13795325097846,2.590950469455284
1826,euler_ramsey,0.5,1.5% Ramsey,risk_aversion,combined,0,78.39454207099543,0.630513416140083
1826,euler_ramsey,0.5,2.0% Ramsey,risk_aversion,combined,0,18.700849744832638,0.5403553623098312
1826,euler_ramsey,0.5,2.5% Ramsey,risk_aversion,combined,0,1.490642593916418,0.47418744198163737
1827,euler_ramsey,0.5,1.5% Ramsey,risk_aversion,combined,0,2606.477100808303,0.8516337898247532
1827,euler_ramsey,0.5,2.0% Ramsey,risk_aversion,combined,0,2105.0117340439374,0.7827132487250512
1827,euler_ramsey,0.5,2.5% Ramsey,risk_aversion,combined,0,1526.7792957892643,0.7252214334757447
1828,euler_ramsey,0.5,1.5% Ramsey,risk_aversion,combined,0,202.65197977028083,0.7359205810547838
1828,euler_ramsey,0.5,2.0% Ramsey,risk_aversion,combined,0,186.0258367862638,0.6535289366417457
1828,euler_ramsey,0.5,2.5% Ramsey,risk_aversion,combined,0,153.85321180954747,0.589591061305353
1829,euler_ramsey,0.5,1.5% Ramsey,risk_aversion,combined,0,1059.749061365809,0.46351761636141686
1829,euler_ramsey,0.5,2.0% Ramsey,risk_aversion,combined,0,547.0539825439804,0.37067942897511014
1829,euler_ramsey,0.5,2.5% Ramsey,risk_aversion,combined,0,311.59109053715156,0.30834086454976267
1830,euler_ramsey,0.5,1.5% Ramsey,risk_aversion,combined,0,1002.0703541556345,0.7922758864634832
1830,euler_ramsey,0.5,2.0% Ramsey,risk_aversion,combined,0,800.562324072598,0.7159910229999105
1830,euler_ramsey,0.5,2.5% Ramsey,risk_aversion,combined,0,576.15826693022,0.6548331165479016
1831,euler_ramsey,0.5,1.5% Ramsey,risk_aversion,combined,0,-519.7453386548601,0.7291218787758422
1831,euler_ramsey,0.5,2.0% Ramsey,risk_aversion,combined,0,-450.33767683754746,0.6456415653757949
1831,euler_ramsey,0.5,2.5% Ramsey,risk_aversion,combined,0,-335.04351412313014,0.581098450603636
1832,euler_ramsey,0.5,1.5% Ramsey,risk_aversion,combined,0,55.04917626341718,1.0656200983231126
1832,euler_ramsey,0.5,2.0% Ramsey,risk_aversion,combined,0,46.831462283174474,1.0286920242733877
1832,euler_ramsey,0.5,2.5% Ramsey,risk_aversion,combined,0,39.02788589164658,0.9899365674560289
1833,euler_ramsey,0.5,1.5% Ramsey,risk_aversion,combined,0,538.8316482411818,1.0392117769066556
1833,euler_ramsey,0.5,2.0% Ramsey,risk_aversion,combined,0,346.8403851238455,0.9975591733691098
1833,euler_ramsey,0.5,2.5% Ramsey,risk_aversion,combined,0,227.61863790232243,0.9557453069591076
1834,euler_ramsey,0.5,1.5% Ramsey,risk_aversion,combined,0,519.0036344463088,1.3626381761422468
1834,euler_ramsey,0.5,2.0% Ramsey,risk_aversion,combined,0,398.60939670825434,1.3901805060746613
1834,euler_ramsey,0.5,2.5% Ramsey,risk_aversion,combined,0,285.11852319362583,1.3962562538996914
1835,euler_ramsey,0.5,1.5% Ramsey,risk_aversion,combined,0,1641.3759814032394,0.6752296770776647
1835,euler_ramsey,0.5,2.0% Ramsey,risk_aversion,combined,0,1158.0537487951158,0.5889528694665376
1835,euler_ramsey,0.5,2.5% Ramsey,risk_aversion,combined,0,805.323999359086,0.5240382463415835
1836,euler_ramsey,0.5,1.5% Ramsey,risk_aversion,combined,0,-201.73686575727015,0.29626683413141647
1836,euler_ramsey,0.5,2.0% Ramsey,risk_aversion,combined,0,-95.86137013643142,0.21422178845057868
1836,euler_ramsey,0.5,2.5% Ramsey,risk_aversion,combined,0,-45.53637404656098,0.1648337740019689
1837,euler_ramsey,0.5,1.5% Ramsey,risk_aversion,combined,0,1842.274635343893,0.33706370953061315
1837,euler_ramsey,0.5,2.0% Ramsey,risk_aversion,combined,0,1253.893789470365,0.2509261873620343
1837,euler_ramsey,0.5,2.5% Ramsey,risk_aversion,combined,0,868.517679261491,0.19748141156523996
1838,euler_ramsey,0.5,1.5% Ramsey,risk_aversion,combined,0,3051.952184456382,0.4072684122297576
1838,euler_ramsey,0.5,2.0% Ramsey,risk_aversion,combined,0,2000.6356730734544,0.3166217384979496
1838,euler_ramsey,0.5,2.5% Ramsey,risk_aversion,combined,0,1294.1054709457844,0.257701218929042
1839,euler_ramsey,0.5,1.5% Ramsey,risk_aversion,combined,0,-339.4023590984293,0.19092044485722504
1839,euler_ramsey,0.5,2.0% Ramsey,risk_aversion,combined,0,-42.804701941328766,0.12504794248022968
1839,euler_ramsey,0.5,2.5% Ramsey,risk_aversion,combined,0,16.41610112615906,0.08913155561849954
1840,euler_ramsey,0.5,1.5% Ramsey,risk_aversion,combined,0,288.91834111490294,1.8432966687469055
1840,euler_ramsey,0.5,2.0% Ramsey,risk_aversion,combined,0,234.7955753928102,2.012793831313562
1840,euler_ramsey,0.5,2.5% Ramsey,risk_aversion,combined,0,180.65372484535564,2.1307639469993975
1841,euler_ramsey,0.5,1.5% Ramsey,risk_aversion,combined,0,2241.7375676403008,0.8906753181235284
1841,euler_ramsey,0.5,2.0% Ramsey,risk_aversion,combined,0,1652.119573178391,0.8263409275096447
1841,euler_ramsey,0.5,2.5% Ramsey,risk_aversion,combined,0,1125.2033233069167,0.771179730940878
1842,euler_ramsey,0.5,1.5% Ramsey,risk_aversion,combined,0,191.91545821593996,0.9305121717098215
1842,euler_ramsey,0.5,2.0% Ramsey,risk_aversion,combined,0,119.49071162040687,0.8710104675311772
1842,euler_ramsey,0.5,2.5% Ramsey,risk_aversion,combined,0,77.5663039157807,0.8184458975963161
1843,euler_ramsey,0.5,1.5% Ramsey,risk_aversion,combined,0,2792.676971414168,0.7440029583514387
1843,euler_ramsey,0.5,2.0% Ramsey,risk_aversion,combined,0,2502.6276984836254,0.6633816318377532
1843,euler_ramsey,0.5,2.5% Ramsey,risk_aversion,combined,0,2015.9189866972822,0.6004508861455778
1844,euler_ramsey,0.5,1.5% Ramsey,risk_aversion,combined,0,964.1255554453626,0.8397545598640446
1844,euler_ramsey,0.5,2.0% Ramsey,risk_aversion,combined,0,798.6508775430223,0.7686240528573473
1844,euler_ramsey,0.5,2.5% Ramsey,risk_aversion,combined,0,608.381195984082,0.7098714141305476
1845,euler_ramsey,0.5,1.5% Ramsey,risk_aversion,combined,0,107.25624346093134,0.928399746222711
1845,euler_ramsey,0.5,2.0% Ramsey,risk_aversion,combined,0,65.01977084701058,0.8681853634086723
1845,euler_ramsey,0.5,2.5% Ramsey,risk_aversion,combined,0,41.96025051636802,0.8150929965275114
1846,euler_ramsey,0.5,1.5% Ramsey,risk_aversion,combined,0,1397.0703112431331,0.8110799929244763
1846,euler_ramsey,0.5,2.0% Ramsey,risk_aversion,combined,0,1155.3406330303721,0.7367474342240086
1846,euler_ramsey,0.5,2.5% Ramsey,risk_aversion,combined,0,884.0138856932688,0.6764352259923576
1847,euler_ramsey,0.5,1.5% Ramsey,risk_aversion,combined,0,2596.6560461380373,0.37245536226600523
1847,euler_ramsey,0.5,2.0% Ramsey,risk_aversion,combined,0,2169.6177150556978,0.28392364815095905
1847,euler_ramsey,0.5,2.5% Ramsey,risk_aversion,combined,0,1645.9913990752418,0.22761239192290075
1848,euler_ramsey,0.5,1.5% Ramsey,risk_aversion,combined,0,-1052.872761212113,0.4118932642477144
1848,euler_ramsey,0.5,2.0% Ramsey,risk_aversion,combined,0,-774.739680648536,0.32072274425373554
1848,euler_ramsey,0.5,2.5% Ramsey,risk_aversion,combined,0,-548.7403688914364,0.26132923604439445
1849,euler_ramsey,0.5,1.5% Ramsey,risk_aversion,combined,0,17784.40233806355,0.373900301016808
1849,euler_ramsey,0.5,2.0% Ramsey,risk_aversion,combined,0,8266.98572025513,0.28575355307435096
1849,euler_ramsey,0.5,2.5% Ramsey,risk_aversion,combined,0,4057.53447728505,0.22956722623147408
1850,euler_ramsey,0.5,1.5% Ramsey,risk_aversion,combined,0,426.7126081978393,0.9518124317939852
1850,euler_ramsey,0.5,2.0% Ramsey,risk_aversion,combined,0,353.78177169610785,0.8962262415649974
1850,euler_ramsey,0.5,2.5% Ramsey,risk_aversion,combined,0,273.93828166141316,0.8460390933891154
1851,euler_ramsey,0.5,1.5% Ramsey,risk_aversion,combined,0,715.4899824929452,0.6144572110393827
1851,euler_ramsey,0.5,2.0% Ramsey,risk_aversion,combined,0,641.566813017988,0.524118403436517
1851,euler_ramsey,0.5,2.5% Ramsey,risk_aversion,combined,0,512.1815973266539,0.45831479577448836
1852,euler_ramsey,0.5,1.5% Ramsey,risk_aversion,combined,0,3475.4401300773566,1.3669415528030648
1852,euler_ramsey,0.5,2.0% Ramsey,risk_aversion,combined,0,3868.744957669127,1.4010481040936869
1852,euler_ramsey,0.5,2.5% Ramsey,risk_aversion,combined,0,3545.276995075892,1.412851164575096
1853,euler_ramsey,0.5,1.5% Ramsey,risk_aversion,combined,0,544.8320306868575,1.2529921125719625
1853,euler_ramsey,0.5,2.0% Ramsey,risk_aversion,combined,0,449.1295647104439,1.2539752100902237
1853,euler_ramsey,0.5,2.5% Ramsey,risk_aversion,combined,0,339.7600666803529,1.2408018159966838
1854,euler_ramsey,0.5,1.5% Ramsey,risk_aversion,combined,0,-163.6821092374914,0.6879364886570528
1854,euler_ramsey,0.5,2.0% Ramsey,risk_aversion,combined,0,-133.64935569797663,0.6012505165942674
1854,euler_ramsey,0.5,2.5% Ramsey,risk_aversion,combined,0,-99.96443666704036,0.5357040302974954
1855,euler_ramsey,0.5,1.5% Ramsey,risk_aversion,combined,0,-436.6644054596583,0.8089173618533394
1855,euler_ramsey,0.5,2.0% Ramsey,risk_aversion,combined,0,-325.1760643000574,0.7336733411610867
1855,euler_ramsey,0.5,2.5% Ramsey,risk_aversion,combined,0,-228.6980147099209,0.6727190544963081
1856,euler_ramsey,0.5,1.5% Ramsey,risk_aversion,combined,0,451.2325611753737,0.7488738965445766
1856,euler_ramsey,0.5,2.0% Ramsey,risk_aversion,combined,0,358.6470085157631,0.6683404293202029
1856,euler_ramsey,0.5,2.5% Ramsey,risk_aversion,combined,0,276.5620809450703,0.6052880227523937
1857,euler_ramsey,0.5,1.5% Ramsey,risk_aversion,combined,0,-370.868003139817,0.7177420905530422
1857,euler_ramsey,0.5,2.0% Ramsey,risk_aversion,combined,0,-253.66209173419,0.6333995879979653
1857,euler_ramsey,0.5,2.5% Ramsey,risk_aversion,combined,0,-160.43723527010732,0.568590230623481
1858,euler_ramsey,0.5,1.5% Ramsey,risk_aversion,combined,0,-124.7463489801017,0.7325914482413352
1858,euler_ramsey,0.5,2.0% Ramsey,risk_aversion,combined,0,-128.20639753288285,0.6492467216324934
1858,euler_ramsey,0.5,2.5% Ramsey,risk_aversion,combined,0,-107.77161643230532,0.5847072729386102
1859,euler_ramsey,0.5,1.5% Ramsey,risk_aversion,combined,0,1051.2135721722518,0.14297404643769213
1859,euler_ramsey,0.5,2.0% Ramsey,risk_aversion,combined,0,812.7969455464821,0.08775099023749702
1859,euler_ramsey,0.5,2.5% Ramsey,risk_aversion,combined,0,538.9447948078027,0.05947996571309437
1860,euler_ramsey,0.5,1.5% Ramsey,risk_aversion,combined,0,293.28564169585655,0.632859819206402
1860,euler_ramsey,0.5,2.0% Ramsey,risk_aversion,combined,0,266.6942984192291,0.5432071937529938
1860,euler_ramsey,0.5,2.5% Ramsey,risk_aversion,combined,0,212.70318573930535,0.4772898667993651
1861,euler_ramsey,0.5,1.5% Ramsey,risk_aversion,combined,0,8372.803423237894,0.3593505699053109
1861,euler_ramsey,0.5,2.0% Ramsey,risk_aversion,combined,0,3686.241855766798,0.27192568233041337
1861,euler_ramsey,0.5,2.5% Ramsey,risk_aversion,combined,0,1980.3059958709835,0.2167705920183471
1862,euler_ramsey,0.5,1.5% Ramsey,risk_aversion,combined,0,243.90452944917422,1.3619112760530798
1862,euler_ramsey,0.5,2.0% Ramsey,risk_aversion,combined,0,235.0621622580363,1.389735299780184
1862,euler_ramsey,0.5,2.5% Ramsey,risk_aversion,combined,0,192.9622701800877,1.3960440750757048
1863,euler_ramsey,0.5,1.5% Ramsey,risk_aversion,combined,0,-610.0130243878986,0.5517283664885044
1863,euler_ramsey,0.5,2.0% Ramsey,risk_aversion,combined,0,-328.27757136006494,0.45875661545628155
1863,euler_ramsey,0.5,2.5% Ramsey,risk_aversion,combined,0,-166.76311123064232,0.39327439393201363
1864,euler_ramsey,0.5,1.5% Ramsey,risk_aversion,combined,0,182.19623082658717,1.0770336599494768
1864,euler_ramsey,0.5,2.0% Ramsey,risk_aversion,combined,0,159.10055747950614,1.0415672448655227
1864,euler_ramsey,0.5,2.5% Ramsey,risk_aversion,combined,0,134.71715791888158,1.0036348170258154
1865,euler_ramsey,0.5,1.5% Ramsey,risk_aversion,combined,0,8813.268623287435,0.19023781947845456
1865,euler_ramsey,0.5,2.0% Ramsey,risk_aversion,combined,0,3204.7099841935565,0.12460744328526994
1865,euler_ramsey,0.5,2.5% Ramsey,risk_aversion,combined,0,1541.7456072241766,0.08882918486138705
1866,euler_ramsey,0.5,1.5% Ramsey,risk_aversion,combined,0,539.397935840075,1.1413649390342908
1866,euler_ramsey,0.5,2.0% Ramsey,risk_aversion,combined,0,400.29991962551924,1.1186675954791336
1866,euler_ramsey,0.5,2.5% Ramsey,risk_aversion,combined,0,284.72242167601377,1.0892081335084016
1867,euler_ramsey,0.5,1.5% Ramsey,risk_aversion,combined,0,91.10568595268924,2.118863009333301
1867,euler_ramsey,0.5,2.0% Ramsey,risk_aversion,combined,0,60.449588762609665,2.3874332163875205
1867,euler_ramsey,0.5,2.5% Ramsey,risk_aversion,combined,0,41.50224305694397,2.589174750209784
1868,euler_ramsey,0.5,1.5% Ramsey,risk_aversion,combined,0,-147.5239187311641,0.9300565920193185
1868,euler_ramsey,0.5,2.0% Ramsey,risk_aversion,combined,0,-121.33042634647754,0.8702545374165802
1868,euler_ramsey,0.5,2.5% Ramsey,risk_aversion,combined,0,-88.2237716934016,0.8174196668512825
1869,euler_ramsey,0.5,1.5% Ramsey,risk_aversion,combined,0,-97.02397911258866,1.766231347098927
1869,euler_ramsey,0.5,2.0% Ramsey,risk_aversion,combined,0,-80.61078365432671,1.91053023228915
1869,euler_ramsey,0.5,2.5% Ramsey,risk_aversion,combined,0,-61.87694197170128,2.0076230473283814
1870,euler_ramsey,0.5,1.5% Ramsey,risk_aversion,combined,0,3013.477552776127,0.280427239669577
1870,euler_ramsey,0.5,2.0% Ramsey,risk_aversion,combined,0,1562.5247994813976,0.20040881178954073
1870,euler_ramsey,0.5,2.5% Ramsey,risk_aversion,combined,0,971.3077668119971,0.15282696985097594
1871,euler_ramsey,0.5,1.5% Ramsey,risk_aversion,combined,0,1304.351154290902,1.0914095597413502
1871,euler_ramsey,0.5,2.0% Ramsey,risk_aversion,combined,0,1050.8164113943124,1.0605126489324528
1871,euler_ramsey,0.5,2.5% Ramsey,risk_aversion,combined,0,770.2463999591525,1.0258794129790336
1872,euler_ramsey,0.5,1.5% Ramsey,risk_aversion,combined,0,-187.7575698532006,0.7969040884846883
1872,euler_ramsey,0.5,2.0% Ramsey,risk_aversion,combined,0,-156.51403557174277,0.7206540849020728
1872,euler_ramsey,0.5,2.5% Ramsey,risk_aversion,combined,0,-118.42090178732361,0.6592916660297442
1873,euler_ramsey,0.5,1.5% Ramsey,risk_aversion,combined,0,1780.9818002218653,0.8324188423344331
1873,euler_ramsey,0.5,2.0% Ramsey,risk_aversion,combined,0,1589.473964221836,0.7613828838352995
1873,euler_ramsey,0.5,2.5% Ramsey,risk_aversion,combined,0,1276.4993158225225,0.7029100638022163
1874,euler_ramsey,0.5,1.5% Ramsey,risk_aversion,combined,0,-341.9892522569357,0.41812882626561576
1874,euler_ramsey,0.5,2.0% Ramsey,risk_aversion,combined,0,-296.19790544800077,0.3267944537513838
1874,euler_ramsey,0.5,2.5% Ramsey,risk_aversion,combined,0,-232.74119743991238,0.26705248883302063
1875,euler_ramsey,0.5,1.5% Ramsey,risk_aversion,combined,0,731.3247858720575,1.1124210679389512
1875,euler_ramsey,0.5,2.0% Ramsey,risk_aversion,combined,0,534.1975910135095,1.083704634318682
1875,euler_ramsey,0.5,2.5% Ramsey,risk_aversion,combined,0,387.1587491043267,1.0501748312879977
1876,euler_ramsey,0.5,1.5% Ramsey,risk_aversion,combined,0,250.66969126511543,0.9998073233571707
1876,euler_ramsey,0.5,2.0% Ramsey,risk_aversion,combined,0,198.20753627216357,0.9510762591343723
1876,euler_ramsey,0.5,2.5% Ramsey,risk_aversion,combined,0,150.1232432837267,0.9048779741570301
1877,euler_ramsey,0.5,1.5% Ramsey,risk_aversion,combined,0,143.47665395068273,1.3347830828287464
1877,euler_ramsey,0.5,2.0% Ramsey,risk_aversion,combined,0,104.56540818674677,1.3549698485558972
1877,euler_ramsey,0.5,2.5% Ramsey,risk_aversion,combined,0,70.89351249995939,1.3555545285322763
1878,euler_ramsey,0.5,1.5% Ramsey,risk_aversion,combined,0,1124.6132934896987,1.6504256787314986
1878,euler_ramsey,0.5,2.0% Ramsey,risk_aversion,combined,0,767.2955879297712,1.7588460546652265
1878,euler_ramsey,0.5,2.5% Ramsey,risk_aversion,combined,0,508.6581985673045,1.8273180691348203
1879,euler_ramsey,0.5,1.5% Ramsey,risk_aversion,combined,0,2810.514297315365,0.6294313853767828
1879,euler_ramsey,0.5,2.0% Ramsey,risk_aversion,combined,0,3819.970355055833,0.5404316208110463
1879,euler_ramsey,0.5,2.5% Ramsey,risk_aversion,combined,0,4028.211264220828,0.4750457945015594
1880,euler_ramsey,0.5,1.5% Ramsey,risk_aversion,combined,0,3872.9626343021587,0.7551657353424234
1880,euler_ramsey,0.5,2.0% Ramsey,risk_aversion,combined,0,3573.7189353901026,0.6771375935483405
1880,euler_ramsey,0.5,2.5% Ramsey,risk_aversion,combined,0,2964.546645870907,0.6157095008348361
1881,euler_ramsey,0.5,1.5% Ramsey,risk_aversion,combined,0,1068.4442118156835,0.552874375728247
1881,euler_ramsey,0.5,2.0% Ramsey,risk_aversion,combined,0,599.8049463494416,0.4607220073063993
1881,euler_ramsey,0.5,2.5% Ramsey,risk_aversion,combined,0,414.2480500664663,0.39570033427813533
1882,euler_ramsey,0.5,1.5% Ramsey,risk_aversion,combined,0,535.1873924674836,1.7524149922513008
1882,euler_ramsey,0.5,2.0% Ramsey,risk_aversion,combined,0,419.11084807402005,1.8920043226312433
1882,euler_ramsey,0.5,2.5% Ramsey,risk_aversion,combined,0,308.6795653906683,1.9854395699591776
1883,euler_ramsey,0.5,1.5% Ramsey,risk_aversion,combined,0,672.177315051742,0.4563661912077597
1883,euler_ramsey,0.5,2.0% Ramsey,risk_aversion,combined,0,516.0209479208871,0.36360952097767707
1883,euler_ramsey,0.5,2.5% Ramsey,risk_aversion,combined,0,340.08019433723445,0.30158470871507825
1884,euler_ramsey,0.5,1.5% Ramsey,risk_aversion,combined,0,840.8555888138185,0.5685350339979953
1884,euler_ramsey,0.5,2.0% Ramsey,risk_aversion,combined,0,644.0703350415603,0.47600261019224616
1884,euler_ramsey,0.5,2.5% Ramsey,risk_aversion,combined,0,458.2227703628326,0.4102487008816651
1885,euler_ramsey,0.5,1.5% Ramsey,risk_aversion,combined,0,-316.6901125874515,0.8170909949503059
1885,euler_ramsey,0.5,2.0% Ramsey,risk_aversion,combined,0,-252.1867943420661,0.7423726127510167
1885,euler_ramsey,0.5,2.5% Ramsey,risk_aversion,combined,0,-174.08722671126947,0.6815851257789511
1886,euler_ramsey,0.5,1.5% Ramsey,risk_aversion,combined,0,287.06485624169716,1.910539279711648
1886,euler_ramsey,0.5,2.0% Ramsey,risk_aversion,combined,0,187.0539988649513,2.103221169845799
1886,euler_ramsey,0.5,2.5% Ramsey,risk_aversion,combined,0,124.10030195660107,2.240373126592351
1887,euler_ramsey,0.5,1.5% Ramsey,risk_aversion,combined,0,170.41442585120643,1.0198723608403435
1887,euler_ramsey,0.5,2.0% Ramsey,risk_aversion,combined,0,158.65839732648152,0.9753944909645803
1887,euler_ramsey,0.5,2.5% Ramsey,risk_aversion,combined,0,124.53529880578309,0.93188042352015
1888,euler_ramsey,0.5,1.5% Ramsey,risk_aversion,combined,0,-1024.5953439525488,0.353092125369751
1888,euler_ramsey,0.5,2.0% Ramsey,risk_aversion,combined,0,-618.1728191874022,0.26557605552077107
1888,euler_ramsey,0.5,2.5% Ramsey,risk_aversion,combined,0,-383.34885808518254,0.21067391704553246
1889,euler_ramsey,0.5,1.5% Ramsey,risk_aversion,combined,0,1699.8487092662083,0.8679406586222483
1889,euler_ramsey,0.5,2.0% Ramsey,risk_aversion,combined,0,1389.2326323893253,0.8005738514801213
1889,euler_ramsey,0.5,2.5% Ramsey,risk_aversion,combined,0,1041.8885918235521,0.7438230206560281
1890,euler_ramsey,0.5,1.5% Ramsey,risk_aversion,combined,0,4709.00431303813,0.3038627243998164
1890,euler_ramsey,0.5,2.0% Ramsey,risk_aversion,combined,0,2999.54837413068,0.22116009568024403
1890,euler_ramsey,0.5,2.5% Ramsey,risk_aversion,combined,0,1916.8559420118766,0.17105458744872498
1891,euler_ramsey,0.5,1.5% Ramsey,risk_aversion,combined,0,1824.0024958876681,0.3051466754948335
1891,euler_ramsey,0.5,2.0% Ramsey,risk_aversion,combined,0,966.3907779962764,0.22216729179234931
1891,euler_ramsey,0.5,2.5% Ramsey,risk_aversion,combined,0,561.470596111293,0.1718667906651795
1892,euler_ramsey,0.5,1.5% Ramsey,risk_aversion,combined,0,-141.67486706218344,0.4696092975617053
1892,euler_ramsey,0.5,2.0% Ramsey,risk_aversion,combined,0,-128.6779798613337,0.3765848657963868
1892,euler_ramsey,0.5,2.5% Ramsey,risk_aversion,combined,0,-102.02784169316888,0.31391066798159095
1893,euler_ramsey,0.5,1.5% Ramsey,risk_aversion,combined,0,1252.3327597992134,0.46866069486314776
1893,euler_ramsey,0.5,2.0% Ramsey,risk_aversion,combined,0,576.0230552910753,0.3759611252630432
1893,euler_ramsey,0.5,2.5% Ramsey,risk_aversion,combined,0,356.1395616433222,0.3135080149252958
1894,euler_ramsey,0.5,1.5% Ramsey,risk_aversion,combined,0,299.5763092567289,1.2919096798283294
1894,euler_ramsey,0.5,2.0% Ramsey,risk_aversion,combined,0,203.46795046185255,1.3020682067565759
1894,euler_ramsey,0.5,2.5% Ramsey,risk_aversion,combined,0,141.32838804476708,1.295460650895492
1895,euler_ramsey,0.5,1.5% Ramsey,risk_aversion,combined,0,309.5122844591671,1.2579280195367866
1895,euler_ramsey,0.5,2.0% Ramsey,risk_aversion,combined,0,273.2730258525472,1.2608750798044945
1895,euler_ramsey,0.5,2.5% Ramsey,risk_aversion,combined,0,218.8755121467931,1.2493315435447814
1896,euler_ramsey,0.5,1.5% Ramsey,risk_aversion,combined,0,1605.3305809273425,1.4621786767784704
1896,euler_ramsey,0.5,2.0% Ramsey,risk_aversion,combined,0,1218.3597917746226,1.5173571377916588
1896,euler_ramsey,0.5,2.5% Ramsey,risk_aversion,combined,0,878.2176350419892,1.5444519103668473
1897,euler_ramsey,0.5,1.5% Ramsey,risk_aversion,combined,0,-350.4328447688498,1.0718199743412768
1897,euler_ramsey,0.5,2.0% Ramsey,risk_aversion,combined,0,-231.52106651045665,1.0362977882801503
1897,euler_ramsey,0.5,2.5% Ramsey,risk_aversion,combined,0,-149.85173330336875,0.9983987241596854
1898,euler_ramsey,0.5,1.5% Ramsey,risk_aversion,combined,0,1054.293421901451,1.214206739608847
1898,euler_ramsey,0.5,2.0% Ramsey,risk_aversion,combined,0,785.4661164557973,1.2072039659310079
1898,euler_ramsey,0.5,2.5% Ramsey,risk_aversion,combined,0,542.2512008398269,1.1885583429147406
1899,euler_ramsey,0.5,1.5% Ramsey,risk_aversion,combined,0,693.4403100514741,0.6397471825650346
1899,euler_ramsey,0.5,2.0% Ramsey,risk_aversion,combined,0,634.878632227777,0.5506057224121236
1899,euler_ramsey,0.5,2.5% Ramsey,risk_aversion,combined,0,512.6413456854763,0.4848217995450003
1900,euler_ramsey,0.5,1.5% Ramsey,risk_aversion,combined,0,1614.8766857203682,2.060494764400442
1900,euler_ramsey,0.5,2.0% Ramsey,risk_aversion,combined,0,1241.9420718256285,2.309744553172395
1900,euler_ramsey,0.5,2.5% Ramsey,risk_aversion,combined,0,893.7150680663237,2.495635555621951
1901,euler_ramsey,0.5,1.5% Ramsey,risk_aversion,combined,0,749.923059685953,0.861073491045692
1901,euler_ramsey,0.5,2.0% Ramsey,risk_aversion,combined,0,627.5604826314448,0.7925112756983461
1901,euler_ramsey,0.5,2.5% Ramsey,risk_aversion,combined,0,472.8677113733499,0.7350025455618685
1902,euler_ramsey,0.5,1.5% Ramsey,risk_aversion,combined,0,1250.0244783161102,0.8106683100424436
1902,euler_ramsey,0.5,2.0% Ramsey,risk_aversion,combined,0,1020.6001313048914,0.7354222097057228
1902,euler_ramsey,0.5,2.5% Ramsey,risk_aversion,combined,0,734.2344868285472,0.6744407171267094
1903,euler_ramsey,0.5,1.5% Ramsey,risk_aversion,combined,0,363.62737939485453,0.893718168190301
1903,euler_ramsey,0.5,2.0% Ramsey,risk_aversion,combined,0,221.85640580167475,0.8291734706431952
1903,euler_ramsey,0.5,2.5% Ramsey,risk_aversion,combined,0,135.53495075402466,0.7737863848816051
1904,euler_ramsey,0.5,1.5% Ramsey,risk_aversion,combined,0,-947.734503737399,0.3115483512985558
1904,euler_ramsey,0.5,2.0% Ramsey,risk_aversion,combined,0,-589.8074159159245,0.22790717075144618
1904,euler_ramsey,0.5,2.5% Ramsey,risk_aversion,combined,0,-415.1658287681386,0.17695154252222411
1905,euler_ramsey,0.5,1.5% Ramsey,risk_aversion,combined,0,963.253021631547,0.7392199181841802
1905,euler_ramsey,0.5,2.0% Ramsey,risk_aversion,combined,0,741.4313172239199,0.6588203559055488
1905,euler_ramsey,0.5,2.5% Ramsey,risk_aversion,combined,0,557.9904815508818,0.5961318202424181
1906,euler_ramsey,0.5,1.5% Ramsey,risk_aversion,combined,0,32.275053654236594,1.4028654606411992
1906,euler_ramsey,0.5,2.0% Ramsey,risk_aversion,combined,0,20.331722160961405,1.4408163387960593
1906,euler_ramsey,0.5,2.5% Ramsey,risk_aversion,combined,0,15.727112455475256,1.454585293976857
1907,euler_ramsey,0.5,1.5% Ramsey,risk_aversion,combined,0,574.5343360752263,1.8126495634026178
1907,euler_ramsey,0.5,2.0% Ramsey,risk_aversion,combined,0,420.26097862479776,1.9721663359021964
1907,euler_ramsey,0.5,2.5% Ramsey,risk_aversion,combined,0,313.43118854433914,2.0818795964776777
1908,euler_ramsey,0.5,1.5% Ramsey,risk_aversion,combined,0,961.573731296646,0.46893476006253876
1908,euler_ramsey,0.5,2.0% Ramsey,risk_aversion,combined,0,858.0524040678218,0.37679418478511245
1908,euler_ramsey,0.5,2.5% Ramsey,risk_aversion,combined,0,693.156340052523,0.31464848718903343
1909,euler_ramsey,0.5,1.5% Ramsey,risk_aversion,combined,0,531.1964354522175,1.6675252888497913
1909,euler_ramsey,0.5,2.0% Ramsey,risk_aversion,combined,0,369.1353135262451,1.7805246667851469
1909,euler_ramsey,0.5,2.5% Ramsey,risk_aversion,combined,0,262.81504351282354,1.8524777479906713
1910,euler_ramsey,0.5,1.5% Ramsey,risk_aversion,combined,0,164.98414420615126,0.8719540395515484
1910,euler_ramsey,0.5,2.0% Ramsey,risk_aversion,combined,0,118.32086890622837,0.8046395158070513
1910,euler_ramsey,0.5,2.5% Ramsey,risk_aversion,combined,0,78.554712617201,0.7477865367812271
1911,euler_ramsey,0.5,1.5% Ramsey,risk_aversion,combined,0,107.121560517362,0.6690840534949649
1911,euler_ramsey,0.5,2.0% Ramsey,risk_aversion,combined,0,120.6433357443903,0.5817264634212114
1911,euler_ramsey,0.5,2.5% Ramsey,risk_aversion,combined,0,118.39959983617995,0.5163073786578605
1912,euler_ramsey,0.5,1.5% Ramsey,risk_aversion,combined,0,3495.2144123276444,0.5816838328586015
1912,euler_ramsey,0.5,2.0% Ramsey,risk_aversion,combined,0,2630.7881656405775,0.4909447913424102
1912,euler_ramsey,0.5,2.5% Ramsey,risk_aversion,combined,0,1765.5079935112858,0.4258925832469046
1913,euler_ramsey,0.5,1.5% Ramsey,risk_aversion,combined,0,306.165310008281,0.7331277282765317
1913,euler_ramsey,0.5,2.0% Ramsey,risk_aversion,combined,0,302.5165485350268,0.6501219692056573
1913,euler_ramsey,0.5,2.5% Ramsey,risk_aversion,combined,0,270.14950667104574,0.5858218212741378
1914,euler_ramsey,0.5,1.5% Ramsey,risk_aversion,combined,0,1287.6134477831051,1.3406976089577927
1914,euler_ramsey,0.5,2.0% Ramsey,risk_aversion,combined,0,1029.6189397670414,1.3629642019806665
1914,euler_ramsey,0.5,2.5% Ramsey,risk_aversion,combined,0,742.6549499699327,1.3651787169515217
1915,euler_ramsey,0.5,1.5% Ramsey,risk_aversion,combined,0,741.9744941789738,2.8902949127540056
1915,euler_ramsey,0.5,2.0% Ramsey,risk_aversion,combined,0,483.31240118804646,3.49656849612198
1915,euler_ramsey,0.5,2.5% Ramsey,risk_aversion,combined,0,312.88460983825,4.007312225160093
1916,euler_ramsey,0.5,1.5% Ramsey,risk_aversion,combined,0,-124.29482539591218,0.944907611230095
1916,euler_ramsey,0.5,2.0% Ramsey,risk_aversion,combined,0,-106.72171392223582,0.8878879827160252
1916,euler_ramsey,0.5,2.5% Ramsey,risk_aversion,combined,0,-79.00631349999078,0.8367429046708061
1917,euler_ramsey,0.5,1.5% Ramsey,risk_aversion,combined,0,185.4952138044472,1.2944652907777685
1917,euler_ramsey,0.5,2.0% Ramsey,risk_aversion,combined,0,131.47265630582058,1.3052647159097683
1917,euler_ramsey,0.5,2.5% Ramsey,risk_aversion,combined,0,85.30667160810877,1.2991271829644175
1918,euler_ramsey,0.5,1.5% Ramsey,risk_aversion,combined,0,836.3642749358888,0.44922867942318206
1918,euler_ramsey,0.5,2.0% Ramsey,risk_aversion,combined,0,783.2065282928955,0.3566750606707668
1918,euler_ramsey,0.5,2.5% Ramsey,risk_aversion,combined,0,636.3285253430051,0.295038743355102
1919,euler_ramsey,0.5,1.5% Ramsey,risk_aversion,combined,0,-21.214590559925618,2.641204203962701
1919,euler_ramsey,0.5,2.0% Ramsey,risk_aversion,combined,0,-15.896680448948798,3.1273205041974563
1919,euler_ramsey,0.5,2.5% Ramsey,risk_aversion,combined,0,-8.372084839439086,3.524295565345072
1920,euler_ramsey,0.5,1.5% Ramsey,risk_aversion,combined,0,481.54080741700784,0.5123059163820204
1920,euler_ramsey,0.5,2.0% Ramsey,risk_aversion,combined,0,327.9687373470152,0.419023015462944
1920,euler_ramsey,0.5,2.5% Ramsey,risk_aversion,combined,0,235.02908089547475,0.35467596550060015
1921,euler_ramsey,0.5,1.5% Ramsey,risk_aversion,combined,0,-909.633303319019,0.3924429147503374
1921,euler_ramsey,0.5,2.0% Ramsey,risk_aversion,combined,0,-820.5360712141354,0.3024077193218856
1921,euler_ramsey,0.5,2.5% Ramsey,risk_aversion,combined,0,-645.6373027504026,0.24443358297871892
1922,euler_ramsey,0.5,1.5% Ramsey,risk_aversion,combined,0,1323.9259551459054,0.5310389838419914
1922,euler_ramsey,0.5,2.0% Ramsey,risk_aversion,combined,0,810.0653158626384,0.43807780289189285
1922,euler_ramsey,0.5,2.5% Ramsey,risk_aversion,combined,0,509.36306350955437,0.37328572923006087
1923,euler_ramsey,0.5,1.5% Ramsey,risk_aversion,combined,0,-895.0397197695548,0.48114653294959003
1923,euler_ramsey,0.5,2.0% Ramsey,risk_aversion,combined,0,-712.7328944441051,0.38796965276383344
1923,euler_ramsey,0.5,2.5% Ramsey,risk_aversion,combined,0,-511.67319504872046,0.3247833015214112
1924,euler_ramsey,0.5,1.5% Ramsey,risk_aversion,combined,0,1114.0270864039771,0.8617305556577236
1924,euler_ramsey,0.5,2.0% Ramsey,risk_aversion,combined,0,871.7783693320845,0.792919706331072
1924,euler_ramsey,0.5,2.5% Ramsey,risk_aversion,combined,0,628.3729540834355,0.7352424253736894
1925,euler_ramsey,0.5,1.5% Ramsey,risk_aversion,combined,0,443.2639646413246,1.6796893533034563
1925,euler_ramsey,0.5,2.0% Ramsey,risk_aversion,combined,0,314.1078677749346,1.7963630785875289
1925,euler_ramsey,0.5,2.5% Ramsey,risk_aversion,combined,0,216.5786834146377,1.8712258151044532
1926,euler_ramsey,0.5,1.5% Ramsey,risk_aversion,combined,0,186.7718768582834,1.656183202213501
1926,euler_ramsey,0.5,2.0% Ramsey,risk_aversion,combined,0,140.98166223792143,1.7655802532054472
1926,euler_ramsey,0.5,2.5% Ramsey,risk_aversion,combined,0,105.32450450071053,1.8345897762127197
1927,euler_ramsey,0.5,1.5% Ramsey,risk_aversion,combined,0,1032.54242773608,0.7849271248223992
1927,euler_ramsey,0.5,2.0% Ramsey,risk_aversion,combined,0,645.6535693450257,0.7070309537609635
1927,euler_ramsey,0.5,2.5% Ramsey,risk_aversion,combined,0,402.89224186913634,0.6448519970454557
1928,euler_ramsey,0.5,1.5% Ramsey,risk_aversion,combined,0,749.945848426114,1.0872098819900933
1928,euler_ramsey,0.5,2.0% Ramsey,risk_aversion,combined,0,592.0267961490023,1.0541169049592924
1928,euler_ramsey,0.5,2.5% Ramsey,risk_aversion,combined,0,434.7576899285894,1.0178138834193633
1929,euler_ramsey,0.5,1.5% Ramsey,risk_aversion,combined,0,295.7688712894896,2.6073997771656447
1929,euler_ramsey,0.5,2.0% Ramsey,risk_aversion,combined,0,234.1406872572897,3.0790367037513917
1929,euler_ramsey,0.5,2.5% Ramsey,risk_aversion,combined,0,185.01134929925,3.4629861736694947
1930,euler_ramsey,0.5,1.5% Ramsey,risk_aversion,combined,0,346.2282973577612,0.7972304481975975
1930,euler_ramsey,0.5,2.0% Ramsey,risk_aversion,combined,0,267.715111948431,0.7207917575084907
1930,euler_ramsey,0.5,2.5% Ramsey,risk_aversion,combined,0,193.57044493631017,0.659352035413446
1931,euler_ramsey,0.5,1.5% Ramsey,risk_aversion,combined,0,1307.0755403748822,0.9387200452999237
1931,euler_ramsey,0.5,2.0% Ramsey,risk_aversion,combined,0,905.7469641711409,0.8808840112645709
1931,euler_ramsey,0.5,2.5% Ramsey,risk_aversion,combined,0,644.6217536944961,0.8293361701721684
1932,euler_ramsey,0.5,1.5% Ramsey,risk_aversion,combined,0,-314.3032507101377,0.6725457417410665
1932,euler_ramsey,0.5,2.0% Ramsey,risk_aversion,combined,0,-149.96113735017093,0.5853611219733365
1932,euler_ramsey,0.5,2.5% Ramsey,risk_aversion,combined,0,-70.30220509434332,0.5199543741289998
1933,euler_ramsey,0.5,1.5% Ramsey,risk_aversion,combined,0,6278.3610311503,0.3835658491475419
1933,euler_ramsey,0.5,2.0% Ramsey,risk_aversion,combined,0,4086.0574483606033,0.2944482825790044
1933,euler_ramsey,0.5,2.5% Ramsey,risk_aversion,combined,0,2522.620274583535,0.2373402879395485
1934,euler_ramsey,0.5,1.5% Ramsey,risk_aversion,combined,0,986.2558824260025,0.8924983324337743
1934,euler_ramsey,0.5,2.0% Ramsey,risk_aversion,combined,0,753.5473501536866,0.8285595985672972
1934,euler_ramsey,0.5,2.5% Ramsey,risk_aversion,combined,0,529.7313420379469,0.7736875173922825
1935,euler_ramsey,0.5,1.5% Ramsey,risk_aversion,combined,0,454.31046259457906,1.2482007945477955
1935,euler_ramsey,0.5,2.0% Ramsey,risk_aversion,combined,0,270.90679513546485,1.2488609454079502
1935,euler_ramsey,0.5,2.5% Ramsey,risk_aversion,combined,0,173.00043402891112,1.235542855556404
1936,euler_ramsey,0.5,1.5% Ramsey,risk_aversion,combined,0,181.96099865801543,2.1112701223103447
1936,euler_ramsey,0.5,2.0% Ramsey,risk_aversion,combined,0,146.5565584276713,2.3769667945043453
1936,euler_ramsey,0.5,2.5% Ramsey,risk_aversion,combined,0,115.82264174107489,2.5763512393314563
1937,euler_ramsey,0.5,1.5% Ramsey,risk_aversion,combined,0,505.3765569915027,2.7492870757153094
1937,euler_ramsey,0.5,2.0% Ramsey,risk_aversion,combined,0,315.45813161560324,3.286529435614032
1937,euler_ramsey,0.5,2.5% Ramsey,risk_aversion,combined,0,202.26754052111755,3.7316348959761214
1938,euler_ramsey,0.5,1.5% Ramsey,risk_aversion,combined,0,329.3572389838706,0.8281647813065068
1938,euler_ramsey,0.5,2.0% Ramsey,risk_aversion,combined,0,251.4864217179264,0.7564775427247958
1938,euler_ramsey,0.5,2.5% Ramsey,risk_aversion,combined,0,185.5173202727485,0.697561216923796
1939,euler_ramsey,0.5,1.5% Ramsey,risk_aversion,combined,0,498.81055262859127,1.109623139687012
1939,euler_ramsey,0.5,2.0% Ramsey,risk_aversion,combined,0,408.6341121532554,1.0805565785077749
1939,euler_ramsey,0.5,2.5% Ramsey,risk_aversion,combined,0,315.21115385345314,1.0468422790897365
1940,euler_ramsey,0.5,1.5% Ramsey,risk_aversion,combined,0,290.934702628027,3.4288673072344396
1940,euler_ramsey,0.5,2.0% Ramsey,risk_aversion,combined,0,234.5993410295704,4.304805400199699
1940,euler_ramsey,0.5,2.5% Ramsey,risk_aversion,combined,0,173.85131515286616,5.0759354554588425
1941,euler_ramsey,0.5,1.5% Ramsey,risk_aversion,combined,0,201.426373651807,0.8514220252420481
1941,euler_ramsey,0.5,2.0% Ramsey,risk_aversion,combined,0,159.15876316730473,0.7806667921055126
1941,euler_ramsey,0.5,2.5% Ramsey,risk_aversion,combined,0,117.69504648757031,0.7218503636150659
1942,euler_ramsey,0.5,1.5% Ramsey,risk_aversion,combined,0,367.5688024543366,0.6984560249429683
1942,euler_ramsey,0.5,2.0% Ramsey,risk_aversion,combined,0,282.5707857522529,0.6129304173218992
1942,euler_ramsey,0.5,2.5% Ramsey,risk_aversion,combined,0,213.53486224735903,0.547890433439493
1943,euler_ramsey,0.5,1.5% Ramsey,risk_aversion,combined,0,-372.08298025366963,0.37077096529651987
1943,euler_ramsey,0.5,2.0% Ramsey,risk_aversion,combined,0,-256.1966303477151,0.2821001540144133
1943,euler_ramsey,0.5,2.5% Ramsey,risk_aversion,combined,0,-170.9800155298922,0.22579088108935
1944,euler_ramsey,0.5,1.5% Ramsey,risk_aversion,combined,0,2489.9365110176486,0.29471962166528
1944,euler_ramsey,0.5,2.0% Ramsey,risk_aversion,combined,0,1065.0233182662935,0.21293664318045685
1944,euler_ramsey,0.5,2.5% Ramsey,risk_aversion,combined,0,606.3488013405259,0.16375438619434532
1945,euler_ramsey,0.5,1.5% Ramsey,risk_aversion,combined,0,603.7882795839245,1.0939949074715971
1945,euler_ramsey,0.5,2.0% Ramsey,risk_aversion,combined,0,443.30798383194235,1.06163426927849
1945,euler_ramsey,0.5,2.5% Ramsey,risk_aversion,combined,0,302.705672816545,1.0256990871971912
1946,euler_ramsey,0.5,1.5% Ramsey,risk_aversion,combined,0,243.22853887772428,1.4433386512311914
1946,euler_ramsey,0.5,2.0% Ramsey,risk_aversion,combined,0,173.97772746180246,1.4918084078042368
1946,euler_ramsey,0.5,2.5% Ramsey,risk_aversion,combined,0,124.46845408954202,1.5134783460294763
1947,euler_ramsey,0.5,1.5% Ramsey,risk_aversion,combined,0,250.9387396522154,1.898938783179046
1947,euler_ramsey,0.5,2.0% Ramsey,risk_aversion,combined,0,178.41163668523677,2.0875710490691506
1947,euler_ramsey,0.5,2.5% Ramsey,risk_aversion,combined,0,129.51052545086608,2.221322539524992
1948,euler_ramsey,0.5,1.5% Ramsey,risk_aversion,combined,0,1242.9495550950273,0.13541745233602842
1948,euler_ramsey,0.5,2.0% Ramsey,risk_aversion,combined,0,987.1102006312254,0.08210276649190205
1948,euler_ramsey,0.5,2.5% Ramsey,risk_aversion,combined,0,670.3313378772663,0.05512746585359882
1949,euler_ramsey,0.5,1.5% Ramsey,risk_aversion,combined,0,276.309502384816,2.079075139920059
1949,euler_ramsey,0.5,2.0% Ramsey,risk_aversion,combined,0,232.82029767904072,2.3327044868989457
1949,euler_ramsey,0.5,2.5% Ramsey,risk_aversion,combined,0,187.35828092368757,2.521717870951233
1950,euler_ramsey,0.5,1.5% Ramsey,risk_aversion,combined,0,1114.75419640402,0.734978131554772
1950,euler_ramsey,0.5,2.0% Ramsey,risk_aversion,combined,0,989.7306274881222,0.6519259035705821
1950,euler_ramsey,0.5,2.5% Ramsey,risk_aversion,combined,0,760.015616255468,0.58752738733333
1951,euler_ramsey,0.5,1.5% Ramsey,risk_aversion,combined,0,491.04550319263404,1.2789886112669975
1951,euler_ramsey,0.5,2.0% Ramsey,risk_aversion,combined,0,325.9153685858759,1.2862054373279026
1951,euler_ramsey,0.5,2.5% Ramsey,risk_aversion,combined,0,214.04142973213862,1.2775189103099287
1952,euler_ramsey,0.5,1.5% Ramsey,risk_aversion,combined,0,-655.6739693109363,0.6276436401367148
1952,euler_ramsey,0.5,2.0% Ramsey,risk_aversion,combined,0,-590.0951360101633,0.5374207049651974
1952,euler_ramsey,0.5,2.5% Ramsey,risk_aversion,combined,0,-450.3113003019407,0.4712949168509313
1953,euler_ramsey,0.5,1.5% Ramsey,risk_aversion,combined,0,252.01024590661035,1.4005472439547813
1953,euler_ramsey,0.5,2.0% Ramsey,risk_aversion,combined,0,201.3051472231039,1.438828749875937
1953,euler_ramsey,0.5,2.5% Ramsey,risk_aversion,combined,0,147.07098459950132,1.453063625969286
1954,euler_ramsey,0.5,1.5% Ramsey,risk_aversion,combined,0,1993.8677958449548,0.4939462660108598
1954,euler_ramsey,0.5,2.0% Ramsey,risk_aversion,combined,0,1625.8873365479924,0.4014749546132021
1954,euler_ramsey,0.5,2.5% Ramsey,risk_aversion,combined,0,1199.058105524008,0.3382387158009437
1955,euler_ramsey,0.5,1.5% Ramsey,risk_aversion,combined,0,-246.50839532718004,0.29628798791455413
1955,euler_ramsey,0.5,2.0% Ramsey,risk_aversion,combined,0,-123.73512554691233,0.2142409776402457
1955,euler_ramsey,0.5,2.5% Ramsey,risk_aversion,combined,0,-63.50702649981661,0.16485082796292852
1956,euler_ramsey,0.5,1.5% Ramsey,risk_aversion,combined,0,654.8815184654405,0.36186267566524644
1956,euler_ramsey,0.5,2.0% Ramsey,risk_aversion,combined,0,389.0687557108415,0.2736635561724617
1956,euler_ramsey,0.5,2.5% Ramsey,risk_aversion,combined,0,238.46099658004383,0.2180082509771203
1957,euler_ramsey,0.5,1.5% Ramsey,risk_aversion,combined,0,39.24515429681362,0.44124548710801936
1957,euler_ramsey,0.5,2.0% Ramsey,risk_aversion,combined,0,12.664024242525546,0.3489151776223523
1957,euler_ramsey,0.5,2.5% Ramsey,risk_aversion,combined,0,-2.117404404740513,0.28771016451943765
1958,euler_ramsey,0.5,1.5% Ramsey,risk_aversion,combined,0,916.2622073704231,0.6597020172461351
1958,euler_ramsey,0.5,2.0% Ramsey,risk_aversion,combined,0,721.5434215035374,0.5721062856708038
1958,euler_ramsey,0.5,2.5% Ramsey,risk_aversion,combined,0,538.5654641271921,0.5067517029506048
1959,euler_ramsey,0.5,1.5% Ramsey,risk_aversion,combined,0,-509.98688257537543,0.3353849628762872
1959,euler_ramsey,0.5,2.0% Ramsey,risk_aversion,combined,0,-140.11418049210383,0.2493391336345112
1959,euler_ramsey,0.5,2.5% Ramsey,risk_aversion,combined,0,-21.420034170038292,0.19602199109359045
1960,euler_ramsey,0.5,1.5% Ramsey,risk_aversion,combined,0,2824.2317245856634,1.0951936801608653
1960,euler_ramsey,0.5,2.0% Ramsey,risk_aversion,combined,0,2369.5177515163837,1.0665767744618637
1960,euler_ramsey,0.5,2.5% Ramsey,risk_aversion,combined,0,1814.4565188921467,1.0337014514454328
1961,euler_ramsey,0.5,1.5% Ramsey,risk_aversion,combined,0,523.6636446090043,0.9296648750142886
1961,euler_ramsey,0.5,2.0% Ramsey,risk_aversion,combined,0,271.3403209347922,0.8699342353614621
1961,euler_ramsey,0.5,2.5% Ramsey,risk_aversion,combined,0,158.47209026480286,0.8171931206210534
1962,euler_ramsey,0.5,1.5% Ramsey,risk_aversion,combined,0,-833.3050183658332,0.3604489430296391
1962,euler_ramsey,0.5,2.0% Ramsey,risk_aversion,combined,0,-689.0403364911124,0.2724323667312434
1962,euler_ramsey,0.5,2.5% Ramsey,risk_aversion,combined,0,-506.59831461254004,0.21693111161166884
1963,euler_ramsey,0.5,1.5% Ramsey,risk_aversion,combined,0,358.32822777112125,2.1137964473809627
1963,euler_ramsey,0.5,2.0% Ramsey,risk_aversion,combined,0,239.77020613638643,2.381058420112259
1963,euler_ramsey,0.5,2.5% Ramsey,risk_aversion,combined,0,165.97344563568436,2.582000563492302
1964,euler_ramsey,0.5,1.5% Ramsey,risk_aversion,combined,0,-1179.076984332134,0.4106880980484283
1964,euler_ramsey,0.5,2.0% Ramsey,risk_aversion,combined,0,-525.3674451133056,0.3197192412223859
1964,euler_ramsey,0.5,2.5% Ramsey,risk_aversion,combined,0,-299.90135439146536,0.26047771059743774
1965,euler_ramsey,0.5,1.5% Ramsey,risk_aversion,combined,0,-347.7355022671675,0.3018891864808292
1965,euler_ramsey,0.5,2.0% Ramsey,risk_aversion,combined,0,-313.52236078030194,0.21919020273430898
1965,euler_ramsey,0.5,2.5% Ramsey,risk_aversion,combined,0,-232.39761222868805,0.1691947548078859
1966,euler_ramsey,0.5,1.5% Ramsey,risk_aversion,combined,0,406.4215455501322,0.3618670422919017
1966,euler_ramsey,0.5,2.0% Ramsey,risk_aversion,combined,0,394.23679625765203,0.27365946610438147
1966,euler_ramsey,0.5,2.5% Ramsey,risk_aversion,combined,0,330.00442607825784,0.2180008931019764
1967,euler_ramsey,0.5,1.5% Ramsey,risk_aversion,combined,0,-1164.245096362994,0.23610590614875002
1967,euler_ramsey,0.5,2.0% Ramsey,risk_aversion,combined,0,-596.600011253176,0.1622378620181922
1967,euler_ramsey,0.5,2.5% Ramsey,risk_aversion,combined,0,-387.5990226677545,0.12000882830088744
1968,euler_ramsey,0.5,1.5% Ramsey,risk_aversion,combined,0,629.9790955139944,0.8550568448136636
1968,euler_ramsey,0.5,2.0% Ramsey,risk_aversion,combined,0,491.45643729553746,0.7856074312749772
1968,euler_ramsey,0.5,2.5% Ramsey,risk_aversion,combined,0,344.2195984045877,0.7276647547282555
1969,euler_ramsey,0.5,1.5% Ramsey,risk_aversion,combined,0,3224.245012485754,0.5595274092692745
1969,euler_ramsey,0.5,2.0% Ramsey,risk_aversion,combined,0,2201.3762481503168,0.46814219078738156
1969,euler_ramsey,0.5,2.5% Ramsey,risk_aversion,combined,0,1446.186508569782,0.40337706172308885
1970,euler_ramsey,0.5,1.5% Ramsey,risk_aversion,combined,0,1816.3440068987095,1.7403636243729617
1970,euler_ramsey,0.5,2.0% Ramsey,risk_aversion,combined,0,1292.5514564521548,1.8785940295432546
1970,euler_ramsey,0.5,2.5% Ramsey,risk_aversion,combined,0,913.1656211638027,1.9712777775978665
1971,euler_ramsey,0.5,1.5% Ramsey,risk_aversion,combined,0,-954.2357688491223,0.43971212495951817
1971,euler_ramsey,0.5,2.0% Ramsey,risk_aversion,combined,0,-831.4062743958237,0.3476790906780301
1971,euler_ramsey,0.5,2.5% Ramsey,risk_aversion,combined,0,-644.0836633967946,0.2866881984845972
1972,euler_ramsey,0.5,1.5% Ramsey,risk_aversion,combined,0,-94.50323751355256,0.37390875430432774
1972,euler_ramsey,0.5,2.0% Ramsey,risk_aversion,combined,0,-89.08109258517283,0.28502261370125903
1972,euler_ramsey,0.5,2.5% Ramsey,risk_aversion,combined,0,-75.86770775605251,0.2284611814127432
1973,euler_ramsey,0.5,1.5% Ramsey,risk_aversion,combined,0,489.1045317206242,1.6658880089198596
1973,euler_ramsey,0.5,2.0% Ramsey,risk_aversion,combined,0,336.48425872057027,1.778236245593432
1973,euler_ramsey,0.5,2.5% Ramsey,risk_aversion,combined,0,212.12020114852547,1.8495986573359664
1974,euler_ramsey,0.5,1.5% Ramsey,risk_aversion,combined,0,1167.3402623693228,1.1005910346791767
1974,euler_ramsey,0.5,2.0% Ramsey,risk_aversion,combined,0,918.8356104378186,1.0709763416889622
1974,euler_ramsey,0.5,2.5% Ramsey,risk_aversion,combined,0,664.4142266348233,1.0371441648410353
1975,euler_ramsey,0.5,1.5% Ramsey,risk_aversion,combined,0,769.7062421788389,0.4400250186846337
1975,euler_ramsey,0.5,2.0% Ramsey,risk_aversion,combined,0,327.47336018212104,0.3478007251906664
1975,euler_ramsey,0.5,2.5% Ramsey,risk_aversion,combined,0,186.15220822849682,0.2867046248541986
1976,euler_ramsey,0.5,1.5% Ramsey,risk_aversion,combined,0,102.55102391661592,1.5317691110262073
1976,euler_ramsey,0.5,2.0% Ramsey,risk_aversion,combined,0,58.35150841831232,1.6044837375740382
1976,euler_ramsey,0.5,2.5% Ramsey,risk_aversion,combined,0,39.90716637472857,1.6446829078995777
1977,euler_ramsey,0.5,1.5% Ramsey,risk_aversion,combined,0,1451.0940448733957,0.42987664222783195
1977,euler_ramsey,0.5,2.0% Ramsey,risk_aversion,combined,0,952.0974529430397,0.3384187640165756
1977,euler_ramsey,0.5,2.5% Ramsey,risk_aversion,combined,0,645.8146755372021,0.2781371975475007
1978,euler_ramsey,0.5,1.5% Ramsey,risk_aversion,combined,0,666.4300927729929,0.7149424085175966
1978,euler_ramsey,0.5,2.0% Ramsey,risk_aversion,combined,0,606.6675499810365,0.6305396879303564
1978,euler_ramsey,0.5,2.5% Ramsey,risk_aversion,combined,0,506.5393127591115,0.565795872665736
1979,euler_ramsey,0.5,1.5% Ramsey,risk_aversion,combined,0,801.1786972161261,0.5936616545765561
1979,euler_ramsey,0.5,2.0% Ramsey,risk_aversion,combined,0,485.67803106536945,0.5018352602306558
1979,euler_ramsey,0.5,2.5% Ramsey,risk_aversion,combined,0,297.70403691253455,0.43573079865529746
1980,euler_ramsey,0.5,1.5% Ramsey,risk_aversion,combined,0,1052.356197952053,1.8287567082771656
1980,euler_ramsey,0.5,2.0% Ramsey,risk_aversion,combined,0,916.198497670528,1.997321244877641
1980,euler_ramsey,0.5,2.5% Ramsey,risk_aversion,combined,0,721.8701463999944,2.1151007387384597
1981,euler_ramsey,0.5,1.5% Ramsey,risk_aversion,combined,0,200.8183832572904,1.5360810784660492
1981,euler_ramsey,0.5,2.0% Ramsey,risk_aversion,combined,0,161.22633871164052,1.6104240383908521
1981,euler_ramsey,0.5,2.5% Ramsey,risk_aversion,combined,0,119.71289080709172,1.651900030563661
1982,euler_ramsey,0.5,1.5% Ramsey,risk_aversion,combined,0,3010.7250387825015,0.2102298535876347
1982,euler_ramsey,0.5,2.0% Ramsey,risk_aversion,combined,0,1594.4230599982388,0.14081457280318901
1982,euler_ramsey,0.5,2.5% Ramsey,risk_aversion,combined,0,967.365819586795,0.10213198234603184
1983,euler_ramsey,0.5,1.5% Ramsey,risk_aversion,combined,0,183.37091853510074,0.8378773914618519
1983,euler_ramsey,0.5,2.0% Ramsey,risk_aversion,combined,0,126.48265968914255,0.7653211886893688
1983,euler_ramsey,0.5,2.5% Ramsey,risk_aversion,combined,0,88.20073573635793,0.7055364234725598
1984,euler_ramsey,0.5,1.5% Ramsey,risk_aversion,combined,0,660.2543998763115,0.2899545884468079
1984,euler_ramsey,0.5,2.0% Ramsey,risk_aversion,combined,0,330.3610867093323,0.20862298842293067
1984,euler_ramsey,0.5,2.5% Ramsey,risk_aversion,combined,0,201.60022572707936,0.15991221051770166
1985,euler_ramsey,0.5,1.5% Ramsey,risk_aversion,combined,0,838.5683053572084,1.2580743421564653
1985,euler_ramsey,0.5,2.0% Ramsey,risk_aversion,combined,0,592.2627998796776,1.261869253437401
1985,euler_ramsey,0.5,2.5% Ramsey,risk_aversion,combined,0,434.6003979259306,1.2509546484553733
1986,euler_ramsey,0.5,1.5% Ramsey,risk_aversion,combined,0,711.4676536747612,1.2467339596145648
1986,euler_ramsey,0.5,2.0% Ramsey,risk_aversion,combined,0,579.0009828740685,1.2459530049130272
1986,euler_ramsey,0.5,2.5% Ramsey,risk_aversion,combined,0,450.58249585760313,1.2314762167380702
1987,euler_ramsey,0.5,1.5% Ramsey,risk_aversion,combined,0,7094.202391006439,0.5829618291903408
1987,euler_ramsey,0.5,2.0% Ramsey,risk_aversion,combined,0,5912.679276788258,0.4919258866447857
1987,euler_ramsey,0.5,2.5% Ramsey,risk_aversion,combined,0,4299.579870443876,0.42664240135367953
1988,euler_ramsey,0.5,1.5% Ramsey,risk_aversion,combined,0,-1283.1294995639828,0.2813171184781781
1988,euler_ramsey,0.5,2.0% Ramsey,risk_aversion,combined,0,-431.68287059655796,0.20103393448390217
1988,euler_ramsey,0.5,2.5% Ramsey,risk_aversion,combined,0,-197.87277977398315,0.1532845525196476
1989,euler_ramsey,0.5,1.5% Ramsey,risk_aversion,combined,0,195.6283148454453,0.6112529572857637
1989,euler_ramsey,0.5,2.0% Ramsey,risk_aversion,combined,0,146.3735612938638,0.5201107580344125
1989,euler_ramsey,0.5,2.5% Ramsey,risk_aversion,combined,0,108.10606761323464,0.4538987451431713
1990,euler_ramsey,0.5,1.5% Ramsey,risk_aversion,combined,0,1914.814226521781,0.3368787667482908
1990,euler_ramsey,0.5,2.0% Ramsey,risk_aversion,combined,0,1261.889530903052,0.25079796234986707
1990,euler_ramsey,0.5,2.5% Ramsey,risk_aversion,combined,0,846.862485622288,0.19738949770669598
1991,euler_ramsey,0.5,1.5% Ramsey,risk_aversion,combined,0,734.8153942407919,0.7802750891921679
1991,euler_ramsey,0.5,2.0% Ramsey,risk_aversion,combined,0,563.6089071351535,0.7020313322103167
1991,euler_ramsey,0.5,2.5% Ramsey,risk_aversion,combined,0,408.95142762715096,0.6397563912516608
1992,euler_ramsey,0.5,1.5% Ramsey,risk_aversion,combined,0,1016.0252844249528,0.685983502931692
1992,euler_ramsey,0.5,2.0% Ramsey,risk_aversion,combined,0,717.9718644307451,0.5992116015867187
1992,euler_ramsey,0.5,2.5% Ramsey,risk_aversion,combined,0,503.50264268983864,0.5336655587052456
1993,euler_ramsey,0.5,1.5% Ramsey,risk_aversion,combined,0,64.20146613031739,1.457995384317389
1993,euler_ramsey,0.5,2.0% Ramsey,risk_aversion,combined,0,43.185760246984614,1.51029805368733
1993,euler_ramsey,0.5,2.5% Ramsey,risk_aversion,combined,0,36.14042455943673,1.5348166600728992
1994,euler_ramsey,0.5,1.5% Ramsey,risk_aversion,combined,0,-101.54324562596781,0.24889140060008796
1994,euler_ramsey,0.5,2.0% Ramsey,risk_aversion,combined,0,-61.38605801644923,0.17303371680298324
1994,euler_ramsey,0.5,2.5% Ramsey,risk_aversion,combined,0,-36.234369289848544,0.12915594863439436
1995,euler_ramsey,0.5,1.5% Ramsey,risk_aversion,combined,0,1141.636651785777,0.9353824965803268
1995,euler_ramsey,0.5,2.0% Ramsey,risk_aversion,combined,0,1143.0501255368274,0.8773102041781734
1995,euler_ramsey,0.5,2.5% Ramsey,risk_aversion,combined,0,956.3460868156882,0.825680868887623
1996,euler_ramsey,0.5,1.5% Ramsey,risk_aversion,combined,0,290.55496111378966,1.1735385684841007
1996,euler_ramsey,0.5,2.0% Ramsey,risk_aversion,combined,0,221.37418138519004,1.1577460847551877
1996,euler_ramsey,0.5,2.5% Ramsey,risk_aversion,combined,0,169.54816367291113,1.1329801581228618
1997,euler_ramsey,0.5,1.5% Ramsey,risk_aversion,combined,0,768.135338580193,1.405261594669391
1997,euler_ramsey,0.5,2.0% Ramsey,risk_aversion,combined,0,604.7234717811729,1.4439148716683654
1997,euler_ramsey,0.5,2.5% Ramsey,risk_aversion,combined,0,443.80317493336514,1.45827931456475
1998,euler_ramsey,0.5,1.5% Ramsey,risk_aversion,combined,0,-55.38121526187939,0.5478659608049775
1998,euler_ramsey,0.5,2.0% Ramsey,risk_aversion,combined,0,-21.48837557043504,0.4550081011962995
1998,euler_ramsey,0.5,2.5% Ramsey,risk_aversion,combined,0,-10.439134794309306,0.38971508292622725
1999,euler_ramsey,0.5,1.5% Ramsey,risk_aversion,combined,0,1846.6497377283524,1.0116814736619923
1999,euler_ramsey,0.5,2.0% Ramsey,risk_aversion,combined,0,1280.7956941657856,0.9664083109322784
1999,euler_ramsey,0.5,2.5% Ramsey,risk_aversion,combined,0,857.0732249715838,0.9225785733033574
2000,euler_ramsey,0.5,1.5% Ramsey,risk_aversion,combined,0,54.637694493048016,0.9703475960211811
2000,euler_ramsey,0.5,2.0% Ramsey,risk_aversion,combined,0,51.48437948817376,0.9173265711422639
2000,euler_ramsey,0.5,2.5% Ramsey,risk_aversion,combined,0,45.4460671158496,0.8685671735389809
2001,euler_ramsey,0.5,1.5% Ramsey,risk_aversion,combined,0,33.243842230926305,1.3131299755810772
2001,euler_ramsey,0.5,2.0% Ramsey,risk_aversion,combined,0,26.775813021743904,1.3288473393202738
2001,euler_ramsey,0.5,2.5% Ramsey,risk_aversion,combined,0,23.11696804253896,1.3262419120595124
2002,euler_ramsey,0.5,1.5% Ramsey,risk_aversion,combined,0,-781.052034622231,0.4118172437231896
2002,euler_ramsey,0.5,2.0% Ramsey,risk_aversion,combined,0,-524.8550123249338,0.3207388299101711
2002,euler_ramsey,0.5,2.5% Ramsey,risk_aversion,combined,0,-356.52199466657805,0.2613939219812652
2003,euler_ramsey,0.5,1.5% Ramsey,risk_aversion,combined,0,175.00633950984192,1.998344397098733
2003,euler_ramsey,0.5,2.0% Ramsey,risk_aversion,combined,0,124.61102746281192,2.2221006012334295
2003,euler_ramsey,0.5,2.5% Ramsey,risk_aversion,combined,0,90.03182465383591,2.385431808218552
2004,euler_ramsey,0.5,1.5% Ramsey,risk_aversion,combined,0,513.6151283178748,1.8292569421473377
2004,euler_ramsey,0.5,2.0% Ramsey,risk_aversion,combined,0,380.5823347373059,1.995257895056137
2004,euler_ramsey,0.5,2.5% Ramsey,risk_aversion,combined,0,275.14002349444536,2.110595587992565
2005,euler_ramsey,0.5,1.5% Ramsey,risk_aversion,combined,0,-4.2935992398307015,0.8293773635271625
2005,euler_ramsey,0.5,2.0% Ramsey,risk_aversion,combined,0,22.993573741238567,0.7566396053158742
2005,euler_ramsey,0.5,2.5% Ramsey,risk_aversion,combined,0,36.303817286512654,0.6969318017687146
2006,euler_ramsey,0.5,1.5% Ramsey,risk_aversion,combined,0,7009.599335664102,0.37827857340376364
2006,euler_ramsey,0.5,2.0% Ramsey,risk_aversion,combined,0,4704.440851118329,0.289560733903327
2006,euler_ramsey,0.5,2.5% Ramsey,risk_aversion,combined,0,2982.8926373337877,0.23289093649015433
2007,euler_ramsey,0.5,1.5% Ramsey,risk_aversion,combined,0,253.52047780459006,0.908571803389576
2007,euler_ramsey,0.5,2.0% Ramsey,risk_aversion,combined,0,171.7370384451835,0.8463163424248143
2007,euler_ramsey,0.5,2.5% Ramsey,risk_aversion,combined,0,109.74576112064211,0.7922019008381369
2008,euler_ramsey,0.5,1.5% Ramsey,risk_aversion,combined,0,456.1801478738393,1.9526569758979186
2008,euler_ramsey,0.5,2.0% Ramsey,risk_aversion,combined,0,337.4163680459435,2.1603435667237445
2008,euler_ramsey,0.5,2.5% Ramsey,risk_aversion,combined,0,243.64307853882516,2.310185926040148
2009,euler_ramsey,0.5,1.5% Ramsey,risk_aversion,combined,0,2019.4727508905698,1.1353190158616504
2009,euler_ramsey,0.5,2.0% Ramsey,risk_aversion,combined,0,1586.6808748676335,1.1125191806725299
2009,euler_ramsey,0.5,2.5% Ramsey,risk_aversion,combined,0,1178.1313542008,1.0832039948962722
2010,euler_ramsey,0.5,1.5% Ramsey,risk_aversion,combined,0,3420.090494956957,0.2952167794884896
2010,euler_ramsey,0.5,2.0% Ramsey,risk_aversion,combined,0,2083.56938638351,0.21351585868928652
2010,euler_ramsey,0.5,2.5% Ramsey,risk_aversion,combined,0,1284.9738626412768,0.1643410295947384
2011,euler_ramsey,0.5,1.5% Ramsey,risk_aversion,combined,0,-368.9318660170373,0.4818950928443889
2011,euler_ramsey,0.5,2.0% Ramsey,risk_aversion,combined,0,-132.45127870280626,0.3886859496172558
2011,euler_ramsey,0.5,2.5% Ramsey,risk_aversion,combined,0,-36.566370438051614,0.32545782014952446
2012,euler_ramsey,0.5,1.5% Ramsey,risk_aversion,combined,0,-126.18176823278675,0.7326798524511271
2012,euler_ramsey,0.5,2.0% Ramsey,risk_aversion,combined,0,-124.57261858329724,0.6498925897883137
2012,euler_ramsey,0.5,2.5% Ramsey,risk_aversion,combined,0,-108.68951498948579,0.5857263420418423
2013,euler_ramsey,0.5,1.5% Ramsey,risk_aversion,combined,0,1.6294125979026626,0.4856614202378134
2013,euler_ramsey,0.5,2.0% Ramsey,risk_aversion,combined,0,-18.12405897827784,0.3926012127146635
2013,euler_ramsey,0.5,2.5% Ramsey,risk_aversion,combined,0,-16.163403641547877,0.32931512577429245
2014,euler_ramsey,0.5,1.5% Ramsey,risk_aversion,combined,0,2059.4372096371626,0.42795326344803764
2014,euler_ramsey,0.5,2.0% Ramsey,risk_aversion,combined,0,1295.4813090437194,0.336280278456141
2014,euler_ramsey,0.5,2.5% Ramsey,risk_aversion,combined,0,835.7983093818888,0.2759634951686849
2015,euler_ramsey,0.5,1.5% Ramsey,risk_aversion,combined,0,244.7783301885831,0.4735763599515803
2015,euler_ramsey,0.5,2.0% Ramsey,risk_aversion,combined,0,295.4488630204469,0.3811614288463274
2015,euler_ramsey,0.5,2.5% Ramsey,risk_aversion,combined,0,307.6196939266695,0.3186884743840854
2016,euler_ramsey,0.5,1.5% Ramsey,risk_aversion,combined,0,7046.726348357854,0.4398717860303789
2016,euler_ramsey,0.5,2.0% Ramsey,risk_aversion,combined,0,3718.593273267958,0.34840765571246535
2016,euler_ramsey,0.5,2.5% Ramsey,risk_aversion,combined,0,2088.743444391027,0.28772888105070393
2017,euler_ramsey,0.5,1.5% Ramsey,risk_aversion,combined,0,695.6983458166426,0.645875763365692
2017,euler_ramsey,0.5,2.0% Ramsey,risk_aversion,combined,0,547.212029161146,0.5570266398196309
2017,euler_ramsey,0.5,2.5% Ramsey,risk_aversion,combined,0,395.6037075961205,0.49125310200086775
2018,euler_ramsey,0.5,1.5% Ramsey,risk_aversion,combined,0,16801.684734150935,0.31976369647311986
2018,euler_ramsey,0.5,2.0% Ramsey,risk_aversion,combined,0,8288.959287578946,0.2372489838174701
2018,euler_ramsey,0.5,2.5% Ramsey,risk_aversion,combined,0,4470.836346841086,0.18637954561929093
2019,euler_ramsey,0.5,1.5% Ramsey,risk_aversion,combined,0,224.76978982395147,0.9633237449329215
2019,euler_ramsey,0.5,2.0% Ramsey,risk_aversion,combined,0,186.33962452622026,0.909793914882359
2019,euler_ramsey,0.5,2.5% Ramsey,risk_aversion,combined,0,142.4496401021432,0.8608225117318524
2020,euler_ramsey,0.5,1.5% Ramsey,risk_aversion,combined,0,1226.8042779751638,0.47857757815324065
2020,euler_ramsey,0.5,2.0% Ramsey,risk_aversion,combined,0,1018.9176726300768,0.38581555272830825
2020,euler_ramsey,0.5,2.5% Ramsey,risk_aversion,combined,0,817.1650016059809,0.322962603994055
2021,euler_ramsey,0.5,1.5% Ramsey,risk_aversion,combined,0,226.14361451634872,1.3145562726626887
2021,euler_ramsey,0.5,2.0% Ramsey,risk_aversion,combined,0,185.17918286390378,1.3303328602082025
2021,euler_ramsey,0.5,2.5% Ramsey,risk_aversion,combined,0,139.80969097893185,1.3278221999849924
2022,euler_ramsey,0.5,1.5% Ramsey,risk_aversion,combined,0,843.270067085774,1.7693395937942868
2022,euler_ramsey,0.5,2.0% Ramsey,risk_aversion,combined,0,670.5103391403721,1.9150659068678906
2022,euler_ramsey,0.5,2.5% Ramsey,risk_aversion,combined,0,506.0108653357785,2.0135810109277545
2023,euler_ramsey,0.5,1.5% Ramsey,risk_aversion,combined,0,973.1972325835599,1.027093364738524
2023,euler_ramsey,0.5,2.0% Ramsey,risk_aversion,combined,0,577.556514985078,0.9831376236169835
2023,euler_ramsey,0.5,2.5% Ramsey,risk_aversion,combined,0,365.00132197943793,0.9399428510744738
2024,euler_ramsey,0.5,1.5% Ramsey,risk_aversion,combined,0,1857.613276689713,0.5625391143478382
2024,euler_ramsey,0.5,2.0% Ramsey,risk_aversion,combined,0,1306.982230383606,0.470526363767711
2024,euler_ramsey,0.5,2.5% Ramsey,risk_aversion,combined,0,857.6659727852389,0.40528071838417024
2025,euler_ramsey,0.5,1.5% Ramsey,risk_aversion,combined,0,1105.325449280332,0.4022271403850232
2025,euler_ramsey,0.5,2.0% Ramsey,risk_aversion,combined,0,993.4187915977014,0.311790918341344
2025,euler_ramsey,0.5,2.5% Ramsey,risk_aversion,combined,0,791.2705432857643,0.25319178116476765
2026,euler_ramsey,0.5,1.5% Ramsey,risk_aversion,combined,0,3067.0263806697885,0.4112787740889754
2026,euler_ramsey,0.5,2.0% Ramsey,risk_aversion,combined,0,2308.221471626288,0.32052799156380574
2026,euler_ramsey,0.5,2.5% Ramsey,risk_aversion,combined,0,1630.1612901464214,0.261384359877704
2027,euler_ramsey,0.5,1.5% Ramsey,risk_aversion,combined,0,1287.1915896785015,0.3818875411189567
2027,euler_ramsey,0.5,2.0% Ramsey,risk_aversion,combined,0,951.0928408015375,0.29239405855631906
2027,euler_ramsey,0.5,2.5% Ramsey,risk_aversion,combined,0,707.7683418149187,0.23517175103544835
2028,euler_ramsey,0.5,1.5% Ramsey,risk_aversion,combined,0,111.07364647552485,1.3781406061158576
2028,euler_ramsey,0.5,2.0% Ramsey,risk_aversion,combined,0,89.67341752284865,1.4095945695319316
2028,euler_ramsey,0.5,2.5% Ramsey,risk_aversion,combined,0,72.89261329571157,1.4185411307426947
2029,euler_ramsey,0.5,1.5% Ramsey,risk_aversion,combined,0,-51.841338382091806,2.7549758945859253
2029,euler_ramsey,0.5,2.0% Ramsey,risk_aversion,combined,0,-48.57375906046897,3.293443088007164
2029,euler_ramsey,0.5,2.5% Ramsey,risk_aversion,combined,0,-40.04578026491306,3.7391368583768188
2030,euler_ramsey,0.5,1.5% Ramsey,risk_aversion,combined,0,405.45008565210907,1.5856696070014211
2030,euler_ramsey,0.5,2.0% Ramsey,risk_aversion,combined,0,295.9352379145883,1.6741740038233246
2030,euler_ramsey,0.5,2.5% Ramsey,risk_aversion,combined,0,215.77631501727754,1.7267745146459403
2031,euler_ramsey,0.5,1.5% Ramsey,risk_aversion,combined,0,593.4383306183067,0.8504303820377473
2031,euler_ramsey,0.5,2.0% Ramsey,risk_aversion,combined,0,511.82509301242015,0.7806452832912838
2031,euler_ramsey,0.5,2.5% Ramsey,risk_aversion,combined,0,409.4906143469908,0.7225990996226422
2032,euler_ramsey,0.5,1.5% Ramsey,risk_aversion,combined,0,169.83932226585645,1.3783527103373205
2032,euler_ramsey,0.5,2.0% Ramsey,risk_aversion,combined,0,157.9041954333118,1.4101853183651767
2032,euler_ramsey,0.5,2.5% Ramsey,risk_aversion,combined,0,131.1941648570001,1.4194803327735637
2033,euler_ramsey,0.5,1.5% Ramsey,risk_aversion,combined,0,-1577.5886687267678,0.29813820583180156
2033,euler_ramsey,0.5,2.0% Ramsey,risk_aversion,combined,0,-1100.0828165511641,0.21589159010913603
2033,euler_ramsey,0.5,2.5% Ramsey,risk_aversion,combined,0,-719.2472588329975,0.16630703375260095
2034,euler_ramsey,0.5,1.5% Ramsey,risk_aversion,combined,0,533.7970651609216,0.7785369581695142
2034,euler_ramsey,0.5,2.0% Ramsey,risk_aversion,combined,0,393.8784265584654,0.701457264548655
2034,euler_ramsey,0.5,2.5% Ramsey,risk_aversion,combined,0,284.28841225841234,0.6400067610028074
2035,euler_ramsey,0.5,1.5% Ramsey,risk_aversion,combined,0,633.5309508254701,0.6221574725242782
2035,euler_ramsey,0.5,2.0% Ramsey,risk_aversion,combined,0,471.98965608799557,0.5318200954313056
2035,euler_ramsey,0.5,2.5% Ramsey,risk_aversion,combined,0,326.4280392411365,0.46578936834045154
2036,euler_ramsey,0.5,1.5% Ramsey,risk_aversion,combined,0,205.47354393395764,2.6607649879347024
2036,euler_ramsey,0.5,2.0% Ramsey,risk_aversion,combined,0,121.18119950600209,3.155507611399497
2036,euler_ramsey,0.5,2.5% Ramsey,risk_aversion,combined,0,75.2868924004688,3.5605175886727407
2037,euler_ramsey,0.5,1.5% Ramsey,risk_aversion,combined,0,187.14474295576707,0.8567736043248669
2037,euler_ramsey,0.5,2.0% Ramsey,risk_aversion,combined,0,125.63819878145816,0.7882696372486788
2037,euler_ramsey,0.5,2.5% Ramsey,risk_aversion,combined,0,82.46008740623904,0.7309717520220913
2038,euler_ramsey,0.5,1.5% Ramsey,risk_aversion,combined,0,374.0497684347483,0.857914750843495
2038,euler_ramsey,0.5,2.0% Ramsey,risk_aversion,combined,0,204.1190175133971,0.78843860868393
2038,euler_ramsey,0.5,2.5% Ramsey,risk_aversion,combined,0,118.93248790471243,0.7304130795881119
2039,euler_ramsey,0.5,1.5% Ramsey,risk_aversion,combined,0,491.7806733486623,2.081366057053363
2039,euler_ramsey,0.5,2.0% Ramsey,risk_aversion,combined,0,351.1865161508946,2.3365704476540716
2039,euler_ramsey,0.5,2.5% Ramsey,risk_aversion,combined,0,243.08264724220362,2.527119090696053
2040,euler_ramsey,0.5,1.5% Ramsey,risk_aversion,combined,0,1161.9633466148866,0.8383118610973902
2040,euler_ramsey,0.5,2.0% Ramsey,risk_aversion,combined,0,824.5431125758811,0.7682043320633244
2040,euler_ramsey,0.5,2.5% Ramsey,risk_aversion,combined,0,567.1152119694591,0.7101707270050411
2041,euler_ramsey,0.5,1.5% Ramsey,risk_aversion,combined,0,886.0783100029353,1.1877785809188937
2041,euler_ramsey,0.5,2.0% Ramsey,risk_aversion,combined,0,656.9280290101195,1.1754949720827652
2041,euler_ramsey,0.5,2.5% Ramsey,risk_aversion,combined,0,468.6622916629956,1.153239009323021
2042,euler_ramsey,0.5,1.5% Ramsey,risk_aversion,combined,0,384.0319001266156,0.7523629040821811
2042,euler_ramsey,0.5,2.0% Ramsey,risk_aversion,combined,0,241.09551249438252,0.6707537459234633
2042,euler_ramsey,0.5,2.5% Ramsey,risk_aversion,combined,0,157.20110678916114,0.6068678345045838
2043,euler_ramsey,0.5,1.5% Ramsey,risk_aversion,combined,0,98.5860413924578,1.8939939522513514
2043,euler_ramsey,0.5,2.0% Ramsey,risk_aversion,combined,0,65.07046480699042,2.0808935212730417
2043,euler_ramsey,0.5,2.5% Ramsey,risk_aversion,combined,0,44.392408061031475,2.2131330202694537
2044,euler_ramsey,0.5,1.5% Ramsey,risk_aversion,combined,0,117.99101923531303,1.2806506884712145
2044,euler_ramsey,0.5,2.0% Ramsey,risk_aversion,combined,0,84.58483526216963,1.288181386408056
2044,euler_ramsey,0.5,2.5% Ramsey,risk_aversion,combined,0,57.2568010721229,1.2797010127765336
2045,euler_ramsey,0.5,1.5% Ramsey,risk_aversion,combined,0,448.02019436241966,2.016321422030103
2045,euler_ramsey,0.5,2.0% Ramsey,risk_aversion,combined,0,314.3491583566435,2.247386024171711
2045,euler_ramsey,0.5,2.5% Ramsey,risk_aversion,combined,0,216.5921059535536,2.4173014179716854
2046,euler_ramsey,0.5,1.5% Ramsey,risk_aversion,combined,0,-93.91210598480502,0.7727833848625371
2046,euler_ramsey,0.5,2.0% Ramsey,risk_aversion,combined,0,-82.64281743549446,0.6939318322716788
2046,euler_ramsey,0.5,2.5% Ramsey,risk_aversion,combined,0,-65.2760751840649,0.6314188257332584
2047,euler_ramsey,0.5,1.5% Ramsey,risk_aversion,combined,0,1185.2612983318902,0.8768786309982433
2047,euler_ramsey,0.5,2.0% Ramsey,risk_aversion,combined,0,1028.544883340447,0.8111756869995639
2047,euler_ramsey,0.5,2.5% Ramsey,risk_aversion,combined,0,785.7931345484296,0.7554134268383261
2048,euler_ramsey,0.5,1.5% Ramsey,risk_aversion,combined,0,837.636573557739,0.8105183183348725
2048,euler_ramsey,0.5,2.0% Ramsey,risk_aversion,combined,0,687.9764870639931,0.7356614192230359
2048,euler_ramsey,0.5,2.5% Ramsey,risk_aversion,combined,0,501.2667719215619,0.6749583702969194
2049,euler_ramsey,0.5,1.5% Ramsey,risk_aversion,combined,0,843.6971353129487,1.1844690578745487
2049,euler_ramsey,0.5,2.0% Ramsey,risk_aversion,combined,0,664.0592030973328,1.172948577476306
2049,euler_ramsey,0.5,2.5% Ramsey,risk_aversion,combined,0,490.0051014746038,1.151519539477534
2050,euler_ramsey,0.5,1.5% Ramsey,risk_aversion,combined,0,17.168843717125473,1.78832794125834
2050,euler_ramsey,0.5,2.0% Ramsey,risk_aversion,combined,0,16.984750862661713,1.939523975545838
2050,euler_ramsey,0.5,2.5% Ramsey,risk_aversion,combined,0,18.382684315414004,2.0422365553723223
2051,euler_ramsey,0.5,1.5% Ramsey,risk_aversion,combined,0,511.73578944727353,0.6505444146262069
2051,euler_ramsey,0.5,2.0% Ramsey,risk_aversion,combined,0,424.7066151570074,0.5614298314889238
2051,euler_ramsey,0.5,2.5% Ramsey,risk_aversion,combined,0,330.71314072712215,0.495356822527868
2052,euler_ramsey,0.5,1.5% Ramsey,risk_aversion,combined,0,417.76517169177134,2.6886840897910633
2052,euler_ramsey,0.5,2.0% Ramsey,risk_aversion,combined,0,288.05933217064705,3.196399621935329
2052,euler_ramsey,0.5,2.5% Ramsey,risk_aversion,combined,0,195.27327418539733,3.6136280058793973
2053,euler_ramsey,0.5,1.5% Ramsey,risk_aversion,combined,0,2278.823100483656,0.3290589217061687
2053,euler_ramsey,0.5,2.0% Ramsey,risk_aversion,combined,0,1268.9028099354882,0.2436767672236495
2053,euler_ramsey,0.5,2.5% Ramsey,risk_aversion,combined,0,756.6969981515876,0.19099669720864182
2054,euler_ramsey,0.5,1.5% Ramsey,risk_aversion,combined,0,1487.7773677422251,1.0527883586976912
2054,euler_ramsey,0.5,2.0% Ramsey,risk_aversion,combined,0,786.1509464306126,1.0132628111985422
2054,euler_ramsey,0.5,2.5% Ramsey,risk_aversion,combined,0,433.2431630747763,0.9728637172406777
2055,euler_ramsey,0.5,1.5% Ramsey,risk_aversion,combined,0,2766.5173505295347,0.4086152869687924
2055,euler_ramsey,0.5,2.0% Ramsey,risk_aversion,combined,0,2576.424555623606,0.31785249652035125
2055,euler_ramsey,0.5,2.5% Ramsey,risk_aversion,combined,0,1993.4380284641272,0.25881196462583167
2056,euler_ramsey,0.5,1.5% Ramsey,risk_aversion,combined,0,-1249.6130028384525,0.4041457900955245
2056,euler_ramsey,0.5,2.0% Ramsey,risk_aversion,combined,0,-1005.8848388006675,0.31358701615952833
2056,euler_ramsey,0.5,2.5% Ramsey,risk_aversion,combined,0,-744.7688635617692,0.2548342313218384
2057,euler_ramsey,0.5,1.5% Ramsey,risk_aversion,combined,0,4091.5302593840156,0.4286890274267517
2057,euler_ramsey,0.5,2.0% Ramsey,risk_aversion,combined,0,1917.3370102743,0.3375830242392439
2057,euler_ramsey,0.5,2.5% Ramsey,risk_aversion,combined,0,1105.5721847678294,0.2775388792464423
2058,euler_ramsey,0.5,1.5% Ramsey,risk_aversion,combined,0,197.9351486759816,0.9819196149602509
2058,euler_ramsey,0.5,2.0% Ramsey,risk_aversion,combined,0,166.7391762301076,0.9308825571844828
2058,euler_ramsey,0.5,2.5% Ramsey,risk_aversion,combined,0,134.05752954754618,0.8833542062745097
2059,euler_ramsey,0.5,1.5% Ramsey,risk_aversion,combined,0,2551.354156711143,1.2289770199172967
2059,euler_ramsey,0.5,2.0% Ramsey,risk_aversion,combined,0,2453.7981843432517,1.2275842099211904
2059,euler_ramsey,0.5,2.5% Ramsey,risk_aversion,combined,0,2057.127038272431,1.2132342340252618
2060,euler_ramsey,0.5,1.5% Ramsey,risk_aversion,combined,0,-2449.9300288779737,0.16645460773376047
2060,euler_ramsey,0.5,2.0% Ramsey,risk_aversion,combined,0,-583.540261113456,0.10571416584718743
2060,euler_ramsey,0.5,2.5% Ramsey,risk_aversion,combined,0,-259.4217559945386,0.07357531539001443
2061,euler_ramsey,0.5,1.5% Ramsey,risk_aversion,combined,0,498.6248074441792,0.9494340340865197
2061,euler_ramsey,0.5,2.0% Ramsey,risk_aversion,combined,0,393.9774246836845,0.8935104442840721
2061,euler_ramsey,0.5,2.5% Ramsey,risk_aversion,combined,0,287.64394362499434,0.8431266363755985
2062,euler_ramsey,0.5,1.5% Ramsey,risk_aversion,combined,0,-1436.4252431983537,0.3117457884624139
2062,euler_ramsey,0.5,2.0% Ramsey,risk_aversion,combined,0,-756.6204060065804,0.22813017552865464
2062,euler_ramsey,0.5,2.5% Ramsey,risk_aversion,combined,0,-478.19114741847017,0.17717428141045244
2063,euler_ramsey,0.5,1.5% Ramsey,risk_aversion,combined,0,121.95845670463771,0.4731873361868697
2063,euler_ramsey,0.5,2.0% Ramsey,risk_aversion,combined,0,41.870989119949186,0.38008942669849216
2063,euler_ramsey,0.5,2.5% Ramsey,risk_aversion,combined,0,24.15982926533443,0.3172428163582943
2064,euler_ramsey,0.5,1.5% Ramsey,risk_aversion,combined,0,5835.870084691672,0.28454870603557375
2064,euler_ramsey,0.5,2.0% Ramsey,risk_aversion,combined,0,2027.296045950081,0.20397688082796048
2064,euler_ramsey,0.5,2.5% Ramsey,risk_aversion,combined,0,956.3864228308369,0.15591278680425666
2065,euler_ramsey,0.5,1.5% Ramsey,risk_aversion,combined,0,-356.86747546044194,0.5027187089973955
2065,euler_ramsey,0.5,2.0% Ramsey,risk_aversion,combined,0,-254.6943822376564,0.4094457100332482
2065,euler_ramsey,0.5,2.5% Ramsey,risk_aversion,combined,0,-165.92081703204005,0.34543173379257147
2066,euler_ramsey,0.5,1.5% Ramsey,risk_aversion,combined,0,1438.1087327656478,0.7744257946876929
2066,euler_ramsey,0.5,2.0% Ramsey,risk_aversion,combined,0,1281.9237303421346,0.6952697694440259
2066,euler_ramsey,0.5,2.5% Ramsey,risk_aversion,combined,0,1012.4313817424985,0.6325039127263212
2067,euler_ramsey,0.5,1.5% Ramsey,risk_aversion,combined,0,83.22483574108081,2.0452199284609045
2067,euler_ramsey,0.5,2.0% Ramsey,risk_aversion,combined,0,55.905345956185506,2.2862076815433747
2067,euler_ramsey,0.5,2.5% Ramsey,risk_aversion,combined,0,40.69378738395012,2.4642825602254117
2068,euler_ramsey,0.5,1.5% Ramsey,risk_aversion,combined,0,1242.9463318070914,0.5177303139738094
2068,euler_ramsey,0.5,2.0% Ramsey,risk_aversion,combined,0,984.6388384096109,0.4244988354023381
2068,euler_ramsey,0.5,2.5% Ramsey,risk_aversion,combined,0,694.8405078503729,0.35999518294556737
2069,euler_ramsey,0.5,1.5% Ramsey,risk_aversion,combined,0,16.005742561761,1.2522662232363706
2069,euler_ramsey,0.5,2.0% Ramsey,risk_aversion,combined,0,1.6519897527385237,1.2528943291219945
2069,euler_ramsey,0.5,2.5% Ramsey,risk_aversion,combined,0,-3.3800565054740694,1.2394776915171464
2070,euler_ramsey,0.5,1.5% Ramsey,risk_aversion,combined,0,426.68216645702057,0.48333714357856755
2070,euler_ramsey,0.5,2.0% Ramsey,risk_aversion,combined,0,330.6551650495725,0.39010016461604974
2070,euler_ramsey,0.5,2.5% Ramsey,risk_aversion,combined,0,234.2073033125964,0.32680302477421763
2071,euler_ramsey,0.5,1.5% Ramsey,risk_aversion,combined,0,349.29167087328733,2.044433571492711
2071,euler_ramsey,0.5,2.0% Ramsey,risk_aversion,combined,0,262.21446777009584,2.285021872632968
2071,euler_ramsey,0.5,2.5% Ramsey,risk_aversion,combined,0,186.2359352087679,2.4628947977282447
2072,euler_ramsey,0.5,1.5% Ramsey,risk_aversion,combined,0,234.09907113565507,1.8598183841827793
2072,euler_ramsey,0.5,2.0% Ramsey,risk_aversion,combined,0,169.7475059006839,2.0347783789518368
2072,euler_ramsey,0.5,2.5% Ramsey,risk_aversion,combined,0,119.04570593621962,2.1572538194319115
2073,euler_ramsey,0.5,1.5% Ramsey,risk_aversion,combined,0,1555.1779477708649,0.728058952441131
2073,euler_ramsey,0.5,2.0% Ramsey,risk_aversion,combined,0,1452.4418777431904,0.6454315170902414
2073,euler_ramsey,0.5,2.5% Ramsey,risk_aversion,combined,0,1206.5982170466539,0.58154533351374
2074,euler_ramsey,0.5,1.5% Ramsey,risk_aversion,combined,0,542.5135934028251,0.9637092662045893
2074,euler_ramsey,0.5,2.0% Ramsey,risk_aversion,combined,0,409.2601783003855,0.9090712658666777
2074,euler_ramsey,0.5,2.5% Ramsey,risk_aversion,combined,0,296.5369133390198,0.85930348175307
2075,euler_ramsey,0.5,1.5% Ramsey,risk_aversion,combined,0,421.6304029932201,1.390303590549423
2075,euler_ramsey,0.5,2.0% Ramsey,risk_aversion,combined,0,296.0225422784433,1.4248240585700809
2075,euler_ramsey,0.5,2.5% Ramsey,risk_aversion,combined,0,209.40721211608678,1.436054329347287
2076,euler_ramsey,0.5,1.5% Ramsey,risk_aversion,combined,0,271.464551740406,2.0965205065536154
2076,euler_ramsey,0.5,2.0% Ramsey,risk_aversion,combined,0,205.99779736661645,2.356735538188151
2076,euler_ramsey,0.5,2.5% Ramsey,risk_aversion,combined,0,149.86655769152625,2.551442694414248
2077,euler_ramsey,0.5,1.5% Ramsey,risk_aversion,combined,0,2713.640209525411,0.5219350176385129
2077,euler_ramsey,0.5,2.0% Ramsey,risk_aversion,combined,0,1849.9609596308035,0.4293978068543137
2077,euler_ramsey,0.5,2.5% Ramsey,risk_aversion,combined,0,1199.7189056668858,0.36516118801287295
2078,euler_ramsey,0.5,1.5% Ramsey,risk_aversion,combined,0,3501.3231931095675,0.41277110835825387
2078,euler_ramsey,0.5,2.0% Ramsey,risk_aversion,combined,0,2640.984063724624,0.3219070051799066
2078,euler_ramsey,0.5,2.5% Ramsey,risk_aversion,combined,0,1829.0783233319985,0.2626417161647334
2079,euler_ramsey,0.5,1.5% Ramsey,risk_aversion,combined,0,293.7027861965072,1.0750305105868145
2079,euler_ramsey,0.5,2.0% Ramsey,risk_aversion,combined,0,251.50163774463985,1.0402442871152824
2079,euler_ramsey,0.5,2.5% Ramsey,risk_aversion,combined,0,199.07101500233162,1.0029112757806138
2080,euler_ramsey,0.5,1.5% Ramsey,risk_aversion,combined,0,828.6798592320702,0.6322872986297108
2080,euler_ramsey,0.5,2.0% Ramsey,risk_aversion,combined,0,467.4727894469168,0.5429872125986204
2080,euler_ramsey,0.5,2.5% Ramsey,risk_aversion,combined,0,282.8824205919219,0.4773191454413673
2081,euler_ramsey,0.5,1.5% Ramsey,risk_aversion,combined,0,672.4594373730363,0.929401637178112
2081,euler_ramsey,0.5,2.0% Ramsey,risk_aversion,combined,0,545.2519914284696,0.8701441485054886
2081,euler_ramsey,0.5,2.5% Ramsey,risk_aversion,combined,0,423.00887944620183,0.8178202139158158
2082,euler_ramsey,0.5,1.5% Ramsey,risk_aversion,combined,0,1779.5377912149654,1.1698930656569484
2082,euler_ramsey,0.5,2.0% Ramsey,risk_aversion,combined,0,1430.840121120969,1.1534176560211182
2082,euler_ramsey,0.5,2.5% Ramsey,risk_aversion,combined,0,1072.14553601601,1.1282164097679286
2083,euler_ramsey,0.5,1.5% Ramsey,risk_aversion,combined,0,230.91206419134582,2.0243657199483764
2083,euler_ramsey,0.5,2.0% Ramsey,risk_aversion,combined,0,180.60906945444404,2.257707057244693
2083,euler_ramsey,0.5,2.5% Ramsey,risk_aversion,combined,0,136.99881523194568,2.4292863948935075
2084,euler_ramsey,0.5,1.5% Ramsey,risk_aversion,combined,0,3935.0466094084168,0.20809423264252433
2084,euler_ramsey,0.5,2.0% Ramsey,risk_aversion,combined,0,2383.9968100429414,0.13901662280249943
2084,euler_ramsey,0.5,2.5% Ramsey,risk_aversion,combined,0,1555.163064524278,0.10061888953112272
2085,euler_ramsey,0.5,1.5% Ramsey,risk_aversion,combined,0,2754.956822849193,0.49149682338290795
2085,euler_ramsey,0.5,2.0% Ramsey,risk_aversion,combined,0,818.5619970410156,0.3984032636212424
2085,euler_ramsey,0.5,2.5% Ramsey,risk_aversion,combined,0,382.39459674089113,0.3348956360708098
2086,euler_ramsey,0.5,1.5% Ramsey,risk_aversion,combined,0,622.0629274451244,0.4908700468437869
2086,euler_ramsey,0.5,2.0% Ramsey,risk_aversion,combined,0,406.4805592924812,0.3978618331946653
2086,euler_ramsey,0.5,2.5% Ramsey,risk_aversion,combined,0,277.03221274364216,0.3344230740143625
2087,euler_ramsey,0.5,1.5% Ramsey,risk_aversion,combined,0,1289.503450934526,0.652962860546881
2087,euler_ramsey,0.5,2.0% Ramsey,risk_aversion,combined,0,1153.0460659740177,0.5643604219728908
2087,euler_ramsey,0.5,2.5% Ramsey,risk_aversion,combined,0,897.9299449408302,0.4985559196310278
2088,euler_ramsey,0.5,1.5% Ramsey,risk_aversion,combined,0,446.6832019068468,1.2954316070970133
2088,euler_ramsey,0.5,2.0% Ramsey,risk_aversion,combined,0,346.2232679100372,1.3070639947179044
2088,euler_ramsey,0.5,2.5% Ramsey,risk_aversion,combined,0,250.09371665408028,1.301662768565321
2089,euler_ramsey,0.5,1.5% Ramsey,risk_aversion,combined,0,893.3755055140298,0.8500453766855341
2089,euler_ramsey,0.5,2.0% Ramsey,risk_aversion,combined,0,761.244349495773,0.7805522339816096
2089,euler_ramsey,0.5,2.5% Ramsey,risk_aversion,combined,0,591.1303113315391,0.7226687258659475
2090,euler_ramsey,0.5,1.5% Ramsey,risk_aversion,combined,0,1547.590969287326,0.3170241408674157
2090,euler_ramsey,0.5,2.0% Ramsey,risk_aversion,combined,0,990.1254570401505,0.23276085401857638
2090,euler_ramsey,0.5,2.5% Ramsey,risk_aversion,combined,0,624.6475285231421,0.18123136366275622
2091,euler_ramsey,0.5,1.5% Ramsey,risk_aversion,combined,0,144.49197452671987,1.7814138527443064
2091,euler_ramsey,0.5,2.0% Ramsey,risk_aversion,combined,0,123.32980320382326,1.9302826568401596
2091,euler_ramsey,0.5,2.5% Ramsey,risk_aversion,combined,0,102.97337326813697,2.031245955343873
2092,euler_ramsey,0.5,1.5% Ramsey,risk_aversion,combined,0,635.1516777352482,1.1276220948971487
2092,euler_ramsey,0.5,2.0% Ramsey,risk_aversion,combined,0,461.02360169223124,1.1023773864095292
2092,euler_ramsey,0.5,2.5% Ramsey,risk_aversion,combined,0,328.87778096422267,1.0712496614305436
2093,euler_ramsey,0.5,1.5% Ramsey,risk_aversion,combined,0,836.3160748871496,0.903050224498573
2093,euler_ramsey,0.5,2.0% Ramsey,risk_aversion,combined,0,553.9073391779384,0.8415955455722418
2093,euler_ramsey,0.5,2.5% Ramsey,risk_aversion,combined,0,359.28581881627105,0.7883460942971725
2094,euler_ramsey,0.5,1.5% Ramsey,risk_aversion,combined,0,382.43366692008817,0.6323684085024177
2094,euler_ramsey,0.5,2.0% Ramsey,risk_aversion,combined,0,329.34448859172926,0.5423923355281242
2094,euler_ramsey,0.5,2.5% Ramsey,risk_aversion,combined,0,250.2633733733421,0.4762862527039079
2095,euler_ramsey,0.5,1.5% Ramsey,risk_aversion,combined,0,4035.307919177317,0.7586014789015376
2095,euler_ramsey,0.5,2.0% Ramsey,risk_aversion,combined,0,2878.419819045355,0.6799067358442481
2095,euler_ramsey,0.5,2.5% Ramsey,risk_aversion,combined,0,1924.7061252435794,0.6179122524171292
2096,euler_ramsey,0.5,1.5% Ramsey,risk_aversion,combined,0,2543.79421728382,0.6141727000059717
2096,euler_ramsey,0.5,2.0% Ramsey,risk_aversion,combined,0,2238.273890406789,0.5239065581455791
2096,euler_ramsey,0.5,2.5% Ramsey,risk_aversion,combined,0,1710.1893428261087,0.4581642162648712
2097,euler_ramsey,0.5,1.5% Ramsey,risk_aversion,combined,0,242.23952101176275,0.7203520694098777
2097,euler_ramsey,0.5,2.0% Ramsey,risk_aversion,combined,0,208.46256868639375,0.6360361777881363
2097,euler_ramsey,0.5,2.5% Ramsey,risk_aversion,combined,0,161.9476038547857,0.5711775778112085
2098,euler_ramsey,0.5,1.5% Ramsey,risk_aversion,combined,0,-1543.8253355259653,0.3700960560894134
2098,euler_ramsey,0.5,2.0% Ramsey,risk_aversion,combined,0,-1489.524844758898,0.2814120594196947
2098,euler_ramsey,0.5,2.5% Ramsey,risk_aversion,combined,0,-1180.2339837679338,0.22512827985396636
2099,euler_ramsey,0.5,1.5% Ramsey,risk_aversion,combined,0,81.86979404861783,1.04584405320858
2099,euler_ramsey,0.5,2.0% Ramsey,risk_aversion,combined,0,80.39736432680205,1.0050321513096305
2099,euler_ramsey,0.5,2.5% Ramsey,risk_aversion,combined,0,69.36651301767067,0.9637587039466293
2100,euler_ramsey,0.5,1.5% Ramsey,risk_aversion,combined,0,2123.691406156379,0.45900382599994155
2100,euler_ramsey,0.5,2.0% Ramsey,risk_aversion,combined,0,1926.559321710224,0.36659905565939044
2100,euler_ramsey,0.5,2.5% Ramsey,risk_aversion,combined,0,1519.8092632085063,0.3046715156354905
2101,euler_ramsey,0.5,1.5% Ramsey,risk_aversion,combined,0,152.79555543578348,2.026913660888089
2101,euler_ramsey,0.5,2.0% Ramsey,risk_aversion,combined,0,131.01797916278434,2.2612338263289886
2101,euler_ramsey,0.5,2.5% Ramsey,risk_aversion,combined,0,109.42540088600074,2.433689989182765
2102,euler_ramsey,0.5,1.5% Ramsey,risk_aversion,combined,0,154.55132835943692,1.5687358221453962
2102,euler_ramsey,0.5,2.0% Ramsey,risk_aversion,combined,0,103.84405569241139,1.6526443358430292
2102,euler_ramsey,0.5,2.5% Ramsey,risk_aversion,combined,0,72.73991478640995,1.7015495010568886
2103,euler_ramsey,0.5,1.5% Ramsey,risk_aversion,combined,0,-3.152357921683622,0.47834248659397655
2103,euler_ramsey,0.5,2.0% Ramsey,risk_aversion,combined,0,18.57244634062625,0.3855946345672242
2103,euler_ramsey,0.5,2.5% Ramsey,risk_aversion,combined,0,29.9863098185865,0.3227492572513698
2104,euler_ramsey,0.5,1.5% Ramsey,risk_aversion,combined,0,310.3645849562833,1.0717153397799757
2104,euler_ramsey,0.5,2.0% Ramsey,risk_aversion,combined,0,243.70195949855298,1.0356002553196686
2104,euler_ramsey,0.5,2.5% Ramsey,risk_aversion,combined,0,189.23177776028996,0.9973098889280364
2105,euler_ramsey,0.5,1.5% Ramsey,risk_aversion,combined,0,897.2258085450698,0.4363351543305929
2105,euler_ramsey,0.5,2.0% Ramsey,risk_aversion,combined,0,711.8955085134895,0.34416287336285695
2105,euler_ramsey,0.5,2.5% Ramsey,risk_aversion,combined,0,498.96379749069797,0.2832400057856664
2106,euler_ramsey,0.5,1.5% Ramsey,risk_aversion,combined,0,567.0193383726717,0.7630584526549922
2106,euler_ramsey,0.5,2.0% Ramsey,risk_aversion,combined,0,544.7038333680598,0.6828494290811301
2106,euler_ramsey,0.5,2.5% Ramsey,risk_aversion,combined,0,443.63938595981847,0.6196397571045611
2107,euler_ramsey,0.5,1.5% Ramsey,risk_aversion,combined,0,319.3087883351769,0.665799498246787
2107,euler_ramsey,0.5,2.0% Ramsey,risk_aversion,combined,0,242.34671572979872,0.5775073111438493
2107,euler_ramsey,0.5,2.5% Ramsey,risk_aversion,combined,0,175.78794755696185,0.5115278641128848
2108,euler_ramsey,0.5,1.5% Ramsey,risk_aversion,combined,0,946.8950916207416,0.6448979450445039
2108,euler_ramsey,0.5,2.0% Ramsey,risk_aversion,combined,0,753.9170652246869,0.5559954053362762
2108,euler_ramsey,0.5,2.5% Ramsey,risk_aversion,combined,0,575.8482645796579,0.49021824330348146
2109,euler_ramsey,0.5,1.5% Ramsey,risk_aversion,combined,0,130.01588888079368,1.0186620521673357
2109,euler_ramsey,0.5,2.0% Ramsey,risk_aversion,combined,0,122.87145535162355,0.9736267008834636
2109,euler_ramsey,0.5,2.5% Ramsey,risk_aversion,combined,0,102.6271971019935,0.929745556840446
2110,euler_ramsey,0.5,1.5% Ramsey,risk_aversion,combined,0,940.932276531895,1.3215262892221467
2110,euler_ramsey,0.5,2.0% Ramsey,risk_aversion,combined,0,741.4100586593497,1.3394434120657686
2110,euler_ramsey,0.5,2.5% Ramsey,risk_aversion,combined,0,523.7615560977833,1.3385571490809651
2111,euler_ramsey,0.5,1.5% Ramsey,risk_aversion,combined,0,-350.2939247568817,0.475693129093876
2111,euler_ramsey,0.5,2.0% Ramsey,risk_aversion,combined,0,-258.73944683944677,0.38273805217110884
2111,euler_ramsey,0.5,2.5% Ramsey,risk_aversion,combined,0,-189.95690524150388,0.3198723865283512
2112,euler_ramsey,0.5,1.5% Ramsey,risk_aversion,combined,0,21.42703736797637,0.19753262730260523
2112,euler_ramsey,0.5,2.0% Ramsey,risk_aversion,combined,0,-14.521952996919937,0.1303731192349493
2112,euler_ramsey,0.5,2.5% Ramsey,risk_aversion,combined,0,-11.70600169827872,0.09347882957737716
2113,euler_ramsey,0.5,1.5% Ramsey,risk_aversion,combined,0,934.0453974822419,1.3893395618978868
2113,euler_ramsey,0.5,2.0% Ramsey,risk_aversion,combined,0,760.543315591397,1.4244426405527562
2113,euler_ramsey,0.5,2.5% Ramsey,risk_aversion,combined,0,548.8647202623616,1.4363015937871628
2114,euler_ramsey,0.5,1.5% Ramsey,risk_aversion,combined,0,239.4707972113654,1.9638545222150132
2114,euler_ramsey,0.5,2.0% Ramsey,risk_aversion,combined,0,172.6578390033041,2.175331401144125
2114,euler_ramsey,0.5,2.5% Ramsey,risk_aversion,combined,0,123.93124985666132,2.3283470999244376
2115,euler_ramsey,0.5,1.5% Ramsey,risk_aversion,combined,0,208.95138528549282,1.290958225555719
2115,euler_ramsey,0.5,2.0% Ramsey,risk_aversion,combined,0,170.41034219436727,1.3014399595390596
2115,euler_ramsey,0.5,2.5% Ramsey,risk_aversion,combined,0,137.89887784524703,1.2951013532510036
2116,euler_ramsey,0.5,1.5% Ramsey,risk_aversion,combined,0,322.8960983234402,1.068110058289124
2116,euler_ramsey,0.5,2.0% Ramsey,risk_aversion,combined,0,213.37432369233161,1.0310338438678983
2116,euler_ramsey,0.5,2.5% Ramsey,risk_aversion,combined,0,146.42293015737218,0.9920653668269551
2117,euler_ramsey,0.5,1.5% Ramsey,risk_aversion,combined,0,958.8215168605428,0.3756314181732378
2117,euler_ramsey,0.5,2.0% Ramsey,risk_aversion,combined,0,717.8872244629043,0.28648942737238997
2117,euler_ramsey,0.5,2.5% Ramsey,risk_aversion,combined,0,530.8824128159891,0.22972740523604218
2118,euler_ramsey,0.5,1.5% Ramsey,risk_aversion,combined,0,1.9882891520123844,3.2628148802246475
2118,euler_ramsey,0.5,2.0% Ramsey,risk_aversion,combined,0,-1.7874321829959268,4.051354529977718
2118,euler_ramsey,0.5,2.5% Ramsey,risk_aversion,combined,0,-2.0598317089406857,4.736501734827165
2119,euler_ramsey,0.5,1.5% Ramsey,risk_aversion,combined,0,523.8984175748908,0.4708765059994083
2119,euler_ramsey,0.5,2.0% Ramsey,risk_aversion,combined,0,357.21452817950063,0.37782998036329946
2119,euler_ramsey,0.5,2.5% Ramsey,risk_aversion,combined,0,251.65794693535875,0.31509887755463434
2120,euler_ramsey,0.5,1.5% Ramsey,risk_aversion,combined,0,725.8855222834123,0.47721630430010414
2120,euler_ramsey,0.5,2.0% Ramsey,risk_aversion,combined,0,366.01881881310146,0.38417271449797324
2120,euler_ramsey,0.5,2.5% Ramsey,risk_aversion,combined,0,205.42789604077456,0.32120789365893465
2121,euler_ramsey,0.5,1.5% Ramsey,risk_aversion,combined,0,403.57277563289904,1.3430392813101812
2121,euler_ramsey,0.5,2.0% Ramsey,risk_aversion,combined,0,297.45324618420887,1.3653392512768907
2121,euler_ramsey,0.5,2.5% Ramsey,risk_aversion,combined,0,202.25543222135545,1.3674974458122373
2122,euler_ramsey,0.5,1.5% Ramsey,risk_aversion,combined,0,2.2965290072210567,0.8018793651079507
2122,euler_ramsey,0.5,2.0% Ramsey,risk_aversion,combined,0,-19.47550712762596,0.7252532976087479
2122,euler_ramsey,0.5,2.5% Ramsey,risk_aversion,combined,0,-22.545684203358267,0.6635146812249818
2123,euler_ramsey,0.5,1.5% Ramsey,risk_aversion,combined,0,1585.8194340610953,0.4529084207449635
2123,euler_ramsey,0.5,2.0% Ramsey,risk_aversion,combined,0,1286.913146996585,0.3603880888534139
2123,euler_ramsey,0.5,2.5% Ramsey,risk_aversion,combined,0,919.1836149710406,0.29862911728776304
2124,euler_ramsey,0.5,1.5% Ramsey,risk_aversion,combined,0,1457.2549348323964,0.4610545174606566
2124,euler_ramsey,0.5,2.0% Ramsey,risk_aversion,combined,0,685.198813079087,0.3684655507792658
2124,euler_ramsey,0.5,2.5% Ramsey,risk_aversion,combined,0,375.9568721099149,0.3063553633224149
2125,euler_ramsey,0.5,1.5% Ramsey,risk_aversion,combined,0,706.0275163324852,0.7408995473955803
2125,euler_ramsey,0.5,2.0% Ramsey,risk_aversion,combined,0,576.8633028367569,0.658746118766432
2125,euler_ramsey,0.5,2.5% Ramsey,risk_aversion,combined,0,423.3304741559359,0.594801168002596
2126,euler_ramsey,0.5,1.5% Ramsey,risk_aversion,combined,0,880.6174518228008,0.8114266953183086
2126,euler_ramsey,0.5,2.0% Ramsey,risk_aversion,combined,0,715.4686424774558,0.7364631867222369
2126,euler_ramsey,0.5,2.5% Ramsey,risk_aversion,combined,0,532.5523021621709,0.6756840432325456
2127,euler_ramsey,0.5,1.5% Ramsey,risk_aversion,combined,0,280.0605195409036,0.7765241160656422
2127,euler_ramsey,0.5,2.0% Ramsey,risk_aversion,combined,0,202.60678162355305,0.6975845900581471
2127,euler_ramsey,0.5,2.5% Ramsey,risk_aversion,combined,0,145.74193690328818,0.6349217030026924
2128,euler_ramsey,0.5,1.5% Ramsey,risk_aversion,combined,0,3727.239554484122,0.36564177801249986
2128,euler_ramsey,0.5,2.0% Ramsey,risk_aversion,combined,0,2835.6066831064427,0.27732772408687084
2128,euler_ramsey,0.5,2.5% Ramsey,risk_aversion,combined,0,1914.3106547928235,0.221440466249609
2129,euler_ramsey,0.5,1.5% Ramsey,risk_aversion,combined,0,391.6845171632851,1.3311864306681247
2129,euler_ramsey,0.5,2.0% Ramsey,risk_aversion,combined,0,314.53532040099304,1.3505813843582075
2129,euler_ramsey,0.5,2.5% Ramsey,risk_aversion,combined,0,243.7894208742238,1.3506193583001256
2130,euler_ramsey,0.5,1.5% Ramsey,risk_aversion,combined,0,-250.42970549255085,0.8733679111072199
2130,euler_ramsey,0.5,2.0% Ramsey,risk_aversion,combined,0,-201.26369546901103,0.8058442371719162
2130,euler_ramsey,0.5,2.5% Ramsey,risk_aversion,combined,0,-135.14962881446317,0.7487665259606121
2131,euler_ramsey,0.5,1.5% Ramsey,risk_aversion,combined,0,1228.4725560356756,0.6755561812835419
2131,euler_ramsey,0.5,2.0% Ramsey,risk_aversion,combined,0,883.8240950119583,0.5886493568806815
2131,euler_ramsey,0.5,2.5% Ramsey,risk_aversion,combined,0,617.271708325584,0.523333150122196
2132,euler_ramsey,0.5,1.5% Ramsey,risk_aversion,combined,0,126.44776340714284,1.3866327364317088
2132,euler_ramsey,0.5,2.0% Ramsey,risk_aversion,combined,0,104.81132592332581,1.4199982897700234
2132,euler_ramsey,0.5,2.5% Ramsey,risk_aversion,combined,0,86.62011115113539,1.4304283928548662
2133,euler_ramsey,0.5,1.5% Ramsey,risk_aversion,combined,0,750.3634823602846,1.0378950328528962
2133,euler_ramsey,0.5,2.0% Ramsey,risk_aversion,combined,0,706.3034442069759,0.995917764761359
2133,euler_ramsey,0.5,2.5% Ramsey,risk_aversion,combined,0,584.6010791034049,0.9539848032471334
2134,euler_ramsey,0.5,1.5% Ramsey,risk_aversion,combined,0,652.2856681243712,0.44514324958158147
2134,euler_ramsey,0.5,2.0% Ramsey,risk_aversion,combined,0,550.2139941689101,0.35274515603914297
2134,euler_ramsey,0.5,2.5% Ramsey,risk_aversion,combined,0,420.35448080598195,0.2913534242905508
2135,euler_ramsey,0.5,1.5% Ramsey,risk_aversion,combined,0,336.2357504853198,0.7426846628998377
2135,euler_ramsey,0.5,2.0% Ramsey,risk_aversion,combined,0,333.56337052727895,0.6605515622105624
2135,euler_ramsey,0.5,2.5% Ramsey,risk_aversion,combined,0,296.0448379046171,0.5965742760843945
2136,euler_ramsey,0.5,1.5% Ramsey,risk_aversion,combined,0,1026.132050512003,0.8464734081310749
2136,euler_ramsey,0.5,2.0% Ramsey,risk_aversion,combined,0,745.6028243077836,0.7754116037687463
2136,euler_ramsey,0.5,2.5% Ramsey,risk_aversion,combined,0,486.1666105677859,0.7165102994766207
2137,euler_ramsey,0.5,1.5% Ramsey,risk_aversion,combined,0,5014.530959850331,0.2920478604268399
2137,euler_ramsey,0.5,2.0% Ramsey,risk_aversion,combined,0,3101.6918874329435,0.2110919250590115
2137,euler_ramsey,0.5,2.5% Ramsey,risk_aversion,combined,0,2081.207170603288,0.16242368248473837
2138,euler_ramsey,0.5,1.5% Ramsey,risk_aversion,combined,0,423.4945862816853,1.4568374325505709
2138,euler_ramsey,0.5,2.0% Ramsey,risk_aversion,combined,0,321.0476142881107,1.5090595542426224
2138,euler_ramsey,0.5,2.5% Ramsey,risk_aversion,combined,0,235.897606588943,1.5336241542599314
2139,euler_ramsey,0.5,1.5% Ramsey,risk_aversion,combined,0,1187.00825495155,1.334334268230128
2139,euler_ramsey,0.5,2.0% Ramsey,risk_aversion,combined,0,846.2704741684087,1.3559166871161328
2139,euler_ramsey,0.5,2.5% Ramsey,risk_aversion,combined,0,607.3999950736538,1.3578069456310948
2140,euler_ramsey,0.5,1.5% Ramsey,risk_aversion,combined,0,67.98926798360269,0.8022470170477801
2140,euler_ramsey,0.5,2.0% Ramsey,risk_aversion,combined,0,55.239182264451706,0.7262928239479625
2140,euler_ramsey,0.5,2.5% Ramsey,risk_aversion,combined,0,41.64974595963607,0.6650515359579355
2141,euler_ramsey,0.5,1.5% Ramsey,risk_aversion,combined,0,629.0741171072632,1.1944455979855855
2141,euler_ramsey,0.5,2.0% Ramsey,risk_aversion,combined,0,600.1456443142325,1.1839672422106524
2141,euler_ramsey,0.5,2.5% Ramsey,risk_aversion,combined,0,518.0120896037623,1.1630217557755032
2142,euler_ramsey,0.5,1.5% Ramsey,risk_aversion,combined,0,1900.2211835642079,2.174955251017779
2142,euler_ramsey,0.5,2.0% Ramsey,risk_aversion,combined,0,2694.484928837485,2.469923162731095
2142,euler_ramsey,0.5,2.5% Ramsey,risk_aversion,combined,0,2973.786994269975,2.6957609997023653
2143,euler_ramsey,0.5,1.5% Ramsey,risk_aversion,combined,0,102.59509873291042,0.9444919860305712
2143,euler_ramsey,0.5,2.0% Ramsey,risk_aversion,combined,0,93.35438597827236,0.8879788398021358
2143,euler_ramsey,0.5,2.5% Ramsey,risk_aversion,combined,0,82.49356675859005,0.8373114897225438
2144,euler_ramsey,0.5,1.5% Ramsey,risk_aversion,combined,0,170.41667866481976,0.7120800094155513
2144,euler_ramsey,0.5,2.0% Ramsey,risk_aversion,combined,0,130.91098715746728,0.6273785710566889
2144,euler_ramsey,0.5,2.5% Ramsey,risk_aversion,combined,0,95.97856317160952,0.5624964660289422
2145,euler_ramsey,0.5,1.5% Ramsey,risk_aversion,combined,0,71.63135598802896,1.3668847089547016
2145,euler_ramsey,0.5,2.0% Ramsey,risk_aversion,combined,0,35.28645685909197,1.3943744463954342
2145,euler_ramsey,0.5,2.5% Ramsey,risk_aversion,combined,0,19.906434987388895,1.4002022785545531
2146,euler_ramsey,0.5,1.5% Ramsey,risk_aversion,combined,0,1756.4283086815176,0.6055117728415136
2146,euler_ramsey,0.5,2.0% Ramsey,risk_aversion,combined,0,1356.2092622785897,0.5151007567601409
2146,euler_ramsey,0.5,2.5% Ramsey,risk_aversion,combined,0,961.6975570372937,0.44952506911297785
2147,euler_ramsey,0.5,1.5% Ramsey,risk_aversion,combined,0,1195.4782258032549,1.2029758867952904
2147,euler_ramsey,0.5,2.0% Ramsey,risk_aversion,combined,0,1121.1796731353022,1.1944640752988576
2147,euler_ramsey,0.5,2.5% Ramsey,risk_aversion,combined,0,948.4482318669604,1.1749093199566882
2148,euler_ramsey,0.5,1.5% Ramsey,risk_aversion,combined,0,483.15373403156553,1.6637448891249347
2148,euler_ramsey,0.5,2.0% Ramsey,risk_aversion,combined,0,337.4995509727505,1.7755504212598996
2148,euler_ramsey,0.5,2.5% Ramsey,risk_aversion,combined,0,234.73290057216178,1.8465831729732107
2149,euler_ramsey,0.5,1.5% Ramsey,risk_aversion,combined,0,866.1928529491798,0.7395285368791068
2149,euler_ramsey,0.5,2.0% Ramsey,risk_aversion,combined,0,758.7449887119068,0.6570214733352376
2149,euler_ramsey,0.5,2.5% Ramsey,risk_aversion,combined,0,601.9594722297865,0.5928779401951351
2150,euler_ramsey,0.5,1.5% Ramsey,risk_aversion,combined,0,4747.886423070522,0.46144311587291187
2150,euler_ramsey,0.5,2.0% Ramsey,risk_aversion,combined,0,3932.2344161503993,0.36886044503416227
2150,euler_ramsey,0.5,2.5% Ramsey,risk_aversion,combined,0,2861.1826274695736,0.3067424695927594
2151,euler_ramsey,0.5,1.5% Ramsey,risk_aversion,combined,0,1139.1502843052165,0.7045075963686666
2151,euler_ramsey,0.5,2.0% Ramsey,risk_aversion,combined,0,928.0818340073307,0.6194730827313331
2151,euler_ramsey,0.5,2.5% Ramsey,risk_aversion,combined,0,693.2944176737994,0.5545612501698106
2152,euler_ramsey,0.5,1.5% Ramsey,risk_aversion,combined,0,13452.432573639977,0.3121047756886606
2152,euler_ramsey,0.5,2.0% Ramsey,risk_aversion,combined,0,5839.1165999749255,0.2298509391988407
2152,euler_ramsey,0.5,2.5% Ramsey,risk_aversion,combined,0,3065.333191397628,0.17949890722458178
2153,euler_ramsey,0.5,1.5% Ramsey,risk_aversion,combined,0,-819.153771359091,0.3803664398331684
2153,euler_ramsey,0.5,2.0% Ramsey,risk_aversion,combined,0,-683.830570282685,0.2909444066647553
2153,euler_ramsey,0.5,2.5% Ramsey,risk_aversion,combined,0,-506.6475273125665,0.2338228709633121
2154,euler_ramsey,0.5,1.5% Ramsey,risk_aversion,combined,0,485.6459293415711,0.9457081039662465
2154,euler_ramsey,0.5,2.0% Ramsey,risk_aversion,combined,0,338.69174078710216,0.8878949368281435
2154,euler_ramsey,0.5,2.5% Ramsey,risk_aversion,combined,0,223.53649602340698,0.8361697438528284
2155,euler_ramsey,0.5,1.5% Ramsey,risk_aversion,combined,0,530.7775406530195,0.813657790834292
2155,euler_ramsey,0.5,2.0% Ramsey,risk_aversion,combined,0,515.469683262878,0.7390189312327953
2155,euler_ramsey,0.5,2.5% Ramsey,risk_aversion,combined,0,432.85778099033126,0.6784258609588755
2156,euler_ramsey,0.5,1.5% Ramsey,risk_aversion,combined,0,336.40371187808734,2.0042633862138093
2156,euler_ramsey,0.5,2.0% Ramsey,risk_aversion,combined,0,240.86818099502537,2.230378829068195
2156,euler_ramsey,0.5,2.5% Ramsey,risk_aversion,combined,0,170.2672967640706,2.3958613644803894
2157,euler_ramsey,0.5,1.5% Ramsey,risk_aversion,combined,0,313.10162774304234,1.9011884344496388
2157,euler_ramsey,0.5,2.0% Ramsey,risk_aversion,combined,0,244.34614190987486,2.0907245167471453
2157,euler_ramsey,0.5,2.5% Ramsey,risk_aversion,combined,0,182.2917024275638,2.2253320424241063
2158,euler_ramsey,0.5,1.5% Ramsey,risk_aversion,combined,0,1270.4665667723414,0.8394813131595669
2158,euler_ramsey,0.5,2.0% Ramsey,risk_aversion,combined,0,664.960354970264,0.7689109895529512
2158,euler_ramsey,0.5,2.5% Ramsey,risk_aversion,combined,0,384.6635388194583,0.7106230710964107
2159,euler_ramsey,0.5,1.5% Ramsey,risk_aversion,combined,0,179.63796864694487,3.2986920321807838
2159,euler_ramsey,0.5,2.0% Ramsey,risk_aversion,combined,0,144.37760753548275,4.106718202594854
2159,euler_ramsey,0.5,2.5% Ramsey,risk_aversion,combined,0,118.81126442015845,4.81137519765536
2160,euler_ramsey,0.5,1.5% Ramsey,risk_aversion,combined,0,560.8164987531359,1.1594457506536842
2160,euler_ramsey,0.5,2.0% Ramsey,risk_aversion,combined,0,351.1700655777754,1.1410310007342157
2160,euler_ramsey,0.5,2.5% Ramsey,risk_aversion,combined,0,225.6628667422287,1.1145567640128307
2161,euler_ramsey,0.5,1.5% Ramsey,risk_aversion,combined,0,-644.1826081880524,0.40582061896205507
2161,euler_ramsey,0.5,2.0% Ramsey,risk_aversion,combined,0,-475.8703974541038,0.3149758325789528
2161,euler_ramsey,0.5,2.5% Ramsey,risk_aversion,combined,0,-326.0026798671984,0.2560083527961085
2162,euler_ramsey,0.5,1.5% Ramsey,risk_aversion,combined,0,3391.6684272434377,0.40940379945229377
2162,euler_ramsey,0.5,2.0% Ramsey,risk_aversion,combined,0,913.6548208554117,0.318605322389915
2162,euler_ramsey,0.5,2.5% Ramsey,risk_aversion,combined,0,435.3719308841875,0.25951558469300334
2163,euler_ramsey,0.5,1.5% Ramsey,risk_aversion,combined,0,-629.6073211973389,0.3441266209122298
2163,euler_ramsey,0.5,2.0% Ramsey,risk_aversion,combined,0,-591.1781284691746,0.2574973859444975
2163,euler_ramsey,0.5,2.5% Ramsey,risk_aversion,combined,0,-462.6871727466561,0.2034588398106301
2164,euler_ramsey,0.5,1.5% Ramsey,risk_aversion,combined,0,496.44418752044385,0.7851918852212095
2164,euler_ramsey,0.5,2.0% Ramsey,risk_aversion,combined,0,286.5724514986766,0.7079508211443717
2164,euler_ramsey,0.5,2.5% Ramsey,risk_aversion,combined,0,172.88183725685892,0.6462071499318879
2165,euler_ramsey,0.5,1.5% Ramsey,risk_aversion,combined,0,382.87936043043305,1.132990999521072
2165,euler_ramsey,0.5,2.0% Ramsey,risk_aversion,combined,0,282.93142295000075,1.1093567223768608
2165,euler_ramsey,0.5,2.5% Ramsey,risk_aversion,combined,0,197.69739714865378,1.079463489767619
2166,euler_ramsey,0.5,1.5% Ramsey,risk_aversion,combined,0,39.85944614655037,1.6307107951250628
2166,euler_ramsey,0.5,2.0% Ramsey,risk_aversion,combined,0,32.35383721533067,1.7324890734392238
2166,euler_ramsey,0.5,2.5% Ramsey,risk_aversion,combined,0,27.76598971246563,1.7954120503662125
2167,euler_ramsey,0.5,1.5% Ramsey,risk_aversion,combined,0,381.89409945986074,2.766345703918261
2167,euler_ramsey,0.5,2.0% Ramsey,risk_aversion,combined,0,317.99374837504524,3.310978794103
2167,euler_ramsey,0.5,2.5% Ramsey,risk_aversion,combined,0,254.1992194946367,3.762922345395206
2168,euler_ramsey,0.5,1.5% Ramsey,risk_aversion,combined,0,1187.076147492498,0.5461849111021941
2168,euler_ramsey,0.5,2.0% Ramsey,risk_aversion,combined,0,969.020059868624,0.4533656422432774
2168,euler_ramsey,0.5,2.5% Ramsey,risk_aversion,combined,0,690.9437558846429,0.3881556499132143
2169,euler_ramsey,0.5,1.5% Ramsey,risk_aversion,combined,0,7657.095417650011,0.5036279185232427
2169,euler_ramsey,0.5,2.0% Ramsey,risk_aversion,combined,0,2963.5886930356846,0.4106065959224787
2169,euler_ramsey,0.5,2.5% Ramsey,risk_aversion,combined,0,1273.732874276682,0.3467136504199622
2170,euler_ramsey,0.5,1.5% Ramsey,risk_aversion,combined,0,2149.242386528927,0.6421184506554102
2170,euler_ramsey,0.5,2.0% Ramsey,risk_aversion,combined,0,1606.0390747409342,0.5536291325918445
2170,euler_ramsey,0.5,2.5% Ramsey,risk_aversion,combined,0,1127.8001863660993,0.4882083768964265
2171,euler_ramsey,0.5,1.5% Ramsey,risk_aversion,combined,0,1806.7786450789854,1.1896143975221205
2171,euler_ramsey,0.5,2.0% Ramsey,risk_aversion,combined,0,1604.66180477065,1.1794456480098707
2171,euler_ramsey,0.5,2.5% Ramsey,risk_aversion,combined,0,1240.5111399444434,1.1590382562996373
2172,euler_ramsey,0.5,1.5% Ramsey,risk_aversion,combined,0,-100.45964958965084,0.48319923624513933
2172,euler_ramsey,0.5,2.0% Ramsey,risk_aversion,combined,0,-72.38669483518332,0.3901513768562417
2172,euler_ramsey,0.5,2.5% Ramsey,risk_aversion,combined,0,-45.78983227033113,0.32696123469609223
2173,euler_ramsey,0.5,1.5% Ramsey,risk_aversion,combined,0,-462.7447682055296,0.7761796184322087
2173,euler_ramsey,0.5,2.0% Ramsey,risk_aversion,combined,0,-453.003832167921,0.6968566967879728
2173,euler_ramsey,0.5,2.5% Ramsey,risk_aversion,combined,0,-353.31941264335666,0.6339128160888848
2174,euler_ramsey,0.5,1.5% Ramsey,risk_aversion,combined,0,1484.5174203749432,0.45299784165930024
2174,euler_ramsey,0.5,2.0% Ramsey,risk_aversion,combined,0,842.2357983201396,0.360424828114514
2174,euler_ramsey,0.5,2.5% Ramsey,risk_aversion,combined,0,509.90092079148025,0.2986325313836415
2175,euler_ramsey,0.5,1.5% Ramsey,risk_aversion,combined,0,3219.116603814414,0.529888899807781
2175,euler_ramsey,0.5,2.0% Ramsey,risk_aversion,combined,0,1239.2395434224213,0.4370412878818975
2175,euler_ramsey,0.5,2.5% Ramsey,risk_aversion,combined,0,546.5445634226078,0.3723584034864843
2176,euler_ramsey,0.5,1.5% Ramsey,risk_aversion,combined,0,5445.906554214347,0.37770450781981146
2176,euler_ramsey,0.5,2.0% Ramsey,risk_aversion,combined,0,2921.9817681628992,0.2889171309602176
2176,euler_ramsey,0.5,2.5% Ramsey,risk_aversion,combined,0,1656.209308295333,0.23223857229082132
2177,euler_ramsey,0.5,1.5% Ramsey,risk_aversion,combined,0,197.64536283137326,2.0645047798313625
2177,euler_ramsey,0.5,2.0% Ramsey,risk_aversion,combined,0,116.1659835534999,2.312650735139157
2177,euler_ramsey,0.5,2.5% Ramsey,risk_aversion,combined,0,74.75984214040481,2.4969125817669866
2178,euler_ramsey,0.5,1.5% Ramsey,risk_aversion,combined,0,330.00695063785156,1.6890803615830858
2178,euler_ramsey,0.5,2.0% Ramsey,risk_aversion,combined,0,246.53000605467662,1.8087370773859515
2178,euler_ramsey,0.5,2.5% Ramsey,risk_aversion,combined,0,171.84103716749652,1.8859990259743367
2179,euler_ramsey,0.5,1.5% Ramsey,risk_aversion,combined,0,481.2722533475916,1.7571550886274294
2179,euler_ramsey,0.5,2.0% Ramsey,risk_aversion,combined,0,392.11914073694567,1.898132638079559
2179,euler_ramsey,0.5,2.5% Ramsey,risk_aversion,combined,0,294.0250238986449,1.9925540277369969
2180,euler_ramsey,0.5,1.5% Ramsey,risk_aversion,combined,0,2290.3542003851385,0.5124713211759414
2180,euler_ramsey,0.5,2.0% Ramsey,risk_aversion,combined,0,1766.6662945287474,0.4200202324266783
2180,euler_ramsey,0.5,2.5% Ramsey,risk_aversion,combined,0,1295.3323578731479,0.3561528606853952
2181,euler_ramsey,0.5,1.5% Ramsey,risk_aversion,combined,0,195.50139538544053,1.6593899349692098
2181,euler_ramsey,0.5,2.0% Ramsey,risk_aversion,combined,0,142.7114176330134,1.7697497604937997
2181,euler_ramsey,0.5,2.5% Ramsey,risk_aversion,combined,0,98.65891433900035,1.8395288580317812
2182,euler_ramsey,0.5,1.5% Ramsey,risk_aversion,combined,0,484.7824658583351,1.2611601200396034
2182,euler_ramsey,0.5,2.0% Ramsey,risk_aversion,combined,0,349.93233523365217,1.2644438966548293
2182,euler_ramsey,0.5,2.5% Ramsey,risk_aversion,combined,0,246.75283508168647,1.2529736660919186
2183,euler_ramsey,0.5,1.5% Ramsey,risk_aversion,combined,0,329.3243278622046,1.5242405471319442
2183,euler_ramsey,0.5,2.0% Ramsey,risk_aversion,combined,0,222.4418816809855,1.5951705794543833
2183,euler_ramsey,0.5,2.5% Ramsey,risk_aversion,combined,0,149.9983236685987,1.6340920938735726
2184,euler_ramsey,0.5,1.5% Ramsey,risk_aversion,combined,0,129.62382566947528,1.986792750936284
2184,euler_ramsey,0.5,2.0% Ramsey,risk_aversion,combined,0,98.87740345123821,2.206172532173417
2184,euler_ramsey,0.5,2.5% Ramsey,risk_aversion,combined,0,72.62874407289894,2.365832358330743
2185,euler_ramsey,0.5,1.5% Ramsey,risk_aversion,combined,0,406.1163734134752,0.598602417991616
2185,euler_ramsey,0.5,2.0% Ramsey,risk_aversion,combined,0,336.60770193980085,0.5071134493330312
2185,euler_ramsey,0.5,2.5% Ramsey,risk_aversion,combined,0,242.70112324078795,0.44106117846008036
2186,euler_ramsey,0.5,1.5% Ramsey,risk_aversion,combined,0,52.10402576311794,2.5803521263250406
2186,euler_ramsey,0.5,2.0% Ramsey,risk_aversion,combined,0,39.59017063060016,3.039114603294366
2186,euler_ramsey,0.5,2.5% Ramsey,risk_aversion,combined,0,30.868564297090526,3.4108927505461706
2187,euler_ramsey,0.5,1.5% Ramsey,risk_aversion,combined,0,606.2061377648615,0.28943658610684325
2187,euler_ramsey,0.5,2.0% Ramsey,risk_aversion,combined,0,468.4435769509098,0.20818864052878838
2187,euler_ramsey,0.5,2.5% Ramsey,risk_aversion,combined,0,350.2633539792451,0.1595447590495236
2188,euler_ramsey,0.5,1.5% Ramsey,risk_aversion,combined,0,-577.3057585575,0.8013038671391747
2188,euler_ramsey,0.5,2.0% Ramsey,risk_aversion,combined,0,-485.9446355390536,0.7250632726340848
2188,euler_ramsey,0.5,2.5% Ramsey,risk_aversion,combined,0,-362.08505954024906,0.6635998649478395
2189,euler_ramsey,0.5,1.5% Ramsey,risk_aversion,combined,0,13612.759806186416,0.30743523701597586
2189,euler_ramsey,0.5,2.0% Ramsey,risk_aversion,combined,0,8988.077858924324,0.224807938842517
2189,euler_ramsey,0.5,2.5% Ramsey,risk_aversion,combined,0,5387.8602932945705,0.17453816486917262
2190,euler_ramsey,0.5,1.5% Ramsey,risk_aversion,combined,0,-52.85095734434362,1.138227508642173
2190,euler_ramsey,0.5,2.0% Ramsey,risk_aversion,combined,0,-25.235507339891342,1.114838404087146
2190,euler_ramsey,0.5,2.5% Ramsey,risk_aversion,combined,0,-6.3954474619436885,1.084922553033573
2191,euler_ramsey,0.5,1.5% Ramsey,risk_aversion,combined,0,22.31939546533817,0.8065619019788742
2191,euler_ramsey,0.5,2.0% Ramsey,risk_aversion,combined,0,3.882186447170877,0.7311685966674115
2191,euler_ramsey,0.5,2.5% Ramsey,risk_aversion,combined,0,-5.591414920413723,0.6701789484190322
2192,euler_ramsey,0.5,1.5% Ramsey,risk_aversion,combined,0,3728.6771979016976,0.3695790385233453
2192,euler_ramsey,0.5,2.0% Ramsey,risk_aversion,combined,0,2047.318079770237,0.2816678807529073
2192,euler_ramsey,0.5,2.5% Ramsey,risk_aversion,combined,0,1279.6993284980606,0.2257961015864787
2193,euler_ramsey,0.5,1.5% Ramsey,risk_aversion,combined,0,107.02936170359415,0.7320332399311456
2193,euler_ramsey,0.5,2.0% Ramsey,risk_aversion,combined,0,84.30013465116843,0.6501800676593634
2193,euler_ramsey,0.5,2.5% Ramsey,risk_aversion,combined,0,64.20412201204789,0.5866493483358047
2194,euler_ramsey,0.5,1.5% Ramsey,risk_aversion,combined,0,496.62198137516873,1.540187079116767
2194,euler_ramsey,0.5,2.0% Ramsey,risk_aversion,combined,0,397.89767302706986,1.6159722850001526
2194,euler_ramsey,0.5,2.5% Ramsey,risk_aversion,combined,0,292.6901106971573,1.6586405583759505
2195,euler_ramsey,0.5,1.5% Ramsey,risk_aversion,combined,0,-150.50764491255637,0.8311376986752952
2195,euler_ramsey,0.5,2.0% Ramsey,risk_aversion,combined,0,-94.97505636663048,0.7586053846035098
2195,euler_ramsey,0.5,2.5% Ramsey,risk_aversion,combined,0,-34.57171973467418,0.6990215382392291
2196,euler_ramsey,0.5,1.5% Ramsey,risk_aversion,combined,0,390.8417249052884,1.558739373401699
2196,euler_ramsey,0.5,2.0% Ramsey,risk_aversion,combined,0,344.4704736782795,1.6391923024956525
2196,euler_ramsey,0.5,2.5% Ramsey,risk_aversion,combined,0,269.74514351536715,1.6854017135382457
2197,euler_ramsey,0.5,1.5% Ramsey,risk_aversion,combined,0,199.15512927102904,1.063674749132665
2197,euler_ramsey,0.5,2.0% Ramsey,risk_aversion,combined,0,153.35998184053196,1.0255856241662575
2197,euler_ramsey,0.5,2.5% Ramsey,risk_aversion,combined,0,125.13776500286717,0.9859369526838095
2198,euler_ramsey,0.5,1.5% Ramsey,risk_aversion,combined,0,811.6808257111227,0.66473809332368
2198,euler_ramsey,0.5,2.0% Ramsey,risk_aversion,combined,0,523.1477216013627,0.5771132270439899
2198,euler_ramsey,0.5,2.5% Ramsey,risk_aversion,combined,0,327.290724345202,0.5115912862378282
2199,euler_ramsey,0.5,1.5% Ramsey,risk_aversion,combined,0,237.8907220091503,2.1502418202438354
2199,euler_ramsey,0.5,2.0% Ramsey,risk_aversion,combined,0,157.37038780934557,2.430799817927841
2199,euler_ramsey,0.5,2.5% Ramsey,risk_aversion,combined,0,108.54318768786224,2.64305439764104
2200,euler_ramsey,0.5,1.5% Ramsey,risk_aversion,combined,0,75.23028856701266,0.3110584499499558
2200,euler_ramsey,0.5,2.0% Ramsey,risk_aversion,combined,0,23.780817961799066,0.22736781068377582
2200,euler_ramsey,0.5,2.5% Ramsey,risk_aversion,combined,0,14.038334416632376,0.17642036746058387
2201,euler_ramsey,0.5,1.5% Ramsey,risk_aversion,combined,0,409.775490693528,1.9638427550726372
2201,euler_ramsey,0.5,2.0% Ramsey,risk_aversion,combined,0,313.0922450419091,2.175749118751752
2201,euler_ramsey,0.5,2.5% Ramsey,risk_aversion,combined,0,231.34275116168934,2.329266877128001
2202,euler_ramsey,0.5,1.5% Ramsey,risk_aversion,combined,0,-404.695978356778,0.6504381600736704
2202,euler_ramsey,0.5,2.0% Ramsey,risk_aversion,combined,0,-282.39215723522244,0.5619827098146797
2202,euler_ramsey,0.5,2.5% Ramsey,risk_aversion,combined,0,-194.65392535113378,0.49636011378866357
2203,euler_ramsey,0.5,1.5% Ramsey,risk_aversion,combined,0,754.3976159111717,0.6323655282502247
2203,euler_ramsey,0.5,2.0% Ramsey,risk_aversion,combined,0,503.8978100805206,0.5428727413644358
2203,euler_ramsey,0.5,2.5% Ramsey,risk_aversion,combined,0,331.46164248553873,0.4771186284198215
2204,euler_ramsey,0.5,1.5% Ramsey,risk_aversion,combined,0,586.7074658641097,0.9062775674164911
2204,euler_ramsey,0.5,2.0% Ramsey,risk_aversion,combined,0,422.7581565109139,0.8440048038254298
2204,euler_ramsey,0.5,2.5% Ramsey,risk_aversion,combined,0,290.91786677988745,0.7900205612627287
2205,euler_ramsey,0.5,1.5% Ramsey,risk_aversion,combined,0,2248.1917493424985,0.8057102440091082
2205,euler_ramsey,0.5,2.0% Ramsey,risk_aversion,combined,0,2320.37485052035,0.7306307544701933
2205,euler_ramsey,0.5,2.5% Ramsey,risk_aversion,combined,0,1940.644868396699,0.6698991170623315
2206,euler_ramsey,0.5,1.5% Ramsey,risk_aversion,combined,0,996.51997644822,0.3611363202695141
2206,euler_ramsey,0.5,2.0% Ramsey,risk_aversion,combined,0,620.112031524381,0.2730455203445337
2206,euler_ramsey,0.5,2.5% Ramsey,risk_aversion,combined,0,418.0720963323274,0.21748035584498623
2207,euler_ramsey,0.5,1.5% Ramsey,risk_aversion,combined,0,837.8748954704512,1.1437470221802795
2207,euler_ramsey,0.5,2.0% Ramsey,risk_aversion,combined,0,650.1174841092998,1.1213551453938486
2207,euler_ramsey,0.5,2.5% Ramsey,risk_aversion,combined,0,472.0387448104876,1.0920680460683634
2208,euler_ramsey,0.5,1.5% Ramsey,risk_aversion,combined,0,3096.200066643056,0.5262076607065481
2208,euler_ramsey,0.5,2.0% Ramsey,risk_aversion,combined,0,2058.4459800252866,0.4336632869433962
2208,euler_ramsey,0.5,2.5% Ramsey,risk_aversion,combined,0,1326.557952405799,0.3692786318351918
2209,euler_ramsey,0.5,1.5% Ramsey,risk_aversion,combined,0,359.43110659452395,1.294610765987966
2209,euler_ramsey,0.5,2.0% Ramsey,risk_aversion,combined,0,271.5380091765405,1.3055110083091555
2209,euler_ramsey,0.5,2.5% Ramsey,risk_aversion,combined,0,188.86142498261833,1.2994752009892414
2210,euler_ramsey,0.5,1.5% Ramsey,risk_aversion,combined,0,750.3899252680955,0.7759302658960973
2210,euler_ramsey,0.5,2.0% Ramsey,risk_aversion,combined,0,630.4792355079605,0.6975375293792807
2210,euler_ramsey,0.5,2.5% Ramsey,risk_aversion,combined,0,467.51557554743664,0.6352566149378491
2211,euler_ramsey,0.5,1.5% Ramsey,risk_aversion,combined,0,-481.67306328919653,0.48179670231132016
2211,euler_ramsey,0.5,2.0% Ramsey,risk_aversion,combined,0,-296.7208788417587,0.3886279881070408
2211,euler_ramsey,0.5,2.5% Ramsey,risk_aversion,combined,0,-128.5138764477592,0.32542721892452925
2212,euler_ramsey,0.5,1.5% Ramsey,risk_aversion,combined,0,934.0920746928659,0.8056995169865451
2212,euler_ramsey,0.5,2.0% Ramsey,risk_aversion,combined,0,917.2085654951287,0.7305602648429007
2212,euler_ramsey,0.5,2.5% Ramsey,risk_aversion,combined,0,786.5323847768094,0.669824557220448
2213,euler_ramsey,0.5,1.5% Ramsey,risk_aversion,combined,0,-138.35221971417295,0.7370242638823923
2213,euler_ramsey,0.5,2.0% Ramsey,risk_aversion,combined,0,-66.04961400194576,0.655271427770117
2213,euler_ramsey,0.5,2.5% Ramsey,risk_aversion,combined,0,-13.364226920871584,0.5917297209817106
2214,euler_ramsey,0.5,1.5% Ramsey,risk_aversion,combined,0,162.51544438284145,0.45176960492960055
2214,euler_ramsey,0.5,2.0% Ramsey,risk_aversion,combined,0,110.63090549729095,0.3591449868004623
2214,euler_ramsey,0.5,2.5% Ramsey,risk_aversion,combined,0,68.75309343543249,0.2973682904170431
2215,euler_ramsey,0.5,1.5% Ramsey,risk_aversion,combined,0,398.5835222162204,0.5960851123379443
2215,euler_ramsey,0.5,2.0% Ramsey,risk_aversion,combined,0,765.9111950491215,0.5047011422520674
2215,euler_ramsey,0.5,2.5% Ramsey,risk_aversion,combined,0,1069.4222564110428,0.43879166075096865
2216,euler_ramsey,0.5,1.5% Ramsey,risk_aversion,combined,0,411.39423259731956,0.7716308278571975
2216,euler_ramsey,0.5,2.0% Ramsey,risk_aversion,combined,0,351.04520599095537,0.6928268500654451
2216,euler_ramsey,0.5,2.5% Ramsey,risk_aversion,combined,0,289.6215429523557,0.6303666892110515
2217,euler_ramsey,0.5,1.5% Ramsey,risk_aversion,combined,0,-309.0815054397063,0.4522441567313025
2217,euler_ramsey,0.5,2.0% Ramsey,risk_aversion,combined,0,-154.4519884892407,0.3597503150137477
2217,euler_ramsey,0.5,2.5% Ramsey,risk_aversion,combined,0,-102.6412229203357,0.2980229822380578
2218,euler_ramsey,0.5,1.5% Ramsey,risk_aversion,combined,0,1113.9334534706366,1.1171009782164432
2218,euler_ramsey,0.5,2.0% Ramsey,risk_aversion,combined,0,904.5001866541959,1.0901877879797306
2218,euler_ramsey,0.5,2.5% Ramsey,risk_aversion,combined,0,682.3200661984791,1.058011196111404
2219,euler_ramsey,0.5,1.5% Ramsey,risk_aversion,combined,0,3358.3129792689383,0.451766672501344
2219,euler_ramsey,0.5,2.0% Ramsey,risk_aversion,combined,0,2707.2624052328383,0.3594533418698613
2219,euler_ramsey,0.5,2.5% Ramsey,risk_aversion,combined,0,1941.6815872209265,0.29785195321255836
2220,euler_ramsey,0.5,1.5% Ramsey,risk_aversion,combined,0,1026.6075777497103,0.580635032411413
2220,euler_ramsey,0.5,2.0% Ramsey,risk_aversion,combined,0,747.363568102734,0.48868466566395036
2220,euler_ramsey,0.5,2.5% Ramsey,risk_aversion,combined,0,531.5021489340864,0.4229061145279385
2221,euler_ramsey,0.5,1.5% Ramsey,risk_aversion,combined,0,626.3448436694205,1.3078830906039491
2221,euler_ramsey,0.5,2.0% Ramsey,risk_aversion,combined,0,485.69841152416114,1.3219334020736253
2221,euler_ramsey,0.5,2.5% Ramsey,risk_aversion,combined,0,339.61164484447534,1.3181502503367142
2222,euler_ramsey,0.5,1.5% Ramsey,risk_aversion,combined,0,1343.929638335925,0.9597871840726618
2222,euler_ramsey,0.5,2.0% Ramsey,risk_aversion,combined,0,1034.286264340691,0.9053082982672227
2222,euler_ramsey,0.5,2.5% Ramsey,risk_aversion,combined,0,762.880049530022,0.8557881081516798
2223,euler_ramsey,0.5,1.5% Ramsey,risk_aversion,combined,0,-249.688583976427,0.5055131417608841
2223,euler_ramsey,0.5,2.0% Ramsey,risk_aversion,combined,0,-169.24482789441237,0.41232263977850575
2223,euler_ramsey,0.5,2.5% Ramsey,risk_aversion,combined,0,-113.19862855814584,0.3482565094911621
2224,euler_ramsey,0.5,1.5% Ramsey,risk_aversion,combined,0,2044.5996182114434,0.3982174855255106
2224,euler_ramsey,0.5,2.0% Ramsey,risk_aversion,combined,0,1533.1518504371113,0.3080870832288992
2224,euler_ramsey,0.5,2.5% Ramsey,risk_aversion,combined,0,1083.7707463763913,0.2498204457983784
2225,euler_ramsey,0.5,1.5% Ramsey,risk_aversion,combined,0,97.62451938229641,1.930714994399472
2225,euler_ramsey,0.5,2.0% Ramsey,risk_aversion,combined,0,69.37616572518223,2.1304499772928316
2225,euler_ramsey,0.5,2.5% Ramsey,risk_aversion,combined,0,54.17701520531311,2.273553240988743
2226,euler_ramsey,0.5,1.5% Ramsey,risk_aversion,combined,0,-79.8763266516919,0.7316893363786517
2226,euler_ramsey,0.5,2.0% Ramsey,risk_aversion,combined,0,-78.33433446076909,0.6486217611144548
2226,euler_ramsey,0.5,2.5% Ramsey,risk_aversion,combined,0,-65.17006028727153,0.5843023701202193
2227,euler_ramsey,0.5,1.5% Ramsey,risk_aversion,combined,0,221.11206798070629,0.6816257503737376
2227,euler_ramsey,0.5,2.0% Ramsey,risk_aversion,combined,0,150.17165823351954,0.5943933558014771
2227,euler_ramsey,0.5,2.5% Ramsey,risk_aversion,combined,0,99.67256563834775,0.5286596984841648
2228,euler_ramsey,0.5,1.5% Ramsey,risk_aversion,combined,0,1091.6785375777151,0.44007420439523315
2228,euler_ramsey,0.5,2.0% Ramsey,risk_aversion,combined,0,418.3661712994337,0.3478555287721154
2228,euler_ramsey,0.5,2.5% Ramsey,risk_aversion,combined,0,216.63558149095095,0.28676058001886
2229,euler_ramsey,0.5,1.5% Ramsey,risk_aversion,combined,0,2485.150423155488,0.3753285436338265
2229,euler_ramsey,0.5,2.0% Ramsey,risk_aversion,combined,0,2278.8302950105376,0.2863157601635366
2229,euler_ramsey,0.5,2.5% Ramsey,risk_aversion,combined,0,1781.185117344992,0.22963178479665455
2230,euler_ramsey,0.5,1.5% Ramsey,risk_aversion,combined,0,-2.042429839209741,1.6389510765432966
2230,euler_ramsey,0.5,2.0% Ramsey,risk_aversion,combined,0,6.520620639982054,1.742729340203867
2230,euler_ramsey,0.5,2.5% Ramsey,risk_aversion,combined,0,13.675522124800416,1.8071996130287216
2231,euler_ramsey,0.5,1.5% Ramsey,risk_aversion,combined,0,33.00576889163563,1.314281063318289
2231,euler_ramsey,0.5,2.0% Ramsey,risk_aversion,combined,0,24.70006328829606,1.329915995871739
2231,euler_ramsey,0.5,2.5% Ramsey,risk_aversion,combined,0,17.72053072575911,1.327250391299422
2232,euler_ramsey,0.5,1.5% Ramsey,risk_aversion,combined,0,204.29477965698098,1.8359130898576508
2232,euler_ramsey,0.5,2.0% Ramsey,risk_aversion,combined,0,155.63093025690245,2.0028571528093737
2232,euler_ramsey,0.5,2.5% Ramsey,risk_aversion,combined,0,115.71681217195538,2.1186782684371273
2233,euler_ramsey,0.5,1.5% Ramsey,risk_aversion,combined,0,-852.8264229358532,0.490915051594616
2233,euler_ramsey,0.5,2.0% Ramsey,risk_aversion,combined,0,-686.7840480550386,0.3976718371082524
2233,euler_ramsey,0.5,2.5% Ramsey,risk_aversion,combined,0,-501.64889745250645,0.33409349789510134
2234,euler_ramsey,0.5,1.5% Ramsey,risk_aversion,combined,0,509.8610471241268,0.8081702517897714
2234,euler_ramsey,0.5,2.0% Ramsey,risk_aversion,combined,0,410.9714819940539,0.7324381624087912
2234,euler_ramsey,0.5,2.5% Ramsey,risk_aversion,combined,0,302.6519532189923,0.6711931698162255
2235,euler_ramsey,0.5,1.5% Ramsey,risk_aversion,combined,0,1720.554272006318,0.7305980719741695
2235,euler_ramsey,0.5,2.0% Ramsey,risk_aversion,combined,0,1713.05736818954,0.647716924422764
2235,euler_ramsey,0.5,2.5% Ramsey,risk_aversion,combined,0,1427.393217423911,0.5835569916398826
2236,euler_ramsey,0.5,1.5% Ramsey,risk_aversion,combined,0,-227.88626031175852,0.7731517179115861
2236,euler_ramsey,0.5,2.0% Ramsey,risk_aversion,combined,0,-183.2543644133222,0.6937541571845787
2236,euler_ramsey,0.5,2.5% Ramsey,risk_aversion,combined,0,-131.21584421336226,0.6308333310270677
2237,euler_ramsey,0.5,1.5% Ramsey,risk_aversion,combined,0,876.1435853120524,0.3891271147194386
2237,euler_ramsey,0.5,2.0% Ramsey,risk_aversion,combined,0,637.8919163574244,0.2992660854911584
2237,euler_ramsey,0.5,2.5% Ramsey,risk_aversion,combined,0,463.21217830259275,0.24153450928809816
2238,euler_ramsey,0.5,1.5% Ramsey,risk_aversion,combined,0,162.3927260230189,1.040065638267715
2238,euler_ramsey,0.5,2.0% Ramsey,risk_aversion,combined,0,127.92325323977406,0.9988749048933462
2238,euler_ramsey,0.5,2.5% Ramsey,risk_aversion,combined,0,97.59549108829233,0.9574525344013263
2239,euler_ramsey,0.5,1.5% Ramsey,risk_aversion,combined,0,283.2809893923321,1.5561082131895503
2239,euler_ramsey,0.5,2.0% Ramsey,risk_aversion,combined,0,194.624774003056,1.6358189678612798
2239,euler_ramsey,0.5,2.5% Ramsey,risk_aversion,combined,0,140.22878143154617,1.6814603477881198
2240,euler_ramsey,0.5,1.5% Ramsey,risk_aversion,combined,0,1806.1163020911126,0.29017092000211275
2240,euler_ramsey,0.5,2.0% Ramsey,risk_aversion,combined,0,1029.857231574098,0.20885473395124368
2240,euler_ramsey,0.5,2.5% Ramsey,risk_aversion,combined,0,630.0821964012384,0.16013828749795367
2241,euler_ramsey,0.5,1.5% Ramsey,risk_aversion,combined,0,156.30165015718356,1.7817683803257025
2241,euler_ramsey,0.5,2.0% Ramsey,risk_aversion,combined,0,124.2688774156922,1.930404896117778
2241,euler_ramsey,0.5,2.5% Ramsey,risk_aversion,combined,0,95.21256382126948,2.031012545739794
2242,euler_ramsey,0.5,1.5% Ramsey,risk_aversion,combined,0,150.41359577390853,0.7313275398400809
2242,euler_ramsey,0.5,2.0% Ramsey,risk_aversion,combined,0,125.80295347315557,0.6486369649995579
2242,euler_ramsey,0.5,2.5% Ramsey,risk_aversion,combined,0,96.08157837721106,0.5845690227262447
2243,euler_ramsey,0.5,1.5% Ramsey,risk_aversion,combined,0,-328.0987970155023,0.4108456366533864
2243,euler_ramsey,0.5,2.0% Ramsey,risk_aversion,combined,0,-289.4388410191334,0.31989392227211133
2243,euler_ramsey,0.5,2.5% Ramsey,risk_aversion,combined,0,-234.52394864445517,0.260654550118059
2244,euler_ramsey,0.5,1.5% Ramsey,risk_aversion,combined,0,-743.14888290137,0.1467998778194157
2244,euler_ramsey,0.5,2.0% Ramsey,risk_aversion,combined,0,-269.335449982076,0.0906329061915213
2244,euler_ramsey,0.5,2.5% Ramsey,risk_aversion,combined,0,-121.06445277522965,0.06171479630124123
2245,euler_ramsey,0.5,1.5% Ramsey,risk_aversion,combined,0,273.33177431534057,0.5651533129615919
2245,euler_ramsey,0.5,2.0% Ramsey,risk_aversion,combined,0,248.08486583883288,0.47263570567858604
2245,euler_ramsey,0.5,2.5% Ramsey,risk_aversion,combined,0,216.17073506749867,0.40699906429740734
2246,euler_ramsey,0.5,1.5% Ramsey,risk_aversion,combined,0,160.13772361416852,1.0210586399071062
2246,euler_ramsey,0.5,2.0% Ramsey,risk_aversion,combined,0,131.96826117763695,0.9764082707839558
2246,euler_ramsey,0.5,2.5% Ramsey,risk_aversion,combined,0,99.4729130463534,0.932782002772872
2247,euler_ramsey,0.5,1.5% Ramsey,risk_aversion,combined,0,139.51877469020346,0.6092827924631967
2247,euler_ramsey,0.5,2.0% Ramsey,risk_aversion,combined,0,126.24048130606576,0.5181908868653708
2247,euler_ramsey,0.5,2.5% Ramsey,risk_aversion,combined,0,102.32679451590529,0.45206455597759393
2248,euler_ramsey,0.5,1.5% Ramsey,risk_aversion,combined,0,-229.76622306526295,0.6244541857143118
2248,euler_ramsey,0.5,2.0% Ramsey,risk_aversion,combined,0,-174.5699270109379,0.5344064845779803
2248,euler_ramsey,0.5,2.5% Ramsey,risk_aversion,combined,0,-119.67463360305524,0.46847789637021064
2249,euler_ramsey,0.5,1.5% Ramsey,risk_aversion,combined,0,2561.667058510275,0.6261914828396737
2249,euler_ramsey,0.5,2.0% Ramsey,risk_aversion,combined,0,1893.7936691965645,0.5363597537194612
2249,euler_ramsey,0.5,2.5% Ramsey,risk_aversion,combined,0,1245.165086239223,0.47053039990700063
2250,euler_ramsey,0.5,1.5% Ramsey,risk_aversion,combined,0,1557.7488769904526,0.42936415184979165
2250,euler_ramsey,0.5,2.0% Ramsey,risk_aversion,combined,0,726.148110566376,0.3375863942869207
2250,euler_ramsey,0.5,2.5% Ramsey,risk_aversion,combined,0,428.2651652363715,0.2771565329589407
2251,euler_ramsey,0.5,1.5% Ramsey,risk_aversion,combined,0,1110.3596858375822,0.8367482460292919
2251,euler_ramsey,0.5,2.0% Ramsey,risk_aversion,combined,0,840.2486778420553,0.7658537802135521
2251,euler_ramsey,0.5,2.5% Ramsey,risk_aversion,combined,0,604.3857085771843,0.7073206947191043
2252,euler_ramsey,0.5,1.5% Ramsey,risk_aversion,combined,0,481.3142772775697,0.5363839414255425
2252,euler_ramsey,0.5,2.0% Ramsey,risk_aversion,combined,0,319.3436452316055,0.4431696931720685
2252,euler_ramsey,0.5,2.5% Ramsey,risk_aversion,combined,0,193.79717053659957,0.37804605205941766
2253,euler_ramsey,0.5,1.5% Ramsey,risk_aversion,combined,0,76.28512970709609,0.7408520808801506
2253,euler_ramsey,0.5,2.0% Ramsey,risk_aversion,combined,0,70.95899688871476,0.6585712309679329
2253,euler_ramsey,0.5,2.5% Ramsey,risk_aversion,combined,0,58.36507225328351,0.5945282643576657
2254,euler_ramsey,0.5,1.5% Ramsey,risk_aversion,combined,0,339.59978422015547,1.9303524909284422
2254,euler_ramsey,0.5,2.0% Ramsey,risk_aversion,combined,0,235.29673595552205,2.130369446936407
2254,euler_ramsey,0.5,2.5% Ramsey,risk_aversion,combined,0,163.4312276945812,2.2737837565335037
2255,euler_ramsey,0.5,1.5% Ramsey,risk_aversion,combined,0,-1439.7401833066992,0.5305583059073489
2255,euler_ramsey,0.5,2.0% Ramsey,risk_aversion,combined,0,-1122.169864949851,0.43754395635959986
2255,euler_ramsey,0.5,2.5% Ramsey,risk_aversion,combined,0,-777.8137471096095,0.37272346103748305
2256,euler_ramsey,0.5,1.5% Ramsey,risk_aversion,combined,0,89.97778600950002,0.9850563858146207
2256,euler_ramsey,0.5,2.0% Ramsey,risk_aversion,combined,0,105.0021334207971,0.9339560126089713
2256,euler_ramsey,0.5,2.5% Ramsey,risk_aversion,combined,0,109.39437071525347,0.8863548174983245
2257,euler_ramsey,0.5,1.5% Ramsey,risk_aversion,combined,0,35.73445855863715,2.1498473523832815
2257,euler_ramsey,0.5,2.0% Ramsey,risk_aversion,combined,0,22.83716432155389,2.4303586975413136
2257,euler_ramsey,0.5,2.5% Ramsey,risk_aversion,combined,0,17.342252851283188,2.642543063945071
2258,euler_ramsey,0.5,1.5% Ramsey,risk_aversion,combined,0,-50.37939581232884,0.37684736746817016
2258,euler_ramsey,0.5,2.0% Ramsey,risk_aversion,combined,0,-4.489688086042009,0.28760056753438673
2258,euler_ramsey,0.5,2.5% Ramsey,risk_aversion,combined,0,17.131278159553933,0.2307295554515732
2259,euler_ramsey,0.5,1.5% Ramsey,risk_aversion,combined,0,880.1838576305753,1.1583389762986487
2259,euler_ramsey,0.5,2.0% Ramsey,risk_aversion,combined,0,646.9397514533548,1.1393194796508945
2259,euler_ramsey,0.5,2.5% Ramsey,risk_aversion,combined,0,463.5298550217797,1.1124330513129441
2260,euler_ramsey,0.5,1.5% Ramsey,risk_aversion,combined,0,280.7359733670001,1.6614519785232664
2260,euler_ramsey,0.5,2.0% Ramsey,risk_aversion,combined,0,179.6518198848614,1.7729463059505748
2260,euler_ramsey,0.5,2.5% Ramsey,risk_aversion,combined,0,125.53246321216967,1.8437917891690911
2261,euler_ramsey,0.5,1.5% Ramsey,risk_aversion,combined,0,847.9689710829866,0.7885670258378439
2261,euler_ramsey,0.5,2.0% Ramsey,risk_aversion,combined,0,604.8114359080345,0.7120802072152939
2261,euler_ramsey,0.5,2.5% Ramsey,risk_aversion,combined,0,428.50435543705856,0.6507981304266247
2262,euler_ramsey,0.5,1.5% Ramsey,risk_aversion,combined,0,-105.265249109087,1.1095620460420128
2262,euler_ramsey,0.5,2.0% Ramsey,risk_aversion,combined,0,-85.64741868043949,1.0804202651940402
2262,euler_ramsey,0.5,2.5% Ramsey,risk_aversion,combined,0,-51.689784356520725,1.0466308056493487
2263,euler_ramsey,0.5,1.5% Ramsey,risk_aversion,combined,0,-191.88859246984916,1.0306462358515245
2263,euler_ramsey,0.5,2.0% Ramsey,risk_aversion,combined,0,-130.1830321447592,0.98716800166168
2263,euler_ramsey,0.5,2.5% Ramsey,risk_aversion,combined,0,-88.09590915352516,0.9441629239635845
2264,euler_ramsey,0.5,1.5% Ramsey,risk_aversion,combined,0,176.42386052618343,0.5005987214833305
2264,euler_ramsey,0.5,2.0% Ramsey,risk_aversion,combined,0,154.21751445627999,0.40746055321411634
2264,euler_ramsey,0.5,2.5% Ramsey,risk_aversion,combined,0,122.20404581743955,0.34359849276255466
2265,euler_ramsey,0.5,1.5% Ramsey,risk_aversion,combined,0,990.569643433338,1.0551712887884346
2265,euler_ramsey,0.5,2.0% Ramsey,risk_aversion,combined,0,636.7027095056017,1.017379486084745
2265,euler_ramsey,0.5,2.5% Ramsey,risk_aversion,combined,0,403.75343524508173,0.9782616485122182
2266,euler_ramsey,0.5,1.5% Ramsey,risk_aversion,combined,0,-15.375457837841914,1.0851023649972749
2266,euler_ramsey,0.5,2.0% Ramsey,risk_aversion,combined,0,-14.314425062549262,1.0512387519354418
2266,euler_ramsey,0.5,2.5% Ramsey,risk_aversion,combined,0,-8.22541261960941,1.0143769200991972
2267,euler_ramsey,0.5,1.5% Ramsey,risk_aversion,combined,0,499.71353416702937,1.4190354983581173
2267,euler_ramsey,0.5,2.0% Ramsey,risk_aversion,combined,0,367.3822394481632,1.461245875366555
2267,euler_ramsey,0.5,2.5% Ramsey,risk_aversion,combined,0,257.11994832841276,1.4782668963095222
2268,euler_ramsey,0.5,1.5% Ramsey,risk_aversion,combined,0,1800.9546368137578,0.4135243812099404
2268,euler_ramsey,0.5,2.0% Ramsey,risk_aversion,combined,0,1247.3220167183092,0.32266698036112895
2268,euler_ramsey,0.5,2.5% Ramsey,risk_aversion,combined,0,870.030560745012,0.2633737659445902
2269,euler_ramsey,0.5,1.5% Ramsey,risk_aversion,combined,0,134.9501536904343,1.035314481992029
2269,euler_ramsey,0.5,2.0% Ramsey,risk_aversion,combined,0,137.40642836971205,0.9926385842927432
2269,euler_ramsey,0.5,2.5% Ramsey,risk_aversion,combined,0,122.78287240109165,0.950204978360452
2270,euler_ramsey,0.5,1.5% Ramsey,risk_aversion,combined,0,-125.80483725108928,0.40130113191878763
2270,euler_ramsey,0.5,2.0% Ramsey,risk_aversion,combined,0,-82.91346366151703,0.31062283002540464
2270,euler_ramsey,0.5,2.5% Ramsey,risk_aversion,combined,0,-46.88909872336585,0.251938018256568
2271,euler_ramsey,0.5,1.5% Ramsey,risk_aversion,combined,0,198.445804183433,0.35948497522182504
2271,euler_ramsey,0.5,2.0% Ramsey,risk_aversion,combined,0,172.0388122423669,0.27146462923327425
2271,euler_ramsey,0.5,2.5% Ramsey,risk_aversion,combined,0,146.09743833234216,0.21601182713296538
2272,euler_ramsey,0.5,1.5% Ramsey,risk_aversion,combined,0,-695.1157600411108,0.16854595427527694
2272,euler_ramsey,0.5,2.0% Ramsey,risk_aversion,combined,0,-143.0089026912633,0.10734231252224287
2272,euler_ramsey,0.5,2.5% Ramsey,risk_aversion,combined,0,-17.856361746017882,0.07487065831282443
2273,euler_ramsey,0.5,1.5% Ramsey,risk_aversion,combined,0,384.11216495765535,1.079350388547091
2273,euler_ramsey,0.5,2.0% Ramsey,risk_aversion,combined,0,365.9964140359732,1.0443451188491368
2273,euler_ramsey,0.5,2.5% Ramsey,risk_aversion,combined,0,318.2042499671393,1.0067128041442053
2274,euler_ramsey,0.5,1.5% Ramsey,risk_aversion,combined,0,19.044217658969583,0.8138988086813781
2274,euler_ramsey,0.5,2.0% Ramsey,risk_aversion,combined,0,15.831119235333446,0.7392323995672053
2274,euler_ramsey,0.5,2.5% Ramsey,risk_aversion,combined,0,13.269048596972624,0.6785640030736603
2275,euler_ramsey,0.5,1.5% Ramsey,risk_aversion,combined,0,2124.239643012771,1.2266236947104503
2275,euler_ramsey,0.5,2.0% Ramsey,risk_aversion,combined,0,2282.690124251827,1.225548741811036
2275,euler_ramsey,0.5,2.5% Ramsey,risk_aversion,combined,0,2028.1209264886038,1.2115705308632405
2276,euler_ramsey,0.5,1.5% Ramsey,risk_aversion,combined,0,991.9782071001018,1.265585443447447
2276,euler_ramsey,0.5,2.0% Ramsey,risk_aversion,combined,0,905.8518948448946,1.2706544439774263
2276,euler_ramsey,0.5,2.5% Ramsey,risk_aversion,combined,0,731.4028909990003,1.26071248831551
2277,euler_ramsey,0.5,1.5% Ramsey,risk_aversion,combined,0,315.2045116572452,4.868704491254841
2277,euler_ramsey,0.5,2.0% Ramsey,risk_aversion,combined,0,208.61137307931668,6.615514209249946
2277,euler_ramsey,0.5,2.5% Ramsey,risk_aversion,combined,0,147.92340564769742,8.293019843809548
2278,euler_ramsey,0.5,1.5% Ramsey,risk_aversion,combined,0,2887.9664806718542,0.23590148420359985
2278,euler_ramsey,0.5,2.0% Ramsey,risk_aversion,combined,0,974.5236832757565,0.16206915408706277
2278,euler_ramsey,0.5,2.5% Ramsey,risk_aversion,combined,0,510.20227625597585,0.11987046992902502
2279,euler_ramsey,0.5,1.5% Ramsey,risk_aversion,combined,0,1727.8428318712683,0.46317144867234294
2279,euler_ramsey,0.5,2.0% Ramsey,risk_aversion,combined,0,1224.2681979173958,0.3703624981038069
2279,euler_ramsey,0.5,2.5% Ramsey,risk_aversion,combined,0,812.7443873708236,0.3080534948294049
2280,euler_ramsey,0.5,1.5% Ramsey,risk_aversion,combined,0,4422.6211760313945,0.4798806058880521
2280,euler_ramsey,0.5,2.0% Ramsey,risk_aversion,combined,0,3664.607757416648,0.3871109538986133
2280,euler_ramsey,0.5,2.5% Ramsey,risk_aversion,combined,0,2739.0337512157002,0.3242063014150598
2281,euler_ramsey,0.5,1.5% Ramsey,risk_aversion,combined,0,559.3935251571828,1.0836364215381227
2281,euler_ramsey,0.5,2.0% Ramsey,risk_aversion,combined,0,436.09258852891423,1.0494391644480083
2281,euler_ramsey,0.5,2.5% Ramsey,risk_aversion,combined,0,319.48510955489144,1.0123364661654612
2282,euler_ramsey,0.5,1.5% Ramsey,risk_aversion,combined,0,7176.433199002142,0.856765434984486
2282,euler_ramsey,0.5,2.0% Ramsey,risk_aversion,combined,0,6460.125781305407,0.7899252635727687
2282,euler_ramsey,0.5,2.5% Ramsey,risk_aversion,combined,0,4843.437333116112,0.7338449140175437
2283,euler_ramsey,0.5,1.5% Ramsey,risk_aversion,combined,0,228.91127851664416,0.5917111946133847
2283,euler_ramsey,0.5,2.0% Ramsey,risk_aversion,combined,0,175.47343202133132,0.4998337014462678
2283,euler_ramsey,0.5,2.5% Ramsey,risk_aversion,combined,0,135.5937501396971,0.43375800403240894
2284,euler_ramsey,0.5,1.5% Ramsey,risk_aversion,combined,0,-163.5841882738702,0.8163404285852202
2284,euler_ramsey,0.5,2.0% Ramsey,risk_aversion,combined,0,-152.30283057345284,0.7420966297433939
2284,euler_ramsey,0.5,2.5% Ramsey,risk_aversion,combined,0,-124.46408964694199,0.6816623168635831
2285,euler_ramsey,0.5,1.5% Ramsey,risk_aversion,combined,0,-299.09914381700696,0.3617334838107376
2285,euler_ramsey,0.5,2.0% Ramsey,risk_aversion,combined,0,-228.75575562032662,0.27354378368496873
2285,euler_ramsey,0.5,2.5% Ramsey,risk_aversion,combined,0,-166.73844012682403,0.21789923708538628
2286,euler_ramsey,0.5,1.5% Ramsey,risk_aversion,combined,0,690.6366853923761,1.9979904380462041
2286,euler_ramsey,0.5,2.0% Ramsey,risk_aversion,combined,0,538.1560008268256,2.222560633685046
2286,euler_ramsey,0.5,2.5% Ramsey,risk_aversion,combined,0,387.3261600304251,2.3868791805590117
2287,euler_ramsey,0.5,1.5% Ramsey,risk_aversion,combined,0,0.7275634364869924,0.617030156273686
2287,euler_ramsey,0.5,2.0% Ramsey,risk_aversion,combined,0,3.1503039953703893,0.5264879783651022
2287,euler_ramsey,0.5,2.5% Ramsey,risk_aversion,combined,0,3.2985292497136665,0.46047115848807213
2288,euler_ramsey,0.5,1.5% Ramsey,risk_aversion,combined,0,5825.389681324845,0.4510887882175129
2288,euler_ramsey,0.5,2.0% Ramsey,risk_aversion,combined,0,3808.4898035960277,0.3592357291664429
2288,euler_ramsey,0.5,2.5% Ramsey,risk_aversion,combined,0,2492.3186551502554,0.29791206774046985
2289,euler_ramsey,0.5,1.5% Ramsey,risk_aversion,combined,0,2882.584595896223,0.3000118573530138
2289,euler_ramsey,0.5,2.0% Ramsey,risk_aversion,combined,0,1891.7373153054623,0.2178424103717205
2289,euler_ramsey,0.5,2.5% Ramsey,risk_aversion,combined,0,1276.8315077430893,0.16818921357358085
2290,euler_ramsey,0.5,1.5% Ramsey,risk_aversion,combined,0,2061.4076677959974,0.2099649040441281
2290,euler_ramsey,0.5,2.0% Ramsey,risk_aversion,combined,0,583.3234919209987,0.14050563491148588
2290,euler_ramsey,0.5,2.5% Ramsey,risk_aversion,combined,0,308.7387423654894,0.1018274825868177
2291,euler_ramsey,0.5,1.5% Ramsey,risk_aversion,combined,0,-906.6611428464034,0.3041230800955892
2291,euler_ramsey,0.5,2.0% Ramsey,risk_aversion,combined,0,-395.2113582981006,0.2212502512884121
2291,euler_ramsey,0.5,2.5% Ramsey,risk_aversion,combined,0,-251.24059963965968,0.17104980236719647
2292,euler_ramsey,0.5,1.5% Ramsey,risk_aversion,combined,0,2231.601570287118,0.7111345260612925
2292,euler_ramsey,0.5,2.0% Ramsey,risk_aversion,combined,0,1969.734498121528,0.6268575398382321
2292,euler_ramsey,0.5,2.5% Ramsey,risk_aversion,combined,0,1524.0405241842782,0.5622830124354898
2293,euler_ramsey,0.5,1.5% Ramsey,risk_aversion,combined,0,98.60094196395946,2.7251675469238075
2293,euler_ramsey,0.5,2.0% Ramsey,risk_aversion,combined,0,65.63930602437182,3.2493689378840886
2293,euler_ramsey,0.5,2.5% Ramsey,risk_aversion,combined,0,47.20826265557236,3.6817022036881766
2294,euler_ramsey,0.5,1.5% Ramsey,risk_aversion,combined,0,60.661085705661,1.0391177208739406
2294,euler_ramsey,0.5,2.0% Ramsey,risk_aversion,combined,0,60.48481676271743,0.9977619322486679
2294,euler_ramsey,0.5,2.5% Ramsey,risk_aversion,combined,0,54.84897069409538,0.9562141818383328
2295,euler_ramsey,0.5,1.5% Ramsey,risk_aversion,combined,0,278.1505564437573,0.24222128208478147
2295,euler_ramsey,0.5,2.0% Ramsey,risk_aversion,combined,0,139.4152570016124,0.16737088851197493
2295,euler_ramsey,0.5,2.5% Ramsey,risk_aversion,combined,0,74.9399100213564,0.12434015531227748
2296,euler_ramsey,0.5,1.5% Ramsey,risk_aversion,combined,0,1900.1974036295533,1.353542735823488
2296,euler_ramsey,0.5,2.0% Ramsey,risk_aversion,combined,0,1375.3332438149528,1.3795912531905534
2296,euler_ramsey,0.5,2.5% Ramsey,risk_aversion,combined,0,885.3363384660248,1.3846893581907662
2297,euler_ramsey,0.5,1.5% Ramsey,risk_aversion,combined,0,477.05182102591175,1.663497575357119
2297,euler_ramsey,0.5,2.0% Ramsey,risk_aversion,combined,0,553.901982351203,1.7749696054028778
2297,euler_ramsey,0.5,2.5% Ramsey,risk_aversion,combined,0,537.0475471667246,1.8456588413514219
2298,euler_ramsey,0.5,1.5% Ramsey,risk_aversion,combined,0,1580.441092016801,0.3031220159654345
2298,euler_ramsey,0.5,2.0% Ramsey,risk_aversion,combined,0,770.12048847353,0.22032628617487582
2298,euler_ramsey,0.5,2.5% Ramsey,risk_aversion,combined,0,460.81227409527264,0.17022043464210984
2299,euler_ramsey,0.5,1.5% Ramsey,risk_aversion,combined,0,17415.776503201876,0.22264649615702828
2299,euler_ramsey,0.5,2.0% Ramsey,risk_aversion,combined,0,9836.594941632877,0.15252128322432365
2299,euler_ramsey,0.5,2.5% Ramsey,risk_aversion,combined,0,6053.477817112448,0.112662802790045
2300,euler_ramsey,0.5,1.5% Ramsey,risk_aversion,combined,0,40.4592901205496,0.3364681556995812
2300,euler_ramsey,0.5,2.0% Ramsey,risk_aversion,combined,0,1.7437659629592968,0.2503279624365858
2300,euler_ramsey,0.5,2.5% Ramsey,risk_aversion,combined,0,-11.605082549594497,0.19690993031260245
2301,euler_ramsey,0.5,1.5% Ramsey,risk_aversion,combined,0,1192.029138864147,0.3725549553331379
2301,euler_ramsey,0.5,2.0% Ramsey,risk_aversion,combined,0,829.6209162946338,0.2836107207274618
2301,euler_ramsey,0.5,2.5% Ramsey,risk_aversion,combined,0,585.312669033565,0.2270887176174043
2302,euler_ramsey,0.5,1.5% Ramsey,risk_aversion,combined,0,1046.1663551228753,1.2041250949950886
2302,euler_ramsey,0.5,2.0% Ramsey,risk_aversion,combined,0,699.185001794066,1.1945664382301338
2302,euler_ramsey,0.5,2.5% Ramsey,risk_aversion,combined,0,447.68269750455784,1.174065814723127
2303,euler_ramsey,0.5,1.5% Ramsey,risk_aversion,combined,0,748.903838210739,0.30653686509082906
2303,euler_ramsey,0.5,2.0% Ramsey,risk_aversion,combined,0,676.4388072734992,0.22335514826008349
2303,euler_ramsey,0.5,2.5% Ramsey,risk_aversion,combined,0,542.9573673741257,0.1728866282149433
2304,euler_ramsey,0.5,1.5% Ramsey,risk_aversion,combined,0,1332.8514095550365,0.4027860696974186
2304,euler_ramsey,0.5,2.0% Ramsey,risk_aversion,combined,0,929.2555765340993,0.3122137044048386
2304,euler_ramsey,0.5,2.5% Ramsey,risk_aversion,combined,0,608.8994431030537,0.2535182157749216
2305,euler_ramsey,0.5,1.5% Ramsey,risk_aversion,combined,0,37.07850044731078,1.0594316787237643
2305,euler_ramsey,0.5,2.0% Ramsey,risk_aversion,combined,0,44.56436029036063,1.0210203843912806
2305,euler_ramsey,0.5,2.5% Ramsey,risk_aversion,combined,0,46.39540392237333,0.9812772288014526
2306,euler_ramsey,0.5,1.5% Ramsey,risk_aversion,combined,0,456.4380504652063,0.7327218508374611
2306,euler_ramsey,0.5,2.0% Ramsey,risk_aversion,combined,0,392.9629202541175,0.6501745795100817
2306,euler_ramsey,0.5,2.5% Ramsey,risk_aversion,combined,0,310.14648743512015,0.5861862088061246
2307,euler_ramsey,0.5,1.5% Ramsey,risk_aversion,combined,0,269.70607854346565,1.303169547679723
2307,euler_ramsey,0.5,2.0% Ramsey,risk_aversion,combined,0,200.12750144895023,1.3161693023448515
2307,euler_ramsey,0.5,2.5% Ramsey,risk_aversion,combined,0,136.54282648665242,1.311659042486655
2308,euler_ramsey,0.5,1.5% Ramsey,risk_aversion,combined,0,122.48939577950732,2.0575860828553885
2308,euler_ramsey,0.5,2.0% Ramsey,risk_aversion,combined,0,142.91321702334074,2.3031677115482783
2308,euler_ramsey,0.5,2.5% Ramsey,risk_aversion,combined,0,140.8586537625215,2.4852057388003534
2309,euler_ramsey,0.5,1.5% Ramsey,risk_aversion,combined,0,3261.7995766152626,0.26398187331657436
2309,euler_ramsey,0.5,2.0% Ramsey,risk_aversion,combined,0,1209.1132998452733,0.18626744941217768
2309,euler_ramsey,0.5,2.5% Ramsey,risk_aversion,combined,0,711.9484625091635,0.14066147026205372
2310,euler_ramsey,0.5,1.5% Ramsey,risk_aversion,combined,0,1350.7516669907213,0.5853726472092552
2310,euler_ramsey,0.5,2.0% Ramsey,risk_aversion,combined,0,1106.0759894303894,0.49362080680709935
2310,euler_ramsey,0.5,2.5% Ramsey,risk_aversion,combined,0,836.3365088937996,0.42781600582602514
2311,euler_ramsey,0.5,1.5% Ramsey,risk_aversion,combined,0,1912.550708216254,0.39634023275928704
2311,euler_ramsey,0.5,2.0% Ramsey,risk_aversion,combined,0,1268.459997535733,0.3060225538397223
2311,euler_ramsey,0.5,2.5% Ramsey,risk_aversion,combined,0,811.462584441707,0.2477403623820871
2312,euler_ramsey,0.5,1.5% Ramsey,risk_aversion,combined,0,1963.434102481261,0.26889407996211273
2312,euler_ramsey,0.5,2.0% Ramsey,risk_aversion,combined,0,1060.5089518880488,0.19025779990099065
2312,euler_ramsey,0.5,2.5% Ramsey,risk_aversion,combined,0,632.0505305303707,0.14396242487735142
2313,euler_ramsey,0.5,1.5% Ramsey,risk_aversion,combined,0,0.9727715725453965,0.8802447449652391
2313,euler_ramsey,0.5,2.0% Ramsey,risk_aversion,combined,0,3.983911025366935,0.8140881662280983
2313,euler_ramsey,0.5,2.5% Ramsey,risk_aversion,combined,0,10.009320576567537,0.7578235556453513
2314,euler_ramsey,0.5,1.5% Ramsey,risk_aversion,combined,0,1816.678711278643,0.5284641908659652
2314,euler_ramsey,0.5,2.0% Ramsey,risk_aversion,combined,0,1110.100829447702,0.43529474902374515
2314,euler_ramsey,0.5,2.5% Ramsey,risk_aversion,combined,0,685.8861173550757,0.370465205596101
2315,euler_ramsey,0.5,1.5% Ramsey,risk_aversion,combined,0,741.4833391447415,2.3611601714330144
2315,euler_ramsey,0.5,2.0% Ramsey,risk_aversion,combined,0,480.1530217691372,2.726725561122933
2315,euler_ramsey,0.5,2.5% Ramsey,risk_aversion,combined,0,310.65460093508864,3.014308472124595
2316,euler_ramsey,0.5,1.5% Ramsey,risk_aversion,combined,0,275.57494722990765,1.6298297908330404
2316,euler_ramsey,0.5,2.0% Ramsey,risk_aversion,combined,0,151.24141787255073,1.7316794139872391
2316,euler_ramsey,0.5,2.5% Ramsey,risk_aversion,combined,0,93.31445645979713,1.7948114345927144
2317,euler_ramsey,0.5,1.5% Ramsey,risk_aversion,combined,0,813.4953029887756,0.19358434462976137
2317,euler_ramsey,0.5,2.0% Ramsey,risk_aversion,combined,0,467.11339424001534,0.12720088410359007
2317,euler_ramsey,0.5,2.5% Ramsey,risk_aversion,combined,0,316.56548347600324,0.09089301849340703
2318,euler_ramsey,0.5,1.5% Ramsey,risk_aversion,combined,0,-1304.7472419813632,0.3394190234949506
2318,euler_ramsey,0.5,2.0% Ramsey,risk_aversion,combined,0,-754.8401019001751,0.2530797573994824
2318,euler_ramsey,0.5,2.5% Ramsey,risk_aversion,combined,0,-482.92963315599843,0.1994159748811884
2319,euler_ramsey,0.5,1.5% Ramsey,risk_aversion,combined,0,6494.774177470978,0.5135450243049157
2319,euler_ramsey,0.5,2.0% Ramsey,risk_aversion,combined,0,5400.184982823466,0.4242208484883279
2319,euler_ramsey,0.5,2.5% Ramsey,risk_aversion,combined,0,4061.3460652813046,0.3621712724799324
2320,euler_ramsey,0.5,1.5% Ramsey,risk_aversion,combined,0,294.9240655422274,0.8396389846159351
2320,euler_ramsey,0.5,2.0% Ramsey,risk_aversion,combined,0,238.3433395529986,0.7682725994993143
2320,euler_ramsey,0.5,2.5% Ramsey,risk_aversion,combined,0,178.06919476863777,0.7092830311513951
2321,euler_ramsey,0.5,1.5% Ramsey,risk_aversion,combined,0,123.77566074204229,1.9617538156945649
2321,euler_ramsey,0.5,2.0% Ramsey,risk_aversion,combined,0,85.81783520539668,2.1723743590603415
2321,euler_ramsey,0.5,2.5% Ramsey,risk_aversion,combined,0,61.26189930843302,2.3246636762306525
2322,euler_ramsey,0.5,1.5% Ramsey,risk_aversion,combined,0,393.6334518743787,1.514964694305192
2322,euler_ramsey,0.5,2.0% Ramsey,risk_aversion,combined,0,270.77309581264274,1.5831018369885943
2322,euler_ramsey,0.5,2.5% Ramsey,risk_aversion,combined,0,192.6634342530531,1.6198169728282859
2323,euler_ramsey,0.5,1.5% Ramsey,risk_aversion,combined,0,135.5562735588955,0.46546687349261
2323,euler_ramsey,0.5,2.0% Ramsey,risk_aversion,combined,0,159.21290183404977,0.3726174634856831
2323,euler_ramsey,0.5,2.5% Ramsey,risk_aversion,combined,0,161.03779841967182,0.3101997129080998
2324,euler_ramsey,0.5,1.5% Ramsey,risk_aversion,combined,0,47.04724071069927,1.1014889888474122
2324,euler_ramsey,0.5,2.0% Ramsey,risk_aversion,combined,0,35.58253772869665,1.0706435391787716
2324,euler_ramsey,0.5,2.5% Ramsey,risk_aversion,combined,0,29.045133484234487,1.0357010361579382
2325,euler_ramsey,0.5,1.5% Ramsey,risk_aversion,combined,0,708.8959816318956,1.860917623312031
2325,euler_ramsey,0.5,2.0% Ramsey,risk_aversion,combined,0,584.2284343268996,2.0374215622447607
2325,euler_ramsey,0.5,2.5% Ramsey,risk_aversion,combined,0,447.1979387369044,2.1613686554507474
2326,euler_ramsey,0.5,1.5% Ramsey,risk_aversion,combined,0,1484.983768942707,0.7839057434575001
2326,euler_ramsey,0.5,2.0% Ramsey,risk_aversion,combined,0,906.3463015751063,0.7061436374345954
2326,euler_ramsey,0.5,2.5% Ramsey,risk_aversion,combined,0,572.4007171896842,0.6440914212723766
2327,euler_ramsey,0.5,1.5% Ramsey,risk_aversion,combined,0,2405.3735697876123,0.47588676885860914
2327,euler_ramsey,0.5,2.0% Ramsey,risk_aversion,combined,0,1004.0768897013526,0.3832945493210555
2327,euler_ramsey,0.5,2.5% Ramsey,risk_aversion,combined,0,570.5779576370983,0.320635329987162
2328,euler_ramsey,0.5,1.5% Ramsey,risk_aversion,combined,0,1876.006495911982,0.8415308923760063
2328,euler_ramsey,0.5,2.0% Ramsey,risk_aversion,combined,0,1155.7273806261378,0.7710355977879593
2328,euler_ramsey,0.5,2.5% Ramsey,risk_aversion,combined,0,769.7817455179903,0.7126550000844303
2329,euler_ramsey,0.5,1.5% Ramsey,risk_aversion,combined,0,2110.8393593981873,1.6268754597691923
2329,euler_ramsey,0.5,2.0% Ramsey,risk_aversion,combined,0,1490.2963606803453,1.7295771110077913
2329,euler_ramsey,0.5,2.5% Ramsey,risk_aversion,combined,0,1021.2551851145631,1.7937176760516773
2330,euler_ramsey,0.5,1.5% Ramsey,risk_aversion,combined,0,100.60579961895142,0.881350997906753
2330,euler_ramsey,0.5,2.0% Ramsey,risk_aversion,combined,0,83.20112956953793,0.8155302541233304
2330,euler_ramsey,0.5,2.5% Ramsey,risk_aversion,combined,0,68.31498018579356,0.7595767630137139
2331,euler_ramsey,0.5,1.5% Ramsey,risk_aversion,combined,0,3045.9745396678754,0.5125313032113085
2331,euler_ramsey,0.5,2.0% Ramsey,risk_aversion,combined,0,1222.5569632267393,0.4197683816754523
2331,euler_ramsey,0.5,2.5% Ramsey,risk_aversion,combined,0,647.0194762364198,0.3557176868292873
2332,euler_ramsey,0.5,1.5% Ramsey,risk_aversion,combined,0,3259.098718335868,0.8859960125795655
2332,euler_ramsey,0.5,2.0% Ramsey,risk_aversion,combined,0,3261.6572566836867,0.8203058454882506
2332,euler_ramsey,0.5,2.5% Ramsey,risk_aversion,combined,0,2676.3396574591693,0.7643355333693557
2333,euler_ramsey,0.5,1.5% Ramsey,risk_aversion,combined,0,-83.80268058313601,1.3840536781627533
2333,euler_ramsey,0.5,2.0% Ramsey,risk_aversion,combined,0,-66.9774474758852,1.4177376164166091
2333,euler_ramsey,0.5,2.5% Ramsey,risk_aversion,combined,0,-47.23481784457122,1.428431097821597
2334,euler_ramsey,0.5,1.5% Ramsey,risk_aversion,combined,0,513.7040857190109,1.255467775789408
2334,euler_ramsey,0.5,2.0% Ramsey,risk_aversion,combined,0,393.63958080453324,1.258378025759527
2334,euler_ramsey,0.5,2.5% Ramsey,risk_aversion,combined,0,290.7197547875103,1.2469047816236745
2335,euler_ramsey,0.5,1.5% Ramsey,risk_aversion,combined,0,266.0513403595734,1.5941747402983997
2335,euler_ramsey,0.5,2.0% Ramsey,risk_aversion,combined,0,171.54643116978048,1.6849634950064494
2335,euler_ramsey,0.5,2.5% Ramsey,risk_aversion,combined,0,121.5691063277157,1.7392666666948817
2336,euler_ramsey,0.5,1.5% Ramsey,risk_aversion,combined,0,652.9958398015968,0.5170439231645392
2336,euler_ramsey,0.5,2.0% Ramsey,risk_aversion,combined,0,588.9096058835211,0.4238936002897176
2336,euler_ramsey,0.5,2.5% Ramsey,risk_aversion,combined,0,459.05818295550563,0.35945626312772444
2337,euler_ramsey,0.5,1.5% Ramsey,risk_aversion,combined,0,937.1052489891904,1.4042427648851445
2337,euler_ramsey,0.5,2.0% Ramsey,risk_aversion,combined,0,581.327440956496,1.4430201662419215
2337,euler_ramsey,0.5,2.5% Ramsey,risk_aversion,combined,0,352.9301380158472,1.457576250667923
2338,euler_ramsey,0.5,1.5% Ramsey,risk_aversion,combined,0,1388.5289911036834,0.6351131385800869
2338,euler_ramsey,0.5,2.0% Ramsey,risk_aversion,combined,0,1102.9249433531857,0.5460377063142614
2338,euler_ramsey,0.5,2.5% Ramsey,risk_aversion,combined,0,802.2159146869317,0.4804401814203818
2339,euler_ramsey,0.5,1.5% Ramsey,risk_aversion,combined,0,-215.4497180063841,1.3904377923461573
2339,euler_ramsey,0.5,2.0% Ramsey,risk_aversion,combined,0,-172.21738821968307,1.4248397740830903
2339,euler_ramsey,0.5,2.5% Ramsey,risk_aversion,combined,0,-117.9952455795703,1.4359666573775942
2340,euler_ramsey,0.5,1.5% Ramsey,risk_aversion,combined,0,384.5947823679879,0.5656515072119812
2340,euler_ramsey,0.5,2.0% Ramsey,risk_aversion,combined,0,270.65962613234177,0.4730403939286393
2340,euler_ramsey,0.5,2.5% Ramsey,risk_aversion,combined,0,197.61928338724374,0.40733009050323926
2341,euler_ramsey,0.5,1.5% Ramsey,risk_aversion,combined,0,144.2450904393362,0.5605324369059851
2341,euler_ramsey,0.5,2.0% Ramsey,risk_aversion,combined,0,95.19815877442738,0.4677305860713737
2341,euler_ramsey,0.5,2.5% Ramsey,risk_aversion,combined,0,60.56370338552117,0.4020649239267069
2342,euler_ramsey,0.5,1.5% Ramsey,risk_aversion,combined,0,239.5784206054401,3.2991992645818806
2342,euler_ramsey,0.5,2.0% Ramsey,risk_aversion,combined,0,181.91670662143537,4.107546453076986
2342,euler_ramsey,0.5,2.5% Ramsey,risk_aversion,combined,0,142.9525907197775,4.812534876593913
2343,euler_ramsey,0.5,1.5% Ramsey,risk_aversion,combined,0,218.9299519834966,1.1874595766510434
2343,euler_ramsey,0.5,2.0% Ramsey,risk_aversion,combined,0,135.40796293950478,1.1739769994852598
2343,euler_ramsey,0.5,2.5% Ramsey,risk_aversion,combined,0,90.11354739844761,1.150708821440586
2344,euler_ramsey,0.5,1.5% Ramsey,risk_aversion,combined,0,3417.7656778186138,0.74039713087398
2344,euler_ramsey,0.5,2.0% Ramsey,risk_aversion,combined,0,3172.840020579678,0.6596564511402759
2344,euler_ramsey,0.5,2.5% Ramsey,risk_aversion,combined,0,2589.0700065518104,0.5967333583847434
2345,euler_ramsey,0.5,1.5% Ramsey,risk_aversion,combined,0,258.42331164169605,1.421651996246077
2345,euler_ramsey,0.5,2.0% Ramsey,risk_aversion,combined,0,174.90323058882603,1.4646255768522134
2345,euler_ramsey,0.5,2.5% Ramsey,risk_aversion,combined,0,119.04717083781281,1.4822505883649773
2346,euler_ramsey,0.5,1.5% Ramsey,risk_aversion,combined,0,2127.273501898821,0.3840187674512767
2346,euler_ramsey,0.5,2.0% Ramsey,risk_aversion,combined,0,1860.1433637678515,0.29468537402987494
2346,euler_ramsey,0.5,2.5% Ramsey,risk_aversion,combined,0,1431.4620187416301,0.2374476784165804
2347,euler_ramsey,0.5,1.5% Ramsey,risk_aversion,combined,0,545.2882761814566,1.1923793342634614
2347,euler_ramsey,0.5,2.0% Ramsey,risk_aversion,combined,0,499.5724619259401,1.1810929547129256
2347,euler_ramsey,0.5,2.5% Ramsey,risk_aversion,combined,0,413.8595012253089,1.1595193736536664
2348,euler_ramsey,0.5,1.5% Ramsey,risk_aversion,combined,0,803.5352444123207,1.387748654685483
2348,euler_ramsey,0.5,2.0% Ramsey,risk_aversion,combined,0,637.2283020622406,1.4213026976360887
2348,euler_ramsey,0.5,2.5% Ramsey,risk_aversion,combined,0,470.38335802286093,1.4318670675653657
2349,euler_ramsey,0.5,1.5% Ramsey,risk_aversion,combined,0,103.20485077239807,0.35221609744062454
2349,euler_ramsey,0.5,2.0% Ramsey,risk_aversion,combined,0,38.648300679417396,0.26475938345488254
2349,euler_ramsey,0.5,2.5% Ramsey,risk_aversion,combined,0,9.297272769854356,0.2099290260124904
2350,euler_ramsey,0.5,1.5% Ramsey,risk_aversion,combined,0,-750.4240592648079,0.3499201087666939
2350,euler_ramsey,0.5,2.0% Ramsey,risk_aversion,combined,0,-532.5549353326713,0.26263445987808676
2350,euler_ramsey,0.5,2.5% Ramsey,risk_aversion,combined,0,-340.12729187399066,0.20799991418179833
2351,euler_ramsey,0.5,1.5% Ramsey,risk_aversion,combined,0,1709.9283081968417,0.7204927686230705
2351,euler_ramsey,0.5,2.0% Ramsey,risk_aversion,combined,0,628.7771491865606,0.6374578330371449
2351,euler_ramsey,0.5,2.5% Ramsey,risk_aversion,combined,0,327.3922944825902,0.5735409645547521
2352,euler_ramsey,0.5,1.5% Ramsey,risk_aversion,combined,0,1292.6191067828568,0.7636181535993846
2352,euler_ramsey,0.5,2.0% Ramsey,risk_aversion,combined,0,1202.384575989347,0.6838129924831232
2352,euler_ramsey,0.5,2.5% Ramsey,risk_aversion,combined,0,957.0439057161831,0.6208759884010685
2353,euler_ramsey,0.5,1.5% Ramsey,risk_aversion,combined,0,-20.41043433483835,1.3252784351203466
2353,euler_ramsey,0.5,2.0% Ramsey,risk_aversion,combined,0,-15.306365013960828,1.3436637556482947
2353,euler_ramsey,0.5,2.5% Ramsey,risk_aversion,combined,0,-10.402447489279869,1.3430583878459683
2354,euler_ramsey,0.5,1.5% Ramsey,risk_aversion,combined,0,5599.460950889651,0.1471544917595276
2354,euler_ramsey,0.5,2.0% Ramsey,risk_aversion,combined,0,3148.393992302259,0.09095242006925208
2354,euler_ramsey,0.5,2.5% Ramsey,risk_aversion,combined,0,1848.755871847677,0.06198933315057015
2355,euler_ramsey,0.5,1.5% Ramsey,risk_aversion,combined,0,3527.8984559149185,0.2885803801139672
2355,euler_ramsey,0.5,2.0% Ramsey,risk_aversion,combined,0,2046.4812621650672,0.20763401053223787
2355,euler_ramsey,0.5,2.5% Ramsey,risk_aversion,combined,0,1305.8100339557147,0.15917130694505302
2356,euler_ramsey,0.5,1.5% Ramsey,risk_aversion,combined,0,195.33219425176276,0.2909840691642867
2356,euler_ramsey,0.5,2.0% Ramsey,risk_aversion,combined,0,92.60268675597062,0.20952960294406195
2356,euler_ramsey,0.5,2.5% Ramsey,risk_aversion,combined,0,46.96235193719818,0.16070475136096032
2357,euler_ramsey,0.5,1.5% Ramsey,risk_aversion,combined,0,777.8195798792948,1.3623200233136732
2357,euler_ramsey,0.5,2.0% Ramsey,risk_aversion,combined,0,596.1550134511697,1.3898129288287777
2357,euler_ramsey,0.5,2.5% Ramsey,risk_aversion,combined,0,413.19689021522527,1.3958559413632525
2358,euler_ramsey,0.5,1.5% Ramsey,risk_aversion,combined,0,-116.60289374534452,1.369884119727349
2358,euler_ramsey,0.5,2.0% Ramsey,risk_aversion,combined,0,-91.7406614954507,1.399327927145201
2358,euler_ramsey,0.5,2.5% Ramsey,risk_aversion,combined,0,-65.98301875157416,1.4067443778846125
2359,euler_ramsey,0.5,1.5% Ramsey,risk_aversion,combined,0,5078.218700809465,0.33576709004148814
2359,euler_ramsey,0.5,2.0% Ramsey,risk_aversion,combined,0,2041.6414983463574,0.25000417944038017
2359,euler_ramsey,0.5,2.5% Ramsey,risk_aversion,combined,0,1074.6170346325746,0.19680184461397776
2360,euler_ramsey,0.5,1.5% Ramsey,risk_aversion,combined,0,643.1051275724029,0.9487205278601643
2360,euler_ramsey,0.5,2.0% Ramsey,risk_aversion,combined,0,378.64670748672825,0.89188512976386
2360,euler_ramsey,0.5,2.5% Ramsey,risk_aversion,combined,0,251.5664400145958,0.840832164466694
2361,euler_ramsey,0.5,1.5% Ramsey,risk_aversion,combined,0,72.09163152380488,0.8648774323816808
2361,euler_ramsey,0.5,2.0% Ramsey,risk_aversion,combined,0,55.743609774941795,0.7965637859952391
2361,euler_ramsey,0.5,2.5% Ramsey,risk_aversion,combined,0,40.869766039870264,0.739121829739689
2362,euler_ramsey,0.5,1.5% Ramsey,risk_aversion,combined,0,274.64365148961195,2.035501954523652
2362,euler_ramsey,0.5,2.0% Ramsey,risk_aversion,combined,0,216.4893954811284,2.2731097446439588
2362,euler_ramsey,0.5,2.5% Ramsey,risk_aversion,combined,0,164.2648380156544,2.448383795889344
2363,euler_ramsey,0.5,1.5% Ramsey,risk_aversion,combined,0,201.58254884056512,1.1319378634878678
2363,euler_ramsey,0.5,2.0% Ramsey,risk_aversion,combined,0,133.8300098392488,1.1072452759809461
2363,euler_ramsey,0.5,2.5% Ramsey,risk_aversion,combined,0,93.69326122213835,1.0764239086327376
2364,euler_ramsey,0.5,1.5% Ramsey,risk_aversion,combined,0,571.0481944023074,1.0226991999056552
2364,euler_ramsey,0.5,2.0% Ramsey,risk_aversion,combined,0,311.63367852862024,0.977463913950164
2364,euler_ramsey,0.5,2.5% Ramsey,risk_aversion,combined,0,187.35255053032446,0.9333655693986198
2365,euler_ramsey,0.5,1.5% Ramsey,risk_aversion,combined,0,1293.2279421980788,0.8643532315169583
2365,euler_ramsey,0.5,2.0% Ramsey,risk_aversion,combined,0,1285.7405053476173,0.7959331111404013
2365,euler_ramsey,0.5,2.5% Ramsey,risk_aversion,combined,0,1100.410191845555,0.7385074887915137
2366,euler_ramsey,0.5,1.5% Ramsey,risk_aversion,combined,0,-285.59644431483866,0.9231553481916431
2366,euler_ramsey,0.5,2.0% Ramsey,risk_aversion,combined,0,-150.30497486235126,0.8623429601735321
2366,euler_ramsey,0.5,2.5% Ramsey,risk_aversion,combined,0,-76.19997865149608,0.8089618249869804
2367,euler_ramsey,0.5,1.5% Ramsey,risk_aversion,combined,0,196.49167160666985,2.2557343737999376
2367,euler_ramsey,0.5,2.0% Ramsey,risk_aversion,combined,0,144.04392156770297,2.577762480379108
2367,euler_ramsey,0.5,2.5% Ramsey,risk_aversion,combined,0,104.70487936955575,2.8264198543377614
2368,euler_ramsey,0.5,1.5% Ramsey,risk_aversion,combined,0,9789.13289677434,0.4771067145440471
2368,euler_ramsey,0.5,2.0% Ramsey,risk_aversion,combined,0,6610.790434919479,0.3856125756104712
2368,euler_ramsey,0.5,2.5% Ramsey,risk_aversion,combined,0,4083.804298175227,0.32354498762717154
2369,euler_ramsey,0.5,1.5% Ramsey,risk_aversion,combined,0,7336.5999822920985,0.30428279066764435
2369,euler_ramsey,0.5,2.0% Ramsey,risk_aversion,combined,0,4487.942477225772,0.22149762259136818
2369,euler_ramsey,0.5,2.5% Ramsey,risk_aversion,combined,0,2643.5494554041024,0.17133195549763713
2370,euler_ramsey,0.5,1.5% Ramsey,risk_aversion,combined,0,1135.0210292247646,0.887540937275023
2370,euler_ramsey,0.5,2.0% Ramsey,risk_aversion,combined,0,1112.9419994680752,0.8220355517040789
2370,euler_ramsey,0.5,2.5% Ramsey,risk_aversion,combined,0,926.7090490975912,0.7661625552362332
2371,euler_ramsey,0.5,1.5% Ramsey,risk_aversion,combined,0,287.8927329721968,1.187020356990849
2371,euler_ramsey,0.5,2.0% Ramsey,risk_aversion,combined,0,209.98544312279154,1.1739728734220631
2371,euler_ramsey,0.5,2.5% Ramsey,risk_aversion,combined,0,150.7732880070856,1.1510963261422378
2372,euler_ramsey,0.5,1.5% Ramsey,risk_aversion,combined,0,-136.06435146613023,0.8754152127763076
2372,euler_ramsey,0.5,2.0% Ramsey,risk_aversion,combined,0,-93.53652124180661,0.8083798956318133
2372,euler_ramsey,0.5,2.5% Ramsey,risk_aversion,combined,0,-63.175681385290254,0.751598962151939
2373,euler_ramsey,0.5,1.5% Ramsey,risk_aversion,combined,0,2566.2089568034125,1.4583424403160123
2373,euler_ramsey,0.5,2.0% Ramsey,risk_aversion,combined,0,2102.0713067435013,1.5146151862565143
2373,euler_ramsey,0.5,2.5% Ramsey,risk_aversion,combined,0,1575.999717658893,1.5428812969833678
2374,euler_ramsey,0.5,1.5% Ramsey,risk_aversion,combined,0,1972.6410334120203,0.7495958899132802
2374,euler_ramsey,0.5,2.0% Ramsey,risk_aversion,combined,0,1612.7823871959545,0.6680586960861321
2374,euler_ramsey,0.5,2.5% Ramsey,risk_aversion,combined,0,1178.171709323554,0.604308779656267
2375,euler_ramsey,0.5,1.5% Ramsey,risk_aversion,combined,0,415.47411533586956,1.8517400360835259
2375,euler_ramsey,0.5,2.0% Ramsey,risk_aversion,combined,0,309.19305861987476,2.024219639298206
2375,euler_ramsey,0.5,2.5% Ramsey,risk_aversion,combined,0,224.1779952433814,2.1447129448721514
2376,euler_ramsey,0.5,1.5% Ramsey,risk_aversion,combined,0,35.90829995445721,2.693886887193915
2376,euler_ramsey,0.5,2.0% Ramsey,risk_aversion,combined,0,24.465402612484066,3.203612715584387
2376,euler_ramsey,0.5,2.5% Ramsey,risk_aversion,combined,0,18.908660929343206,3.6224591833640076
2377,euler_ramsey,0.5,1.5% Ramsey,risk_aversion,combined,0,61.42440566118721,2.050839850118621
2377,euler_ramsey,0.5,2.0% Ramsey,risk_aversion,combined,0,43.7963556976152,2.294021315956371
2377,euler_ramsey,0.5,2.5% Ramsey,risk_aversion,combined,0,32.371684561561814,2.4739871174998185
2378,euler_ramsey,0.5,1.5% Ramsey,risk_aversion,combined,0,-230.69121185428187,1.2702481614561212
2378,euler_ramsey,0.5,2.0% Ramsey,risk_aversion,combined,0,-166.40079845130848,1.2757967614758579
2378,euler_ramsey,0.5,2.5% Ramsey,risk_aversion,combined,0,-114.42771211354156,1.2658899708943945
2379,euler_ramsey,0.5,1.5% Ramsey,risk_aversion,combined,0,468.0058793322647,0.4972096224797848
2379,euler_ramsey,0.5,2.0% Ramsey,risk_aversion,combined,0,382.292835278776,0.40386647330651815
2379,euler_ramsey,0.5,2.5% Ramsey,risk_aversion,combined,0,301.77836853194685,0.340011517462081
2380,euler_ramsey,0.5,1.5% Ramsey,risk_aversion,combined,0,520.9408851091349,0.44577151484905536
2380,euler_ramsey,0.5,2.0% Ramsey,risk_aversion,combined,0,404.511930214036,0.35330528460891925
2380,euler_ramsey,0.5,2.5% Ramsey,risk_aversion,combined,0,291.4456796529414,0.29185093335172047
2381,euler_ramsey,0.5,1.5% Ramsey,risk_aversion,combined,0,700.767003474322,0.9921096633324028
2381,euler_ramsey,0.5,2.0% Ramsey,risk_aversion,combined,0,626.6328640791498,0.9423140582305517
2381,euler_ramsey,0.5,2.5% Ramsey,risk_aversion,combined,0,489.8653022821378,0.8955437235473827
2382,euler_ramsey,0.5,1.5% Ramsey,risk_aversion,combined,0,385.0671875859122,0.8522009061818917
2382,euler_ramsey,0.5,2.0% Ramsey,risk_aversion,combined,0,315.0912854984595,0.7820566523938575
2382,euler_ramsey,0.5,2.5% Ramsey,risk_aversion,combined,0,237.56683255915766,0.7236320429754007
2383,euler_ramsey,0.5,1.5% Ramsey,risk_aversion,combined,0,222.4542849041039,1.721638744198767
2383,euler_ramsey,0.5,2.0% Ramsey,risk_aversion,combined,0,183.58584275442655,1.8514143317344611
2383,euler_ramsey,0.5,2.5% Ramsey,risk_aversion,combined,0,146.07582089028253,1.936790467062794
2384,euler_ramsey,0.5,1.5% Ramsey,risk_aversion,combined,0,3839.267985446598,0.3064787146935213
2384,euler_ramsey,0.5,2.0% Ramsey,risk_aversion,combined,0,1396.2724684455395,0.22353538721071983
2384,euler_ramsey,0.5,2.5% Ramsey,risk_aversion,combined,0,763.5169237273557,0.17317718747390767
2385,euler_ramsey,0.5,1.5% Ramsey,risk_aversion,combined,0,3317.128219625569,0.9158666662180105
2385,euler_ramsey,0.5,2.0% Ramsey,risk_aversion,combined,0,2376.407426412814,0.856169440903362
2385,euler_ramsey,0.5,2.5% Ramsey,risk_aversion,combined,0,1660.9135232076762,0.8038690766071248
2386,euler_ramsey,0.5,1.5% Ramsey,risk_aversion,combined,0,398.58837543554984,1.6491800220055306
2386,euler_ramsey,0.5,2.0% Ramsey,risk_aversion,combined,0,310.59910698905736,1.756246806773201
2386,euler_ramsey,0.5,2.5% Ramsey,risk_aversion,combined,0,227.2313620664419,1.8233980937726666
2387,euler_ramsey,0.5,1.5% Ramsey,risk_aversion,combined,0,411.15527333793074,1.0913482216908985
2387,euler_ramsey,0.5,2.0% Ramsey,risk_aversion,combined,0,275.7616396681813,1.057978627096923
2387,euler_ramsey,0.5,2.5% Ramsey,risk_aversion,combined,0,181.88890344021178,1.0212985421292131
2388,euler_ramsey,0.5,1.5% Ramsey,risk_aversion,combined,0,1386.0904926777898,0.8240479446769833
2388,euler_ramsey,0.5,2.0% Ramsey,risk_aversion,combined,0,1181.386487498795,0.7512206875378685
2388,euler_ramsey,0.5,2.5% Ramsey,risk_aversion,combined,0,910.5207562253519,0.6916461414090781
2389,euler_ramsey,0.5,1.5% Ramsey,risk_aversion,combined,0,44.64208281988455,1.40920530347573
2389,euler_ramsey,0.5,2.0% Ramsey,risk_aversion,combined,0,32.192452308648775,1.4488730626306527
2389,euler_ramsey,0.5,2.5% Ramsey,risk_aversion,combined,0,24.12011837330642,1.4639336947134172
2390,euler_ramsey,0.5,1.5% Ramsey,risk_aversion,combined,0,-2.6045589799927855,1.446132087149728
2390,euler_ramsey,0.5,2.0% Ramsey,risk_aversion,combined,0,-9.658874051780051,1.4952971228213725
2390,euler_ramsey,0.5,2.5% Ramsey,risk_aversion,combined,0,-8.474755904146411,1.5174244242028248
2391,euler_ramsey,0.5,1.5% Ramsey,risk_aversion,combined,0,26.201833496044745,0.7083888161840765
2391,euler_ramsey,0.5,2.0% Ramsey,risk_aversion,combined,0,15.64731138246975,0.6232478609823345
2391,euler_ramsey,0.5,2.5% Ramsey,risk_aversion,combined,0,5.569583421322001,0.5581705798469889
2392,euler_ramsey,0.5,1.5% Ramsey,risk_aversion,combined,0,199.5812113893574,1.3199528530023825
2392,euler_ramsey,0.5,2.0% Ramsey,risk_aversion,combined,0,163.95229794184226,1.338212108016161
2392,euler_ramsey,0.5,2.5% Ramsey,risk_aversion,combined,0,124.21015147890718,1.3376171475439325
2393,euler_ramsey,0.5,1.5% Ramsey,risk_aversion,combined,0,338.78258024204916,0.7473823350752911
2393,euler_ramsey,0.5,2.0% Ramsey,risk_aversion,combined,0,294.97268487923367,0.6656886579637973
2393,euler_ramsey,0.5,2.5% Ramsey,risk_aversion,combined,0,220.82747528627107,0.6018714097938005
2394,euler_ramsey,0.5,1.5% Ramsey,risk_aversion,combined,0,644.9809144415213,1.0760206039098301
2394,euler_ramsey,0.5,2.0% Ramsey,risk_aversion,combined,0,527.4711322778048,1.040999707932449
2394,euler_ramsey,0.5,2.5% Ramsey,risk_aversion,combined,0,392.56707083158267,1.0035257621250147
2395,euler_ramsey,0.5,1.5% Ramsey,risk_aversion,combined,0,107.54055172195831,2.0464331338951913
2395,euler_ramsey,0.5,2.0% Ramsey,risk_aversion,combined,0,85.37571128289832,2.2877821606041233
2395,euler_ramsey,0.5,2.5% Ramsey,risk_aversion,combined,0,68.50255880266229,2.466133246068418
2396,euler_ramsey,0.5,1.5% Ramsey,risk_aversion,combined,0,401.03661534141094,1.2546246908185938
2396,euler_ramsey,0.5,2.0% Ramsey,risk_aversion,combined,0,330.0527614593676,1.2570817921863902
2396,euler_ramsey,0.5,2.5% Ramsey,risk_aversion,combined,0,265.5619081296621,1.2451060826702793
2397,euler_ramsey,0.5,1.5% Ramsey,risk_aversion,combined,0,383.0057728924506,0.873121724165603
2397,euler_ramsey,0.5,2.0% Ramsey,risk_aversion,combined,0,313.6447984991206,0.8059687107122832
2397,euler_ramsey,0.5,2.5% Ramsey,risk_aversion,combined,0,236.63297588017474,0.7491889631131642
2398,euler_ramsey,0.5,1.5% Ramsey,risk_aversion,combined,0,-242.5635088199653,0.5139272886091008
2398,euler_ramsey,0.5,2.0% Ramsey,risk_aversion,combined,0,-46.711267396041066,0.4210542051708139
2398,euler_ramsey,0.5,2.5% Ramsey,risk_aversion,combined,0,32.770540203589114,0.3568873665681325
2399,euler_ramsey,0.5,1.5% Ramsey,risk_aversion,combined,0,1475.88896799618,0.7660199778466298
2399,euler_ramsey,0.5,2.0% Ramsey,risk_aversion,combined,0,1325.2378849006175,0.6868210047928303
2399,euler_ramsey,0.5,2.5% Ramsey,risk_aversion,combined,0,1049.408884544215,0.6242452233674458
2400,euler_ramsey,0.5,1.5% Ramsey,risk_aversion,combined,0,587.9629449860362,0.41744622853370067
2400,euler_ramsey,0.5,2.0% Ramsey,risk_aversion,combined,0,333.79490268947234,0.32599918132160327
2400,euler_ramsey,0.5,2.5% Ramsey,risk_aversion,combined,0,195.42094658266643,0.26623089521188376
2401,euler_ramsey,0.5,1.5% Ramsey,risk_aversion,combined,0,675.1783486674165,0.6819300690986809
2401,euler_ramsey,0.5,2.0% Ramsey,risk_aversion,combined,0,492.9321594474729,0.5951777461514608
2401,euler_ramsey,0.5,2.5% Ramsey,risk_aversion,combined,0,327.2507348633307,0.5297471974838792
2402,euler_ramsey,0.5,1.5% Ramsey,risk_aversion,combined,0,-4251.147702348459,0.1305450641123765
2402,euler_ramsey,0.5,2.0% Ramsey,risk_aversion,combined,0,-2611.046736414582,0.07850029548294263
2402,euler_ramsey,0.5,2.5% Ramsey,risk_aversion,combined,0,-1590.9696141156628,0.05237432119634507
2403,euler_ramsey,0.5,1.5% Ramsey,risk_aversion,combined,0,1588.6952915014215,0.9042755904524673
2403,euler_ramsey,0.5,2.0% Ramsey,risk_aversion,combined,0,1165.6024002365464,0.8415757868958528
2403,euler_ramsey,0.5,2.5% Ramsey,risk_aversion,combined,0,827.9402693429447,0.787348404818804
2404,euler_ramsey,0.5,1.5% Ramsey,risk_aversion,combined,0,620.7335870201011,1.1587256111626978
2404,euler_ramsey,0.5,2.0% Ramsey,risk_aversion,combined,0,467.869463978399,1.138941630203373
2404,euler_ramsey,0.5,2.5% Ramsey,risk_aversion,combined,0,335.22691253620764,1.1113248763784815
2405,euler_ramsey,0.5,1.5% Ramsey,risk_aversion,combined,0,319.39434607405593,1.4579787362324155
2405,euler_ramsey,0.5,2.0% Ramsey,risk_aversion,combined,0,274.41965941718115,1.5104786691339662
2405,euler_ramsey,0.5,2.5% Ramsey,risk_aversion,combined,0,223.4478397840754,1.5353980017177593
2406,euler_ramsey,0.5,1.5% Ramsey,risk_aversion,combined,0,1113.5465915560978,0.48872081676934126
2406,euler_ramsey,0.5,2.0% Ramsey,risk_aversion,combined,0,505.6511880640449,0.3957337550891536
2406,euler_ramsey,0.5,2.5% Ramsey,risk_aversion,combined,0,305.5353099979642,0.33238706833769427
2407,euler_ramsey,0.5,1.5% Ramsey,risk_aversion,combined,0,2195.2299912778703,0.35309319520361065
2407,euler_ramsey,0.5,2.0% Ramsey,risk_aversion,combined,0,1473.5868505264123,0.2656274606220277
2407,euler_ramsey,0.5,2.5% Ramsey,risk_aversion,combined,0,1016.704263049846,0.21075289806147393
2408,euler_ramsey,0.5,1.5% Ramsey,risk_aversion,combined,0,-1644.4713097897225,0.2815526676373489
2408,euler_ramsey,0.5,2.0% Ramsey,risk_aversion,combined,0,-721.1382641649222,0.20130261624591841
2408,euler_ramsey,0.5,2.5% Ramsey,risk_aversion,combined,0,-433.1986527267374,0.15355066100737164
2409,euler_ramsey,0.5,1.5% Ramsey,risk_aversion,combined,0,848.4590539703743,0.37257503420333754
2409,euler_ramsey,0.5,2.0% Ramsey,risk_aversion,combined,0,558.8748792600909,0.283613624312319
2409,euler_ramsey,0.5,2.5% Ramsey,risk_aversion,combined,0,376.39491546533384,0.22708154919578286
2410,euler_ramsey,0.5,1.5% Ramsey,risk_aversion,combined,0,860.3085365527279,0.8407533217470599
2410,euler_ramsey,0.5,2.0% Ramsey,risk_aversion,combined,0,758.3702670113063,0.7704134053848252
2410,euler_ramsey,0.5,2.5% Ramsey,risk_aversion,combined,0,594.6605264666466,0.7121905077812746
2411,euler_ramsey,0.5,1.5% Ramsey,risk_aversion,combined,0,1272.648951012833,0.9197995571975439
2411,euler_ramsey,0.5,2.0% Ramsey,risk_aversion,combined,0,829.0093705422325,0.8603809176797602
2411,euler_ramsey,0.5,2.5% Ramsey,risk_aversion,combined,0,513.8665857996833,0.808199942579619
2412,euler_ramsey,0.5,1.5% Ramsey,risk_aversion,combined,0,832.2188319748432,0.3430160382674183
2412,euler_ramsey,0.5,2.0% Ramsey,risk_aversion,combined,0,797.5479925999668,0.25649823842321506
2412,euler_ramsey,0.5,2.5% Ramsey,risk_aversion,combined,0,655.2417047302771,0.20257074899857067
2413,euler_ramsey,0.5,1.5% Ramsey,risk_aversion,combined,0,359.9994222471331,1.0606849571260497
2413,euler_ramsey,0.5,2.0% Ramsey,risk_aversion,combined,0,284.3542558562844,1.0231643390148968
2413,euler_ramsey,0.5,2.5% Ramsey,risk_aversion,combined,0,204.35927674371388,0.9840454268492783
2414,euler_ramsey,0.5,1.5% Ramsey,risk_aversion,combined,0,-33.34353344513668,0.7862839523279057
2414,euler_ramsey,0.5,2.0% Ramsey,risk_aversion,combined,0,-27.509464009239082,0.7091676209358431
2414,euler_ramsey,0.5,2.5% Ramsey,risk_aversion,combined,0,-20.05016390571664,0.647490239546512
2415,euler_ramsey,0.5,1.5% Ramsey,risk_aversion,combined,0,-558.1987278731884,0.45363852552224565
2415,euler_ramsey,0.5,2.0% Ramsey,risk_aversion,combined,0,-194.246407066572,0.361006689963883
2415,euler_ramsey,0.5,2.5% Ramsey,risk_aversion,combined,0,-44.93016134001859,0.29915675175618794
2416,euler_ramsey,0.5,1.5% Ramsey,risk_aversion,combined,0,472.7237987439789,1.7540364408760964
2416,euler_ramsey,0.5,2.0% Ramsey,risk_aversion,combined,0,364.3537411242237,1.894384312177774
2416,euler_ramsey,0.5,2.5% Ramsey,risk_aversion,combined,0,272.64505288630664,1.9884249654800537
2417,euler_ramsey,0.5,1.5% Ramsey,risk_aversion,combined,0,3416.1394095310875,0.475675402773165
2417,euler_ramsey,0.5,2.0% Ramsey,risk_aversion,combined,0,2733.6476118630007,0.3830478094204896
2417,euler_ramsey,0.5,2.5% Ramsey,risk_aversion,combined,0,1975.193263894876,0.3203763421545106
2418,euler_ramsey,0.5,1.5% Ramsey,risk_aversion,combined,0,-60.74621455910722,0.8121171742378469
2418,euler_ramsey,0.5,2.0% Ramsey,risk_aversion,combined,0,-35.65839361638662,0.7383326814304443
2418,euler_ramsey,0.5,2.5% Ramsey,risk_aversion,combined,0,-18.14064773491534,0.6783155683108836
2419,euler_ramsey,0.5,1.5% Ramsey,risk_aversion,combined,0,948.570700385048,0.9464265634989585
2419,euler_ramsey,0.5,2.0% Ramsey,risk_aversion,combined,0,739.9181121328727,0.8896790376904001
2419,euler_ramsey,0.5,2.5% Ramsey,risk_aversion,combined,0,547.175220087638,0.83878506603881
2420,euler_ramsey,0.5,1.5% Ramsey,risk_aversion,combined,0,89.34193375528064,2.627443951027908
2420,euler_ramsey,0.5,2.0% Ramsey,risk_aversion,combined,0,68.28270086879954,3.1073170111671375
2420,euler_ramsey,0.5,2.5% Ramsey,risk_aversion,combined,0,50.24141469199436,3.498602302341643
2421,euler_ramsey,0.5,1.5% Ramsey,risk_aversion,combined,0,-517.6556929983343,0.49134195997361074
2421,euler_ramsey,0.5,2.0% Ramsey,risk_aversion,combined,0,-439.39107044930364,0.3981766544611851
2421,euler_ramsey,0.5,2.5% Ramsey,risk_aversion,combined,0,-340.01976594430516,0.3346250586342065
2422,euler_ramsey,0.5,1.5% Ramsey,risk_aversion,combined,0,2375.9203941438564,0.6973986030036889
2422,euler_ramsey,0.5,2.0% Ramsey,risk_aversion,combined,0,1575.8362452213664,0.611866437385351
2422,euler_ramsey,0.5,2.5% Ramsey,risk_aversion,combined,0,1019.3965607866353,0.5468281810634776
2423,euler_ramsey,0.5,1.5% Ramsey,risk_aversion,combined,0,216.99077976896595,1.680071883731944
2423,euler_ramsey,0.5,2.0% Ramsey,risk_aversion,combined,0,163.3932747565448,1.79679425633994
2423,euler_ramsey,0.5,2.5% Ramsey,risk_aversion,combined,0,114.91475632722717,1.8716352231070847
2424,euler_ramsey,0.5,1.5% Ramsey,risk_aversion,combined,0,3725.382961918238,0.3085200234894895
2424,euler_ramsey,0.5,2.0% Ramsey,risk_aversion,combined,0,1477.1896514992454,0.2254964644994299
2424,euler_ramsey,0.5,2.5% Ramsey,risk_aversion,combined,0,824.1631754472451,0.17498974575852955
2425,euler_ramsey,0.5,1.5% Ramsey,risk_aversion,combined,0,893.8114405561157,1.0228404852214166
2425,euler_ramsey,0.5,2.0% Ramsey,risk_aversion,combined,0,750.4393866438847,0.9791701562226719
2425,euler_ramsey,0.5,2.5% Ramsey,risk_aversion,combined,0,572.3230648976484,0.9362888951434428
2426,euler_ramsey,0.5,1.5% Ramsey,risk_aversion,combined,0,-228.02059593814937,0.7174436785835911
2426,euler_ramsey,0.5,2.0% Ramsey,risk_aversion,combined,0,-208.92611698982657,0.6331786079139644
2426,euler_ramsey,0.5,2.5% Ramsey,risk_aversion,combined,0,-165.97402750662366,0.5684249741403754
2427,euler_ramsey,0.5,1.5% Ramsey,risk_aversion,combined,0,609.5413864282162,0.8736257765329205
2427,euler_ramsey,0.5,2.0% Ramsey,risk_aversion,combined,0,560.2118292670168,0.806744325358942
2427,euler_ramsey,0.5,2.5% Ramsey,risk_aversion,combined,0,461.10346072350256,0.7502161412157327
2428,euler_ramsey,0.5,1.5% Ramsey,risk_aversion,combined,0,6653.449490583329,0.3250368962977968
2428,euler_ramsey,0.5,2.0% Ramsey,risk_aversion,combined,0,4400.343597331888,0.240549698429451
2428,euler_ramsey,0.5,2.5% Ramsey,risk_aversion,combined,0,2839.563139443848,0.18849345132564044
2429,euler_ramsey,0.5,1.5% Ramsey,risk_aversion,combined,0,188.79847564348466,0.45717174665593646
2429,euler_ramsey,0.5,2.0% Ramsey,risk_aversion,combined,0,103.13417882644491,0.3643943320466296
2429,euler_ramsey,0.5,2.5% Ramsey,risk_aversion,combined,0,67.60917654583731,0.3023284362422944
2430,euler_ramsey,0.5,1.5% Ramsey,risk_aversion,combined,0,390.1644089567655,1.3482707996340493
2430,euler_ramsey,0.5,2.0% Ramsey,risk_aversion,combined,0,278.0826044522438,1.3726596959140223
2430,euler_ramsey,0.5,2.5% Ramsey,risk_aversion,combined,0,192.70565543506237,1.376616407818587
2431,euler_ramsey,0.5,1.5% Ramsey,risk_aversion,combined,0,2533.7757305234854,0.4941092253878242
2431,euler_ramsey,0.5,2.0% Ramsey,risk_aversion,combined,0,2319.349546017093,0.40160130248874654
2431,euler_ramsey,0.5,2.5% Ramsey,risk_aversion,combined,0,1859.4829085225736,0.33833837025126945
2432,euler_ramsey,0.5,1.5% Ramsey,risk_aversion,combined,0,-91.49689500163474,0.7943134287928499
2432,euler_ramsey,0.5,2.0% Ramsey,risk_aversion,combined,0,-41.16343226527795,0.7172931167804132
2432,euler_ramsey,0.5,2.5% Ramsey,risk_aversion,combined,0,-16.9404257259347,0.655471349038087
2433,euler_ramsey,0.5,1.5% Ramsey,risk_aversion,combined,0,229.45029822984125,1.3396500886351557
2433,euler_ramsey,0.5,2.0% Ramsey,risk_aversion,combined,0,167.336497429009,1.3610238007837132
2433,euler_ramsey,0.5,2.5% Ramsey,risk_aversion,combined,0,111.59233684613038,1.3624735668532957
2434,euler_ramsey,0.5,1.5% Ramsey,risk_aversion,combined,0,-1776.2624764830232,0.182059202632255
2434,euler_ramsey,0.5,2.0% Ramsey,risk_aversion,combined,0,-638.8829156153031,0.11799699049239154
2434,euler_ramsey,0.5,2.5% Ramsey,risk_aversion,combined,0,-359.92715957060074,0.08342486831300959
2435,euler_ramsey,0.5,1.5% Ramsey,risk_aversion,combined,0,80.007943701804,0.2932333090750796
2435,euler_ramsey,0.5,2.0% Ramsey,risk_aversion,combined,0,42.53723208889057,0.21151803080523887
2435,euler_ramsey,0.5,2.5% Ramsey,risk_aversion,combined,0,24.601179738525673,0.1624496387496521
2436,euler_ramsey,0.5,1.5% Ramsey,risk_aversion,combined,0,2982.7517223786367,0.3353773927053782
2436,euler_ramsey,0.5,2.0% Ramsey,risk_aversion,combined,0,2241.114910342066,0.24973195808921173
2436,euler_ramsey,0.5,2.5% Ramsey,risk_aversion,combined,0,1617.3281343121682,0.19660481228069154
2437,euler_ramsey,0.5,1.5% Ramsey,risk_aversion,combined,0,-653.2897954260029,0.407478923305013
2437,euler_ramsey,0.5,2.0% Ramsey,risk_aversion,combined,0,-434.30405299486483,0.3165060533659162
2437,euler_ramsey,0.5,2.5% Ramsey,risk_aversion,combined,0,-280.6133613514481,0.257402880202591
2438,euler_ramsey,0.5,1.5% Ramsey,risk_aversion,combined,0,193.00325355813004,2.557457904635774
2438,euler_ramsey,0.5,2.0% Ramsey,risk_aversion,combined,0,144.3760643573215,3.0065169829213474
2438,euler_ramsey,0.5,2.5% Ramsey,risk_aversion,combined,0,106.12495450930818,3.3696259581105243
2439,euler_ramsey,0.5,1.5% Ramsey,risk_aversion,combined,0,-426.79242149595956,0.5055911430337651
2439,euler_ramsey,0.5,2.0% Ramsey,risk_aversion,combined,0,-355.2272002575159,0.4127237692802121
2439,euler_ramsey,0.5,2.5% Ramsey,risk_aversion,combined,0,-266.3823204814317,0.34883793631098947
2440,euler_ramsey,0.5,1.5% Ramsey,risk_aversion,combined,0,-592.4625313532334,0.4471129532468172
2440,euler_ramsey,0.5,2.0% Ramsey,risk_aversion,combined,0,-334.00729399442145,0.3546183118808798
2440,euler_ramsey,0.5,2.5% Ramsey,risk_aversion,combined,0,-177.05887316418966,0.2930964579268122
2441,euler_ramsey,0.5,1.5% Ramsey,risk_aversion,combined,0,-942.709623462004,0.4116484221384681
2441,euler_ramsey,0.5,2.0% Ramsey,risk_aversion,combined,0,-616.9527054729449,0.32055008767981763
2441,euler_ramsey,0.5,2.5% Ramsey,risk_aversion,combined,0,-409.01835597233054,0.26120261101013165
2442,euler_ramsey,0.5,1.5% Ramsey,risk_aversion,combined,0,348.8859224494817,0.3429395542677898
2442,euler_ramsey,0.5,2.0% Ramsey,risk_aversion,combined,0,158.19754070584793,0.2562457397340068
2442,euler_ramsey,0.5,2.5% Ramsey,risk_aversion,combined,0,64.05608624845472,0.20223879684033544
2443,euler_ramsey,0.5,1.5% Ramsey,risk_aversion,combined,0,92.80241155881782,1.0788049982054915
2443,euler_ramsey,0.5,2.0% Ramsey,risk_aversion,combined,0,56.46119436847115,1.043121376274174
2443,euler_ramsey,0.5,2.5% Ramsey,risk_aversion,combined,0,34.171617213686865,1.0049409696562748
2444,euler_ramsey,0.5,1.5% Ramsey,risk_aversion,combined,0,424.96409430641273,1.360385235363074
2444,euler_ramsey,0.5,2.0% Ramsey,risk_aversion,combined,0,319.8805444855807,1.3883251367351142
2444,euler_ramsey,0.5,2.5% Ramsey,risk_aversion,combined,0,242.87856839944797,1.3949205571070773
2445,euler_ramsey,0.5,1.5% Ramsey,risk_aversion,combined,0,1568.4481382893352,0.7236566302307593
2445,euler_ramsey,0.5,2.0% Ramsey,risk_aversion,combined,0,1031.8952926058298,0.6407730517084962
2445,euler_ramsey,0.5,2.5% Ramsey,risk_aversion,combined,0,752.6465283662485,0.5768220394357224
2446,euler_ramsey,0.5,1.5% Ramsey,risk_aversion,combined,0,178.34623778859148,0.9448331995917509
2446,euler_ramsey,0.5,2.0% Ramsey,risk_aversion,combined,0,110.99400384320381,0.888838217587314
2446,euler_ramsey,0.5,2.5% Ramsey,risk_aversion,combined,0,70.75147709422029,0.8384617462788744
2447,euler_ramsey,0.5,1.5% Ramsey,risk_aversion,combined,0,290.5464095078939,1.8460313685964846
2447,euler_ramsey,0.5,2.0% Ramsey,risk_aversion,combined,0,238.95547653638258,2.0168120872044786
2447,euler_ramsey,0.5,2.5% Ramsey,risk_aversion,combined,0,188.94851551931893,2.1358586684532193
2448,euler_ramsey,0.5,1.5% Ramsey,risk_aversion,combined,0,481.9256677482283,0.8261483447772405
2448,euler_ramsey,0.5,2.0% Ramsey,risk_aversion,combined,0,304.9194896797677,0.7529754244468848
2448,euler_ramsey,0.5,2.5% Ramsey,risk_aversion,combined,0,195.06019492600396,0.69311996502639
2449,euler_ramsey,0.5,1.5% Ramsey,risk_aversion,combined,0,-781.9100099683786,0.6282027551248985
2449,euler_ramsey,0.5,2.0% Ramsey,risk_aversion,combined,0,-708.7396208737314,0.5381112410085259
2449,euler_ramsey,0.5,2.5% Ramsey,risk_aversion,combined,0,-550.9122367268468,0.47204831191064245
2450,euler_ramsey,0.5,1.5% Ramsey,risk_aversion,combined,0,274.14329155115433,2.261436112346279
2450,euler_ramsey,0.5,2.0% Ramsey,risk_aversion,combined,0,175.0814986148782,2.5858294735587606
2450,euler_ramsey,0.5,2.5% Ramsey,risk_aversion,combined,0,116.50923838357812,2.836640708490828
2451,euler_ramsey,0.5,1.5% Ramsey,risk_aversion,combined,0,1123.967904904279,1.2173529720766194
2451,euler_ramsey,0.5,2.0% Ramsey,risk_aversion,combined,0,845.0948996771062,1.2112767412176142
2451,euler_ramsey,0.5,2.5% Ramsey,risk_aversion,combined,0,592.6664465467255,1.19331627133132
2452,euler_ramsey,0.5,1.5% Ramsey,risk_aversion,combined,0,-532.0407058317912,0.6374321673247482
2452,euler_ramsey,0.5,2.0% Ramsey,risk_aversion,combined,0,-481.5399122786612,0.5476904784354321
2452,euler_ramsey,0.5,2.5% Ramsey,risk_aversion,combined,0,-374.807518614689,0.4815845416254671
2453,euler_ramsey,0.5,1.5% Ramsey,risk_aversion,combined,0,1078.2554280252791,0.30611292765421133
2453,euler_ramsey,0.5,2.0% Ramsey,risk_aversion,combined,0,986.3666666746217,0.22303034246517328
2453,euler_ramsey,0.5,2.5% Ramsey,risk_aversion,combined,0,805.8847679253978,0.17263005208363638
2454,euler_ramsey,0.5,1.5% Ramsey,risk_aversion,combined,0,1249.7586050935654,0.4619919154417846
2454,euler_ramsey,0.5,2.0% Ramsey,risk_aversion,combined,0,780.3884221225499,0.36930778671286096
2454,euler_ramsey,0.5,2.5% Ramsey,risk_aversion,combined,0,505.2744011547553,0.3071098345950222
2455,euler_ramsey,0.5,1.5% Ramsey,risk_aversion,combined,0,197.25683990909482,1.311336904082255
2455,euler_ramsey,0.5,2.0% Ramsey,risk_aversion,combined,0,143.07598405456682,1.3259556958882972
2455,euler_ramsey,0.5,2.5% Ramsey,risk_aversion,combined,0,95.26921874453771,1.3225249176735683
2456,euler_ramsey,0.5,1.5% Ramsey,risk_aversion,combined,0,234.8444802070301,1.9392919907067363
2456,euler_ramsey,0.5,2.0% Ramsey,risk_aversion,combined,0,155.45915717937908,2.1423042658580957
2456,euler_ramsey,0.5,2.5% Ramsey,risk_aversion,combined,0,109.243549073574,2.2882704911102247
2457,euler_ramsey,0.5,1.5% Ramsey,risk_aversion,combined,0,299.9725225111196,0.8257092697553136
2457,euler_ramsey,0.5,2.0% Ramsey,risk_aversion,combined,0,181.27793565254422,0.7523848834126112
2457,euler_ramsey,0.5,2.5% Ramsey,risk_aversion,combined,0,110.82770761095635,0.6923944479347364
2458,euler_ramsey,0.5,1.5% Ramsey,risk_aversion,combined,0,1863.9742590702856,0.880176331818085
2458,euler_ramsey,0.5,2.0% Ramsey,risk_aversion,combined,0,1589.0174104008436,0.8149191528052117
2458,euler_ramsey,0.5,2.5% Ramsey,risk_aversion,combined,0,1192.023485732479,0.7593836563910417
2459,euler_ramsey,0.5,1.5% Ramsey,risk_aversion,combined,0,890.9773373916096,0.6632531155867675
2459,euler_ramsey,0.5,2.0% Ramsey,risk_aversion,combined,0,752.1025577704997,0.5756818528785914
2459,euler_ramsey,0.5,2.5% Ramsey,risk_aversion,combined,0,579.3524586826079,0.5102786586088368
2460,euler_ramsey,0.5,1.5% Ramsey,risk_aversion,combined,0,287.0785057522416,1.2206330458984045
2460,euler_ramsey,0.5,2.0% Ramsey,risk_aversion,combined,0,232.81075534131227,1.2156876950827065
2460,euler_ramsey,0.5,2.5% Ramsey,risk_aversion,combined,0,181.61337355058512,1.1985828739938806
2461,euler_ramsey,0.5,1.5% Ramsey,risk_aversion,combined,0,383.691097029138,0.6398885262845282
2461,euler_ramsey,0.5,2.0% Ramsey,risk_aversion,combined,0,226.58939959326074,0.5512081546691776
2461,euler_ramsey,0.5,2.5% Ramsey,risk_aversion,combined,0,136.8925489297384,0.4857024646478888
2462,euler_ramsey,0.5,1.5% Ramsey,risk_aversion,combined,0,8379.890922610351,0.331016749582351
2462,euler_ramsey,0.5,2.0% Ramsey,risk_aversion,combined,0,4992.839787522624,0.24616833197160382
2462,euler_ramsey,0.5,2.5% Ramsey,risk_aversion,combined,0,2896.555426497261,0.1936358781858448
2463,euler_ramsey,0.5,1.5% Ramsey,risk_aversion,combined,0,781.7593096465331,0.3953565515048297
2463,euler_ramsey,0.5,2.0% Ramsey,risk_aversion,combined,0,621.5765632998788,0.3050626612303833
2463,euler_ramsey,0.5,2.5% Ramsey,risk_aversion,combined,0,464.5061221468894,0.2468357961549284
2464,euler_ramsey,0.5,1.5% Ramsey,risk_aversion,combined,0,1150.8389009900636,1.1867403095098739
2464,euler_ramsey,0.5,2.0% Ramsey,risk_aversion,combined,0,998.7421856843349,1.176080968702025
2464,euler_ramsey,0.5,2.5% Ramsey,risk_aversion,combined,0,782.0560587937154,1.1553575550227033
2465,euler_ramsey,0.5,1.5% Ramsey,risk_aversion,combined,0,4169.220149695718,0.14710813581215165
2465,euler_ramsey,0.5,2.0% Ramsey,risk_aversion,combined,0,2397.7876726437803,0.0909135070836225
2465,euler_ramsey,0.5,2.5% Ramsey,risk_aversion,combined,0,1450.7849730185746,0.06195714829766627
2466,euler_ramsey,0.5,1.5% Ramsey,risk_aversion,combined,0,11258.255558129998,0.1301666367887812
2466,euler_ramsey,0.5,2.0% Ramsey,risk_aversion,combined,0,7633.653392615236,0.07834208104593346
2466,euler_ramsey,0.5,2.5% Ramsey,risk_aversion,combined,0,5188.984630537692,0.05231287770219578
2467,euler_ramsey,0.5,1.5% Ramsey,risk_aversion,combined,0,11837.497260926833,0.4943907118263304
2467,euler_ramsey,0.5,2.0% Ramsey,risk_aversion,combined,0,9416.362368807846,0.40341642863403715
2467,euler_ramsey,0.5,2.5% Ramsey,risk_aversion,combined,0,6555.239650315254,0.34102200370987584
2468,euler_ramsey,0.5,1.5% Ramsey,risk_aversion,combined,0,8203.570592779446,0.21404592097454284
2468,euler_ramsey,0.5,2.0% Ramsey,risk_aversion,combined,0,5629.068848286657,0.14408062783913372
2468,euler_ramsey,0.5,2.5% Ramsey,risk_aversion,combined,0,3717.6341471043725,0.10490969073312233
2469,euler_ramsey,0.5,1.5% Ramsey,risk_aversion,combined,0,-254.00574418251816,0.3202561678037067
2469,euler_ramsey,0.5,2.0% Ramsey,risk_aversion,combined,0,-24.740442977651714,0.23563716176848074
2469,euler_ramsey,0.5,2.5% Ramsey,risk_aversion,combined,0,19.820432559654225,0.183771477485832
2470,euler_ramsey,0.5,1.5% Ramsey,risk_aversion,combined,0,1881.0713383647571,0.3739743875931529
2470,euler_ramsey,0.5,2.0% Ramsey,risk_aversion,combined,0,1190.8685189295024,0.2849508053782966
2470,euler_ramsey,0.5,2.5% Ramsey,risk_aversion,combined,0,720.9191150548266,0.22832412061228216
2471,euler_ramsey,0.5,1.5% Ramsey,risk_aversion,combined,0,7587.440927603551,0.33412043178057965
2471,euler_ramsey,0.5,2.0% Ramsey,risk_aversion,combined,0,4158.8310123474575,0.2484057056962438
2471,euler_ramsey,0.5,2.5% Ramsey,risk_aversion,combined,0,2192.832727010294,0.19530989321222275
2472,euler_ramsey,0.5,1.5% Ramsey,risk_aversion,combined,0,625.7688456151973,1.7412052585334352
2472,euler_ramsey,0.5,2.0% Ramsey,risk_aversion,combined,0,443.6746798370935,1.8772190488010745
2472,euler_ramsey,0.5,2.5% Ramsey,risk_aversion,combined,0,316.770642197023,1.967655209871332
2473,euler_ramsey,0.5,1.5% Ramsey,risk_aversion,combined,0,472.75201870117854,0.6864698971119687
2473,euler_ramsey,0.5,2.0% Ramsey,risk_aversion,combined,0,261.6916216565916,0.599556710666172
2473,euler_ramsey,0.5,2.5% Ramsey,risk_aversion,combined,0,153.09992644705932,0.5339009023848166
2474,euler_ramsey,0.5,1.5% Ramsey,risk_aversion,combined,0,150.42498303506375,1.0398515142027418
2474,euler_ramsey,0.5,2.0% Ramsey,risk_aversion,combined,0,123.19814494211225,0.9979025355793469
2474,euler_ramsey,0.5,2.5% Ramsey,risk_aversion,combined,0,102.46289746906957,0.9559147837792596
2475,euler_ramsey,0.5,1.5% Ramsey,risk_aversion,combined,0,115.30211025074266,0.47277040503162493
2475,euler_ramsey,0.5,2.0% Ramsey,risk_aversion,combined,0,54.96030038690945,0.3797356559395543
2475,euler_ramsey,0.5,2.5% Ramsey,risk_aversion,combined,0,11.01940898222383,0.3169362701499953
2476,euler_ramsey,0.5,1.5% Ramsey,risk_aversion,combined,0,1169.7888303898649,0.42924335244260353
2476,euler_ramsey,0.5,2.0% Ramsey,risk_aversion,combined,0,730.9347837949456,0.337417896926381
2476,euler_ramsey,0.5,2.5% Ramsey,risk_aversion,combined,0,475.46611553059944,0.2769672122521614
2477,euler_ramsey,0.5,1.5% Ramsey,risk_aversion,combined,0,292.3845443840718,2.0049681462025513
2477,euler_ramsey,0.5,2.0% Ramsey,risk_aversion,combined,0,215.03348486069012,2.2312581200415367
2477,euler_ramsey,0.5,2.5% Ramsey,risk_aversion,combined,0,153.86711044599267,2.3968530819736027
2478,euler_ramsey,0.5,1.5% Ramsey,risk_aversion,combined,0,1894.3347147032193,0.3798163309489373
2478,euler_ramsey,0.5,2.0% Ramsey,risk_aversion,combined,0,1408.900707680531,0.2905443466083009
2478,euler_ramsey,0.5,2.5% Ramsey,risk_aversion,combined,0,1053.5505029637964,0.23352735982301098
2479,euler_ramsey,0.5,1.5% Ramsey,risk_aversion,combined,0,222.8308324338875,1.0200331544508423
2479,euler_ramsey,0.5,2.0% Ramsey,risk_aversion,combined,0,205.56542968086805,0.9756235530028246
2479,euler_ramsey,0.5,2.5% Ramsey,risk_aversion,combined,0,160.71826529052151,0.932161248784183
2480,euler_ramsey,0.5,1.5% Ramsey,risk_aversion,combined,0,1029.040405709288,0.7340370465723198
2480,euler_ramsey,0.5,2.0% Ramsey,risk_aversion,combined,0,594.991279633769,0.6515814056388204
2480,euler_ramsey,0.5,2.5% Ramsey,risk_aversion,combined,0,354.7304517650534,0.5876136767993072
2481,euler_ramsey,0.5,1.5% Ramsey,risk_aversion,combined,0,1478.1118018835457,0.9012880951510936
2481,euler_ramsey,0.5,2.0% Ramsey,risk_aversion,combined,0,1238.325870049406,0.8385075481937325
2481,euler_ramsey,0.5,2.5% Ramsey,risk_aversion,combined,0,933.7868942936112,0.7842688576256274
2482,euler_ramsey,0.5,1.5% Ramsey,risk_aversion,combined,0,50.74332244501342,0.8272349006586042
2482,euler_ramsey,0.5,2.0% Ramsey,risk_aversion,combined,0,30.357009346067848,0.7543363688400802
2482,euler_ramsey,0.5,2.5% Ramsey,risk_aversion,combined,0,16.690204412808143,0.6945644424003596
2483,euler_ramsey,0.5,1.5% Ramsey,risk_aversion,combined,0,4666.120716585964,1.0953161491631498
2483,euler_ramsey,0.5,2.0% Ramsey,risk_aversion,combined,0,3550.830684319658,1.0673363205476083
2483,euler_ramsey,0.5,2.5% Ramsey,risk_aversion,combined,0,2404.1189194421454,1.0350003155962963
2484,euler_ramsey,0.5,1.5% Ramsey,risk_aversion,combined,0,378.37419054628384,1.8829295721574937
2484,euler_ramsey,0.5,2.0% Ramsey,risk_aversion,combined,0,270.8905586135099,2.065762169794061
2484,euler_ramsey,0.5,2.5% Ramsey,risk_aversion,combined,0,183.76843330550594,2.1947752904725966
2485,euler_ramsey,0.5,1.5% Ramsey,risk_aversion,combined,0,560.1542591692297,1.272005097451016
2485,euler_ramsey,0.5,2.0% Ramsey,risk_aversion,combined,0,439.1663367850579,1.2770220645715133
2485,euler_ramsey,0.5,2.5% Ramsey,risk_aversion,combined,0,315.9796095097091,1.2666548200534034
2486,euler_ramsey,0.5,1.5% Ramsey,risk_aversion,combined,0,269.15101767862876,0.8113327185730265
2486,euler_ramsey,0.5,2.0% Ramsey,risk_aversion,combined,0,202.06092986011913,0.7359625629794514
2486,euler_ramsey,0.5,2.5% Ramsey,risk_aversion,combined,0,136.26049799724476,0.6748676717382883
2487,euler_ramsey,0.5,1.5% Ramsey,risk_aversion,combined,0,317.33516120365175,0.6444781846616914
2487,euler_ramsey,0.5,2.0% Ramsey,risk_aversion,combined,0,196.07441714352612,0.5554269525303107
2487,euler_ramsey,0.5,2.5% Ramsey,risk_aversion,combined,0,118.04391634654101,0.48956201828231133
2488,euler_ramsey,0.5,1.5% Ramsey,risk_aversion,combined,0,230.61995554390148,2.1031106894838363
2488,euler_ramsey,0.5,2.0% Ramsey,risk_aversion,combined,0,188.7964122942302,2.3653556190563045
2488,euler_ramsey,0.5,2.5% Ramsey,risk_aversion,combined,0,141.11987543578718,2.5617588333487546
2489,euler_ramsey,0.5,1.5% Ramsey,risk_aversion,combined,0,822.1638586098998,1.0135015451275105
2489,euler_ramsey,0.5,2.0% Ramsey,risk_aversion,combined,0,721.2752329135965,0.9674700007486551
2489,euler_ramsey,0.5,2.5% Ramsey,risk_aversion,combined,0,539.5522652203726,0.9230789597748843
2490,euler_ramsey,0.5,1.5% Ramsey,risk_aversion,combined,0,59.8812191175849,0.7216547837154497
2490,euler_ramsey,0.5,2.0% Ramsey,risk_aversion,combined,0,26.644256648665376,0.6375132263467074
2490,euler_ramsey,0.5,2.5% Ramsey,risk_aversion,combined,0,7.8733075434562325,0.572745071700804
2491,euler_ramsey,0.5,1.5% Ramsey,risk_aversion,combined,0,250.41088808414924,0.7382381526315559
2491,euler_ramsey,0.5,2.0% Ramsey,risk_aversion,combined,0,258.9240925255562,0.6554738521007136
2491,euler_ramsey,0.5,2.5% Ramsey,risk_aversion,combined,0,234.78341279875934,0.5911831918193637
2492,euler_ramsey,0.5,1.5% Ramsey,risk_aversion,combined,0,3580.569837509233,0.8330457045902505
2492,euler_ramsey,0.5,2.0% Ramsey,risk_aversion,combined,0,2131.841551329004,0.7609035400790789
2492,euler_ramsey,0.5,2.5% Ramsey,risk_aversion,combined,0,1306.3572341876713,0.7015527287822001
2493,euler_ramsey,0.5,1.5% Ramsey,risk_aversion,combined,0,-127.67740432432625,1.0373197780301298
2493,euler_ramsey,0.5,2.0% Ramsey,risk_aversion,combined,0,-89.99561040609707,0.9946715293354992
2493,euler_ramsey,0.5,2.5% Ramsey,risk_aversion,combined,0,-51.97423081000757,0.9521502737671796
2494,euler_ramsey,0.5,1.5% Ramsey,risk_aversion,combined,0,170.4864719394484,2.380649481697594
2494,euler_ramsey,0.5,2.0% Ramsey,risk_aversion,combined,0,136.02450945480464,2.753450875055023
2494,euler_ramsey,0.5,2.5% Ramsey,risk_aversion,combined,0,104.28818479263295,3.04715757547446
2495,euler_ramsey,0.5,1.5% Ramsey,risk_aversion,combined,0,-92.05707852697923,1.2031222402337325
2495,euler_ramsey,0.5,2.0% Ramsey,risk_aversion,combined,0,-68.57230500611355,1.192923027572456
2495,euler_ramsey,0.5,2.5% Ramsey,risk_aversion,combined,0,-43.01274746802003,1.1718837811146774
2496,euler_ramsey,0.5,1.5% Ramsey,risk_aversion,combined,0,1391.4452267171482,1.2666915831266274
2496,euler_ramsey,0.5,2.0% Ramsey,risk_aversion,combined,0,1021.8151643514396,1.2729376393057792
2496,euler_ramsey,0.5,2.5% Ramsey,risk_aversion,combined,0,717.3209348092571,1.2638938274921188
2497,euler_ramsey,0.5,1.5% Ramsey,risk_aversion,combined,0,1209.6173555265227,0.8170995431839924
2497,euler_ramsey,0.5,2.0% Ramsey,risk_aversion,combined,0,964.3541717770295,0.7424867303874072
2497,euler_ramsey,0.5,2.5% Ramsey,risk_aversion,combined,0,675.0835459368643,0.6817799710198656
2498,euler_ramsey,0.5,1.5% Ramsey,risk_aversion,combined,0,4012.3788912732834,1.3460843114059842
2498,euler_ramsey,0.5,2.0% Ramsey,risk_aversion,combined,0,3059.6602480268166,1.3711581059910969
2498,euler_ramsey,0.5,2.5% Ramsey,risk_aversion,combined,0,2016.3115568839405,1.3756694813510886
2499,euler_ramsey,0.5,1.5% Ramsey,risk_aversion,combined,0,-10.575159810894236,0.5614512914493768
2499,euler_ramsey,0.5,2.0% Ramsey,risk_aversion,combined,0,20.815542952682275,0.46940893563819525
2499,euler_ramsey,0.5,2.5% Ramsey,risk_aversion,combined,0,31.456415709100686,0.4041670920935555
2500,euler_ramsey,0.5,1.5% Ramsey,risk_aversion,combined,0,823.3443809142555,0.40201990135383175
2500,euler_ramsey,0.5,2.0% Ramsey,risk_aversion,combined,0,700.6328095573903,0.3115190072822341
2500,euler_ramsey,0.5,2.5% Ramsey,risk_aversion,combined,0,563.1789881066745,0.25289580756608243
2501,euler_ramsey,0.5,1.5% Ramsey,risk_aversion,combined,0,1728.3264488662157,0.9703392648568657
2501,euler_ramsey,0.5,2.0% Ramsey,risk_aversion,combined,0,1168.7724555206512,0.9195581530082594
2501,euler_ramsey,0.5,2.5% Ramsey,risk_aversion,combined,0,811.5003708898047,0.8726112773143354
2502,euler_ramsey,0.5,1.5% Ramsey,risk_aversion,combined,0,441.0177782928451,0.9202395324686505
2502,euler_ramsey,0.5,2.0% Ramsey,risk_aversion,combined,0,295.766227717995,0.8606165922214171
2502,euler_ramsey,0.5,2.5% Ramsey,risk_aversion,combined,0,190.78475303817817,0.8082655835314058
2503,euler_ramsey,0.5,1.5% Ramsey,risk_aversion,combined,0,156.8036299953905,2.006848216679231
2503,euler_ramsey,0.5,2.0% Ramsey,risk_aversion,combined,0,107.38200869594999,2.2337632885598078
2503,euler_ramsey,0.5,2.5% Ramsey,risk_aversion,combined,0,75.39080675468149,2.3998341365384244
2504,euler_ramsey,0.5,1.5% Ramsey,risk_aversion,combined,0,-52.08401620253364,0.2111386722235513
2504,euler_ramsey,0.5,2.0% Ramsey,risk_aversion,combined,0,-72.58224882972536,0.1414583092950024
2504,euler_ramsey,0.5,2.5% Ramsey,risk_aversion,combined,0,-67.57862989112597,0.10261007973248013
2505,euler_ramsey,0.5,1.5% Ramsey,risk_aversion,combined,0,-358.328349735573,0.4987529511240421
2505,euler_ramsey,0.5,2.0% Ramsey,risk_aversion,combined,0,-266.02373536414336,0.40546522760614395
2505,euler_ramsey,0.5,2.5% Ramsey,risk_aversion,combined,0,-188.13230675201754,0.34158249261634843
2506,euler_ramsey,0.5,1.5% Ramsey,risk_aversion,combined,0,-90.476547513232,0.2528132865476661
2506,euler_ramsey,0.5,2.0% Ramsey,risk_aversion,combined,0,-89.33790644499618,0.17638641070887998
2506,euler_ramsey,0.5,2.5% Ramsey,risk_aversion,combined,0,-74.27106846200495,0.1320211983415176
2507,euler_ramsey,0.5,1.5% Ramsey,risk_aversion,combined,0,687.2997948624471,1.3865181072930932
2507,euler_ramsey,0.5,2.0% Ramsey,risk_aversion,combined,0,725.7024309929482,1.4201135550479491
2507,euler_ramsey,0.5,2.5% Ramsey,risk_aversion,combined,0,626.2387934346431,1.430673061484511
2508,euler_ramsey,0.5,1.5% Ramsey,risk_aversion,combined,0,769.5951954486583,0.3189413780154555
2508,euler_ramsey,0.5,2.0% Ramsey,risk_aversion,combined,0,404.6263623875086,0.23446682991493875
2508,euler_ramsey,0.5,2.5% Ramsey,risk_aversion,combined,0,247.70455049077535,0.18273782709136885
2509,euler_ramsey,0.5,1.5% Ramsey,risk_aversion,combined,0,639.9516474407927,1.5105700671468492
2509,euler_ramsey,0.5,2.0% Ramsey,risk_aversion,combined,0,527.1860060514931,1.5785860129040512
2509,euler_ramsey,0.5,2.5% Ramsey,risk_aversion,combined,0,393.32899021531404,1.615474635159018
2510,euler_ramsey,0.5,1.5% Ramsey,risk_aversion,combined,0,308.3729807570655,0.7210117802245734
2510,euler_ramsey,0.5,2.0% Ramsey,risk_aversion,combined,0,290.77517077976245,0.6369148363815728
2510,euler_ramsey,0.5,2.5% Ramsey,risk_aversion,combined,0,238.28375840356037,0.5721916578849545
2511,euler_ramsey,0.5,1.5% Ramsey,risk_aversion,combined,0,-262.2459165771086,0.8597751122639147
2511,euler_ramsey,0.5,2.0% Ramsey,risk_aversion,combined,0,-214.32039716129592,0.7903013474134565
2511,euler_ramsey,0.5,2.5% Ramsey,risk_aversion,combined,0,-156.70644932824794,0.732186733393284
2512,euler_ramsey,0.5,1.5% Ramsey,risk_aversion,combined,0,311.04082955349827,1.2058323264485582
2512,euler_ramsey,0.5,2.0% Ramsey,risk_aversion,combined,0,254.28554274455823,1.1959112521719157
2512,euler_ramsey,0.5,2.5% Ramsey,risk_aversion,combined,0,201.04770120509392,1.1750272873190657
2513,euler_ramsey,0.5,1.5% Ramsey,risk_aversion,combined,0,420.22975996570966,0.666116800111211
2513,euler_ramsey,0.5,2.0% Ramsey,risk_aversion,combined,0,317.6809935899136,0.5788110290846185
2513,euler_ramsey,0.5,2.5% Ramsey,risk_aversion,combined,0,238.37665917992655,0.5134586718791175
2514,euler_ramsey,0.5,1.5% Ramsey,risk_aversion,combined,0,338.42351320263634,2.051336064932081
2514,euler_ramsey,0.5,2.0% Ramsey,risk_aversion,combined,0,287.7820826604539,2.294666385856652
2514,euler_ramsey,0.5,2.5% Ramsey,risk_aversion,combined,0,226.0437254116852,2.474841185697177
2515,euler_ramsey,0.5,1.5% Ramsey,risk_aversion,combined,0,311.07186559154434,1.2600140724179978
2515,euler_ramsey,0.5,2.0% Ramsey,risk_aversion,combined,0,260.25655434459884,1.2624719693674726
2515,euler_ramsey,0.5,2.5% Ramsey,risk_aversion,combined,0,206.6112288332365,1.2504044701370158
2516,euler_ramsey,0.5,1.5% Ramsey,risk_aversion,combined,0,608.5949531989452,0.94931732638863
2516,euler_ramsey,0.5,2.0% Ramsey,risk_aversion,combined,0,471.76479034447254,0.8933629995030836
2516,euler_ramsey,0.5,2.5% Ramsey,risk_aversion,combined,0,336.1625779633705,0.8429582728790412
2517,euler_ramsey,0.5,1.5% Ramsey,risk_aversion,combined,0,1193.5830881569616,0.5733913034822041
2517,euler_ramsey,0.5,2.0% Ramsey,risk_aversion,combined,0,940.2545948029313,0.48161800333044935
2517,euler_ramsey,0.5,2.5% Ramsey,risk_aversion,combined,0,675.5508529079484,0.4161739785195454
2518,euler_ramsey,0.5,1.5% Ramsey,risk_aversion,combined,0,178.04095204623448,1.3661184563606934
2518,euler_ramsey,0.5,2.0% Ramsey,risk_aversion,combined,0,124.02091283800807,1.394973351361369
2518,euler_ramsey,0.5,2.5% Ramsey,risk_aversion,combined,0,88.74529213966419,1.402094245682223
2519,euler_ramsey,0.5,1.5% Ramsey,risk_aversion,combined,0,1726.9890471468648,1.3118902929619392
2519,euler_ramsey,0.5,2.0% Ramsey,risk_aversion,combined,0,1232.0771957381714,1.3270275087706596
2519,euler_ramsey,0.5,2.5% Ramsey,risk_aversion,combined,0,811.4822508723064,1.3241063617975568
2520,euler_ramsey,0.5,1.5% Ramsey,risk_aversion,combined,0,99.37934352161658,0.7390262926582015
2520,euler_ramsey,0.5,2.0% Ramsey,risk_aversion,combined,0,75.41749546295479,0.6562309429827777
2520,euler_ramsey,0.5,2.5% Ramsey,risk_aversion,combined,0,51.15658303356716,0.5918913451517476
2521,euler_ramsey,0.5,1.5% Ramsey,risk_aversion,combined,0,94.05315334749974,2.0521509152348556
2521,euler_ramsey,0.5,2.0% Ramsey,risk_aversion,combined,0,64.48038649386409,2.2956694275147456
2521,euler_ramsey,0.5,2.5% Ramsey,risk_aversion,combined,0,46.813495517144055,2.475925163454016
2522,euler_ramsey,0.5,1.5% Ramsey,risk_aversion,combined,0,450.0657752449679,2.192130609656544
2522,euler_ramsey,0.5,2.0% Ramsey,risk_aversion,combined,0,348.50061105936544,2.489630927006514
2522,euler_ramsey,0.5,2.5% Ramsey,risk_aversion,combined,0,263.72349237019137,2.7169233179887438
2523,euler_ramsey,0.5,1.5% Ramsey,risk_aversion,combined,0,4770.804463749402,0.41070378200997293
2523,euler_ramsey,0.5,2.0% Ramsey,risk_aversion,combined,0,3477.6479137398183,0.32035220404955383
2523,euler_ramsey,0.5,2.5% Ramsey,risk_aversion,combined,0,2433.110850303798,0.2614436568051982
2524,euler_ramsey,0.5,1.5% Ramsey,risk_aversion,combined,0,1333.0813711993087,0.4563536420252612
2524,euler_ramsey,0.5,2.0% Ramsey,risk_aversion,combined,0,706.1789813743139,0.3636238638283437
2524,euler_ramsey,0.5,2.5% Ramsey,risk_aversion,combined,0,405.9372285070956,0.30161661646865884
2525,euler_ramsey,0.5,1.5% Ramsey,risk_aversion,combined,0,234.6668175491559,1.5482788805746404
2525,euler_ramsey,0.5,2.0% Ramsey,risk_aversion,combined,0,190.84398361495786,1.6257229696525313
2525,euler_ramsey,0.5,2.5% Ramsey,risk_aversion,combined,0,149.14856593788994,1.6695785713098439
2526,euler_ramsey,0.5,1.5% Ramsey,risk_aversion,combined,0,269.4807019849628,1.0842036145798912
2526,euler_ramsey,0.5,2.0% Ramsey,risk_aversion,combined,0,187.75129611355183,1.051578171258006
2526,euler_ramsey,0.5,2.5% Ramsey,risk_aversion,combined,0,129.84448198584772,1.0157609934898972
2527,euler_ramsey,0.5,1.5% Ramsey,risk_aversion,combined,0,375.40370975073796,1.1887905670877492
2527,euler_ramsey,0.5,2.0% Ramsey,risk_aversion,combined,0,242.97661513558992,1.1758603892268435
2527,euler_ramsey,0.5,2.5% Ramsey,risk_aversion,combined,0,156.46206466010287,1.1530343786824266
2528,euler_ramsey,0.5,1.5% Ramsey,risk_aversion,combined,0,198.27448230325032,1.2677027683699522
2528,euler_ramsey,0.5,2.0% Ramsey,risk_aversion,combined,0,170.0688962514647,1.2737945405692899
2528,euler_ramsey,0.5,2.5% Ramsey,risk_aversion,combined,0,135.4008989291073,1.264537165642226
2529,euler_ramsey,0.5,1.5% Ramsey,risk_aversion,combined,0,2424.1373574367367,0.5192808098172329
2529,euler_ramsey,0.5,2.0% Ramsey,risk_aversion,combined,0,1605.3953273369918,0.42639012762064205
2529,euler_ramsey,0.5,2.5% Ramsey,risk_aversion,combined,0,1010.0153843723028,0.36203488616866214
2530,euler_ramsey,0.5,1.5% Ramsey,risk_aversion,combined,0,-126.26420190816037,0.7153948602001954
2530,euler_ramsey,0.5,2.0% Ramsey,risk_aversion,combined,0,-92.86669439803298,0.6309157541457919
2530,euler_ramsey,0.5,2.5% Ramsey,risk_aversion,combined,0,-64.03397512232684,0.5660882824276029
2531,euler_ramsey,0.5,1.5% Ramsey,risk_aversion,combined,0,217.70403155160204,2.10265312509231
2531,euler_ramsey,0.5,2.0% Ramsey,risk_aversion,combined,0,126.00015343361967,2.3651562877820362
2531,euler_ramsey,0.5,2.5% Ramsey,risk_aversion,combined,0,85.1272642900052,2.561828479415589
2532,euler_ramsey,0.5,1.5% Ramsey,risk_aversion,combined,0,503.62508392917846,1.124742897373853
2532,euler_ramsey,0.5,2.0% Ramsey,risk_aversion,combined,0,386.6969223765884,1.0984660128521826
2532,euler_ramsey,0.5,2.5% Ramsey,risk_aversion,combined,0,285.7468274010372,1.0665934831727015
2533,euler_ramsey,0.5,1.5% Ramsey,risk_aversion,combined,0,2773.3170544128616,0.5795249487462796
2533,euler_ramsey,0.5,2.0% Ramsey,risk_aversion,combined,0,1533.4578144957832,0.4879736395731704
2533,euler_ramsey,0.5,2.5% Ramsey,risk_aversion,combined,0,906.0473088454008,0.42247889464966315
2534,euler_ramsey,0.5,1.5% Ramsey,risk_aversion,combined,0,419.9453906323506,1.2304901646553421
2534,euler_ramsey,0.5,2.0% Ramsey,risk_aversion,combined,0,286.01757245023754,1.227025646868243
2534,euler_ramsey,0.5,2.5% Ramsey,risk_aversion,combined,0,202.36271086833676,1.2107858646006955
2535,euler_ramsey,0.5,1.5% Ramsey,risk_aversion,combined,0,311.23964615118086,0.5043666948814837
2535,euler_ramsey,0.5,2.0% Ramsey,risk_aversion,combined,0,192.15522438358468,0.4112125659276678
2535,euler_ramsey,0.5,2.5% Ramsey,risk_aversion,combined,0,129.24683898844535,0.3472109473149816
2536,euler_ramsey,0.5,1.5% Ramsey,risk_aversion,combined,0,716.9829598317916,2.0810835410763753
2536,euler_ramsey,0.5,2.0% Ramsey,risk_aversion,combined,0,548.9951223496175,2.336337060432561
2536,euler_ramsey,0.5,2.5% Ramsey,risk_aversion,combined,0,395.35904075578827,2.5270265429983545
2537,euler_ramsey,0.5,1.5% Ramsey,risk_aversion,combined,0,2993.6252456764355,0.3835818216761335
2537,euler_ramsey,0.5,2.0% Ramsey,risk_aversion,combined,0,2291.7729880532784,0.29414768309213535
2537,euler_ramsey,0.5,2.5% Ramsey,risk_aversion,combined,0,1606.1446525263696,0.2368792499468422
2538,euler_ramsey,0.5,1.5% Ramsey,risk_aversion,combined,0,785.1028854862459,1.3751384602435925
2538,euler_ramsey,0.5,2.0% Ramsey,risk_aversion,combined,0,827.812091156161,1.4061921508831645
2538,euler_ramsey,0.5,2.5% Ramsey,risk_aversion,combined,0,732.2622104558644,1.4149771683899235
2539,euler_ramsey,0.5,1.5% Ramsey,risk_aversion,combined,0,6802.931445952853,0.13920466153891423
2539,euler_ramsey,0.5,2.0% Ramsey,risk_aversion,combined,0,5441.368885726363,0.08502688154242925
2539,euler_ramsey,0.5,2.5% Ramsey,risk_aversion,combined,0,3879.9016023849226,0.05742641193147492
2540,euler_ramsey,0.5,1.5% Ramsey,risk_aversion,combined,0,5236.5053723983365,0.5489961048509209
2540,euler_ramsey,0.5,2.0% Ramsey,risk_aversion,combined,0,4102.593886231247,0.45705833541526314
2540,euler_ramsey,0.5,2.5% Ramsey,risk_aversion,combined,0,2845.62989830342,0.3922901374897236
2541,euler_ramsey,0.5,1.5% Ramsey,risk_aversion,combined,0,341.9770402206394,0.5450532550617094
2541,euler_ramsey,0.5,2.0% Ramsey,risk_aversion,combined,0,256.68515953360037,0.4521488875575218
2541,euler_ramsey,0.5,2.5% Ramsey,risk_aversion,combined,0,194.4474176325872,0.3869226878675671
2542,euler_ramsey,0.5,1.5% Ramsey,risk_aversion,combined,0,-378.4810428151227,0.7796055593507198
2542,euler_ramsey,0.5,2.0% Ramsey,risk_aversion,combined,0,-210.83361380151942,0.700717580701909
2542,euler_ramsey,0.5,2.5% Ramsey,risk_aversion,combined,0,-123.14888615161026,0.6379804745464467
2543,euler_ramsey,0.5,1.5% Ramsey,risk_aversion,combined,0,1976.6851905224905,0.48529277027919326
2543,euler_ramsey,0.5,2.0% Ramsey,risk_aversion,combined,0,1856.5745686609732,0.3923034931632533
2543,euler_ramsey,0.5,2.5% Ramsey,risk_aversion,combined,0,1557.5140012292254,0.3290787144761646
2544,euler_ramsey,0.5,1.5% Ramsey,risk_aversion,combined,0,104.362472510245,1.4057909059485378
2544,euler_ramsey,0.5,2.0% Ramsey,risk_aversion,combined,0,90.26084995342532,1.4442716942189522
2544,euler_ramsey,0.5,2.5% Ramsey,risk_aversion,combined,0,80.01974274970931,1.4584064877933138
2545,euler_ramsey,0.5,1.5% Ramsey,risk_aversion,combined,0,1143.098214740282,1.6664366495152616
2545,euler_ramsey,0.5,2.0% Ramsey,risk_aversion,combined,0,828.4391714792897,1.7798630734623941
2545,euler_ramsey,0.5,2.5% Ramsey,risk_aversion,combined,0,573.5286833227026,1.8522851722393814
2546,euler_ramsey,0.5,1.5% Ramsey,risk_aversion,combined,0,513.7568861726317,0.35018435746044335
2546,euler_ramsey,0.5,2.0% Ramsey,risk_aversion,combined,0,251.04477754856225,0.26287898901998896
2546,euler_ramsey,0.5,2.5% Ramsey,risk_aversion,combined,0,133.33430755224853,0.20822167814805873
2547,euler_ramsey,0.5,1.5% Ramsey,risk_aversion,combined,0,1195.5175106420104,0.3139442110546347
2547,euler_ramsey,0.5,2.0% Ramsey,risk_aversion,combined,0,794.9857507016391,0.22999160174804406
2547,euler_ramsey,0.5,2.5% Ramsey,risk_aversion,combined,0,538.4800188935352,0.17876965544186935
2548,euler_ramsey,0.5,1.5% Ramsey,risk_aversion,combined,0,145.85868769886844,1.6432606894847277
2548,euler_ramsey,0.5,2.0% Ramsey,risk_aversion,combined,0,112.07722233296552,1.7485967833115883
2548,euler_ramsey,0.5,2.5% Ramsey,risk_aversion,combined,0,87.15098734334018,1.8144211396130066
2549,euler_ramsey,0.5,1.5% Ramsey,risk_aversion,combined,0,568.3080427279984,0.8561219720182693
2549,euler_ramsey,0.5,2.0% Ramsey,risk_aversion,combined,0,442.7975509306525,0.7863446996937039
2549,euler_ramsey,0.5,2.5% Ramsey,risk_aversion,combined,0,320.73330214810966,0.7281376333695537
2550,euler_ramsey,0.5,1.5% Ramsey,risk_aversion,combined,0,242.34234418989342,1.714999461261078
2550,euler_ramsey,0.5,2.0% Ramsey,risk_aversion,combined,0,176.79362116469284,1.8426321927531066
2550,euler_ramsey,0.5,2.5% Ramsey,risk_aversion,combined,0,127.3188260260187,1.9263716812215532
2551,euler_ramsey,0.5,1.5% Ramsey,risk_aversion,combined,0,-565.0952856955776,0.25938389410282076
2551,euler_ramsey,0.5,2.0% Ramsey,risk_aversion,combined,0,-325.1018171782278,0.18202790461533355
2551,euler_ramsey,0.5,2.5% Ramsey,risk_aversion,combined,0,-222.58840476100676,0.1368592717312276
2552,euler_ramsey,0.5,1.5% Ramsey,risk_aversion,combined,0,2845.562339528992,1.1066880322555361
2552,euler_ramsey,0.5,2.0% Ramsey,risk_aversion,combined,0,2618.2978253297956,1.0807671247512718
2552,euler_ramsey,0.5,2.5% Ramsey,risk_aversion,combined,0,2096.4165635030927,1.0497339289739065
2553,euler_ramsey,0.5,1.5% Ramsey,risk_aversion,combined,0,4043.724684001598,0.49139371496952483
2553,euler_ramsey,0.5,2.0% Ramsey,risk_aversion,combined,0,3002.136174195841,0.39869254407696086
2553,euler_ramsey,0.5,2.5% Ramsey,risk_aversion,combined,0,2060.7603417353384,0.3354133917498398
2554,euler_ramsey,0.5,1.5% Ramsey,risk_aversion,combined,0,490.0763314378305,0.8624573705765363
2554,euler_ramsey,0.5,2.0% Ramsey,risk_aversion,combined,0,433.9585521113597,0.7938166608363887
2554,euler_ramsey,0.5,2.5% Ramsey,risk_aversion,combined,0,360.2233027259722,0.7362582519503383
2555,euler_ramsey,0.5,1.5% Ramsey,risk_aversion,combined,0,788.0301256744443,1.1920688489031035
2555,euler_ramsey,0.5,2.0% Ramsey,risk_aversion,combined,0,596.577036386679,1.1805963126908567
2555,euler_ramsey,0.5,2.5% Ramsey,risk_aversion,combined,0,451.5856241769614,1.1588754924841116
2556,euler_ramsey,0.5,1.5% Ramsey,risk_aversion,combined,0,1377.5537303837373,0.6121584431325746
2556,euler_ramsey,0.5,2.0% Ramsey,risk_aversion,combined,0,1273.0903902513535,0.5216958850497625
2556,euler_ramsey,0.5,2.5% Ramsey,risk_aversion,combined,0,1025.978614472586,0.45588872972670347
2557,euler_ramsey,0.5,1.5% Ramsey,risk_aversion,combined,0,497.43760711291856,1.2084081539627805
2557,euler_ramsey,0.5,2.0% Ramsey,risk_aversion,combined,0,376.9095342061888,1.1999729659627787
2557,euler_ramsey,0.5,2.5% Ramsey,risk_aversion,combined,0,273.05418801891284,1.1802934652626953
2558,euler_ramsey,0.5,1.5% Ramsey,risk_aversion,combined,0,1586.1414570067514,1.0439470820275574
2558,euler_ramsey,0.5,2.0% Ramsey,risk_aversion,combined,0,1469.1413093870037,1.003162803656668
2558,euler_ramsey,0.5,2.5% Ramsey,risk_aversion,combined,0,1184.8143013009478,0.962037667089749
2559,euler_ramsey,0.5,1.5% Ramsey,risk_aversion,combined,0,7786.52586613867,0.2760373901158693
2559,euler_ramsey,0.5,2.0% Ramsey,risk_aversion,combined,0,2346.092501772434,0.19684707954762762
2559,euler_ramsey,0.5,2.5% Ramsey,risk_aversion,combined,0,1135.5845379045627,0.14988088009821268
2560,euler_ramsey,0.5,1.5% Ramsey,risk_aversion,combined,0,60.742648111659605,1.3853951132766364
2560,euler_ramsey,0.5,2.0% Ramsey,risk_aversion,combined,0,35.594971431368926,1.4186190409998054
2560,euler_ramsey,0.5,2.5% Ramsey,risk_aversion,combined,0,20.998338555873193,1.4288435975450309
2561,euler_ramsey,0.5,1.5% Ramsey,risk_aversion,combined,0,130.2058603190817,1.1560342073106888
2561,euler_ramsey,0.5,2.0% Ramsey,risk_aversion,combined,0,100.0043430015316,1.136020433007647
2561,euler_ramsey,0.5,2.5% Ramsey,risk_aversion,combined,0,79.63399543704776,1.1083310068685819
2562,euler_ramsey,0.5,1.5% Ramsey,risk_aversion,combined,0,1021.6110532911332,1.0952918404218328
2562,euler_ramsey,0.5,2.0% Ramsey,risk_aversion,combined,0,767.8551126697048,1.0639908476725815
2562,euler_ramsey,0.5,2.5% Ramsey,risk_aversion,combined,0,568.3632383460488,1.028936942878033
2563,euler_ramsey,0.5,1.5% Ramsey,risk_aversion,combined,0,1651.583166655134,1.0506924190027094
2563,euler_ramsey,0.5,2.0% Ramsey,risk_aversion,combined,0,1343.7858459959125,1.012279751149215
2563,euler_ramsey,0.5,2.5% Ramsey,risk_aversion,combined,0,958.7830672275767,0.9727847882507393
2564,euler_ramsey,0.5,1.5% Ramsey,risk_aversion,combined,0,436.49216230059153,3.930025035169374
2564,euler_ramsey,0.5,2.0% Ramsey,risk_aversion,combined,0,334.6642341081593,5.090531581278623
2564,euler_ramsey,0.5,2.5% Ramsey,risk_aversion,combined,0,244.8953162544294,6.149903335277544
2565,euler_ramsey,0.5,1.5% Ramsey,risk_aversion,combined,0,632.8819896856728,0.9297556079393957
2565,euler_ramsey,0.5,2.0% Ramsey,risk_aversion,combined,0,647.0062466640932,0.8699534055181831
2565,euler_ramsey,0.5,2.5% Ramsey,risk_aversion,combined,0,546.3575437270465,0.8171450840638281
2566,euler_ramsey,0.5,1.5% Ramsey,risk_aversion,combined,0,-409.19060867809844,0.6123431930771356
2566,euler_ramsey,0.5,2.0% Ramsey,risk_aversion,combined,0,-375.7428290581449,0.5215603628639218
2566,euler_ramsey,0.5,2.5% Ramsey,risk_aversion,combined,0,-299.70338548165637,0.45552933936336726
2567,euler_ramsey,0.5,1.5% Ramsey,risk_aversion,combined,0,433.41515035346794,0.8189456227108757
2567,euler_ramsey,0.5,2.0% Ramsey,risk_aversion,combined,0,395.6838078899192,0.7455177926225465
2567,euler_ramsey,0.5,2.5% Ramsey,risk_aversion,combined,0,336.2330031796138,0.6856261087145974
2568,euler_ramsey,0.5,1.5% Ramsey,risk_aversion,combined,0,1036.5525991542884,1.161590182977969
2568,euler_ramsey,0.5,2.0% Ramsey,risk_aversion,combined,0,577.7682809017953,1.1429211545250153
2568,euler_ramsey,0.5,2.5% Ramsey,risk_aversion,combined,0,342.5868440045678,1.1161600525682993
2569,euler_ramsey,0.5,1.5% Ramsey,risk_aversion,combined,0,901.0541910308416,0.7085488532248907
2569,euler_ramsey,0.5,2.0% Ramsey,risk_aversion,combined,0,857.564760859917,0.6239721922781979
2569,euler_ramsey,0.5,2.5% Ramsey,risk_aversion,combined,0,703.0942439583742,0.5593090722616181
2570,euler_ramsey,0.5,1.5% Ramsey,risk_aversion,combined,0,802.0464570601796,0.7684436546209704
2570,euler_ramsey,0.5,2.0% Ramsey,risk_aversion,combined,0,412.39029067425906,0.6890994915359708
2570,euler_ramsey,0.5,2.5% Ramsey,risk_aversion,combined,0,234.08709091683988,0.6263711128715101
2571,euler_ramsey,0.5,1.5% Ramsey,risk_aversion,combined,0,355.4097759945157,0.8116557091258384
2571,euler_ramsey,0.5,2.0% Ramsey,risk_aversion,combined,0,322.15705239907237,0.7367053113474521
2571,euler_ramsey,0.5,2.5% Ramsey,risk_aversion,combined,0,260.9125640853297,0.6759274825602782
2572,euler_ramsey,0.5,1.5% Ramsey,risk_aversion,combined,0,301.1440901917931,0.8668227194909018
2572,euler_ramsey,0.5,2.0% Ramsey,risk_aversion,combined,0,183.92654848828545,0.7985380170339299
2572,euler_ramsey,0.5,2.5% Ramsey,risk_aversion,combined,0,109.1115839329326,0.7410918724143415
2573,euler_ramsey,0.5,1.5% Ramsey,risk_aversion,combined,0,-418.0795185133333,0.34832075130510826
2573,euler_ramsey,0.5,2.0% Ramsey,risk_aversion,combined,0,-118.81251431034192,0.26133219916912875
2573,euler_ramsey,0.5,2.5% Ramsey,risk_aversion,combined,0,-49.49544145287814,0.2069263941139914
2574,euler_ramsey,0.5,1.5% Ramsey,risk_aversion,combined,0,796.2927532388472,1.0825416684054343
2574,euler_ramsey,0.5,2.0% Ramsey,risk_aversion,combined,0,594.7687276169429,1.0485469697090835
2574,euler_ramsey,0.5,2.5% Ramsey,risk_aversion,combined,0,432.3489302735259,1.011653357473545
2575,euler_ramsey,0.5,1.5% Ramsey,risk_aversion,combined,0,-141.08503679355974,1.270337991021549
2575,euler_ramsey,0.5,2.0% Ramsey,risk_aversion,combined,0,-110.65891810666378,1.2759102982934498
2575,euler_ramsey,0.5,2.5% Ramsey,risk_aversion,combined,0,-81.73418844133485,1.266020324492238
2576,euler_ramsey,0.5,1.5% Ramsey,risk_aversion,combined,0,-708.3816642735407,0.40203431215482666
2576,euler_ramsey,0.5,2.0% Ramsey,risk_aversion,combined,0,-528.2044797848654,0.3114204483398454
2576,euler_ramsey,0.5,2.5% Ramsey,risk_aversion,combined,0,-323.6387713473294,0.25273894979266076
2577,euler_ramsey,0.5,1.5% Ramsey,risk_aversion,combined,0,2283.606590474736,1.1774501683765233
2577,euler_ramsey,0.5,2.0% Ramsey,risk_aversion,combined,0,1707.7500483582824,1.16429330053869
2577,euler_ramsey,0.5,2.5% Ramsey,risk_aversion,combined,0,1222.7913152931353,1.1416972945599029
2578,euler_ramsey,0.5,1.5% Ramsey,risk_aversion,combined,0,436.4529573258133,1.206113999600087
2578,euler_ramsey,0.5,2.0% Ramsey,risk_aversion,combined,0,348.8698020218993,1.1962580564942022
2578,euler_ramsey,0.5,2.5% Ramsey,risk_aversion,combined,0,268.13357910312527,1.175422510770585
2579,euler_ramsey,0.5,1.5% Ramsey,risk_aversion,combined,0,534.7653213557629,0.6866870445372367
2579,euler_ramsey,0.5,2.0% Ramsey,risk_aversion,combined,0,324.21807572868875,0.5997585557611282
2579,euler_ramsey,0.5,2.5% Ramsey,risk_aversion,combined,0,209.1441294668569,0.5340846935165862
2580,euler_ramsey,0.5,1.5% Ramsey,risk_aversion,combined,0,104.29309177595181,0.6424126242302038
2580,euler_ramsey,0.5,2.0% Ramsey,risk_aversion,combined,0,60.520960746072646,0.5530438723405894
2580,euler_ramsey,0.5,2.5% Ramsey,risk_aversion,combined,0,28.231705352769097,0.48702982507142456
2581,euler_ramsey,0.5,1.5% Ramsey,risk_aversion,combined,0,23.643518894776506,1.3482206230632128
2581,euler_ramsey,0.5,2.0% Ramsey,risk_aversion,combined,0,15.421227030133284,1.3717714502275609
2581,euler_ramsey,0.5,2.5% Ramsey,risk_aversion,combined,0,11.236143546798399,1.3748171904005293
2582,euler_ramsey,0.5,1.5% Ramsey,risk_aversion,combined,0,16413.871893993433,0.1956506212326964
2582,euler_ramsey,0.5,2.0% Ramsey,risk_aversion,combined,0,5068.392981035754,0.12927808916845335
2582,euler_ramsey,0.5,2.5% Ramsey,risk_aversion,combined,0,2417.8478060702264,0.09280481455555115
2583,euler_ramsey,0.5,1.5% Ramsey,risk_aversion,combined,0,1316.2814330226545,1.018579129875187
2583,euler_ramsey,0.5,2.0% Ramsey,risk_aversion,combined,0,865.3027982008247,0.9746942586644687
2583,euler_ramsey,0.5,2.5% Ramsey,risk_aversion,combined,0,567.0916450477343,0.9318900856225311
2584,euler_ramsey,0.5,1.5% Ramsey,risk_aversion,combined,0,26.241220928111353,0.5654440063418988
2584,euler_ramsey,0.5,2.0% Ramsey,risk_aversion,combined,0,23.900503901502407,0.4728192818791298
2584,euler_ramsey,0.5,2.5% Ramsey,risk_aversion,combined,0,23.741132171037638,0.40710427188950776
2585,euler_ramsey,0.5,1.5% Ramsey,risk_aversion,combined,0,11956.820453857721,0.541086858985783
2585,euler_ramsey,0.5,2.0% Ramsey,risk_aversion,combined,0,8085.915792514507,0.44973827135718497
2585,euler_ramsey,0.5,2.5% Ramsey,risk_aversion,combined,0,5119.562214871889,0.38557979658731223
2586,euler_ramsey,0.5,1.5% Ramsey,risk_aversion,combined,0,4515.286460062121,0.43631726039477847
2586,euler_ramsey,0.5,2.0% Ramsey,risk_aversion,combined,0,3156.667957991531,0.3457745103884326
2586,euler_ramsey,0.5,2.5% Ramsey,risk_aversion,combined,0,2238.2776700784007,0.28573222330058035
2587,euler_ramsey,0.5,1.5% Ramsey,risk_aversion,combined,0,-1127.057349015117,0.3991766986737931
2587,euler_ramsey,0.5,2.0% Ramsey,risk_aversion,combined,0,-855.2675093554369,0.30892274030193667
2587,euler_ramsey,0.5,2.5% Ramsey,risk_aversion,combined,0,-631.0389702807073,0.2505396368253039
2588,euler_ramsey,0.5,1.5% Ramsey,risk_aversion,combined,0,181.0880092665888,1.045655096897778
2588,euler_ramsey,0.5,2.0% Ramsey,risk_aversion,combined,0,185.90997968589758,1.0044737423936114
2588,euler_ramsey,0.5,2.5% Ramsey,risk_aversion,combined,0,171.33329105734506,0.9629550890330886
2589,euler_ramsey,0.5,1.5% Ramsey,risk_aversion,combined,0,-340.1728170890108,0.33661658277743467
2589,euler_ramsey,0.5,2.0% Ramsey,risk_aversion,combined,0,-258.1259918755606,0.25051307031818587
2589,euler_ramsey,0.5,2.5% Ramsey,risk_aversion,combined,0,-182.16385651803077,0.1971033120444158
2590,euler_ramsey,0.5,1.5% Ramsey,risk_aversion,combined,0,1179.451360353505,1.3373481193691776
2590,euler_ramsey,0.5,2.0% Ramsey,risk_aversion,combined,0,1015.1240736252672,1.3588632034252268
2590,euler_ramsey,0.5,2.5% Ramsey,risk_aversion,combined,0,778.5996274996572,1.360721837073688
2591,euler_ramsey,0.5,1.5% Ramsey,risk_aversion,combined,0,204.55136178239277,0.49676607053040417
2591,euler_ramsey,0.5,2.0% Ramsey,risk_aversion,combined,0,172.5658140113532,0.4034200298503506
2591,euler_ramsey,0.5,2.5% Ramsey,risk_aversion,combined,0,140.50310379436092,0.33957757947825506
2592,euler_ramsey,0.5,1.5% Ramsey,risk_aversion,combined,0,-336.3996154430305,0.3734518418137205
2592,euler_ramsey,0.5,2.0% Ramsey,risk_aversion,combined,0,-237.69317067952568,0.28445068785021727
2592,euler_ramsey,0.5,2.5% Ramsey,risk_aversion,combined,0,-160.25389913464073,0.22785616338174164
2593,euler_ramsey,0.5,1.5% Ramsey,risk_aversion,combined,0,784.6414077705888,1.064649599304897
2593,euler_ramsey,0.5,2.0% Ramsey,risk_aversion,combined,0,616.7859055224728,1.0272592305979809
2593,euler_ramsey,0.5,2.5% Ramsey,risk_aversion,combined,0,452.38315047260755,0.9881568042710022
2594,euler_ramsey,0.5,1.5% Ramsey,risk_aversion,combined,0,185.6101359669271,2.105275964999695
2594,euler_ramsey,0.5,2.0% Ramsey,risk_aversion,combined,0,171.14528766186274,2.368766513644561
2594,euler_ramsey,0.5,2.5% Ramsey,risk_aversion,combined,0,148.31972721372512,2.56627538350194
2595,euler_ramsey,0.5,1.5% Ramsey,risk_aversion,combined,0,455.93811709389763,1.983753298541256
2595,euler_ramsey,0.5,2.0% Ramsey,risk_aversion,combined,0,407.8524308730867,2.202101721269861
2595,euler_ramsey,0.5,2.5% Ramsey,risk_aversion,combined,0,320.65224943723985,2.3611584325960107
2596,euler_ramsey,0.5,1.5% Ramsey,risk_aversion,combined,0,119.9237457541421,0.39303048299388754
2596,euler_ramsey,0.5,2.0% Ramsey,risk_aversion,combined,0,66.41227663751344,0.30280175753106287
2596,euler_ramsey,0.5,2.5% Ramsey,risk_aversion,combined,0,35.89697133068742,0.24470777967491678
2597,euler_ramsey,0.5,1.5% Ramsey,risk_aversion,combined,0,909.2523989027696,0.4627105713210565
2597,euler_ramsey,0.5,2.0% Ramsey,risk_aversion,combined,0,610.3674305632684,0.3698117850675442
2597,euler_ramsey,0.5,2.5% Ramsey,risk_aversion,combined,0,372.5681223280789,0.3074670799877911
2598,euler_ramsey,0.5,1.5% Ramsey,risk_aversion,combined,0,214.78630009527203,1.9259294055041463
2598,euler_ramsey,0.5,2.0% Ramsey,risk_aversion,combined,0,145.11539016941722,2.1240476377178723
2598,euler_ramsey,0.5,2.5% Ramsey,risk_aversion,combined,0,104.37301925135206,2.265837423263305
2599,euler_ramsey,0.5,1.5% Ramsey,risk_aversion,combined,0,2382.7668049692966,0.976085813433284
2599,euler_ramsey,0.5,2.0% Ramsey,risk_aversion,combined,0,1689.9800925339732,0.9254030491301051
2599,euler_ramsey,0.5,2.5% Ramsey,risk_aversion,combined,0,1132.8800910984257,0.8783480258096596
2600,euler_ramsey,0.5,1.5% Ramsey,risk_aversion,combined,0,3490.4316968540033,0.5883741616961868
2600,euler_ramsey,0.5,2.0% Ramsey,risk_aversion,combined,0,2337.1713646883945,0.49774911145938056
2600,euler_ramsey,0.5,2.5% Ramsey,risk_aversion,combined,0,1520.2510524980582,0.43255507076149485
2601,euler_ramsey,0.5,1.5% Ramsey,risk_aversion,combined,0,775.2664054132006,0.5266715379996946
2601,euler_ramsey,0.5,2.0% Ramsey,risk_aversion,combined,0,506.50016458497777,0.4335303283407173
2601,euler_ramsey,0.5,2.5% Ramsey,risk_aversion,combined,0,350.35590465556214,0.36877722147330494
2602,euler_ramsey,0.5,1.5% Ramsey,risk_aversion,combined,0,357.0250787547663,2.050033846199304
2602,euler_ramsey,0.5,2.0% Ramsey,risk_aversion,combined,0,239.6329772765693,2.292771149820503
2602,euler_ramsey,0.5,2.5% Ramsey,risk_aversion,combined,0,160.53767292430098,2.472331109641647
2603,euler_ramsey,0.5,1.5% Ramsey,risk_aversion,combined,0,11491.614293688055,0.2724010045043405
2603,euler_ramsey,0.5,2.0% Ramsey,risk_aversion,combined,0,6003.148553080355,0.19388596336419556
2603,euler_ramsey,0.5,2.5% Ramsey,risk_aversion,combined,0,3224.7617937292516,0.14742406318724133
2604,euler_ramsey,0.5,1.5% Ramsey,risk_aversion,combined,0,1425.5945073650068,0.6137376003754669
2604,euler_ramsey,0.5,2.0% Ramsey,risk_aversion,combined,0,1132.7400505347753,0.5230992987268693
2604,euler_ramsey,0.5,2.5% Ramsey,risk_aversion,combined,0,825.3879795444915,0.4571468095127939
2605,euler_ramsey,0.5,1.5% Ramsey,risk_aversion,combined,0,-1832.130230438971,0.4261552018040952
2605,euler_ramsey,0.5,2.0% Ramsey,risk_aversion,combined,0,-1093.5224676548778,0.3346136732295012
2605,euler_ramsey,0.5,2.5% Ramsey,risk_aversion,combined,0,-682.1441716252102,0.27442879889111804
2606,euler_ramsey,0.5,1.5% Ramsey,risk_aversion,combined,0,2287.071883824963,1.4214030985190713
2606,euler_ramsey,0.5,2.0% Ramsey,risk_aversion,combined,0,1716.819743384191,1.4680761692665638
2606,euler_ramsey,0.5,2.5% Ramsey,risk_aversion,combined,0,1247.4986298606302,1.4891286309704341
2607,euler_ramsey,0.5,1.5% Ramsey,risk_aversion,combined,0,1599.66231965714,0.5911615506498911
2607,euler_ramsey,0.5,2.0% Ramsey,risk_aversion,combined,0,1176.2235513775793,0.49931748150598426
2607,euler_ramsey,0.5,2.5% Ramsey,risk_aversion,combined,0,804.6460959921741,0.43328032287134616
2608,euler_ramsey,0.5,1.5% Ramsey,risk_aversion,combined,0,234.41407100620148,0.6958807430417929
2608,euler_ramsey,0.5,2.0% Ramsey,risk_aversion,combined,0,203.57224968167873,0.6105965100017233
2608,euler_ramsey,0.5,2.5% Ramsey,risk_aversion,combined,0,159.08838082837775,0.5457876136993756
2609,euler_ramsey,0.5,1.5% Ramsey,risk_aversion,combined,0,-87.30659381345393,1.2600047452864367
2609,euler_ramsey,0.5,2.0% Ramsey,risk_aversion,combined,0,-69.5404774488811,1.2631286701992355
2609,euler_ramsey,0.5,2.5% Ramsey,risk_aversion,combined,0,-48.33543567856459,1.2514900370886057
2610,euler_ramsey,0.5,1.5% Ramsey,risk_aversion,combined,0,-296.40760488426986,0.7363466085631417
2610,euler_ramsey,0.5,2.0% Ramsey,risk_aversion,combined,0,-215.15345979002686,0.6543899732740365
2610,euler_ramsey,0.5,2.5% Ramsey,risk_aversion,combined,0,-139.8824524295036,0.5907030163640032
2611,euler_ramsey,0.5,1.5% Ramsey,risk_aversion,combined,0,518.0484546796898,1.9043783253302717
2611,euler_ramsey,0.5,2.0% Ramsey,risk_aversion,combined,0,406.6615327733331,2.095080037903166
2611,euler_ramsey,0.5,2.5% Ramsey,risk_aversion,combined,0,313.78599790366945,2.2306857801643942
2612,euler_ramsey,0.5,1.5% Ramsey,risk_aversion,combined,0,197.64323144048933,1.8319282023558625
2612,euler_ramsey,0.5,2.0% Ramsey,risk_aversion,combined,0,164.2363934979727,1.9977141378263175
2612,euler_ramsey,0.5,2.5% Ramsey,risk_aversion,combined,0,137.71918032242007,2.1125283250931717
2613,euler_ramsey,0.5,1.5% Ramsey,risk_aversion,combined,0,2510.8527389041606,0.24811595304865727
2613,euler_ramsey,0.5,2.0% Ramsey,risk_aversion,combined,0,1887.678374035186,0.17249103530131318
2613,euler_ramsey,0.5,2.5% Ramsey,risk_aversion,combined,0,1430.1143302896487,0.12875879023852932
2614,euler_ramsey,0.5,1.5% Ramsey,risk_aversion,combined,0,653.249750152489,0.7025004512726137
2614,euler_ramsey,0.5,2.0% Ramsey,risk_aversion,combined,0,567.7427152271214,0.6168982187343736
2614,euler_ramsey,0.5,2.5% Ramsey,risk_aversion,combined,0,440.17570054768294,0.5516764234724875
2615,euler_ramsey,0.5,1.5% Ramsey,risk_aversion,combined,0,-1087.9935198521628,0.29392885618144093
2615,euler_ramsey,0.5,2.0% Ramsey,risk_aversion,combined,0,-730.1355362829745,0.21212796314355897
2615,euler_ramsey,0.5,2.5% Ramsey,risk_aversion,combined,0,-454.09156795848446,0.1629819209863709
2616,euler_ramsey,0.5,1.5% Ramsey,risk_aversion,combined,0,1362.7675274933122,0.6800739243247275
2616,euler_ramsey,0.5,2.0% Ramsey,risk_aversion,combined,0,1217.2470424742112,0.5938965296510608
2616,euler_ramsey,0.5,2.5% Ramsey,risk_aversion,combined,0,902.3887372119209,0.5289396702250129
2617,euler_ramsey,0.5,1.5% Ramsey,risk_aversion,combined,0,-45.916909092119894,0.7167906976359742
2617,euler_ramsey,0.5,2.0% Ramsey,risk_aversion,combined,0,-13.921028086376353,0.6322631343681044
2617,euler_ramsey,0.5,2.5% Ramsey,risk_aversion,combined,0,7.45082167096566,0.5673557325309496
2618,euler_ramsey,0.5,1.5% Ramsey,risk_aversion,combined,0,1325.9247205761797,0.8311849308147022
2618,euler_ramsey,0.5,2.0% Ramsey,risk_aversion,combined,0,1064.858140693274,0.7594498982693432
2618,euler_ramsey,0.5,2.5% Ramsey,risk_aversion,combined,0,769.9410685215224,0.7004982358413159
2619,euler_ramsey,0.5,1.5% Ramsey,risk_aversion,combined,0,476.822207842537,0.6068466739027655
2619,euler_ramsey,0.5,2.0% Ramsey,risk_aversion,combined,0,374.97712044505454,0.5154974858941647
2619,euler_ramsey,0.5,2.5% Ramsey,risk_aversion,combined,0,270.2667386634642,0.44928748534013363
2620,euler_ramsey,0.5,1.5% Ramsey,risk_aversion,combined,0,436.0626193048622,0.6439807729189091
2620,euler_ramsey,0.5,2.0% Ramsey,risk_aversion,combined,0,287.7621635385478,0.5546779596329863
2620,euler_ramsey,0.5,2.5% Ramsey,risk_aversion,combined,0,173.61810133923407,0.4886632111040557
2621,euler_ramsey,0.5,1.5% Ramsey,risk_aversion,combined,0,103.01208938511786,2.0688692936113364
2621,euler_ramsey,0.5,2.0% Ramsey,risk_aversion,combined,0,66.45503089045273,2.3186971432505756
2621,euler_ramsey,0.5,2.5% Ramsey,risk_aversion,combined,0,42.51713561625492,2.5043303345899166
2622,euler_ramsey,0.5,1.5% Ramsey,risk_aversion,combined,0,935.0826889714866,1.3339776689550689
2622,euler_ramsey,0.5,2.0% Ramsey,risk_aversion,combined,0,584.5450957981856,1.355239851558982
2622,euler_ramsey,0.5,2.5% Ramsey,risk_aversion,combined,0,364.7248338635606,1.3569191690859352
2623,euler_ramsey,0.5,1.5% Ramsey,risk_aversion,combined,0,850.101352613048,0.7912044547345645
2623,euler_ramsey,0.5,2.0% Ramsey,risk_aversion,combined,0,731.1354914763303,0.7148945293715291
2623,euler_ramsey,0.5,2.5% Ramsey,risk_aversion,combined,0,577.0773022673218,0.6536853600082554
2624,euler_ramsey,0.5,1.5% Ramsey,risk_aversion,combined,0,133.34575120875385,1.4379336682064698
2624,euler_ramsey,0.5,2.0% Ramsey,risk_aversion,combined,0,130.83084427133832,1.4851918529060737
2624,euler_ramsey,0.5,2.5% Ramsey,risk_aversion,combined,0,122.31739957505513,1.5060224187797173
2625,euler_ramsey,0.5,1.5% Ramsey,risk_aversion,combined,0,325.2796522457825,2.1936575190438936
2625,euler_ramsey,0.5,2.0% Ramsey,risk_aversion,combined,0,259.23186615144743,2.4913054974625064
2625,euler_ramsey,0.5,2.5% Ramsey,risk_aversion,combined,0,203.28712336983224,2.7186129183208205
2626,euler_ramsey,0.5,1.5% Ramsey,risk_aversion,combined,0,2059.9878974578223,0.9444372165438719
2626,euler_ramsey,0.5,2.0% Ramsey,risk_aversion,combined,0,1580.719341303846,0.8892850689510209
2626,euler_ramsey,0.5,2.5% Ramsey,risk_aversion,combined,0,1168.93240730369,0.8396792357689982
2627,euler_ramsey,0.5,1.5% Ramsey,risk_aversion,combined,0,972.9064771342653,1.3686027244240158
2627,euler_ramsey,0.5,2.0% Ramsey,risk_aversion,combined,0,857.4579030437837,1.398355189612791
2627,euler_ramsey,0.5,2.5% Ramsey,risk_aversion,combined,0,664.0787741176018,1.4062232653317077
2628,euler_ramsey,0.5,1.5% Ramsey,risk_aversion,combined,0,460.5962420767728,0.5993787424006575
2628,euler_ramsey,0.5,2.0% Ramsey,risk_aversion,combined,0,293.1732183712312,0.5077411952196156
2628,euler_ramsey,0.5,2.5% Ramsey,risk_aversion,combined,0,179.33256942827208,0.44157819099611084
2629,euler_ramsey,0.5,1.5% Ramsey,risk_aversion,combined,0,541.9773422082508,0.5692868638173842
2629,euler_ramsey,0.5,2.0% Ramsey,risk_aversion,combined,0,416.7998603153054,0.47685094870480027
2629,euler_ramsey,0.5,2.5% Ramsey,risk_aversion,combined,0,296.7189528014028,0.4111296883719437
2630,euler_ramsey,0.5,1.5% Ramsey,risk_aversion,combined,0,3471.825694318643,1.1047728847512488
2630,euler_ramsey,0.5,2.0% Ramsey,risk_aversion,combined,0,2902.8955294847465,1.0775783320024217
2630,euler_ramsey,0.5,2.5% Ramsey,risk_aversion,combined,0,2153.289999723984,1.0455513871640612
2631,euler_ramsey,0.5,1.5% Ramsey,risk_aversion,combined,0,1677.0199504339228,0.30100386022778375
2631,euler_ramsey,0.5,2.0% Ramsey,risk_aversion,combined,0,761.8656491778008,0.21853856392747384
2631,euler_ramsey,0.5,2.5% Ramsey,risk_aversion,combined,0,373.48558464130326,0.16869420393321025
2632,euler_ramsey,0.5,1.5% Ramsey,risk_aversion,combined,0,-28.20916085629639,2.138925745434813
2632,euler_ramsey,0.5,2.0% Ramsey,risk_aversion,combined,0,-20.686043943413985,2.41529925020115
2632,euler_ramsey,0.5,2.5% Ramsey,risk_aversion,combined,0,-12.01413677967896,2.6238894786633584
2633,euler_ramsey,0.5,1.5% Ramsey,risk_aversion,combined,0,1567.9934932833312,0.3070050405983166
2633,euler_ramsey,0.5,2.0% Ramsey,risk_aversion,combined,0,1141.751396546113,0.22390154322170291
2633,euler_ramsey,0.5,2.5% Ramsey,risk_aversion,combined,0,830.3012971875204,0.17344261190084584
2634,euler_ramsey,0.5,1.5% Ramsey,risk_aversion,combined,0,372.80751539905197,1.2046078293652924
2634,euler_ramsey,0.5,2.0% Ramsey,risk_aversion,combined,0,294.51940356509294,1.1944247511247699
2634,euler_ramsey,0.5,2.5% Ramsey,risk_aversion,combined,0,223.06693176741246,1.173359194393201
2635,euler_ramsey,0.5,1.5% Ramsey,risk_aversion,combined,0,445.3677050394623,1.8992720979474678
2635,euler_ramsey,0.5,2.0% Ramsey,risk_aversion,combined,0,337.0766893177298,2.0880631962435228
2635,euler_ramsey,0.5,2.5% Ramsey,risk_aversion,combined,0,249.78700160858807,2.2220203482948366
2636,euler_ramsey,0.5,1.5% Ramsey,risk_aversion,combined,0,304.31320700238643,0.9255611389978213
2636,euler_ramsey,0.5,2.0% Ramsey,risk_aversion,combined,0,248.92021057890494,0.8649014453442645
2636,euler_ramsey,0.5,2.5% Ramsey,risk_aversion,combined,0,184.5829870338166,0.8115907222592716
2637,euler_ramsey,0.5,1.5% Ramsey,risk_aversion,combined,0,200.9594517139337,0.6061892425267603
2637,euler_ramsey,0.5,2.0% Ramsey,risk_aversion,combined,0,124.3949690870357,0.5151640116548624
2637,euler_ramsey,0.5,2.5% Ramsey,risk_aversion,combined,0,81.12310265660396,0.4491731900389262
2638,euler_ramsey,0.5,1.5% Ramsey,risk_aversion,combined,0,101.25001738392399,2.666164118164561
2638,euler_ramsey,0.5,2.0% Ramsey,risk_aversion,combined,0,73.58790373141609,3.163423885671789
2638,euler_ramsey,0.5,2.5% Ramsey,risk_aversion,combined,0,54.353770971939035,3.5708417630573877
2639,euler_ramsey,0.5,1.5% Ramsey,risk_aversion,combined,0,605.8608437186003,0.3922844447407922
2639,euler_ramsey,0.5,2.0% Ramsey,risk_aversion,combined,0,436.1477871167985,0.3021218665230424
2639,euler_ramsey,0.5,2.5% Ramsey,risk_aversion,combined,0,311.14677002846804,0.24409621867088258
2640,euler_ramsey,0.5,1.5% Ramsey,risk_aversion,combined,0,-678.9196267744419,0.5035171042641391
2640,euler_ramsey,0.5,2.0% Ramsey,risk_aversion,combined,0,-588.8894125788028,0.410413860818622
2640,euler_ramsey,0.5,2.5% Ramsey,risk_aversion,combined,0,-469.1053246021672,0.34646468514508644
2641,euler_ramsey,0.5,1.5% Ramsey,risk_aversion,combined,0,406.7879771239523,1.069864556266448
2641,euler_ramsey,0.5,2.0% Ramsey,risk_aversion,combined,0,323.4667427411151,1.0341399881356994
2641,euler_ramsey,0.5,2.5% Ramsey,risk_aversion,combined,0,234.5964045248907,0.9962151824669148
2642,euler_ramsey,0.5,1.5% Ramsey,risk_aversion,combined,0,847.8277809242271,1.41646227971894
2642,euler_ramsey,0.5,2.0% Ramsey,risk_aversion,combined,0,588.0077714116028,1.4583283306384744
2642,euler_ramsey,0.5,2.5% Ramsey,risk_aversion,combined,0,401.3567009777949,1.4751550181943478
2643,euler_ramsey,0.5,1.5% Ramsey,risk_aversion,combined,0,1116.5905577059825,0.4790302750787602
2643,euler_ramsey,0.5,2.0% Ramsey,risk_aversion,combined,0,727.0217805940927,0.3863268640387022
2643,euler_ramsey,0.5,2.5% Ramsey,risk_aversion,combined,0,483.02890538355643,0.323486461152648
2644,euler_ramsey,0.5,1.5% Ramsey,risk_aversion,combined,0,815.483232505788,0.7784742680592288
2644,euler_ramsey,0.5,2.0% Ramsey,risk_aversion,combined,0,543.657433755238,0.7014367755871237
2644,euler_ramsey,0.5,2.5% Ramsey,risk_aversion,combined,0,364.6887117407736,0.6400198585009271
2645,euler_ramsey,0.5,1.5% Ramsey,risk_aversion,combined,0,543.4539333401939,0.6034615515037194
2645,euler_ramsey,0.5,2.0% Ramsey,risk_aversion,combined,0,393.4541686397716,0.5123515418189184
2645,euler_ramsey,0.5,2.5% Ramsey,risk_aversion,combined,0,262.62420912449943,0.44638791353704355
2646,euler_ramsey,0.5,1.5% Ramsey,risk_aversion,combined,0,1981.3226298471534,1.44048586373715
2646,euler_ramsey,0.5,2.0% Ramsey,risk_aversion,combined,0,1549.8064311981243,1.488526185909998
2646,euler_ramsey,0.5,2.5% Ramsey,risk_aversion,combined,0,1076.525190110411,1.5099644281587516
2647,euler_ramsey,0.5,1.5% Ramsey,risk_aversion,combined,0,1024.5617507979923,1.952485660105253
2647,euler_ramsey,0.5,2.0% Ramsey,risk_aversion,combined,0,755.6744609274004,2.160302173624447
2647,euler_ramsey,0.5,2.5% Ramsey,risk_aversion,combined,0,511.30188285963214,2.3104601419397253
2648,euler_ramsey,0.5,1.5% Ramsey,risk_aversion,combined,0,-1090.2408209689056,0.2940647895454505
2648,euler_ramsey,0.5,2.0% Ramsey,risk_aversion,combined,0,-647.4701501358729,0.21231819720707587
2648,euler_ramsey,0.5,2.5% Ramsey,risk_aversion,combined,0,-394.8088667876317,0.1631857463935901
2649,euler_ramsey,0.5,1.5% Ramsey,risk_aversion,combined,0,199.02378138796425,0.28095683993078824
2649,euler_ramsey,0.5,2.0% Ramsey,risk_aversion,combined,0,53.84222665099051,0.20072374877064778
2649,euler_ramsey,0.5,2.5% Ramsey,risk_aversion,combined,0,11.081264732133672,0.1530167789662471
2650,euler_ramsey,0.5,1.5% Ramsey,risk_aversion,combined,0,99.6230340602532,1.3267917661444084
2650,euler_ramsey,0.5,2.0% Ramsey,risk_aversion,combined,0,74.59726094123288,1.3450301216017753
2650,euler_ramsey,0.5,2.5% Ramsey,risk_aversion,combined,0,50.59833101901867,1.3441912733200034
2651,euler_ramsey,0.5,1.5% Ramsey,risk_aversion,combined,0,112.9224757909013,2.263331982113226
2651,euler_ramsey,0.5,2.0% Ramsey,risk_aversion,combined,0,60.03136104375789,2.5883818706594814
2651,euler_ramsey,0.5,2.5% Ramsey,risk_aversion,combined,0,37.363618016026294,2.839669141621832
2652,euler_ramsey,0.5,1.5% Ramsey,risk_aversion,combined,0,-2487.648669145392,0.27954098049529724
2652,euler_ramsey,0.5,2.0% Ramsey,risk_aversion,combined,0,-1151.9927224697417,0.19948236601186944
2652,euler_ramsey,0.5,2.5% Ramsey,risk_aversion,combined,0,-567.1833071693292,0.15193505874980223
2653,euler_ramsey,0.5,1.5% Ramsey,risk_aversion,combined,0,-116.56336409611767,1.2857300311797035
2653,euler_ramsey,0.5,2.0% Ramsey,risk_aversion,combined,0,-89.20668469633769,1.2945287350547912
2653,euler_ramsey,0.5,2.5% Ramsey,risk_aversion,combined,0,-60.893459102012145,1.2869485478545504
2654,euler_ramsey,0.5,1.5% Ramsey,risk_aversion,combined,0,730.7982357187452,0.8187152510910762
2654,euler_ramsey,0.5,2.0% Ramsey,risk_aversion,combined,0,605.4064976828671,0.7449606965398053
2654,euler_ramsey,0.5,2.5% Ramsey,risk_aversion,combined,0,459.9775300142103,0.6848298208453195
2655,euler_ramsey,0.5,1.5% Ramsey,risk_aversion,combined,0,-711.3309305749734,0.4638373496228921
2655,euler_ramsey,0.5,2.0% Ramsey,risk_aversion,combined,0,-468.1605910956432,0.37098826934198154
2655,euler_ramsey,0.5,2.5% Ramsey,risk_aversion,combined,0,-305.44436747171926,0.3086266660031588
2656,euler_ramsey,0.5,1.5% Ramsey,risk_aversion,combined,0,279.53373885925276,1.0540673616894212
2656,euler_ramsey,0.5,2.0% Ramsey,risk_aversion,combined,0,222.23555844088605,1.0149586557189711
2656,euler_ramsey,0.5,2.5% Ramsey,risk_aversion,combined,0,178.66488062043481,0.9748165911699953
2657,euler_ramsey,0.5,1.5% Ramsey,risk_aversion,combined,0,192.7729582613314,2.663462037471865
2657,euler_ramsey,0.5,2.0% Ramsey,risk_aversion,combined,0,125.98360252207003,3.1594692126990616
2657,euler_ramsey,0.5,2.5% Ramsey,risk_aversion,combined,0,85.5284464918369,3.5656574206192255
2658,euler_ramsey,0.5,1.5% Ramsey,risk_aversion,combined,0,288.94647446714697,1.3629821172274947
2658,euler_ramsey,0.5,2.0% Ramsey,risk_aversion,combined,0,170.56280308791173,1.3907986856688328
2658,euler_ramsey,0.5,2.5% Ramsey,risk_aversion,combined,0,109.4555731842927,1.3971349966750666
2659,euler_ramsey,0.5,1.5% Ramsey,risk_aversion,combined,0,-4.3147919520393785,0.5638613986394926
2659,euler_ramsey,0.5,2.0% Ramsey,risk_aversion,combined,0,1.0552864556191477,0.47145271841288505
2659,euler_ramsey,0.5,2.5% Ramsey,risk_aversion,combined,0,7.260486915552327,0.40591404073162174
2660,euler_ramsey,0.5,1.5% Ramsey,risk_aversion,combined,0,1062.7749336346758,0.653058823140137
2660,euler_ramsey,0.5,2.0% Ramsey,risk_aversion,combined,0,750.0524952988507,0.5652816899126121
2660,euler_ramsey,0.5,2.5% Ramsey,risk_aversion,combined,0,530.2967688034029,0.5000009055118129
2661,euler_ramsey,0.5,1.5% Ramsey,risk_aversion,combined,0,-109.44022937136796,1.3138798804512937
2661,euler_ramsey,0.5,2.0% Ramsey,risk_aversion,combined,0,-77.97332537513327,1.329093949303852
2661,euler_ramsey,0.5,2.5% Ramsey,risk_aversion,combined,0,-48.34166088917546,1.3260798086125627
2662,euler_ramsey,0.5,1.5% Ramsey,risk_aversion,combined,0,1626.6553416000515,0.5966892218702928
2662,euler_ramsey,0.5,2.0% Ramsey,risk_aversion,combined,0,1307.5384704666303,0.5053709812891465
2662,euler_ramsey,0.5,2.5% Ramsey,risk_aversion,combined,0,973.6951100626678,0.4394931381539153
2663,euler_ramsey,0.5,1.5% Ramsey,risk_aversion,combined,0,432.79347062290316,1.6693873617452168
2663,euler_ramsey,0.5,2.0% Ramsey,risk_aversion,combined,0,320.0287506778761,1.7830323158555017
2663,euler_ramsey,0.5,2.5% Ramsey,risk_aversion,combined,0,220.6617011711392,1.8555079493305988
2664,euler_ramsey,0.5,1.5% Ramsey,risk_aversion,combined,0,1401.1177890185952,0.5320736215577824
2664,euler_ramsey,0.5,2.0% Ramsey,risk_aversion,combined,0,941.0964507601997,0.4394311367635364
2664,euler_ramsey,0.5,2.5% Ramsey,risk_aversion,combined,0,659.8550371289443,0.3747918907901009
2665,euler_ramsey,0.5,1.5% Ramsey,risk_aversion,combined,0,1198.7966898685765,0.6087205665375328
2665,euler_ramsey,0.5,2.0% Ramsey,risk_aversion,combined,0,926.2600042588275,0.5180982442292249
2665,euler_ramsey,0.5,2.5% Ramsey,risk_aversion,combined,0,647.0397177125906,0.4522867040839975
2666,euler_ramsey,0.5,1.5% Ramsey,risk_aversion,combined,0,563.6936470908244,0.5708904696314362
2666,euler_ramsey,0.5,2.0% Ramsey,risk_aversion,combined,0,426.9577345909431,0.4783392484260602
2666,euler_ramsey,0.5,2.5% Ramsey,risk_aversion,combined,0,298.96811482557706,0.41249675578272
2667,euler_ramsey,0.5,1.5% Ramsey,risk_aversion,combined,0,-4979.226151842705,0.16825593221852533
2667,euler_ramsey,0.5,2.0% Ramsey,risk_aversion,combined,0,-2372.1958101233386,0.10712229211557939
2667,euler_ramsey,0.5,2.5% Ramsey,risk_aversion,combined,0,-1151.7333177951632,0.07469878415062267
2668,euler_ramsey,0.5,1.5% Ramsey,risk_aversion,combined,0,4615.936159717198,0.3124174247768072
2668,euler_ramsey,0.5,2.0% Ramsey,risk_aversion,combined,0,2196.9573911210564,0.2287069199780623
2668,euler_ramsey,0.5,2.5% Ramsey,risk_aversion,combined,0,1255.4744733816049,0.17767794760021574
2669,euler_ramsey,0.5,1.5% Ramsey,risk_aversion,combined,0,1787.9143016006833,0.4623220367238135
2669,euler_ramsey,0.5,2.0% Ramsey,risk_aversion,combined,0,1106.5686012918964,0.3696696015545483
2669,euler_ramsey,0.5,2.5% Ramsey,risk_aversion,combined,0,709.6364409682377,0.3074774324162996
2670,euler_ramsey,0.5,1.5% Ramsey,risk_aversion,combined,0,644.7688008549553,1.5910000739325
2670,euler_ramsey,0.5,2.0% Ramsey,risk_aversion,combined,0,347.63049553373855,1.6795722056703066
2670,euler_ramsey,0.5,2.5% Ramsey,risk_aversion,combined,0,211.02272977586654,1.731927536161145
2671,euler_ramsey,0.5,1.5% Ramsey,risk_aversion,combined,0,2817.461128191128,0.4527975960878734
2671,euler_ramsey,0.5,2.0% Ramsey,risk_aversion,combined,0,2662.278793422468,0.36067134049130056
2671,euler_ramsey,0.5,2.5% Ramsey,risk_aversion,combined,0,2151.7292604117365,0.29913306000514533
2672,euler_ramsey,0.5,1.5% Ramsey,risk_aversion,combined,0,534.1854502011765,1.096363825337108
2672,euler_ramsey,0.5,2.0% Ramsey,risk_aversion,combined,0,413.5125126066371,1.0651137798672914
2672,euler_ramsey,0.5,2.5% Ramsey,risk_aversion,combined,0,315.05113814678873,1.030060268973395
2673,euler_ramsey,0.5,1.5% Ramsey,risk_aversion,combined,0,2583.370229079754,0.6460298048278891
2673,euler_ramsey,0.5,2.0% Ramsey,risk_aversion,combined,0,2134.4517165909683,0.5580746491173866
2673,euler_ramsey,0.5,2.5% Ramsey,risk_aversion,combined,0,1604.866914063586,0.4929229179736489
2674,euler_ramsey,0.5,1.5% Ramsey,risk_aversion,combined,0,-54.268751447804206,0.8304353076231831
2674,euler_ramsey,0.5,2.0% Ramsey,risk_aversion,combined,0,-28.4734045186278,0.7577161237270174
2674,euler_ramsey,0.5,2.5% Ramsey,risk_aversion,combined,0,-0.5685790307884647,0.6980109870018175
2675,euler_ramsey,0.5,1.5% Ramsey,risk_aversion,combined,0,247.61988829461936,1.8169289314058195
2675,euler_ramsey,0.5,2.0% Ramsey,risk_aversion,combined,0,184.08519933104034,1.9778373751693517
2675,euler_ramsey,0.5,2.5% Ramsey,risk_aversion,combined,0,135.64917449721443,2.088668209692255
2676,euler_ramsey,0.5,1.5% Ramsey,risk_aversion,combined,0,-48.29133402221762,1.0327606389803685
2676,euler_ramsey,0.5,2.0% Ramsey,risk_aversion,combined,0,-16.20143033758975,0.9904961591533636
2676,euler_ramsey,0.5,2.5% Ramsey,risk_aversion,combined,0,1.2086777449429202,0.9483616455859993
2677,euler_ramsey,0.5,1.5% Ramsey,risk_aversion,combined,0,9290.884792187087,0.44583382007110817
2677,euler_ramsey,0.5,2.0% Ramsey,risk_aversion,combined,0,7387.288987655337,0.3539865646525444
2677,euler_ramsey,0.5,2.5% Ramsey,risk_aversion,combined,0,5079.688474055882,0.2928682617409946
2678,euler_ramsey,0.5,1.5% Ramsey,risk_aversion,combined,0,684.9550541099217,0.3841542582647722
2678,euler_ramsey,0.5,2.0% Ramsey,risk_aversion,combined,0,655.0289120611989,0.29454640566445595
2678,euler_ramsey,0.5,2.5% Ramsey,risk_aversion,combined,0,541.4874516451231,0.23716218818721418
2679,euler_ramsey,0.5,1.5% Ramsey,risk_aversion,combined,0,520.9536989942511,0.7766994649504427
2679,euler_ramsey,0.5,2.0% Ramsey,risk_aversion,combined,0,388.2734361550322,0.6980948176832079
2679,euler_ramsey,0.5,2.5% Ramsey,risk_aversion,combined,0,261.4637106562649,0.635639042249802
2680,euler_ramsey,0.5,1.5% Ramsey,risk_aversion,combined,0,816.4868420074945,0.5458660320428956
2680,euler_ramsey,0.5,2.0% Ramsey,risk_aversion,combined,0,665.7903446060398,0.45339174818928
2680,euler_ramsey,0.5,2.5% Ramsey,risk_aversion,combined,0,514.966240779179,0.38839781263386697
2681,euler_ramsey,0.5,1.5% Ramsey,risk_aversion,combined,0,1567.0428372585957,0.8735140783892341
2681,euler_ramsey,0.5,2.0% Ramsey,risk_aversion,combined,0,1253.4150472583392,0.8066049234223627
2681,euler_ramsey,0.5,2.5% Ramsey,risk_aversion,combined,0,914.1404349020987,0.750043495425026
2682,euler_ramsey,0.5,1.5% Ramsey,risk_aversion,combined,0,1243.4703510218667,0.6968260643476386
2682,euler_ramsey,0.5,2.0% Ramsey,risk_aversion,combined,0,708.609861221744,0.6111937759787602
2682,euler_ramsey,0.5,2.5% Ramsey,risk_aversion,combined,0,410.76186606701214,0.5460949983542517
2683,euler_ramsey,0.5,1.5% Ramsey,risk_aversion,combined,0,624.1878936148007,1.0981598722318044
2683,euler_ramsey,0.5,2.0% Ramsey,risk_aversion,combined,0,467.1039686040944,1.066603434977216
2683,euler_ramsey,0.5,2.5% Ramsey,risk_aversion,combined,0,320.4224968238054,1.031195604911257
2684,euler_ramsey,0.5,1.5% Ramsey,risk_aversion,combined,0,545.1509945375789,1.9815897175780404
2684,euler_ramsey,0.5,2.0% Ramsey,risk_aversion,combined,0,409.7181407960736,2.199757148464007
2684,euler_ramsey,0.5,2.5% Ramsey,risk_aversion,combined,0,292.43799650049124,2.3585554942313807
2685,euler_ramsey,0.5,1.5% Ramsey,risk_aversion,combined,0,1419.0259259959473,0.3823085557668005
2685,euler_ramsey,0.5,2.0% Ramsey,risk_aversion,combined,0,911.7590190146569,0.29278435281249793
2685,euler_ramsey,0.5,2.5% Ramsey,risk_aversion,combined,0,573.9202315408455,0.23552755861566552
2686,euler_ramsey,0.5,1.5% Ramsey,risk_aversion,combined,0,426.686385435038,1.4035989783621012
2686,euler_ramsey,0.5,2.0% Ramsey,risk_aversion,combined,0,304.2357743198273,1.441968500334007
2686,euler_ramsey,0.5,2.5% Ramsey,risk_aversion,combined,0,218.22430144571146,1.4561965847942373
2687,euler_ramsey,0.5,1.5% Ramsey,risk_aversion,combined,0,1169.7170680878648,0.8553140436089111
2687,euler_ramsey,0.5,2.0% Ramsey,risk_aversion,combined,0,893.4232596458417,0.7859266915791348
2687,euler_ramsey,0.5,2.5% Ramsey,risk_aversion,combined,0,606.415970659971,0.7280251989575021
2688,euler_ramsey,0.5,1.5% Ramsey,risk_aversion,combined,0,-283.4616939582167,0.9019849280209881
2688,euler_ramsey,0.5,2.0% Ramsey,risk_aversion,combined,0,-199.49519531486874,0.8383428316117228
2688,euler_ramsey,0.5,2.5% Ramsey,risk_aversion,combined,0,-124.93351317455027,0.7833876585251994
2689,euler_ramsey,0.5,1.5% Ramsey,risk_aversion,combined,0,376.5425708238612,0.7268194310675624
2689,euler_ramsey,0.5,2.0% Ramsey,risk_aversion,combined,0,314.2186644241989,0.6431487221645049
2689,euler_ramsey,0.5,2.5% Ramsey,risk_aversion,combined,0,238.5551273918892,0.57855883453776
2690,euler_ramsey,0.5,1.5% Ramsey,risk_aversion,combined,0,2465.188475976396,0.8755781642964076
2690,euler_ramsey,0.5,2.0% Ramsey,risk_aversion,combined,0,2058.0284457587,0.8094381909100177
2690,euler_ramsey,0.5,2.5% Ramsey,risk_aversion,combined,0,1511.1205348587202,0.7533400993487881
2691,euler_ramsey,0.5,1.5% Ramsey,risk_aversion,combined,0,289.4505280342945,1.1689852251767987
2691,euler_ramsey,0.5,2.0% Ramsey,risk_aversion,combined,0,267.3284091702398,1.1523851442053052
2691,euler_ramsey,0.5,2.5% Ramsey,risk_aversion,combined,0,227.2476946638676,1.1271084681123205
2692,euler_ramsey,0.5,1.5% Ramsey,risk_aversion,combined,0,522.1221098480256,0.8197165962084697
2692,euler_ramsey,0.5,2.0% Ramsey,risk_aversion,combined,0,391.5815703670053,0.7470988122938832
2692,euler_ramsey,0.5,2.5% Ramsey,risk_aversion,combined,0,286.9689436294791,0.6877301256455847
2693,euler_ramsey,0.5,1.5% Ramsey,risk_aversion,combined,0,493.7695813022587,0.9409997310846532
2693,euler_ramsey,0.5,2.0% Ramsey,risk_aversion,combined,0,364.3188763227044,0.8828111031672601
2693,euler_ramsey,0.5,2.5% Ramsey,risk_aversion,combined,0,276.2203900068995,0.8309279863866794
2694,euler_ramsey,0.5,1.5% Ramsey,risk_aversion,combined,0,372.5154806995736,1.641928121233237
2694,euler_ramsey,0.5,2.0% Ramsey,risk_aversion,combined,0,255.17608137258247,1.7467416694477378
2694,euler_ramsey,0.5,2.5% Ramsey,risk_aversion,combined,0,171.1697610318559,1.8120746881113965
2695,euler_ramsey,0.5,1.5% Ramsey,risk_aversion,combined,0,138.81124723055223,0.8144679290897803
2695,euler_ramsey,0.5,2.0% Ramsey,risk_aversion,combined,0,110.92845541575238,0.7397364157082865
2695,euler_ramsey,0.5,2.5% Ramsey,risk_aversion,combined,0,82.78203390808389,0.679045592797812
2696,euler_ramsey,0.5,1.5% Ramsey,risk_aversion,combined,0,880.7841797140403,1.2644923816843903
2696,euler_ramsey,0.5,2.0% Ramsey,risk_aversion,combined,0,724.5612483429995,1.2696018948363499
2696,euler_ramsey,0.5,2.5% Ramsey,risk_aversion,combined,0,573.193320592743,1.2595840051453846
2697,euler_ramsey,0.5,1.5% Ramsey,risk_aversion,combined,0,-1688.2330450636584,0.49152803869101
2697,euler_ramsey,0.5,2.0% Ramsey,risk_aversion,combined,0,-966.2645498953947,0.39864565862119794
2697,euler_ramsey,0.5,2.5% Ramsey,risk_aversion,combined,0,-592.5131621206691,0.3352426277175432
2698,euler_ramsey,0.5,1.5% Ramsey,risk_aversion,combined,0,514.2541327336378,1.076892098833913
2698,euler_ramsey,0.5,2.0% Ramsey,risk_aversion,combined,0,418.6648877296157,1.042794537509135
2698,euler_ramsey,0.5,2.5% Ramsey,risk_aversion,combined,0,316.62632339833584,1.0059683946683933
2699,euler_ramsey,0.5,1.5% Ramsey,risk_aversion,combined,0,-519.2645168984992,0.48236052274324964
2699,euler_ramsey,0.5,2.0% Ramsey,risk_aversion,combined,0,-359.26212095923063,0.38955536029531945
2699,euler_ramsey,0.5,2.5% Ramsey,risk_aversion,combined,0,-233.43645910954137,0.32652695326468095
2700,euler_ramsey,0.5,1.5% Ramsey,risk_aversion,combined,0,829.3811423509094,0.9055076732231823
2700,euler_ramsey,0.5,2.0% Ramsey,risk_aversion,combined,0,545.8038375462959,0.8416431769717743
2700,euler_ramsey,0.5,2.5% Ramsey,risk_aversion,combined,0,325.0627560382537,0.7864315022990414
2701,euler_ramsey,0.5,1.5% Ramsey,risk_aversion,combined,0,386.82553022554316,2.272318668341717
2701,euler_ramsey,0.5,2.0% Ramsey,risk_aversion,combined,0,331.6029610927604,2.6012746256519454
2701,euler_ramsey,0.5,2.5% Ramsey,risk_aversion,combined,0,263.2091404869151,2.856142976365952
2702,euler_ramsey,0.5,1.5% Ramsey,risk_aversion,combined,0,392.4232755586787,1.7060370364609703
2702,euler_ramsey,0.5,2.0% Ramsey,risk_aversion,combined,0,310.7192214610045,1.8310114980280483
2702,euler_ramsey,0.5,2.5% Ramsey,risk_aversion,combined,0,234.62504916460628,1.9125795589497765
2703,euler_ramsey,0.5,1.5% Ramsey,risk_aversion,combined,0,-2270.83595459276,0.42411702364131665
2703,euler_ramsey,0.5,2.0% Ramsey,risk_aversion,combined,0,-1781.1725137822466,0.3326232681382248
2703,euler_ramsey,0.5,2.5% Ramsey,risk_aversion,combined,0,-1254.8672396192562,0.27254767492369625
2704,euler_ramsey,0.5,1.5% Ramsey,risk_aversion,combined,0,2851.715223106646,0.2785721512558803
2704,euler_ramsey,0.5,2.0% Ramsey,risk_aversion,combined,0,1606.5196117572157,0.19880305888007022
2704,euler_ramsey,0.5,2.5% Ramsey,risk_aversion,combined,0,1002.6400578639519,0.15143873431968907
2705,euler_ramsey,0.5,1.5% Ramsey,risk_aversion,combined,0,706.5271189784577,0.39133217758650335
2705,euler_ramsey,0.5,2.0% Ramsey,risk_aversion,combined,0,570.5966898970491,0.30126036826165514
2705,euler_ramsey,0.5,2.5% Ramsey,risk_aversion,combined,0,427.84697545967316,0.24332241253553694
2706,euler_ramsey,0.5,1.5% Ramsey,risk_aversion,combined,0,237.96771782489554,0.8893224200144882
2706,euler_ramsey,0.5,2.0% Ramsey,risk_aversion,combined,0,233.35899193959605,0.8237122670853251
2706,euler_ramsey,0.5,2.5% Ramsey,risk_aversion,combined,0,209.1619692124916,0.7677019728057756
2707,euler_ramsey,0.5,1.5% Ramsey,risk_aversion,combined,0,376.49390565687764,1.3307396913426361
2707,euler_ramsey,0.5,2.0% Ramsey,risk_aversion,combined,0,324.8873382623917,1.3499327471188516
2707,euler_ramsey,0.5,2.5% Ramsey,risk_aversion,combined,0,252.02800950837909,1.349939624175408
2708,euler_ramsey,0.5,1.5% Ramsey,risk_aversion,combined,0,836.0658424967156,1.1215698012581194
2708,euler_ramsey,0.5,2.0% Ramsey,risk_aversion,combined,0,671.4080735342573,1.0959569842902965
2708,euler_ramsey,0.5,2.5% Ramsey,risk_aversion,combined,0,484.966335253664,1.0647085793070545
2709,euler_ramsey,0.5,1.5% Ramsey,risk_aversion,combined,0,978.2766806969223,0.7442384197432641
2709,euler_ramsey,0.5,2.0% Ramsey,risk_aversion,combined,0,727.7225364454877,0.6631128276138861
2709,euler_ramsey,0.5,2.5% Ramsey,risk_aversion,combined,0,522.0000567243001,0.599793355707612
2710,euler_ramsey,0.5,1.5% Ramsey,risk_aversion,combined,0,873.8713742840165,0.34852775711265077
2710,euler_ramsey,0.5,2.0% Ramsey,risk_aversion,combined,0,504.9879524306199,0.26137475316189107
2710,euler_ramsey,0.5,2.5% Ramsey,risk_aversion,combined,0,311.16308741676573,0.20687347502374362
2711,euler_ramsey,0.5,1.5% Ramsey,risk_aversion,combined,0,483.30741019518416,0.7112192469846301
2711,euler_ramsey,0.5,2.0% Ramsey,risk_aversion,combined,0,456.8844954048106,0.6266445029013892
2711,euler_ramsey,0.5,2.5% Ramsey,risk_aversion,combined,0,371.2621064789255,0.5618937129157289
2712,euler_ramsey,0.5,1.5% Ramsey,risk_aversion,combined,0,437.48738045468446,0.32027954198076114
2712,euler_ramsey,0.5,2.0% Ramsey,risk_aversion,combined,0,224.86862609409286,0.23565135837389664
2712,euler_ramsey,0.5,2.5% Ramsey,risk_aversion,combined,0,118.36706925980673,0.183779356186607
2713,euler_ramsey,0.5,1.5% Ramsey,risk_aversion,combined,0,68.01018800172163,0.7446784284263098
2713,euler_ramsey,0.5,2.0% Ramsey,risk_aversion,combined,0,48.80563220058998,0.6626482248927826
2713,euler_ramsey,0.5,2.5% Ramsey,risk_aversion,combined,0,33.907524528713736,0.5986916656808381
2714,euler_ramsey,0.5,1.5% Ramsey,risk_aversion,combined,0,480.29755291256566,2.1112234304553357
2714,euler_ramsey,0.5,2.0% Ramsey,risk_aversion,combined,0,386.74912527067386,2.3784000683745763
2714,euler_ramsey,0.5,2.5% Ramsey,risk_aversion,combined,0,296.33482707590014,2.579444295873894
2715,euler_ramsey,0.5,1.5% Ramsey,risk_aversion,combined,0,462.4753142586105,3.032842472359117
2715,euler_ramsey,0.5,2.0% Ramsey,risk_aversion,combined,0,402.2086104519978,3.7064511873300465
2715,euler_ramsey,0.5,2.5% Ramsey,risk_aversion,combined,0,328.96422693969953,4.280910049889066
2716,euler_ramsey,0.5,1.5% Ramsey,risk_aversion,combined,0,392.1855300615249,1.3498922674612535
2716,euler_ramsey,0.5,2.0% Ramsey,risk_aversion,combined,0,323.77157733111477,1.3737661275857393
2716,euler_ramsey,0.5,2.5% Ramsey,risk_aversion,combined,0,244.6305431169378,1.3770918480474128
2717,euler_ramsey,0.5,1.5% Ramsey,risk_aversion,combined,0,62.72267938902069,0.47641048661276547
2717,euler_ramsey,0.5,2.0% Ramsey,risk_aversion,combined,0,21.424093258435967,0.3832923246898231
2717,euler_ramsey,0.5,2.5% Ramsey,risk_aversion,combined,0,-5.778371965274118,0.32031282106988185
2718,euler_ramsey,0.5,1.5% Ramsey,risk_aversion,combined,0,117.02449982735561,1.967890771990012
2718,euler_ramsey,0.5,2.0% Ramsey,risk_aversion,combined,0,74.45990046594834,2.1807622981418535
2718,euler_ramsey,0.5,2.5% Ramsey,risk_aversion,combined,0,48.7175169003988,2.3348356033092608
2719,euler_ramsey,0.5,1.5% Ramsey,risk_aversion,combined,0,937.0023335513926,0.9465337536796434
2719,euler_ramsey,0.5,2.0% Ramsey,risk_aversion,combined,0,752.2483931288343,0.8898525925598487
2719,euler_ramsey,0.5,2.5% Ramsey,risk_aversion,combined,0,568.5913184622052,0.8390003518923154
2720,euler_ramsey,0.5,1.5% Ramsey,risk_aversion,combined,0,561.116760952309,1.3034623354367918
2720,euler_ramsey,0.5,2.0% Ramsey,risk_aversion,combined,0,426.8031240112029,1.3171748065131967
2720,euler_ramsey,0.5,2.5% Ramsey,risk_aversion,combined,0,311.30363162560434,1.3133057643603763
2721,euler_ramsey,0.5,1.5% Ramsey,risk_aversion,combined,0,630.3383432789742,1.2013131053000006
2721,euler_ramsey,0.5,2.0% Ramsey,risk_aversion,combined,0,568.5234524971225,1.1916864380607954
2721,euler_ramsey,0.5,2.5% Ramsey,risk_aversion,combined,0,455.4827014413672,1.1712159088547094
2722,euler_ramsey,0.5,1.5% Ramsey,risk_aversion,combined,0,406.8805780469254,0.9146930021097717
2722,euler_ramsey,0.5,2.0% Ramsey,risk_aversion,combined,0,242.2912751086406,0.8528138034632115
2722,euler_ramsey,0.5,2.5% Ramsey,risk_aversion,combined,0,159.89872590485172,0.7988643667628762
2723,euler_ramsey,0.5,1.5% Ramsey,risk_aversion,combined,0,214.58423764569008,1.7399608671190039
2723,euler_ramsey,0.5,2.0% Ramsey,risk_aversion,combined,0,133.18757800183323,1.8755889421132113
2723,euler_ramsey,0.5,2.5% Ramsey,risk_aversion,combined,0,85.96568557252425,1.9657435460554689
2724,euler_ramsey,0.5,1.5% Ramsey,risk_aversion,combined,0,225.46540483423706,2.1164691026817812
2724,euler_ramsey,0.5,2.0% Ramsey,risk_aversion,combined,0,142.9267495761726,2.3841593388592957
2724,euler_ramsey,0.5,2.5% Ramsey,risk_aversion,combined,0,96.3948864676981,2.585282439515298
2725,euler_ramsey,0.5,1.5% Ramsey,risk_aversion,combined,0,810.8278227425278,0.7221887649270105
2725,euler_ramsey,0.5,2.0% Ramsey,risk_aversion,combined,0,631.3181966979947,0.6396259543722556
2725,euler_ramsey,0.5,2.5% Ramsey,risk_aversion,combined,0,453.8905284551189,0.5758991183439801
2726,euler_ramsey,0.5,1.5% Ramsey,risk_aversion,combined,0,-6.545702886821654,0.2974531994359846
2726,euler_ramsey,0.5,2.0% Ramsey,risk_aversion,combined,0,80.8381522079133,0.21526870926051195
2726,euler_ramsey,0.5,2.5% Ramsey,risk_aversion,combined,0,101.61017364126404,0.16575333178058732
2727,euler_ramsey,0.5,1.5% Ramsey,risk_aversion,combined,0,728.0033310453741,1.4132702791634795
2727,euler_ramsey,0.5,2.0% Ramsey,risk_aversion,combined,0,583.5251951984188,1.453772464145538
2727,euler_ramsey,0.5,2.5% Ramsey,risk_aversion,combined,0,429.028020636449,1.4694742838609758
2728,euler_ramsey,0.5,1.5% Ramsey,risk_aversion,combined,0,5695.03724945766,0.13528652374004438
2728,euler_ramsey,0.5,2.0% Ramsey,risk_aversion,combined,0,4781.773083018912,0.08213938111880435
2728,euler_ramsey,0.5,2.5% Ramsey,risk_aversion,combined,0,3571.7050878806044,0.05522152760507237
2729,euler_ramsey,0.5,1.5% Ramsey,risk_aversion,combined,0,1336.7663927385377,0.3982326131041838
2729,euler_ramsey,0.5,2.0% Ramsey,risk_aversion,combined,0,1226.5863184450322,0.30808393591350425
2729,euler_ramsey,0.5,2.5% Ramsey,risk_aversion,combined,0,972.8917362559966,0.24980580553605836
2730,euler_ramsey,0.5,1.5% Ramsey,risk_aversion,combined,0,361.1916983230199,0.4923565818780838
2730,euler_ramsey,0.5,2.0% Ramsey,risk_aversion,combined,0,300.5998731967625,0.39919059422615744
2730,euler_ramsey,0.5,2.5% Ramsey,risk_aversion,combined,0,241.9472719346006,0.3356098506528996
2731,euler_ramsey,0.5,1.5% Ramsey,risk_aversion,combined,0,368.84115487294645,1.5456154005911473
2731,euler_ramsey,0.5,2.0% Ramsey,risk_aversion,combined,0,252.28714193185897,1.6226040472084022
2731,euler_ramsey,0.5,2.5% Ramsey,risk_aversion,combined,0,172.51988218917836,1.6662158101643456
2732,euler_ramsey,0.5,1.5% Ramsey,risk_aversion,combined,0,961.9687309855002,0.1323447765314567
2732,euler_ramsey,0.5,2.0% Ramsey,risk_aversion,combined,0,684.997943842206,0.07982778826102918
2732,euler_ramsey,0.5,2.5% Ramsey,risk_aversion,combined,0,498.59750151749756,0.05338728539458734
2733,euler_ramsey,0.5,1.5% Ramsey,risk_aversion,combined,0,549.4930281057602,1.6840320287995452
2733,euler_ramsey,0.5,2.0% Ramsey,risk_aversion,combined,0,408.7983832615103,1.802319252659404
2733,euler_ramsey,0.5,2.5% Ramsey,risk_aversion,combined,0,287.56438302731357,1.8785636247210906
2734,euler_ramsey,0.5,1.5% Ramsey,risk_aversion,combined,0,-147.26291594120022,0.3893415053473884
2734,euler_ramsey,0.5,2.0% Ramsey,risk_aversion,combined,0,-119.68171809761776,0.2994574856730478
2734,euler_ramsey,0.5,2.5% Ramsey,risk_aversion,combined,0,-59.9787298045667,0.24170205298037706
2735,euler_ramsey,0.5,1.5% Ramsey,risk_aversion,combined,0,1353.9527354442273,0.3791059071403034
2735,euler_ramsey,0.5,2.0% Ramsey,risk_aversion,combined,0,1165.9634621134064,0.2899020134403412
2735,euler_ramsey,0.5,2.5% Ramsey,risk_aversion,combined,0,868.2607794845271,0.23294823154128572
2736,euler_ramsey,0.5,1.5% Ramsey,risk_aversion,combined,0,833.1674654370677,0.571569118302445
2736,euler_ramsey,0.5,2.0% Ramsey,risk_aversion,combined,0,655.8458779636095,0.4794120826132974
2736,euler_ramsey,0.5,2.5% Ramsey,risk_aversion,combined,0,501.2504230570733,0.4137875981451597
2737,euler_ramsey,0.5,1.5% Ramsey,risk_aversion,combined,0,1067.9811131471283,1.0923116268658255
2737,euler_ramsey,0.5,2.0% Ramsey,risk_aversion,combined,0,847.0657909294329,1.0608515245616281
2737,euler_ramsey,0.5,2.5% Ramsey,risk_aversion,combined,0,611.0932748694984,1.02572981905874
2738,euler_ramsey,0.5,1.5% Ramsey,risk_aversion,combined,0,44.48936428812238,1.8648729162360138
2738,euler_ramsey,0.5,2.0% Ramsey,risk_aversion,combined,0,32.49875258270616,2.041886305703113
2738,euler_ramsey,0.5,2.5% Ramsey,risk_aversion,combined,0,25.43506526825549,2.165964291086019
2739,euler_ramsey,0.5,1.5% Ramsey,risk_aversion,combined,0,727.6546561074432,0.7119352280950514
2739,euler_ramsey,0.5,2.0% Ramsey,risk_aversion,combined,0,660.432301040328,0.6274739692128135
2739,euler_ramsey,0.5,2.5% Ramsey,risk_aversion,combined,0,523.6384421287435,0.5627485326936027
2740,euler_ramsey,0.5,1.5% Ramsey,risk_aversion,combined,0,9651.894873309664,0.6163086283551683
2740,euler_ramsey,0.5,2.0% Ramsey,risk_aversion,combined,0,8243.707598461748,0.5285122416556826
2740,euler_ramsey,0.5,2.5% Ramsey,risk_aversion,combined,0,6073.83149718436,0.4642746271832434
2741,euler_ramsey,0.5,1.5% Ramsey,risk_aversion,combined,0,882.0131098857709,0.7843817930109189
2741,euler_ramsey,0.5,2.0% Ramsey,risk_aversion,combined,0,553.2916830070241,0.7065905154387621
2741,euler_ramsey,0.5,2.5% Ramsey,risk_aversion,combined,0,362.61700171810395,0.6445021850373588
2742,euler_ramsey,0.5,1.5% Ramsey,risk_aversion,combined,0,260.0314267524248,0.6253966470402158
2742,euler_ramsey,0.5,2.0% Ramsey,risk_aversion,combined,0,127.86157321521894,0.5349719102799063
2742,euler_ramsey,0.5,2.5% Ramsey,risk_aversion,combined,0,67.85182313621767,0.468796032730178
2743,euler_ramsey,0.5,1.5% Ramsey,risk_aversion,combined,0,532.3248973308116,1.0578615457307137
2743,euler_ramsey,0.5,2.0% Ramsey,risk_aversion,combined,0,332.82465857325514,1.018726059367719
2743,euler_ramsey,0.5,2.5% Ramsey,risk_aversion,combined,0,218.12833039377446,0.9784110202012971
2744,euler_ramsey,0.5,1.5% Ramsey,risk_aversion,combined,0,1783.1730393311213,0.9386497434082429
2744,euler_ramsey,0.5,2.0% Ramsey,risk_aversion,combined,0,1303.2486967817827,0.8812329401451301
2744,euler_ramsey,0.5,2.5% Ramsey,risk_aversion,combined,0,862.0823917351197,0.8300157836821122
2745,euler_ramsey,0.5,1.5% Ramsey,risk_aversion,combined,0,87.45438587238287,1.0071347717497416
2745,euler_ramsey,0.5,2.0% Ramsey,risk_aversion,combined,0,60.21059511956812,0.9601842339079778
2745,euler_ramsey,0.5,2.5% Ramsey,risk_aversion,combined,0,39.742738820074116,0.9151709025237033
2746,euler_ramsey,0.5,1.5% Ramsey,risk_aversion,combined,0,4228.04686711624,0.4144361061233085
2746,euler_ramsey,0.5,2.0% Ramsey,risk_aversion,combined,0,2725.187578412034,0.3237342212877831
2746,euler_ramsey,0.5,2.5% Ramsey,risk_aversion,combined,0,1772.0742220099808,0.26448453584322584
2747,euler_ramsey,0.5,1.5% Ramsey,risk_aversion,combined,0,82.60742291038682,0.6385033231366614
2747,euler_ramsey,0.5,2.0% Ramsey,risk_aversion,combined,0,90.38887019270018,0.5491363521374296
2747,euler_ramsey,0.5,2.5% Ramsey,risk_aversion,combined,0,84.0057988255301,0.48323637844022255
2748,euler_ramsey,0.5,1.5% Ramsey,risk_aversion,combined,0,534.6912042323113,0.9166134497510284
2748,euler_ramsey,0.5,2.0% Ramsey,risk_aversion,combined,0,401.90529489752583,0.8548547427730708
2748,euler_ramsey,0.5,2.5% Ramsey,risk_aversion,combined,0,281.86185792361664,0.8009436562250518
2749,euler_ramsey,0.5,1.5% Ramsey,risk_aversion,combined,0,-74.94019905577967,1.794874420539822
2749,euler_ramsey,0.5,2.0% Ramsey,risk_aversion,combined,0,-64.58561501911552,1.9486312635357603
2749,euler_ramsey,0.5,2.5% Ramsey,risk_aversion,combined,0,-47.56878723268644,2.0534977383005497
2750,euler_ramsey,0.5,1.5% Ramsey,risk_aversion,combined,0,460.0042023406304,0.7530623406772055
2750,euler_ramsey,0.5,2.0% Ramsey,risk_aversion,combined,0,351.0811101763584,0.6726317147150083
2750,euler_ramsey,0.5,2.5% Ramsey,risk_aversion,combined,0,252.93860985945605,0.6095272744620472
2751,euler_ramsey,0.5,1.5% Ramsey,risk_aversion,combined,0,219.3102004354568,2.0626864447916846
2751,euler_ramsey,0.5,2.0% Ramsey,risk_aversion,combined,0,174.86188665432448,2.3101712925243554
2751,euler_ramsey,0.5,2.5% Ramsey,risk_aversion,combined,0,133.56471420320676,2.4938540426126803
2752,euler_ramsey,0.5,1.5% Ramsey,risk_aversion,combined,0,1053.308355419046,0.3935270386949721
2752,euler_ramsey,0.5,2.0% Ramsey,risk_aversion,combined,0,549.2937403477822,0.3032676924736064
2752,euler_ramsey,0.5,2.5% Ramsey,risk_aversion,combined,0,287.31833313525357,0.24513668422815607
2753,euler_ramsey,0.5,1.5% Ramsey,risk_aversion,combined,0,287.09331658752706,1.309672167650946
2753,euler_ramsey,0.5,2.0% Ramsey,risk_aversion,combined,0,197.9292953321304,1.3244633690427656
2753,euler_ramsey,0.5,2.5% Ramsey,risk_aversion,combined,0,146.82558646511472,1.3212159989269887
2754,euler_ramsey,0.5,1.5% Ramsey,risk_aversion,combined,0,1676.1095720822298,0.8008528742115503
2754,euler_ramsey,0.5,2.0% Ramsey,risk_aversion,combined,0,1340.1557189616033,0.7247452679166833
2754,euler_ramsey,0.5,2.5% Ramsey,risk_aversion,combined,0,934.4398234666605,0.6634156565391272
2755,euler_ramsey,0.5,1.5% Ramsey,risk_aversion,combined,0,1252.1114173400158,0.66190357811204
2755,euler_ramsey,0.5,2.0% Ramsey,risk_aversion,combined,0,856.4131684577173,0.573650702551984
2755,euler_ramsey,0.5,2.5% Ramsey,risk_aversion,combined,0,572.349009823287,0.5078127268616514
2756,euler_ramsey,0.5,1.5% Ramsey,risk_aversion,combined,0,307.1919020200829,1.997181767441971
2756,euler_ramsey,0.5,2.0% Ramsey,risk_aversion,combined,0,250.1920772168974,2.2206873077236753
2756,euler_ramsey,0.5,2.5% Ramsey,risk_aversion,combined,0,190.12646755340884,2.383932945643786
2757,euler_ramsey,0.5,1.5% Ramsey,risk_aversion,combined,0,2189.4683159785714,0.6408068410334786
2757,euler_ramsey,0.5,2.0% Ramsey,risk_aversion,combined,0,1538.7211230049306,0.5528068533200803
2757,euler_ramsey,0.5,2.5% Ramsey,risk_aversion,combined,0,1056.354369074785,0.4877865496932395
2758,euler_ramsey,0.5,1.5% Ramsey,risk_aversion,combined,0,971.195970106964,0.9612633076652309
2758,euler_ramsey,0.5,2.0% Ramsey,risk_aversion,combined,0,998.5700092985476,0.9061584835651136
2758,euler_ramsey,0.5,2.5% Ramsey,risk_aversion,combined,0,839.0978541156877,0.8560651519706272
2759,euler_ramsey,0.5,1.5% Ramsey,risk_aversion,combined,0,425.9668418415102,2.1042604697739447
2759,euler_ramsey,0.5,2.0% Ramsey,risk_aversion,combined,0,310.19510389052954,2.367728063965054
2759,euler_ramsey,0.5,2.5% Ramsey,risk_aversion,combined,0,219.7515298105348,2.5652600993051466
2760,euler_ramsey,0.5,1.5% Ramsey,risk_aversion,combined,0,162.02145130640528,1.3870111475435538
2760,euler_ramsey,0.5,2.0% Ramsey,risk_aversion,combined,0,120.68511493695156,1.4209983009312923
2760,euler_ramsey,0.5,2.5% Ramsey,risk_aversion,combined,0,90.21936479420329,1.4318856576891745
2761,euler_ramsey,0.5,1.5% Ramsey,risk_aversion,combined,0,438.8685295648272,0.7667020539055859
2761,euler_ramsey,0.5,2.0% Ramsey,risk_aversion,combined,0,408.12819137291325,0.6866839022926984
2761,euler_ramsey,0.5,2.5% Ramsey,risk_aversion,combined,0,340.7441729182133,0.6235277804826274
2762,euler_ramsey,0.5,1.5% Ramsey,risk_aversion,combined,0,-199.90413410046156,1.3130416049379694
2762,euler_ramsey,0.5,2.0% Ramsey,risk_aversion,combined,0,-135.00547239250096,1.3285106179982433
2762,euler_ramsey,0.5,2.5% Ramsey,risk_aversion,combined,0,-74.54134483027913,1.325781416113188
2763,euler_ramsey,0.5,1.5% Ramsey,risk_aversion,combined,0,876.0282438537412,1.0242057471270054
2763,euler_ramsey,0.5,2.0% Ramsey,risk_aversion,combined,0,557.0175458621213,0.9805126303855779
2763,euler_ramsey,0.5,2.5% Ramsey,risk_aversion,combined,0,367.1476981370538,0.9376537783808682
2764,euler_ramsey,0.5,1.5% Ramsey,risk_aversion,combined,0,639.067027070818,0.5211758488566515
2764,euler_ramsey,0.5,2.0% Ramsey,risk_aversion,combined,0,491.168516033324,0.42793051231228163
2764,euler_ramsey,0.5,2.5% Ramsey,risk_aversion,combined,0,347.26553671624134,0.3633007127097051
2765,euler_ramsey,0.5,1.5% Ramsey,risk_aversion,combined,0,-705.4452779135626,0.7771723740690338
2765,euler_ramsey,0.5,2.0% Ramsey,risk_aversion,combined,0,-697.836678849745,0.6982166524723997
2765,euler_ramsey,0.5,2.5% Ramsey,risk_aversion,combined,0,-567.3228362839404,0.6354919972697862
2766,euler_ramsey,0.5,1.5% Ramsey,risk_aversion,combined,0,12367.472916790706,0.14814679405157685
2766,euler_ramsey,0.5,2.0% Ramsey,risk_aversion,combined,0,5245.8087832799,0.09196333197711258
2766,euler_ramsey,0.5,2.5% Ramsey,risk_aversion,combined,0,2941.198392957095,0.06290514801191265
2767,euler_ramsey,0.5,1.5% Ramsey,risk_aversion,combined,0,-401.7716265816377,0.6791471608783325
2767,euler_ramsey,0.5,2.0% Ramsey,risk_aversion,combined,0,-217.67037207263493,0.591860563780066
2767,euler_ramsey,0.5,2.5% Ramsey,risk_aversion,combined,0,-130.2985110618843,0.5261598479686819
2768,euler_ramsey,0.5,1.5% Ramsey,risk_aversion,combined,0,1447.0804586095635,0.605365692418811
2768,euler_ramsey,0.5,2.0% Ramsey,risk_aversion,combined,0,1063.1393450487672,0.5145633491326129
2768,euler_ramsey,0.5,2.5% Ramsey,risk_aversion,combined,0,716.230212237717,0.4487419707939343
2769,euler_ramsey,0.5,1.5% Ramsey,risk_aversion,combined,0,175.42423723366338,0.4211425250390476
2769,euler_ramsey,0.5,2.0% Ramsey,risk_aversion,combined,0,117.27463746767039,0.32953640748522617
2769,euler_ramsey,0.5,2.5% Ramsey,risk_aversion,combined,0,83.24960643862525,0.26953081682751556
2770,euler_ramsey,0.5,1.5% Ramsey,risk_aversion,combined,0,555.4329180680173,1.9792859624250605
2770,euler_ramsey,0.5,2.0% Ramsey,risk_aversion,combined,0,474.2868564857808,2.197269358581719
2770,euler_ramsey,0.5,2.5% Ramsey,risk_aversion,combined,0,383.84542170786165,2.356050014171018
2771,euler_ramsey,0.5,1.5% Ramsey,risk_aversion,combined,0,542.5856839544174,2.0214896636906636
2771,euler_ramsey,0.5,2.0% Ramsey,risk_aversion,combined,0,383.74134055687034,2.254439558352856
2771,euler_ramsey,0.5,2.5% Ramsey,risk_aversion,combined,0,265.019012185431,2.4259403135868443
2772,euler_ramsey,0.5,1.5% Ramsey,risk_aversion,combined,0,359.73436538902155,1.2394691067346641
2772,euler_ramsey,0.5,2.0% Ramsey,risk_aversion,combined,0,285.49745265520903,1.2379573524610938
2772,euler_ramsey,0.5,2.5% Ramsey,risk_aversion,combined,0,224.28404234078334,1.2230911363884773
2773,euler_ramsey,0.5,1.5% Ramsey,risk_aversion,combined,0,2319.6189399820178,0.12769298343599902
2773,euler_ramsey,0.5,2.0% Ramsey,risk_aversion,combined,0,1869.0294842438477,0.07641572795931464
2773,euler_ramsey,0.5,2.5% Ramsey,risk_aversion,combined,0,1358.5496505297926,0.05079487833179173
2774,euler_ramsey,0.5,1.5% Ramsey,risk_aversion,combined,0,227.3903369652003,1.0277498651482377
2774,euler_ramsey,0.5,2.0% Ramsey,risk_aversion,combined,0,150.07446418527275,0.983343614592062
2774,euler_ramsey,0.5,2.5% Ramsey,risk_aversion,combined,0,104.46739629824862,0.9396994965660145
2775,euler_ramsey,0.5,1.5% Ramsey,risk_aversion,combined,0,1746.6719985080456,0.686327121150326
2775,euler_ramsey,0.5,2.0% Ramsey,risk_aversion,combined,0,1266.061296798232,0.6010692305311809
2775,euler_ramsey,0.5,2.5% Ramsey,risk_aversion,combined,0,913.2841326739839,0.5365261221790434
2776,euler_ramsey,0.5,1.5% Ramsey,risk_aversion,combined,0,9044.157113657151,0.6891960152254534
2776,euler_ramsey,0.5,2.0% Ramsey,risk_aversion,combined,0,6948.01264242034,0.6056888088131751
2776,euler_ramsey,0.5,2.5% Ramsey,risk_aversion,combined,0,4687.604984369366,0.5422425110105241
2777,euler_ramsey,0.5,1.5% Ramsey,risk_aversion,combined,0,4.7328469824123,2.008705912926347
2777,euler_ramsey,0.5,2.0% Ramsey,risk_aversion,combined,0,2.7294708063058675,2.236225277542172
2777,euler_ramsey,0.5,2.5% Ramsey,risk_aversion,combined,0,5.92460507339754,2.402837244275491
2778,euler_ramsey,0.5,1.5% Ramsey,risk_aversion,combined,0,1129.4724785243618,1.0739965902764568
2778,euler_ramsey,0.5,2.0% Ramsey,risk_aversion,combined,0,888.3126792209131,1.0397314399097786
2778,euler_ramsey,0.5,2.5% Ramsey,risk_aversion,combined,0,643.6245872005208,1.0028857720669722
2779,euler_ramsey,0.5,1.5% Ramsey,risk_aversion,combined,0,2282.877545564023,0.3381916595714715
2779,euler_ramsey,0.5,2.0% Ramsey,risk_aversion,combined,0,1042.8038133748657,0.25191519413555485
2779,euler_ramsey,0.5,2.5% Ramsey,risk_aversion,combined,0,538.7127984798245,0.19834723742108115
2780,euler_ramsey,0.5,1.5% Ramsey,risk_aversion,combined,0,262.8773776567115,1.6868941394633457
2780,euler_ramsey,0.5,2.0% Ramsey,risk_aversion,combined,0,194.67270198103725,1.8058045229931328
2780,euler_ramsey,0.5,2.5% Ramsey,risk_aversion,combined,0,136.89695993332205,1.8824472924431626
2781,euler_ramsey,0.5,1.5% Ramsey,risk_aversion,combined,0,359.1939444355513,1.3901499291603878
2781,euler_ramsey,0.5,2.0% Ramsey,risk_aversion,combined,0,258.7845714777867,1.4246874993786738
2781,euler_ramsey,0.5,2.5% Ramsey,risk_aversion,combined,0,179.51001491290884,1.435936812329788
2782,euler_ramsey,0.5,1.5% Ramsey,risk_aversion,combined,0,439.7906093676063,1.408329977260453
2782,euler_ramsey,0.5,2.0% Ramsey,risk_aversion,combined,0,343.52155313727445,1.447393201502966
2782,euler_ramsey,0.5,2.5% Ramsey,risk_aversion,combined,0,249.98306821793477,1.4619921565366836
2783,euler_ramsey,0.5,1.5% Ramsey,risk_aversion,combined,0,1256.2901261884285,1.1828005198396327
2783,euler_ramsey,0.5,2.0% Ramsey,risk_aversion,combined,0,1150.2433505862748,1.1696865007807573
2783,euler_ramsey,0.5,2.5% Ramsey,risk_aversion,combined,0,952.0881969369232,1.1469149337868318
2784,euler_ramsey,0.5,1.5% Ramsey,risk_aversion,combined,0,512.8971149070002,0.41359143423699657
2784,euler_ramsey,0.5,2.0% Ramsey,risk_aversion,combined,0,282.55972298416987,0.32231391902928713
2784,euler_ramsey,0.5,2.5% Ramsey,risk_aversion,combined,0,161.01295718814822,0.26279526534173775
2785,euler_ramsey,0.5,1.5% Ramsey,risk_aversion,combined,0,2305.8343067404894,0.5212531214828248
2785,euler_ramsey,0.5,2.0% Ramsey,risk_aversion,combined,0,2176.5534461787124,0.42844663294524615
2785,euler_ramsey,0.5,2.5% Ramsey,risk_aversion,combined,0,1793.996748790804,0.36407383045269714
2786,euler_ramsey,0.5,1.5% Ramsey,risk_aversion,combined,0,334.51863783952825,1.8798665092593856
2786,euler_ramsey,0.5,2.0% Ramsey,risk_aversion,combined,0,218.67799867197238,2.0621411304019315
2786,euler_ramsey,0.5,2.5% Ramsey,risk_aversion,combined,0,155.9280016201139,2.190707451161067
2787,euler_ramsey,0.5,1.5% Ramsey,risk_aversion,combined,0,309.6833122962885,1.2608127479298885
2787,euler_ramsey,0.5,2.0% Ramsey,risk_aversion,combined,0,187.49696261564705,1.2637188345196284
2787,euler_ramsey,0.5,2.5% Ramsey,risk_aversion,combined,0,122.912369167139,1.2519502659003015
2788,euler_ramsey,0.5,1.5% Ramsey,risk_aversion,combined,0,114.89434393386821,0.2885734117049051
2788,euler_ramsey,0.5,2.0% Ramsey,risk_aversion,combined,0,56.55385210168861,0.20742689602215963
2788,euler_ramsey,0.5,2.5% Ramsey,risk_aversion,combined,0,22.79695322919709,0.15887554525794653
2789,euler_ramsey,0.5,1.5% Ramsey,risk_aversion,combined,0,585.7548575953832,1.3815194996066473
2789,euler_ramsey,0.5,2.0% Ramsey,risk_aversion,combined,0,455.5040907507418,1.4150041570518084
2789,euler_ramsey,0.5,2.5% Ramsey,risk_aversion,combined,0,314.1406439607726,1.4257073417424635
2790,euler_ramsey,0.5,1.5% Ramsey,risk_aversion,combined,0,603.5436984727285,2.1700914422970325
2790,euler_ramsey,0.5,2.0% Ramsey,risk_aversion,combined,0,459.4131477887785,2.458864680557468
2790,euler_ramsey,0.5,2.5% Ramsey,risk_aversion,combined,0,335.1602309126789,2.6784897371463767
2791,euler_ramsey,0.5,1.5% Ramsey,risk_aversion,combined,0,94.0725803416114,2.7102607521802193
2791,euler_ramsey,0.5,2.0% Ramsey,risk_aversion,combined,0,65.91762760422186,3.2275786239142676
2791,euler_ramsey,0.5,2.5% Ramsey,risk_aversion,combined,0,47.95526906348113,3.6534904916183324
2792,euler_ramsey,0.5,1.5% Ramsey,risk_aversion,combined,0,175.68206193334248,1.8585482183899693
2792,euler_ramsey,0.5,2.0% Ramsey,risk_aversion,combined,0,121.34036390936245,2.033326107743397
2792,euler_ramsey,0.5,2.5% Ramsey,risk_aversion,combined,0,85.50054493126108,2.1555769284650594
2793,euler_ramsey,0.5,1.5% Ramsey,risk_aversion,combined,0,431.9490121723453,0.30650603391769105
2793,euler_ramsey,0.5,2.0% Ramsey,risk_aversion,combined,0,251.2913247358792,0.2232990530910783
2793,euler_ramsey,0.5,2.5% Ramsey,risk_aversion,combined,0,152.93325279223953,0.17282000895769317
2794,euler_ramsey,0.5,1.5% Ramsey,risk_aversion,combined,0,-464.02125393128824,0.7231654865913755
2794,euler_ramsey,0.5,2.0% Ramsey,risk_aversion,combined,0,-331.048573487103,0.6397473640967695
2794,euler_ramsey,0.5,2.5% Ramsey,risk_aversion,combined,0,-227.8951819248253,0.5753964989648471
2795,euler_ramsey,0.5,1.5% Ramsey,risk_aversion,combined,0,139.29152961036652,3.285607560378518
2795,euler_ramsey,0.5,2.0% Ramsey,risk_aversion,combined,0,106.62052226497488,4.0860599478312025
2795,euler_ramsey,0.5,2.5% Ramsey,risk_aversion,combined,0,84.63786733410831,4.783059630570816
2796,euler_ramsey,0.5,1.5% Ramsey,risk_aversion,combined,0,634.3545900710997,1.483834641212239
2796,euler_ramsey,0.5,2.0% Ramsey,risk_aversion,combined,0,465.83832851037243,1.5437697868691265
2796,euler_ramsey,0.5,2.5% Ramsey,risk_aversion,combined,0,330.39749639787357,1.5742836335347714
2797,euler_ramsey,0.5,1.5% Ramsey,risk_aversion,combined,0,927.8006561500893,0.9462881364186143
2797,euler_ramsey,0.5,2.0% Ramsey,risk_aversion,combined,0,697.5663114815958,0.8899883545671926
2797,euler_ramsey,0.5,2.5% Ramsey,risk_aversion,combined,0,516.6995301987772,0.8394277252607627
2798,euler_ramsey,0.5,1.5% Ramsey,risk_aversion,combined,0,-227.25630632558335,1.1665084013608522
2798,euler_ramsey,0.5,2.0% Ramsey,risk_aversion,combined,0,-106.75774315476427,1.148739369292816
2798,euler_ramsey,0.5,2.5% Ramsey,risk_aversion,combined,0,-51.48183418182841,1.1225790168954417
2799,euler_ramsey,0.5,1.5% Ramsey,risk_aversion,combined,0,155.64521939188262,1.761250762806869
2799,euler_ramsey,0.5,2.0% Ramsey,risk_aversion,combined,0,119.16839365644482,1.903355973818321
2799,euler_ramsey,0.5,2.5% Ramsey,risk_aversion,combined,0,88.2719872283752,1.9986199127614896
2800,euler_ramsey,0.5,1.5% Ramsey,risk_aversion,combined,0,2067.352024124806,0.3627734916406867
2800,euler_ramsey,0.5,2.0% Ramsey,risk_aversion,combined,0,879.5943898921449,0.2748507893934205
2800,euler_ramsey,0.5,2.5% Ramsey,risk_aversion,combined,0,516.7512526367458,0.21929783244658008
2801,euler_ramsey,0.5,1.5% Ramsey,risk_aversion,combined,0,75.35774228227976,2.898574733633165
2801,euler_ramsey,0.5,2.0% Ramsey,risk_aversion,combined,0,57.70215132466069,3.504245260295486
2801,euler_ramsey,0.5,2.5% Ramsey,risk_aversion,combined,0,43.990358536168614,4.013152057438774
2802,euler_ramsey,0.5,1.5% Ramsey,risk_aversion,combined,0,-291.6698500906249,1.022540126198811
2802,euler_ramsey,0.5,2.0% Ramsey,risk_aversion,combined,0,-247.60556441369326,0.9779993785814951
2802,euler_ramsey,0.5,2.5% Ramsey,risk_aversion,combined,0,-184.71781941549762,0.9344080969618639
2803,euler_ramsey,0.5,1.5% Ramsey,risk_aversion,combined,0,131.76066140231103,0.7566472969192772
2803,euler_ramsey,0.5,2.0% Ramsey,risk_aversion,combined,0,149.19684008344663,0.6761436876496068
2803,euler_ramsey,0.5,2.5% Ramsey,risk_aversion,combined,0,137.68492221545645,0.612892339938835
2804,euler_ramsey,0.5,1.5% Ramsey,risk_aversion,combined,0,902.2507473258325,1.312686813006062
2804,euler_ramsey,0.5,2.0% Ramsey,risk_aversion,combined,0,683.5903187777899,1.3277647620753574
2804,euler_ramsey,0.5,2.5% Ramsey,risk_aversion,combined,0,464.171285859186,1.3247021840572741
2805,euler_ramsey,0.5,1.5% Ramsey,risk_aversion,combined,0,780.5769209629847,0.6990076451042483
2805,euler_ramsey,0.5,2.0% Ramsey,risk_aversion,combined,0,511.09267628019745,0.6136584174909434
2805,euler_ramsey,0.5,2.5% Ramsey,risk_aversion,combined,0,336.2498631562827,0.5487270400134552
2806,euler_ramsey,0.5,1.5% Ramsey,risk_aversion,combined,0,168.17762730980158,1.2064564222262484
2806,euler_ramsey,0.5,2.0% Ramsey,risk_aversion,combined,0,124.1521892689256,1.1970623471658646
2806,euler_ramsey,0.5,2.5% Ramsey,risk_aversion,combined,0,89.23745388308187,1.1766057687396565
2807,euler_ramsey,0.5,1.5% Ramsey,risk_aversion,combined,0,994.7061160448001,0.7155592053929156
2807,euler_ramsey,0.5,2.0% Ramsey,risk_aversion,combined,0,831.3499439692763,0.6314248845376358
2807,euler_ramsey,0.5,2.5% Ramsey,risk_aversion,combined,0,648.6732889919385,0.5668157499746156
2808,euler_ramsey,0.5,1.5% Ramsey,risk_aversion,combined,0,1527.7760582430715,0.44391352809387624
2808,euler_ramsey,0.5,2.0% Ramsey,risk_aversion,combined,0,1204.8437481233113,0.3515737040851956
2808,euler_ramsey,0.5,2.5% Ramsey,risk_aversion,combined,0,849.3338794326392,0.29026199592643614
2809,euler_ramsey,0.5,1.5% Ramsey,risk_aversion,combined,0,2046.4645290133085,0.34250187619650513
2809,euler_ramsey,0.5,2.0% Ramsey,risk_aversion,combined,0,998.6646406860998,0.25586299705875415
2809,euler_ramsey,0.5,2.5% Ramsey,risk_aversion,combined,0,553.5612582181269,0.20190654373600872
2810,euler_ramsey,0.5,1.5% Ramsey,risk_aversion,combined,0,1419.2185467895158,0.8053153133050875
2810,euler_ramsey,0.5,2.0% Ramsey,risk_aversion,combined,0,1122.9062347341746,0.7309359884813648
2810,euler_ramsey,0.5,2.5% Ramsey,risk_aversion,combined,0,800.9460194852519,0.6707710203294055
2811,euler_ramsey,0.5,1.5% Ramsey,risk_aversion,combined,0,1188.629606675653,0.607941052516247
2811,euler_ramsey,0.5,2.0% Ramsey,risk_aversion,combined,0,733.7894111777802,0.5166612379351612
2811,euler_ramsey,0.5,2.5% Ramsey,risk_aversion,combined,0,425.9788123712115,0.4504632062951846
2812,euler_ramsey,0.5,1.5% Ramsey,risk_aversion,combined,0,590.1759868617352,0.8766326243822395
2812,euler_ramsey,0.5,2.0% Ramsey,risk_aversion,combined,0,455.53122941137985,0.8100805984143293
2812,euler_ramsey,0.5,2.5% Ramsey,risk_aversion,combined,0,328.26708406996977,0.7536848052064284
2813,euler_ramsey,0.5,1.5% Ramsey,risk_aversion,combined,0,5445.004993572783,0.2695681326321216
2813,euler_ramsey,0.5,2.0% Ramsey,risk_aversion,combined,0,2833.968976350075,0.1911003645402594
2813,euler_ramsey,0.5,2.5% Ramsey,risk_aversion,combined,0,1578.7556732620367,0.14483307229489248
2814,euler_ramsey,0.5,1.5% Ramsey,risk_aversion,combined,0,1510.8748807591926,1.1275986727489817
2814,euler_ramsey,0.5,2.0% Ramsey,risk_aversion,combined,0,1154.7061446844875,1.1028070672243246
2814,euler_ramsey,0.5,2.5% Ramsey,risk_aversion,combined,0,839.038870541123,1.0721034487269319
2815,euler_ramsey,0.5,1.5% Ramsey,risk_aversion,combined,0,698.1540990505555,1.165349639767632
2815,euler_ramsey,0.5,2.0% Ramsey,risk_aversion,combined,0,493.5541422571229,1.1477439899928779
2815,euler_ramsey,0.5,2.5% Ramsey,risk_aversion,combined,0,325.1210574999869,1.1217666013618854
2816,euler_ramsey,0.5,1.5% Ramsey,risk_aversion,combined,0,121.49509212541206,0.6778472985953482
2816,euler_ramsey,0.5,2.0% Ramsey,risk_aversion,combined,0,38.974701180553375,0.5907202634967752
2816,euler_ramsey,0.5,2.5% Ramsey,risk_aversion,combined,0,7.994183864208945,0.5251820170767478
2817,euler_ramsey,0.5,1.5% Ramsey,risk_aversion,combined,0,1245.8109869603577,1.861094114280897
2817,euler_ramsey,0.5,2.0% Ramsey,risk_aversion,combined,0,876.3130918584905,2.038089567688819
2817,euler_ramsey,0.5,2.5% Ramsey,risk_aversion,combined,0,580.9910952616456,2.1626218628330203
2818,euler_ramsey,0.5,1.5% Ramsey,risk_aversion,combined,0,2124.1224866697694,0.26242965099290516
2818,euler_ramsey,0.5,2.0% Ramsey,risk_aversion,combined,0,1204.3006857902803,0.18475949242790266
2818,euler_ramsey,0.5,2.5% Ramsey,risk_aversion,combined,0,765.4699527541636,0.13927007449942677
2819,euler_ramsey,0.5,1.5% Ramsey,risk_aversion,combined,0,1905.7573780337882,0.7673275215723387
2819,euler_ramsey,0.5,2.0% Ramsey,risk_aversion,combined,0,1474.064975509186,0.6890156826920764
2819,euler_ramsey,0.5,2.5% Ramsey,risk_aversion,combined,0,1088.5524709028084,0.6270556939366642
2820,euler_ramsey,0.5,1.5% Ramsey,risk_aversion,combined,0,4436.067219772046,0.25050926702949866
2820,euler_ramsey,0.5,2.0% Ramsey,risk_aversion,combined,0,2025.7513333640172,0.17462733142934678
2820,euler_ramsey,0.5,2.5% Ramsey,risk_aversion,combined,0,1168.3358091893624,0.13063369048514106
2821,euler_ramsey,0.5,1.5% Ramsey,risk_aversion,combined,0,51.9347511557552,1.2636486009330128
2821,euler_ramsey,0.5,2.0% Ramsey,risk_aversion,combined,0,32.29166902189477,1.2669523438129393
2821,euler_ramsey,0.5,2.5% Ramsey,risk_aversion,combined,0,20.47586651415375,1.2554698925997256
2822,euler_ramsey,0.5,1.5% Ramsey,risk_aversion,combined,0,167.1743957859588,3.1818757870596333
2822,euler_ramsey,0.5,2.0% Ramsey,risk_aversion,combined,0,137.45916349364958,3.9285615266062663
2822,euler_ramsey,0.5,2.5% Ramsey,risk_aversion,combined,0,109.42567550821751,4.5731498602913545
2823,euler_ramsey,0.5,1.5% Ramsey,risk_aversion,combined,0,5096.917652387077,0.4808470843410819
2823,euler_ramsey,0.5,2.0% Ramsey,risk_aversion,combined,0,4470.143655802392,0.38854552239265694
2823,euler_ramsey,0.5,2.5% Ramsey,risk_aversion,combined,0,3378.8486373709657,0.32587024217547933
2824,euler_ramsey,0.5,1.5% Ramsey,risk_aversion,combined,0,114.09230859163169,1.201833534059323
2824,euler_ramsey,0.5,2.0% Ramsey,risk_aversion,combined,0,66.144923320454,1.1912319524059969
2824,euler_ramsey,0.5,2.5% Ramsey,risk_aversion,combined,0,42.40737961996893,1.1699563180640884
2825,euler_ramsey,0.5,1.5% Ramsey,risk_aversion,combined,0,717.7221125185555,1.0759017765525718
2825,euler_ramsey,0.5,2.0% Ramsey,risk_aversion,combined,0,715.8678693504373,1.040665186033471
2825,euler_ramsey,0.5,2.5% Ramsey,risk_aversion,combined,0,620.0098564316363,1.0030291799997626
2826,euler_ramsey,0.5,1.5% Ramsey,risk_aversion,combined,0,-257.5188111439715,0.6244654891833367
2826,euler_ramsey,0.5,2.0% Ramsey,risk_aversion,combined,0,-201.68550871449526,0.5344259070808699
2826,euler_ramsey,0.5,2.5% Ramsey,risk_aversion,combined,0,-141.87608797982625,0.46850179842693085
2827,euler_ramsey,0.5,1.5% Ramsey,risk_aversion,combined,0,297.35829724942704,2.1993240346612524
2827,euler_ramsey,0.5,2.0% Ramsey,risk_aversion,combined,0,230.31803492739436,2.4991254809092895
2827,euler_ramsey,0.5,2.5% Ramsey,risk_aversion,combined,0,169.0870334150329,2.7282971238052705
2828,euler_ramsey,0.5,1.5% Ramsey,risk_aversion,combined,0,147.67276622746246,0.9785578298402925
2828,euler_ramsey,0.5,2.0% Ramsey,risk_aversion,combined,0,122.86454172881824,0.9262399689478564
2828,euler_ramsey,0.5,2.5% Ramsey,risk_aversion,combined,0,95.55577165868682,0.8778983390133952
2829,euler_ramsey,0.5,1.5% Ramsey,risk_aversion,combined,0,656.5891754908697,1.8304092195478106
2829,euler_ramsey,0.5,2.0% Ramsey,risk_aversion,combined,0,525.4229152409371,1.9961513389538486
2829,euler_ramsey,0.5,2.5% Ramsey,risk_aversion,combined,0,393.4341292206769,2.111081003621687
2830,euler_ramsey,0.5,1.5% Ramsey,risk_aversion,combined,0,667.247769659191,0.570479491597355
2830,euler_ramsey,0.5,2.0% Ramsey,risk_aversion,combined,0,394.861415906927,0.478425291163333
2830,euler_ramsey,0.5,2.5% Ramsey,risk_aversion,combined,0,251.0951337626856,0.41289986548169594
2831,euler_ramsey,0.5,1.5% Ramsey,risk_aversion,combined,0,284.1666520782292,0.8423713538954793
2831,euler_ramsey,0.5,2.0% Ramsey,risk_aversion,combined,0,217.44318229143445,0.7711381539484664
2831,euler_ramsey,0.5,2.5% Ramsey,risk_aversion,combined,0,160.3221280749116,0.7121768923294186
2832,euler_ramsey,0.5,1.5% Ramsey,risk_aversion,combined,0,1518.093391026875,1.3977706931257767
2832,euler_ramsey,0.5,2.0% Ramsey,risk_aversion,combined,0,984.3966892368177,1.4352731544101307
2832,euler_ramsey,0.5,2.5% Ramsey,risk_aversion,combined,0,627.202193613788,1.4489066748569948
2833,euler_ramsey,0.5,1.5% Ramsey,risk_aversion,combined,0,1633.6639642362813,0.6719434804875266
2833,euler_ramsey,0.5,2.0% Ramsey,risk_aversion,combined,0,1294.6291664444896,0.585066960596315
2833,euler_ramsey,0.5,2.5% Ramsey,risk_aversion,combined,0,959.2942016776656,0.5198365253474524
2834,euler_ramsey,0.5,1.5% Ramsey,risk_aversion,combined,0,2962.5953860670143,0.8650149234217959
2834,euler_ramsey,0.5,2.0% Ramsey,risk_aversion,combined,0,2619.3675813616264,0.7992578689010229
2834,euler_ramsey,0.5,2.5% Ramsey,risk_aversion,combined,0,1991.3971336561337,0.7437620611593595
2835,euler_ramsey,0.5,1.5% Ramsey,risk_aversion,combined,0,-28.58640886745026,1.4638611074189052
2835,euler_ramsey,0.5,2.0% Ramsey,risk_aversion,combined,0,-14.579636171990465,1.5176906404672434
2835,euler_ramsey,0.5,2.5% Ramsey,risk_aversion,combined,0,0.9602691235162243,1.5434448122941804
2836,euler_ramsey,0.5,1.5% Ramsey,risk_aversion,combined,0,182.66206475764204,1.3524257993843187
2836,euler_ramsey,0.5,2.0% Ramsey,risk_aversion,combined,0,184.50848281322212,1.3771118206134902
2836,euler_ramsey,0.5,2.5% Ramsey,risk_aversion,combined,0,161.14483670889058,1.38106825283338
2837,euler_ramsey,0.5,1.5% Ramsey,risk_aversion,combined,0,219.24797705880385,1.1580183766239487
2837,euler_ramsey,0.5,2.0% Ramsey,risk_aversion,combined,0,160.24417577956774,1.1390912270218998
2837,euler_ramsey,0.5,2.5% Ramsey,risk_aversion,combined,0,112.68206434982011,1.112259247649155
2838,euler_ramsey,0.5,1.5% Ramsey,risk_aversion,combined,0,1850.5955087492455,0.7073243887532156
2838,euler_ramsey,0.5,2.0% Ramsey,risk_aversion,combined,0,1639.053303507332,0.622863873311552
2838,euler_ramsey,0.5,2.5% Ramsey,risk_aversion,combined,0,1272.0077872154002,0.5582703023013504
2839,euler_ramsey,0.5,1.5% Ramsey,risk_aversion,combined,0,956.6888741785331,0.9048168089441398
2839,euler_ramsey,0.5,2.0% Ramsey,risk_aversion,combined,0,849.5010377175238,0.8426874372298852
2839,euler_ramsey,0.5,2.5% Ramsey,risk_aversion,combined,0,662.2340513161388,0.7888373605096669
2840,euler_ramsey,0.5,1.5% Ramsey,risk_aversion,combined,0,136.14263930544564,1.5751034323752153
2840,euler_ramsey,0.5,2.0% Ramsey,risk_aversion,combined,0,88.20631765951251,1.6603112478314483
2840,euler_ramsey,0.5,2.5% Ramsey,risk_aversion,combined,0,64.26428068227312,1.710204710896961
2841,euler_ramsey,0.5,1.5% Ramsey,risk_aversion,combined,0,394.80590118043307,1.312620050774407
2841,euler_ramsey,0.5,2.0% Ramsey,risk_aversion,combined,0,256.0614278710986,1.3283718233225634
2841,euler_ramsey,0.5,2.5% Ramsey,risk_aversion,combined,0,179.33747062183832,1.325873394572253
2842,euler_ramsey,0.5,1.5% Ramsey,risk_aversion,combined,0,344.07203186740344,1.9646405803474345
2842,euler_ramsey,0.5,2.0% Ramsey,risk_aversion,combined,0,251.34717946944633,2.1765005184969533
2842,euler_ramsey,0.5,2.5% Ramsey,risk_aversion,combined,0,177.707671038301,2.3298900336621204
2843,euler_ramsey,0.5,1.5% Ramsey,risk_aversion,combined,0,206.9850270642694,1.9746914506868425
2843,euler_ramsey,0.5,2.0% Ramsey,risk_aversion,combined,0,159.80831786617483,2.189987782563851
2843,euler_ramsey,0.5,2.5% Ramsey,risk_aversion,combined,0,118.96819146521905,2.3461871853308023
2844,euler_ramsey,0.5,1.5% Ramsey,risk_aversion,combined,0,376.86532449368787,1.15927469888869
2844,euler_ramsey,0.5,2.0% Ramsey,risk_aversion,combined,0,348.0504736555675,1.1406366534641597
2844,euler_ramsey,0.5,2.5% Ramsey,risk_aversion,combined,0,293.8330975803024,1.1140854673977567
2845,euler_ramsey,0.5,1.5% Ramsey,risk_aversion,combined,0,900.7361543978516,0.8008816377613834
2845,euler_ramsey,0.5,2.0% Ramsey,risk_aversion,combined,0,779.8832716609103,0.7257961444788652
2845,euler_ramsey,0.5,2.5% Ramsey,risk_aversion,combined,0,612.8777891566937,0.6652626571946141
2846,euler_ramsey,0.5,1.5% Ramsey,risk_aversion,combined,0,334.2347783095114,0.5100044703326371
2846,euler_ramsey,0.5,2.0% Ramsey,risk_aversion,combined,0,231.11312921149573,0.4170426646692507
2846,euler_ramsey,0.5,2.5% Ramsey,risk_aversion,combined,0,175.43414429997063,0.3529605756951905
2847,euler_ramsey,0.5,1.5% Ramsey,risk_aversion,combined,0,421.0878273729584,0.6865123735827389
2847,euler_ramsey,0.5,2.0% Ramsey,risk_aversion,combined,0,269.4722514209403,0.5998726581864374
2847,euler_ramsey,0.5,2.5% Ramsey,risk_aversion,combined,0,169.18457881066573,0.5344059066471769
2848,euler_ramsey,0.5,1.5% Ramsey,risk_aversion,combined,0,121.92472337154484,0.5189027044689526
2848,euler_ramsey,0.5,2.0% Ramsey,risk_aversion,combined,0,92.25770479945142,0.4257068948903268
2848,euler_ramsey,0.5,2.5% Ramsey,risk_aversion,combined,0,69.57605956184648,0.3611773921055171
2849,euler_ramsey,0.5,1.5% Ramsey,risk_aversion,combined,0,1198.871387022392,1.636007979778909
2849,euler_ramsey,0.5,2.0% Ramsey,risk_aversion,combined,0,781.9940926801495,1.741034559792205
2849,euler_ramsey,0.5,2.5% Ramsey,risk_aversion,combined,0,520.3367367540458,1.8070439179235798
2850,euler_ramsey,0.5,1.5% Ramsey,risk_aversion,combined,0,828.791020390005,0.4876797642469646
2850,euler_ramsey,0.5,2.0% Ramsey,risk_aversion,combined,0,648.4987467647633,0.39440439847172354
2850,euler_ramsey,0.5,2.5% Ramsey,risk_aversion,combined,0,460.32475015979634,0.3309288826451494
2851,euler_ramsey,0.5,1.5% Ramsey,risk_aversion,combined,0,737.5471377119359,0.3938155933407811
2851,euler_ramsey,0.5,2.0% Ramsey,risk_aversion,combined,0,502.8958674888184,0.3036064697550403
2851,euler_ramsey,0.5,2.5% Ramsey,risk_aversion,combined,0,356.7375168657565,0.24549043316710686
2852,euler_ramsey,0.5,1.5% Ramsey,risk_aversion,combined,0,125.5656044232682,0.6093097479638117
2852,euler_ramsey,0.5,2.0% Ramsey,risk_aversion,combined,0,115.42284401509849,0.5182170226048693
2852,euler_ramsey,0.5,2.5% Ramsey,risk_aversion,combined,0,96.24816021006814,0.45208992388770264
2853,euler_ramsey,0.5,1.5% Ramsey,risk_aversion,combined,0,1527.9374149873242,0.300974986621786
2853,euler_ramsey,0.5,2.0% Ramsey,risk_aversion,combined,0,907.1314764170448,0.21843305040940375
2853,euler_ramsey,0.5,2.5% Ramsey,risk_aversion,combined,0,537.7465294810172,0.16855983600134486
2854,euler_ramsey,0.5,1.5% Ramsey,risk_aversion,combined,0,4535.932565934859,0.4421888543810289
2854,euler_ramsey,0.5,2.0% Ramsey,risk_aversion,combined,0,3845.6720858261538,0.3504958372343633
2854,euler_ramsey,0.5,2.5% Ramsey,risk_aversion,combined,0,2872.9133176293976,0.2896040736504159
2855,euler_ramsey,0.5,1.5% Ramsey,risk_aversion,combined,0,-47.23261220027044,0.8755388485522647
2855,euler_ramsey,0.5,2.0% Ramsey,risk_aversion,combined,0,-50.57944421542335,0.8081496798499866
2855,euler_ramsey,0.5,2.5% Ramsey,risk_aversion,combined,0,-43.5346718159702,0.7511520511182052
2856,euler_ramsey,0.5,1.5% Ramsey,risk_aversion,combined,0,580.4655017432539,0.23524617415826768
2856,euler_ramsey,0.5,2.0% Ramsey,risk_aversion,combined,0,480.97921646810727,0.1615068279331978
2856,euler_ramsey,0.5,2.5% Ramsey,risk_aversion,combined,0,403.9986587290176,0.1193895682191016
2857,euler_ramsey,0.5,1.5% Ramsey,risk_aversion,combined,0,360.5085725732608,0.7394277468883819
2857,euler_ramsey,0.5,2.0% Ramsey,risk_aversion,combined,0,293.35263440932994,0.6568424854018817
2857,euler_ramsey,0.5,2.5% Ramsey,risk_aversion,combined,0,215.78815910788953,0.5926459525699097
2858,euler_ramsey,0.5,1.5% Ramsey,risk_aversion,combined,0,52.46361668728309,3.9436900539104096
2858,euler_ramsey,0.5,2.0% Ramsey,risk_aversion,combined,0,38.16982790339794,5.109338036975255
2858,euler_ramsey,0.5,2.5% Ramsey,risk_aversion,combined,0,29.405908248484938,6.172951674204209
2859,euler_ramsey,0.5,1.5% Ramsey,risk_aversion,combined,0,261.6440534276067,1.235114630419681
2859,euler_ramsey,0.5,2.0% Ramsey,risk_aversion,combined,0,195.58181891921507,1.2324567424165154
2859,euler_ramsey,0.5,2.5% Ramsey,risk_aversion,combined,0,136.66274961587254,1.2168005061257958
2860,euler_ramsey,0.5,1.5% Ramsey,risk_aversion,combined,0,81.26107188752215,1.0369684846420315
2860,euler_ramsey,0.5,2.0% Ramsey,risk_aversion,combined,0,80.42979639331479,0.9954486817492987
2860,euler_ramsey,0.5,2.5% Ramsey,risk_aversion,combined,0,67.51582039636122,0.9537847108399865
2861,euler_ramsey,0.5,1.5% Ramsey,risk_aversion,combined,0,-83.2374824725622,0.5586126465237122
2861,euler_ramsey,0.5,2.0% Ramsey,risk_aversion,combined,0,-73.17024148658254,0.46583754727078985
2861,euler_ramsey,0.5,2.5% Ramsey,risk_aversion,combined,0,-55.66268095181445,0.4002474875016594
2862,euler_ramsey,0.5,1.5% Ramsey,risk_aversion,combined,0,-1663.4903884820242,0.35997699035884806
2862,euler_ramsey,0.5,2.0% Ramsey,risk_aversion,combined,0,-884.8900222406857,0.2719245041154446
2862,euler_ramsey,0.5,2.5% Ramsey,risk_aversion,combined,0,-489.44262507214614,0.2164303642663131
2863,euler_ramsey,0.5,1.5% Ramsey,risk_aversion,combined,0,236.43438773266715,1.40016004308447
2863,euler_ramsey,0.5,2.0% Ramsey,risk_aversion,combined,0,187.96438978006648,1.4382890689586663
2863,euler_ramsey,0.5,2.5% Ramsey,risk_aversion,combined,0,136.58848923189444,1.4523960841766275
2864,euler_ramsey,0.5,1.5% Ramsey,risk_aversion,combined,0,658.2307963221476,0.7283509454057201
2864,euler_ramsey,0.5,2.0% Ramsey,risk_aversion,combined,0,573.2775457593265,0.6449546949873247
2864,euler_ramsey,0.5,2.5% Ramsey,risk_aversion,combined,0,456.72387438267424,0.5805166875074391
2865,euler_ramsey,0.5,1.5% Ramsey,risk_aversion,combined,0,814.2496454455445,0.49299304772181457
2865,euler_ramsey,0.5,2.0% Ramsey,risk_aversion,combined,0,619.1466834583383,0.39989495758324684
2865,euler_ramsey,0.5,2.5% Ramsey,risk_aversion,combined,0,457.74249254358637,0.33633115182782686
2866,euler_ramsey,0.5,1.5% Ramsey,risk_aversion,combined,0,263.1417797328262,3.1057793087062935
2866,euler_ramsey,0.5,2.0% Ramsey,risk_aversion,combined,0,255.1202118736575,3.8134099375870587
2866,euler_ramsey,0.5,2.5% Ramsey,risk_aversion,combined,0,214.24501938041428,4.419852227725834
2867,euler_ramsey,0.5,1.5% Ramsey,risk_aversion,combined,0,2302.209714711704,0.3268580190592343
2867,euler_ramsey,0.5,2.0% Ramsey,risk_aversion,combined,0,1464.1578366637475,0.2417003576945492
2867,euler_ramsey,0.5,2.5% Ramsey,risk_aversion,combined,0,947.826927711755,0.18923914962291527
2868,euler_ramsey,0.5,1.5% Ramsey,risk_aversion,combined,0,269.04819980842404,2.481003521248093
2868,euler_ramsey,0.5,2.0% Ramsey,risk_aversion,combined,0,187.7847314038338,2.896442526843657
2868,euler_ramsey,0.5,2.5% Ramsey,risk_aversion,combined,0,126.11980839878792,3.2287523448048874
2869,euler_ramsey,0.5,1.5% Ramsey,risk_aversion,combined,0,1255.9196002556807,0.9259081865285815
2869,euler_ramsey,0.5,2.0% Ramsey,risk_aversion,combined,0,898.9790486774359,0.8663884814984768
2869,euler_ramsey,0.5,2.5% Ramsey,risk_aversion,combined,0,604.4467013919148,0.8140008891342408
2870,euler_ramsey,0.5,1.5% Ramsey,risk_aversion,combined,0,133.36219385871303,1.3263558896254106
2870,euler_ramsey,0.5,2.0% Ramsey,risk_aversion,combined,0,100.90646428119774,1.344564045842866
2870,euler_ramsey,0.5,2.5% Ramsey,risk_aversion,combined,0,69.13790933417994,1.3437205748016763
2871,euler_ramsey,0.5,1.5% Ramsey,risk_aversion,combined,0,488.8062416767019,1.2441054253731185
2871,euler_ramsey,0.5,2.0% Ramsey,risk_aversion,combined,0,360.9192738912418,1.2440339803677258
2871,euler_ramsey,0.5,2.5% Ramsey,risk_aversion,combined,0,250.6463086378337,1.2303261134221273
2872,euler_ramsey,0.5,1.5% Ramsey,risk_aversion,combined,0,-427.8720279488246,0.5022330365919307
2872,euler_ramsey,0.5,2.0% Ramsey,risk_aversion,combined,0,-360.16397184412807,0.40889325399778953
2872,euler_ramsey,0.5,2.5% Ramsey,risk_aversion,combined,0,-274.82111041381125,0.34485944205882946
2873,euler_ramsey,0.5,1.5% Ramsey,risk_aversion,combined,0,826.0663923408001,1.0699279413654235
2873,euler_ramsey,0.5,2.0% Ramsey,risk_aversion,combined,0,678.2864263729975,1.0347058559111968
2873,euler_ramsey,0.5,2.5% Ramsey,risk_aversion,combined,0,509.47309495320934,0.9972043659801889
2874,euler_ramsey,0.5,1.5% Ramsey,risk_aversion,combined,0,318.2636249974211,1.0661569801612385
2874,euler_ramsey,0.5,2.0% Ramsey,risk_aversion,combined,0,262.6281445705963,1.0298294562329269
2874,euler_ramsey,0.5,2.5% Ramsey,risk_aversion,combined,0,199.67830966904157,0.9915436657239535
2875,euler_ramsey,0.5,1.5% Ramsey,risk_aversion,combined,0,2479.376579969357,0.4792754715762658
2875,euler_ramsey,0.5,2.0% Ramsey,risk_aversion,combined,0,1763.0452948400898,0.386160091499926
2875,euler_ramsey,0.5,2.5% Ramsey,risk_aversion,combined,0,1208.1182412876026,0.32308165201368894
2876,euler_ramsey,0.5,1.5% Ramsey,risk_aversion,combined,0,-111.91846064890551,0.5202338841992422
2876,euler_ramsey,0.5,2.0% Ramsey,risk_aversion,combined,0,-91.39352710084702,0.4270865946790308
2876,euler_ramsey,0.5,2.5% Ramsey,risk_aversion,combined,0,-71.60103975331408,0.3625378898133276
2877,euler_ramsey,0.5,1.5% Ramsey,risk_aversion,combined,0,688.6857232363355,0.2822456952458103
2877,euler_ramsey,0.5,2.0% Ramsey,risk_aversion,combined,0,384.5171467036388,0.20195824635356624
2877,euler_ramsey,0.5,2.5% Ramsey,risk_aversion,combined,0,264.1909179212055,0.15415083422963294
2878,euler_ramsey,0.5,1.5% Ramsey,risk_aversion,combined,0,-140.33945622918554,0.35993631000321574
2878,euler_ramsey,0.5,2.0% Ramsey,risk_aversion,combined,0,-124.09806579349475,0.27187772097660123
2878,euler_ramsey,0.5,2.5% Ramsey,risk_aversion,combined,0,-98.53440686667487,0.21638307785255934
2879,euler_ramsey,0.5,1.5% Ramsey,risk_aversion,combined,0,-1049.8164780937543,0.4448792233142021
2879,euler_ramsey,0.5,2.0% Ramsey,risk_aversion,combined,0,-903.5086171610088,0.35262216713616484
2879,euler_ramsey,0.5,2.5% Ramsey,risk_aversion,combined,0,-692.823171540847,0.29130838995276126
2880,euler_ramsey,0.5,1.5% Ramsey,risk_aversion,combined,0,379.9418252455716,0.8942631780092388
2880,euler_ramsey,0.5,2.0% Ramsey,risk_aversion,combined,0,192.49017866326517,0.8289354201929718
2880,euler_ramsey,0.5,2.5% Ramsey,risk_aversion,combined,0,119.15718226687014,0.7729397142826534
2881,euler_ramsey,0.5,1.5% Ramsey,risk_aversion,combined,0,430.66565745184954,1.841844592619435
2881,euler_ramsey,0.5,2.0% Ramsey,risk_aversion,combined,0,347.84337695103983,2.0111467893085444
2881,euler_ramsey,0.5,2.5% Ramsey,risk_aversion,combined,0,265.3222684069803,2.128940314530674
2882,euler_ramsey,0.5,1.5% Ramsey,risk_aversion,combined,0,311.5272870008142,1.3819341331981556
2882,euler_ramsey,0.5,2.0% Ramsey,risk_aversion,combined,0,174.59160232733782,1.4145690061094935
2882,euler_ramsey,0.5,2.5% Ramsey,risk_aversion,combined,0,112.61525366571665,1.4244108439499017
2883,euler_ramsey,0.5,1.5% Ramsey,risk_aversion,combined,0,-38.68035659711869,0.4390958063931419
2883,euler_ramsey,0.5,2.0% Ramsey,risk_aversion,combined,0,-32.61324349191945,0.34683381604187696
2883,euler_ramsey,0.5,2.5% Ramsey,risk_aversion,combined,0,-23.494761926621642,0.2857508191904267
2884,euler_ramsey,0.5,1.5% Ramsey,risk_aversion,combined,0,355.93603943049067,1.1214215907720806
2884,euler_ramsey,0.5,2.0% Ramsey,risk_aversion,combined,0,308.48180997921963,1.0953007064367526
2884,euler_ramsey,0.5,2.5% Ramsey,risk_aversion,combined,0,244.3817686248958,1.063616628645476
2885,euler_ramsey,0.5,1.5% Ramsey,risk_aversion,combined,0,1074.8216547817726,0.19930271534256921
2885,euler_ramsey,0.5,2.0% Ramsey,risk_aversion,combined,0,635.6294579867917,0.13180454798415575
2885,euler_ramsey,0.5,2.5% Ramsey,risk_aversion,combined,0,380.3363039278524,0.09465149324765987
2886,euler_ramsey,0.5,1.5% Ramsey,risk_aversion,combined,0,-25.18444029019334,2.557528659416187
2886,euler_ramsey,0.5,2.0% Ramsey,risk_aversion,combined,0,-17.782030106072483,3.006452974386608
2886,euler_ramsey,0.5,2.5% Ramsey,risk_aversion,combined,0,-8.555220288215331,3.369269145476997
2887,euler_ramsey,0.5,1.5% Ramsey,risk_aversion,combined,0,1391.1499692561022,0.46631278552543093
2887,euler_ramsey,0.5,2.0% Ramsey,risk_aversion,combined,0,1206.4993304753264,0.3736821689781457
2887,euler_ramsey,0.5,2.5% Ramsey,risk_aversion,combined,0,956.2697646673487,0.31135491662678877
2888,euler_ramsey,0.5,1.5% Ramsey,risk_aversion,combined,0,654.6697287097005,0.6577556982848257
2888,euler_ramsey,0.5,2.0% Ramsey,risk_aversion,combined,0,469.23742846624054,0.5690070389396125
2888,euler_ramsey,0.5,2.5% Ramsey,risk_aversion,combined,0,312.13884787699124,0.5029626397296484
2889,euler_ramsey,0.5,1.5% Ramsey,risk_aversion,combined,0,138.3404531882452,0.8882997351162105
2889,euler_ramsey,0.5,2.0% Ramsey,risk_aversion,combined,0,116.14178638999603,0.8228638975566858
2889,euler_ramsey,0.5,2.5% Ramsey,risk_aversion,combined,0,96.92214979300714,0.7669804450780359
2890,euler_ramsey,0.5,1.5% Ramsey,risk_aversion,combined,0,396.88370327520045,0.6279718723608576
2890,euler_ramsey,0.5,2.0% Ramsey,risk_aversion,combined,0,373.6325320753321,0.5381808051438096
2890,euler_ramsey,0.5,2.5% Ramsey,risk_aversion,combined,0,315.37331001588245,0.4723231928017905
2891,euler_ramsey,0.5,1.5% Ramsey,risk_aversion,combined,0,380.35924305891956,0.44813925695785883
2891,euler_ramsey,0.5,2.0% Ramsey,risk_aversion,combined,0,294.0379588708779,0.3556076349142123
2891,euler_ramsey,0.5,2.5% Ramsey,risk_aversion,combined,0,199.16777217528875,0.29402281831339905
2892,euler_ramsey,0.5,1.5% Ramsey,risk_aversion,combined,0,80.48954591952868,1.633606374518277
2892,euler_ramsey,0.5,2.0% Ramsey,risk_aversion,combined,0,68.50030526134246,1.7362779373067978
2892,euler_ramsey,0.5,2.5% Ramsey,risk_aversion,combined,0,59.296576712933074,1.7999380230542785
2893,euler_ramsey,0.5,1.5% Ramsey,risk_aversion,combined,0,53.28113934632884,2.036262620191695
2893,euler_ramsey,0.5,2.0% Ramsey,risk_aversion,combined,0,49.20141921129978,2.273996404832264
2893,euler_ramsey,0.5,2.5% Ramsey,risk_aversion,combined,0,47.2388883305561,2.4493609333096944
2894,euler_ramsey,0.5,1.5% Ramsey,risk_aversion,combined,0,436.13406205060556,0.7903626687953094
2894,euler_ramsey,0.5,2.0% Ramsey,risk_aversion,combined,0,248.17959151109065,0.7128593019419236
2894,euler_ramsey,0.5,2.5% Ramsey,risk_aversion,combined,0,153.16311454941336,0.650848830296533
2895,euler_ramsey,0.5,1.5% Ramsey,risk_aversion,combined,0,396.6963697242553,1.2544687680471647
2895,euler_ramsey,0.5,2.0% Ramsey,risk_aversion,combined,0,272.4721567507211,1.256127067962536
2895,euler_ramsey,0.5,2.5% Ramsey,risk_aversion,combined,0,184.9476655217505,1.2434863926058783
2896,euler_ramsey,0.5,1.5% Ramsey,risk_aversion,combined,0,-592.5820058258101,0.5232661565563131
2896,euler_ramsey,0.5,2.0% Ramsey,risk_aversion,combined,0,-480.9689997401775,0.4300345017599638
2896,euler_ramsey,0.5,2.5% Ramsey,risk_aversion,combined,0,-350.1630685726789,0.36533622598916293
2897,euler_ramsey,0.5,1.5% Ramsey,risk_aversion,combined,0,-886.1507561735843,0.40721615959562035
2897,euler_ramsey,0.5,2.0% Ramsey,risk_aversion,combined,0,-778.1559726451288,0.3164205545779996
2897,euler_ramsey,0.5,2.5% Ramsey,risk_aversion,combined,0,-583.0523325666712,0.2574179210200053
2898,euler_ramsey,0.5,1.5% Ramsey,risk_aversion,combined,0,622.8233543047667,0.572136548804851
2898,euler_ramsey,0.5,2.0% Ramsey,risk_aversion,combined,0,578.2244062575634,0.47996359732453264
2898,euler_ramsey,0.5,2.5% Ramsey,risk_aversion,combined,0,469.89983536873484,0.4143146421058263
2899,euler_ramsey,0.5,1.5% Ramsey,risk_aversion,combined,0,571.6347227786539,1.0848503683628192
2899,euler_ramsey,0.5,2.0% Ramsey,risk_aversion,combined,0,438.7871363450059,1.051218874746062
2899,euler_ramsey,0.5,2.5% Ramsey,risk_aversion,combined,0,320.1462709486526,1.014545547937003
2900,euler_ramsey,0.5,1.5% Ramsey,risk_aversion,combined,0,573.7540012675626,1.2900358217678367
2900,euler_ramsey,0.5,2.0% Ramsey,risk_aversion,combined,0,447.7636985883063,1.2998313623009434
2900,euler_ramsey,0.5,2.5% Ramsey,risk_aversion,combined,0,314.19066513422484,1.2929810213521746
2901,euler_ramsey,0.5,1.5% Ramsey,risk_aversion,combined,0,-114.52315360392625,1.221779671551159
2901,euler_ramsey,0.5,2.0% Ramsey,risk_aversion,combined,0,-94.47912498748457,1.215462123481346
2901,euler_ramsey,0.5,2.5% Ramsey,risk_aversion,combined,0,-63.28868721859261,1.1970866928107855
2902,euler_ramsey,0.5,1.5% Ramsey,risk_aversion,combined,0,-23.851961672426082,0.5103073626121913
2902,euler_ramsey,0.5,2.0% Ramsey,risk_aversion,combined,0,-49.6158001537344,0.4172503079533631
2902,euler_ramsey,0.5,2.5% Ramsey,risk_aversion,combined,0,-50.09138437380811,0.35309335502424744
2903,euler_ramsey,0.5,1.5% Ramsey,risk_aversion,combined,0,-75.26424337090413,0.3313775281226958
2903,euler_ramsey,0.5,2.0% Ramsey,risk_aversion,combined,0,-67.49091561089051,0.24570246212437208
2903,euler_ramsey,0.5,2.5% Ramsey,risk_aversion,combined,0,-53.85342451081642,0.19276316450092307
2904,euler_ramsey,0.5,1.5% Ramsey,risk_aversion,combined,0,563.8635755831506,0.6100425726987433
2904,euler_ramsey,0.5,2.0% Ramsey,risk_aversion,combined,0,404.6359355077141,0.5188334066015677
2904,euler_ramsey,0.5,2.5% Ramsey,risk_aversion,combined,0,271.7567052926113,0.4526156298842425
2905,euler_ramsey,0.5,1.5% Ramsey,risk_aversion,combined,0,173.17559378068577,0.7096886945027182
2905,euler_ramsey,0.5,2.0% Ramsey,risk_aversion,combined,0,168.3223906445482,0.6249517611358858
2905,euler_ramsey,0.5,2.5% Ramsey,risk_aversion,combined,0,148.80263662251602,0.5600904054638394
2906,euler_ramsey,0.5,1.5% Ramsey,risk_aversion,combined,0,-593.6642108363004,0.6717548593532853
2906,euler_ramsey,0.5,2.0% Ramsey,risk_aversion,combined,0,-428.2771828184069,0.5842457453506125
2906,euler_ramsey,0.5,2.5% Ramsey,risk_aversion,combined,0,-289.8443426945492,0.5185974247949587
2907,euler_ramsey,0.5,1.5% Ramsey,risk_aversion,combined,0,519.6205864946694,1.6230958177048276
2907,euler_ramsey,0.5,2.0% Ramsey,risk_aversion,combined,0,366.3491115087066,1.7221726612141224
2907,euler_ramsey,0.5,2.5% Ramsey,risk_aversion,combined,0,267.10811293327043,1.782905533388491
2908,euler_ramsey,0.5,1.5% Ramsey,risk_aversion,combined,0,1202.9721882632775,0.32844683537612074
2908,euler_ramsey,0.5,2.0% Ramsey,risk_aversion,combined,0,807.3993820009065,0.2430946428783815
2908,euler_ramsey,0.5,2.5% Ramsey,risk_aversion,combined,0,553.8540728489625,0.19046016672988383
2909,euler_ramsey,0.5,1.5% Ramsey,risk_aversion,combined,0,3980.950495223843,0.3652459389477242
2909,euler_ramsey,0.5,2.0% Ramsey,risk_aversion,combined,0,3013.167522086762,0.2769161294062357
2909,euler_ramsey,0.5,2.5% Ramsey,risk_aversion,combined,0,2017.922928272147,0.22103963177004732
2910,euler_ramsey,0.5,1.5% Ramsey,risk_aversion,combined,0,1647.5730565512515,0.618786913139317
2910,euler_ramsey,0.5,2.0% Ramsey,risk_aversion,combined,0,1334.6313033728338,0.5288717086740109
2910,euler_ramsey,0.5,2.5% Ramsey,risk_aversion,combined,0,985.3631528574576,0.46323465729108465
2911,euler_ramsey,0.5,1.5% Ramsey,risk_aversion,combined,0,623.1289863296163,1.1197708171425378
2911,euler_ramsey,0.5,2.0% Ramsey,risk_aversion,combined,0,479.0610128583762,1.0928410721545376
2911,euler_ramsey,0.5,2.5% Ramsey,risk_aversion,combined,0,371.0770196639163,1.0605746043418098
2912,euler_ramsey,0.5,1.5% Ramsey,risk_aversion,combined,0,146.06254879232836,1.9729395224263282
2912,euler_ramsey,0.5,2.0% Ramsey,risk_aversion,combined,0,105.9931659833538,2.187609639653415
2912,euler_ramsey,0.5,2.5% Ramsey,risk_aversion,combined,0,78.58786430717157,2.3432830902894106
2913,euler_ramsey,0.5,1.5% Ramsey,risk_aversion,combined,0,1830.2673594550772,0.721541744950084
2913,euler_ramsey,0.5,2.0% Ramsey,risk_aversion,combined,0,1622.521532061458,0.6382548498992532
2913,euler_ramsey,0.5,2.5% Ramsey,risk_aversion,combined,0,1296.4843880788396,0.5740958641064104
2914,euler_ramsey,0.5,1.5% Ramsey,risk_aversion,combined,0,-122.92651389896024,0.5902035260908176
2914,euler_ramsey,0.5,2.0% Ramsey,risk_aversion,combined,0,-96.85566145922942,0.49873254850082616
2914,euler_ramsey,0.5,2.5% Ramsey,risk_aversion,combined,0,-70.08289936490503,0.4329405864633755
2915,euler_ramsey,0.5,1.5% Ramsey,risk_aversion,combined,0,662.7202310657722,1.4295580374227717
2915,euler_ramsey,0.5,2.0% Ramsey,risk_aversion,combined,0,564.4668626050552,1.474408745387173
2915,euler_ramsey,0.5,2.5% Ramsey,risk_aversion,combined,0,442.14964182940207,1.4933859186286127
2916,euler_ramsey,0.5,1.5% Ramsey,risk_aversion,combined,0,2493.682248540899,0.3788294516482716
2916,euler_ramsey,0.5,2.0% Ramsey,risk_aversion,combined,0,657.7937873068752,0.2897421097665976
2916,euler_ramsey,0.5,2.5% Ramsey,risk_aversion,combined,0,331.8907197278802,0.23286178394771379
2917,euler_ramsey,0.5,1.5% Ramsey,risk_aversion,combined,0,550.7927621989046,0.8993484426968268
2917,euler_ramsey,0.5,2.0% Ramsey,risk_aversion,combined,0,472.40160958158316,0.836631176748969
2917,euler_ramsey,0.5,2.5% Ramsey,risk_aversion,combined,0,389.24115793707347,0.7824147538349961
2918,euler_ramsey,0.5,1.5% Ramsey,risk_aversion,combined,0,373.03681008865055,1.0639040915165772
2918,euler_ramsey,0.5,2.0% Ramsey,risk_aversion,combined,0,298.2066648453489,1.027121839162464
2918,euler_ramsey,0.5,2.5% Ramsey,risk_aversion,combined,0,218.44139926443637,0.988534565526313
2919,euler_ramsey,0.5,1.5% Ramsey,risk_aversion,combined,0,200.69084128718023,1.3999223813136785
2919,euler_ramsey,0.5,2.0% Ramsey,risk_aversion,combined,0,157.241954195905,1.4370920250064827
2919,euler_ramsey,0.5,2.5% Ramsey,risk_aversion,combined,0,119.93806824841859,1.4503232315132775
2920,euler_ramsey,0.5,1.5% Ramsey,risk_aversion,combined,0,6289.682014889637,0.13763048069788378
2920,euler_ramsey,0.5,2.0% Ramsey,risk_aversion,combined,0,4983.225730684961,0.08377636434876123
2920,euler_ramsey,0.5,2.5% Ramsey,risk_aversion,combined,0,3473.011741706889,0.05642650900565075
2921,euler_ramsey,0.5,1.5% Ramsey,risk_aversion,combined,0,664.8662328222957,0.24684102513054654
2921,euler_ramsey,0.5,2.0% Ramsey,risk_aversion,combined,0,170.1839785885295,0.17128705943802966
2921,euler_ramsey,0.5,2.5% Ramsey,risk_aversion,combined,0,79.90349957104387,0.12766739974023208
2922,euler_ramsey,0.5,1.5% Ramsey,risk_aversion,combined,0,265.9598683994112,1.1058704807071138
2922,euler_ramsey,0.5,2.0% Ramsey,risk_aversion,combined,0,219.62920062074997,1.0759620713988107
2922,euler_ramsey,0.5,2.5% Ramsey,risk_aversion,combined,0,170.18269730714147,1.0416687249947192
2923,euler_ramsey,0.5,1.5% Ramsey,risk_aversion,combined,0,106.47428601091038,0.7026612658795274
2923,euler_ramsey,0.5,2.0% Ramsey,risk_aversion,combined,0,98.07210265201277,0.6181925547352082
2923,euler_ramsey,0.5,2.5% Ramsey,risk_aversion,combined,0,78.92178583665633,0.5536905463168231
2924,euler_ramsey,0.5,1.5% Ramsey,risk_aversion,combined,0,83.29803110727978,1.7355157944137027
2924,euler_ramsey,0.5,2.0% Ramsey,risk_aversion,combined,0,54.34593735421753,1.8695044425356597
2924,euler_ramsey,0.5,2.5% Ramsey,risk_aversion,combined,0,37.437991871090595,1.9582795594038658
2925,euler_ramsey,0.5,1.5% Ramsey,risk_aversion,combined,0,434.78879798081664,0.6218668401173968
2925,euler_ramsey,0.5,2.0% Ramsey,risk_aversion,combined,0,383.457910986754,0.5316985261899114
2925,euler_ramsey,0.5,2.5% Ramsey,risk_aversion,combined,0,301.3531843984323,0.46577757015296506
2926,euler_ramsey,0.5,1.5% Ramsey,risk_aversion,combined,0,2574.3091914820516,0.5211768436934774
2926,euler_ramsey,0.5,2.0% Ramsey,risk_aversion,combined,0,2058.992512008285,0.42836882134136917
2926,euler_ramsey,0.5,2.5% Ramsey,risk_aversion,combined,0,1464.1302168928564,0.36399814748508663
2927,euler_ramsey,0.5,1.5% Ramsey,risk_aversion,combined,0,124.5137499634215,2.1323184893369174
2927,euler_ramsey,0.5,2.0% Ramsey,risk_aversion,combined,0,86.40337977973505,2.4059989668620734
2927,euler_ramsey,0.5,2.5% Ramsey,risk_aversion,combined,0,61.05050233874078,2.6122136042030286
2928,euler_ramsey,0.5,1.5% Ramsey,risk_aversion,combined,0,348.6792199062738,0.5607137533654991
2928,euler_ramsey,0.5,2.0% Ramsey,risk_aversion,combined,0,238.02271431975723,0.4679179680744641
2928,euler_ramsey,0.5,2.5% Ramsey,risk_aversion,combined,0,156.62321604880916,0.4022513125417564
2929,euler_ramsey,0.5,1.5% Ramsey,risk_aversion,combined,0,235.08370203283033,1.6569022214070823
2929,euler_ramsey,0.5,2.0% Ramsey,risk_aversion,combined,0,185.85930829218046,1.7663236263368363
2929,euler_ramsey,0.5,2.5% Ramsey,risk_aversion,combined,0,139.09200981048554,1.835349557557378
2930,euler_ramsey,0.5,1.5% Ramsey,risk_aversion,combined,0,753.3611199141883,1.973975144633477
2930,euler_ramsey,0.5,2.0% Ramsey,risk_aversion,combined,0,479.8953586602761,2.1901650190352373
2930,euler_ramsey,0.5,2.5% Ramsey,risk_aversion,combined,0,305.6828937849214,2.3474465072004285
2931,euler_ramsey,0.5,1.5% Ramsey,risk_aversion,combined,0,198.14466508179328,1.949279245892419
2931,euler_ramsey,0.5,2.0% Ramsey,risk_aversion,combined,0,143.86075572968525,2.1555403512973457
2931,euler_ramsey,0.5,2.5% Ramsey,risk_aversion,combined,0,103.86712920818754,2.3040900199475374
2932,euler_ramsey,0.5,1.5% Ramsey,risk_aversion,combined,0,3129.9038141691767,0.7393304750385403
2932,euler_ramsey,0.5,2.0% Ramsey,risk_aversion,combined,0,2909.7609085841773,0.6582783026269384
2932,euler_ramsey,0.5,2.5% Ramsey,risk_aversion,combined,0,2322.7667642716383,0.595133519599969
2933,euler_ramsey,0.5,1.5% Ramsey,risk_aversion,combined,0,114.21243280234991,1.5460133264172593
2933,euler_ramsey,0.5,2.0% Ramsey,risk_aversion,combined,0,91.6979006494577,1.6228548392733404
2933,euler_ramsey,0.5,2.5% Ramsey,risk_aversion,combined,0,71.96040760259712,1.666224482127969
2934,euler_ramsey,0.5,1.5% Ramsey,risk_aversion,combined,0,502.8178013372519,1.3313258873304181
2934,euler_ramsey,0.5,2.0% Ramsey,risk_aversion,combined,0,394.0040822691821,1.3507686994761867
2934,euler_ramsey,0.5,2.5% Ramsey,risk_aversion,combined,0,293.79867546757686,1.3508436690040477
2935,euler_ramsey,0.5,1.5% Ramsey,risk_aversion,combined,0,556.0012750692755,0.8131866844824511
2935,euler_ramsey,0.5,2.0% Ramsey,risk_aversion,combined,0,460.1561700355039,0.7389656250665663
2935,euler_ramsey,0.5,2.5% Ramsey,risk_aversion,combined,0,355.39101137315674,0.6786355626572944
2936,euler_ramsey,0.5,1.5% Ramsey,risk_aversion,combined,0,83.76749331847182,0.680984541975235
2936,euler_ramsey,0.5,2.0% Ramsey,risk_aversion,combined,0,60.14058227617931,0.5937209842191226
2936,euler_ramsey,0.5,2.5% Ramsey,risk_aversion,combined,0,44.720558035011145,0.5279852103462339
2937,euler_ramsey,0.5,1.5% Ramsey,risk_aversion,combined,0,1554.33701601895,0.8713932040542541
2937,euler_ramsey,0.5,2.0% Ramsey,risk_aversion,combined,0,1343.1151747930146,0.8044500272786811
2937,euler_ramsey,0.5,2.5% Ramsey,risk_aversion,combined,0,1023.976000217531,0.7479197666078555
2938,euler_ramsey,0.5,1.5% Ramsey,risk_aversion,combined,0,1370.0558517735046,0.8821031264155093
2938,euler_ramsey,0.5,2.0% Ramsey,risk_aversion,combined,0,992.5357510052348,0.8153001916426387
2938,euler_ramsey,0.5,2.5% Ramsey,risk_aversion,combined,0,650.946214312395,0.7585667912987588
2939,euler_ramsey,0.5,1.5% Ramsey,risk_aversion,combined,0,502.1260098885465,1.6634485171413107
2939,euler_ramsey,0.5,2.0% Ramsey,risk_aversion,combined,0,361.7412128476383,1.775106033698703
2939,euler_ramsey,0.5,2.5% Ramsey,risk_aversion,combined,0,261.6739849538176,1.8460483049539305
2940,euler_ramsey,0.5,1.5% Ramsey,risk_aversion,combined,0,-77.60092289635556,0.808895125792734
2940,euler_ramsey,0.5,2.0% Ramsey,risk_aversion,combined,0,-34.523946250287956,0.7346090829067679
2940,euler_ramsey,0.5,2.5% Ramsey,risk_aversion,combined,0,-7.348200424298978,0.6743231779668345
2941,euler_ramsey,0.5,1.5% Ramsey,risk_aversion,combined,0,240.6586552436981,1.0402777638846266
2941,euler_ramsey,0.5,2.0% Ramsey,risk_aversion,combined,0,237.064966722056,0.9984148071311947
2941,euler_ramsey,0.5,2.5% Ramsey,risk_aversion,combined,0,210.649250043284,0.9565034311383909
2942,euler_ramsey,0.5,1.5% Ramsey,risk_aversion,combined,0,485.2063768231068,0.8530687536207927
2942,euler_ramsey,0.5,2.0% Ramsey,risk_aversion,combined,0,391.46675138218177,0.7832202984739065
2942,euler_ramsey,0.5,2.5% Ramsey,risk_aversion,combined,0,295.8477305158999,0.7249859376447121
2943,euler_ramsey,0.5,1.5% Ramsey,risk_aversion,combined,0,463.54838652368005,1.5806133305981034
2943,euler_ramsey,0.5,2.0% Ramsey,risk_aversion,combined,0,308.05756575161627,1.6675767777270065
2943,euler_ramsey,0.5,2.5% Ramsey,risk_aversion,combined,0,213.21753915500065,1.7189305822575593
2944,euler_ramsey,0.5,1.5% Ramsey,risk_aversion,combined,0,114.98485482417581,0.6327842788362529
2944,euler_ramsey,0.5,2.0% Ramsey,risk_aversion,combined,0,89.41795059630536,0.5428947099327648
2944,euler_ramsey,0.5,2.5% Ramsey,risk_aversion,combined,0,66.60679037775925,0.4768333390270527
2945,euler_ramsey,0.5,1.5% Ramsey,risk_aversion,combined,0,306.00785818966835,1.9334254266134538
2945,euler_ramsey,0.5,2.0% Ramsey,risk_aversion,combined,0,228.27011111444617,2.1341508036740455
2945,euler_ramsey,0.5,2.5% Ramsey,risk_aversion,combined,0,164.43417593194852,2.278108707101263
2946,euler_ramsey,0.5,1.5% Ramsey,risk_aversion,combined,0,157.55515503679325,1.873936372683575
2946,euler_ramsey,0.5,2.0% Ramsey,risk_aversion,combined,0,76.18862325966637,2.053913383033445
2946,euler_ramsey,0.5,2.5% Ramsey,risk_aversion,combined,0,46.984232884148525,2.1804041713175666
2947,euler_ramsey,0.5,1.5% Ramsey,risk_aversion,combined,0,-1418.2244216345698,0.8039528983560115
2947,euler_ramsey,0.5,2.0% Ramsey,risk_aversion,combined,0,-1322.2616552265538,0.728499483708302
2947,euler_ramsey,0.5,2.5% Ramsey,risk_aversion,combined,0,-1044.3271165287101,0.6675343334834533
2948,euler_ramsey,0.5,1.5% Ramsey,risk_aversion,combined,0,467.44890407855223,1.4261686908921072
2948,euler_ramsey,0.5,2.0% Ramsey,risk_aversion,combined,0,390.8743082101266,1.4723116061478005
2948,euler_ramsey,0.5,2.5% Ramsey,risk_aversion,combined,0,300.7528068078866,1.4926966699623685
2949,euler_ramsey,0.5,1.5% Ramsey,risk_aversion,combined,0,615.8320927119933,0.7066881623856455
2949,euler_ramsey,0.5,2.0% Ramsey,risk_aversion,combined,0,383.9754998183557,0.6224475418441539
2949,euler_ramsey,0.5,2.5% Ramsey,risk_aversion,combined,0,255.14217313282194,0.5580308709637783
2950,euler_ramsey,0.5,1.5% Ramsey,risk_aversion,combined,0,88.4216183983238,1.1207724446842948
2950,euler_ramsey,0.5,2.0% Ramsey,risk_aversion,combined,0,61.98468514687896,1.0948252079993448
2950,euler_ramsey,0.5,2.5% Ramsey,risk_aversion,combined,0,43.235269025852624,1.0633181363800315
2951,euler_ramsey,0.5,1.5% Ramsey,risk_aversion,combined,0,-722.7005825096527,0.3890005798283842
2951,euler_ramsey,0.5,2.0% Ramsey,risk_aversion,combined,0,-642.8207198597571,0.29915875562130045
2951,euler_ramsey,0.5,2.5% Ramsey,risk_aversion,combined,0,-485.2418425028406,0.2414369757276767
2952,euler_ramsey,0.5,1.5% Ramsey,risk_aversion,combined,0,-670.5572922136519,0.30507314052701695
2952,euler_ramsey,0.5,2.0% Ramsey,risk_aversion,combined,0,-520.9987266219517,0.22205359447744943
2952,euler_ramsey,0.5,2.5% Ramsey,risk_aversion,combined,0,-372.7610897805216,0.1717359726383123
2953,euler_ramsey,0.5,1.5% Ramsey,risk_aversion,combined,0,516.1987677470162,0.8908831675805903
2953,euler_ramsey,0.5,2.0% Ramsey,risk_aversion,combined,0,336.142457865197,0.826938293723534
2953,euler_ramsey,0.5,2.5% Ramsey,risk_aversion,combined,0,209.31248857634193,0.7721579147597709
2954,euler_ramsey,0.5,1.5% Ramsey,risk_aversion,combined,0,1788.982804276797,0.4818099901396857
2954,euler_ramsey,0.5,2.0% Ramsey,risk_aversion,combined,0,1131.5180382904518,0.38898708031984575
2954,euler_ramsey,0.5,2.5% Ramsey,risk_aversion,combined,0,781.2316995204536,0.3259823853488078
2955,euler_ramsey,0.5,1.5% Ramsey,risk_aversion,combined,0,-241.27076341128873,0.38487252467154026
2955,euler_ramsey,0.5,2.0% Ramsey,risk_aversion,combined,0,-218.22873930992344,0.2952880389824385
2955,euler_ramsey,0.5,2.5% Ramsey,risk_aversion,combined,0,-170.49912685038234,0.2378797899052677
2956,euler_ramsey,0.5,1.5% Ramsey,risk_aversion,combined,0,644.8954741360448,1.8732253685624538
2956,euler_ramsey,0.5,2.0% Ramsey,risk_aversion,combined,0,490.5842770467671,2.0532461628393506
2956,euler_ramsey,0.5,2.5% Ramsey,risk_aversion,combined,0,357.11278214844646,2.1799886800112476
2957,euler_ramsey,0.5,1.5% Ramsey,risk_aversion,combined,0,385.5877502232847,0.9318143248380378
2957,euler_ramsey,0.5,2.0% Ramsey,risk_aversion,combined,0,347.6795300588996,0.8724106550588636
2957,euler_ramsey,0.5,2.5% Ramsey,risk_aversion,combined,0,282.64902658862707,0.819887619426806
2958,euler_ramsey,0.5,1.5% Ramsey,risk_aversion,combined,0,398.56953514053305,0.908148115746593
2958,euler_ramsey,0.5,2.0% Ramsey,risk_aversion,combined,0,353.83419175641313,0.8450861563234764
2958,euler_ramsey,0.5,2.5% Ramsey,risk_aversion,combined,0,285.267275082514,0.7904546840391893
2959,euler_ramsey,0.5,1.5% Ramsey,risk_aversion,combined,0,994.8008927437484,0.3967730578590993
2959,euler_ramsey,0.5,2.0% Ramsey,risk_aversion,combined,0,810.0587909257998,0.30671773632664806
2959,euler_ramsey,0.5,2.5% Ramsey,risk_aversion,combined,0,652.3373025021499,0.2485508971230855
2960,euler_ramsey,0.5,1.5% Ramsey,risk_aversion,combined,0,279.69317507943305,0.3934929473240835
2960,euler_ramsey,0.5,2.0% Ramsey,risk_aversion,combined,0,133.02614496182034,0.3032405070585808
2960,euler_ramsey,0.5,2.5% Ramsey,risk_aversion,combined,0,62.261367935732935,0.24511387281450353
2961,euler_ramsey,0.5,1.5% Ramsey,risk_aversion,combined,0,150.0903545006337,1.7938682019637429
2961,euler_ramsey,0.5,2.0% Ramsey,risk_aversion,combined,0,115.22602888057817,1.946960225914981
2961,euler_ramsey,0.5,2.5% Ramsey,risk_aversion,combined,0,90.4809655983036,2.051273143285423
2962,euler_ramsey,0.5,1.5% Ramsey,risk_aversion,combined,0,151.63979555266076,0.7018213023232822
2962,euler_ramsey,0.5,2.0% Ramsey,risk_aversion,combined,0,81.03062579528587,0.6159914368112344
2962,euler_ramsey,0.5,2.5% Ramsey,risk_aversion,combined,0,50.71255090079455,0.5506259562277477
2963,euler_ramsey,0.5,1.5% Ramsey,risk_aversion,combined,0,595.6362624731263,0.6916551445493639
2963,euler_ramsey,0.5,2.0% Ramsey,risk_aversion,combined,0,412.5103852211448,0.6050901510944182
2963,euler_ramsey,0.5,2.5% Ramsey,risk_aversion,combined,0,292.26459491073746,0.5395191154664655
2964,euler_ramsey,0.5,1.5% Ramsey,risk_aversion,combined,0,1109.9431291375527,0.31833656938109
2964,euler_ramsey,0.5,2.0% Ramsey,risk_aversion,combined,0,750.3493319294902,0.23393290384979587
2964,euler_ramsey,0.5,2.5% Ramsey,risk_aversion,combined,0,514.828724377089,0.18226882709511405
2965,euler_ramsey,0.5,1.5% Ramsey,risk_aversion,combined,0,2116.8916182118587,0.36674123621326304
2965,euler_ramsey,0.5,2.0% Ramsey,risk_aversion,combined,0,2086.4036375219584,0.2783598845682813
2965,euler_ramsey,0.5,2.5% Ramsey,risk_aversion,combined,0,1725.7681484842135,0.22238686653407264
2966,euler_ramsey,0.5,1.5% Ramsey,risk_aversion,combined,0,-298.09237059802973,0.4503379548734445
2966,euler_ramsey,0.5,2.0% Ramsey,risk_aversion,combined,0,-267.2428435477837,0.35795298930522845
2966,euler_ramsey,0.5,2.5% Ramsey,risk_aversion,combined,0,-217.54330705470073,0.29635683023986076
2967,euler_ramsey,0.5,1.5% Ramsey,risk_aversion,combined,0,2139.8529891407147,0.5189271209767091
2967,euler_ramsey,0.5,2.0% Ramsey,risk_aversion,combined,0,1842.7460487078922,0.42603842923283
2967,euler_ramsey,0.5,2.5% Ramsey,risk_aversion,combined,0,1408.6139521265957,0.3616956911120733
2968,euler_ramsey,0.5,1.5% Ramsey,risk_aversion,combined,0,5879.724369806938,0.37168784533255206
2968,euler_ramsey,0.5,2.0% Ramsey,risk_aversion,combined,0,6050.8783974648395,0.28341848617439247
2968,euler_ramsey,0.5,2.5% Ramsey,risk_aversion,combined,0,5105.469085461323,0.22727334415552797
2969,euler_ramsey,0.5,1.5% Ramsey,risk_aversion,combined,0,912.5304295332793,0.6407568357490624
2969,euler_ramsey,0.5,2.0% Ramsey,risk_aversion,combined,0,525.8538706780715,0.5522744566379433
2969,euler_ramsey,0.5,2.5% Ramsey,risk_aversion,combined,0,310.1488708278313,0.48687752397289563
2970,euler_ramsey,0.5,1.5% Ramsey,risk_aversion,combined,0,529.3678351338953,1.8795106777759605
2970,euler_ramsey,0.5,2.0% Ramsey,risk_aversion,combined,0,308.0827848366408,2.061683854225424
2970,euler_ramsey,0.5,2.5% Ramsey,risk_aversion,combined,0,198.07216221296048,2.190147057170068
2971,euler_ramsey,0.5,1.5% Ramsey,risk_aversion,combined,0,1306.9391471652223,0.8428178410323085
2971,euler_ramsey,0.5,2.0% Ramsey,risk_aversion,combined,0,1008.3938276813321,0.7731789429119128
2971,euler_ramsey,0.5,2.5% Ramsey,risk_aversion,combined,0,744.902063273139,0.71541201179041
2972,euler_ramsey,0.5,1.5% Ramsey,risk_aversion,combined,0,518.9707270448787,1.110146021537228
2972,euler_ramsey,0.5,2.0% Ramsey,risk_aversion,combined,0,427.112283352466,1.081227774007514
2972,euler_ramsey,0.5,2.5% Ramsey,risk_aversion,combined,0,330.8903054532127,1.0476194646757857
2973,euler_ramsey,0.5,1.5% Ramsey,risk_aversion,combined,0,244.50118801286877,0.4587943926288886
2973,euler_ramsey,0.5,2.0% Ramsey,risk_aversion,combined,0,177.45072085404948,0.3659797805836524
2973,euler_ramsey,0.5,2.5% Ramsey,risk_aversion,combined,0,115.59867365268526,0.30383042200572796
2974,euler_ramsey,0.5,1.5% Ramsey,risk_aversion,combined,0,394.80649026574787,1.312287174487504
2974,euler_ramsey,0.5,2.0% Ramsey,risk_aversion,combined,0,325.9069941693783,1.327578476554031
2974,euler_ramsey,0.5,2.5% Ramsey,risk_aversion,combined,0,255.30876674566306,1.3247184241605388
2975,euler_ramsey,0.5,1.5% Ramsey,risk_aversion,combined,0,-22.67434944094298,0.5796007972479317
2975,euler_ramsey,0.5,2.0% Ramsey,risk_aversion,combined,0,-24.08533735933887,0.48763799732213886
2975,euler_ramsey,0.5,2.5% Ramsey,risk_aversion,combined,0,-21.774770277288237,0.42187288305182946
2976,euler_ramsey,0.5,1.5% Ramsey,risk_aversion,combined,0,5705.855515231787,0.21026635784703657
2976,euler_ramsey,0.5,2.0% Ramsey,risk_aversion,combined,0,3791.536622465395,0.14092217318668124
2976,euler_ramsey,0.5,2.5% Ramsey,risk_aversion,combined,0,2484.698053728209,0.10226199817059041
2977,euler_ramsey,0.5,1.5% Ramsey,risk_aversion,combined,0,365.29488819329674,1.3894015869348841
2977,euler_ramsey,0.5,2.0% Ramsey,risk_aversion,combined,0,269.9560163091008,1.4237947242219562
2977,euler_ramsey,0.5,2.5% Ramsey,risk_aversion,combined,0,188.99625695438831,1.4349247676911876
2978,euler_ramsey,0.5,1.5% Ramsey,risk_aversion,combined,0,-9.374137994751276,0.8321093380550881
2978,euler_ramsey,0.5,2.0% Ramsey,risk_aversion,combined,0,-8.399396234796145,0.7588952871936245
2978,euler_ramsey,0.5,2.5% Ramsey,risk_aversion,combined,0,-6.260437942136369,0.6987856359148309
2979,euler_ramsey,0.5,1.5% Ramsey,risk_aversion,combined,0,2035.8408887315427,0.48158013932302024
2979,euler_ramsey,0.5,2.0% Ramsey,risk_aversion,combined,0,1651.7988937273417,0.3886060618066554
2979,euler_ramsey,0.5,2.5% Ramsey,risk_aversion,combined,0,1270.3531520770787,0.3255241812428969
2980,euler_ramsey,0.5,1.5% Ramsey,risk_aversion,combined,0,-285.2488295408819,0.5447515290071454
2980,euler_ramsey,0.5,2.0% Ramsey,risk_aversion,combined,0,-230.32663251178832,0.4517696160948322
2980,euler_ramsey,0.5,2.5% Ramsey,risk_aversion,combined,0,-177.9157270065604,0.38650215366334895
2981,euler_ramsey,0.5,1.5% Ramsey,risk_aversion,combined,0,223.65486426218874,1.6724357241401635
2981,euler_ramsey,0.5,2.0% Ramsey,risk_aversion,combined,0,156.74850743017925,1.7868212921348385
2981,euler_ramsey,0.5,2.5% Ramsey,risk_aversion,combined,0,110.3570812452247,1.8598308351864221
2982,euler_ramsey,0.5,1.5% Ramsey,risk_aversion,combined,0,-186.5574120990252,1.2110352356275764
2982,euler_ramsey,0.5,2.0% Ramsey,risk_aversion,combined,0,-101.88300224310657,1.2036755438741626
2982,euler_ramsey,0.5,2.5% Ramsey,risk_aversion,combined,0,-56.8145781204608,1.184767485906929
2983,euler_ramsey,0.5,1.5% Ramsey,risk_aversion,combined,0,-54.43895432524052,0.7689922769026906
2983,euler_ramsey,0.5,2.0% Ramsey,risk_aversion,combined,0,-55.77560031403804,0.6897969316430621
2983,euler_ramsey,0.5,2.5% Ramsey,risk_aversion,combined,0,-46.904460163427075,0.6271287870115775
2984,euler_ramsey,0.5,1.5% Ramsey,risk_aversion,combined,0,1038.6943054707258,1.9979074638840153
2984,euler_ramsey,0.5,2.0% Ramsey,risk_aversion,combined,0,631.1659182664888,2.221837057333908
2984,euler_ramsey,0.5,2.5% Ramsey,risk_aversion,combined,0,384.42765333518446,2.38542444114856
2985,euler_ramsey,0.5,1.5% Ramsey,risk_aversion,combined,0,-28.663115635949286,1.2624643965271949
2985,euler_ramsey,0.5,2.0% Ramsey,risk_aversion,combined,0,-20.28488009285047,1.2663948480118226
2985,euler_ramsey,0.5,2.5% Ramsey,risk_aversion,combined,0,-9.257874867043796,1.2554225566249477
2986,euler_ramsey,0.5,1.5% Ramsey,risk_aversion,combined,0,347.8575449679954,0.9407722491794244
2986,euler_ramsey,0.5,2.0% Ramsey,risk_aversion,combined,0,268.6236441868702,0.8824324767938955
2986,euler_ramsey,0.5,2.5% Ramsey,risk_aversion,combined,0,203.9040466908742,0.8304531647418595
2987,euler_ramsey,0.5,1.5% Ramsey,risk_aversion,combined,0,298.29413465708654,1.0666499745201417
2987,euler_ramsey,0.5,2.0% Ramsey,risk_aversion,combined,0,257.58502437683677,1.0294982949562268
2987,euler_ramsey,0.5,2.5% Ramsey,risk_aversion,combined,0,214.34025364582166,0.9905258834951377
2988,euler_ramsey,0.5,1.5% Ramsey,risk_aversion,combined,0,495.9715868615824,0.5971894818133164
2988,euler_ramsey,0.5,2.0% Ramsey,risk_aversion,combined,0,367.8397670896887,0.5059361522903948
2988,euler_ramsey,0.5,2.5% Ramsey,risk_aversion,combined,0,246.57446805101625,0.44007182432706243
2989,euler_ramsey,0.5,1.5% Ramsey,risk_aversion,combined,0,-566.0502856709693,0.8713240558333316
2989,euler_ramsey,0.5,2.0% Ramsey,risk_aversion,combined,0,-460.05771653356976,0.8035975520806268
2989,euler_ramsey,0.5,2.5% Ramsey,risk_aversion,combined,0,-336.9958157002401,0.7464398159458019
2990,euler_ramsey,0.5,1.5% Ramsey,risk_aversion,combined,0,2595.488503707107,0.4957213573087975
2990,euler_ramsey,0.5,2.0% Ramsey,risk_aversion,combined,0,1554.6544577833008,0.40299880265080784
2990,euler_ramsey,0.5,2.5% Ramsey,risk_aversion,combined,0,932.9318439065654,0.33955331861022214
2991,euler_ramsey,0.5,1.5% Ramsey,risk_aversion,combined,0,2191.310112994167,0.5247636301605677
2991,euler_ramsey,0.5,2.0% Ramsey,risk_aversion,combined,0,1651.1139501107396,0.4316528901289653
2991,euler_ramsey,0.5,2.5% Ramsey,risk_aversion,combined,0,1084.3438064711845,0.36697600541395253
2992,euler_ramsey,0.5,1.5% Ramsey,risk_aversion,combined,0,281.89801325558267,1.750922851296106
2992,euler_ramsey,0.5,2.0% Ramsey,risk_aversion,combined,0,208.17079218788325,1.8901616383151905
2992,euler_ramsey,0.5,2.5% Ramsey,risk_aversion,combined,0,146.73477468486962,1.9832699286129483
2993,euler_ramsey,0.5,1.5% Ramsey,risk_aversion,combined,0,538.0574526728615,1.3597964111242735
2993,euler_ramsey,0.5,2.0% Ramsey,risk_aversion,combined,0,449.85954053558413,1.3867618681824487
2993,euler_ramsey,0.5,2.5% Ramsey,risk_aversion,combined,0,355.38876557753525,1.3924343855276795
2994,euler_ramsey,0.5,1.5% Ramsey,risk_aversion,combined,0,314.25793817964336,1.2970453356154443
2994,euler_ramsey,0.5,2.0% Ramsey,risk_aversion,combined,0,253.58118166023604,1.3093745966918737
2994,euler_ramsey,0.5,2.5% Ramsey,risk_aversion,combined,0,196.62381406827782,1.304545129081951
2995,euler_ramsey,0.5,1.5% Ramsey,risk_aversion,combined,0,-102.71757315213894,0.8152791223857649
2995,euler_ramsey,0.5,2.0% Ramsey,risk_aversion,combined,0,-86.37963949617452,0.7407264992257884
2995,euler_ramsey,0.5,2.5% Ramsey,risk_aversion,combined,0,-62.513574181128824,0.6800975815994844
2996,euler_ramsey,0.5,1.5% Ramsey,risk_aversion,combined,0,555.1202337276226,0.9310584337285788
2996,euler_ramsey,0.5,2.0% Ramsey,risk_aversion,combined,0,453.08086477349326,0.8720241968684261
2996,euler_ramsey,0.5,2.5% Ramsey,risk_aversion,combined,0,326.7815207829653,0.8197550348600113
2997,euler_ramsey,0.5,1.5% Ramsey,risk_aversion,combined,0,243.12821771564998,0.5343429126567146
2997,euler_ramsey,0.5,2.0% Ramsey,risk_aversion,combined,0,194.38742007142847,0.4411845113512264
2997,euler_ramsey,0.5,2.5% Ramsey,risk_aversion,combined,0,147.17130226844915,0.3761620612104687
2998,euler_ramsey,0.5,1.5% Ramsey,risk_aversion,combined,0,-112.6191381200418,0.49206828678561304
2998,euler_ramsey,0.5,2.0% Ramsey,risk_aversion,combined,0,-71.67961073694282,0.3987609405769551
2998,euler_ramsey,0.5,2.5% Ramsey,risk_aversion,combined,0,-45.59258312309576,0.3351071296316272
2999,euler_ramsey,0.5,1.5% Ramsey,risk_aversion,combined,0,175.84693722256816,1.956845312175204
2999,euler_ramsey,0.5,2.0% Ramsey,risk_aversion,combined,0,123.50950856624789,2.1658291676389125
2999,euler_ramsey,0.5,2.5% Ramsey,risk_aversion,combined,0,84.45174461811486,2.3167141605492496
3000,euler_ramsey,0.5,1.5% Ramsey,risk_aversion,combined,0,1490.3503308599643,1.0814469836473783
3000,euler_ramsey,0.5,2.0% Ramsey,risk_aversion,combined,0,1145.4139588936334,1.0481060439415588
3000,euler_ramsey,0.5,2.5% Ramsey,risk_aversion,combined,0,812.766854164979,1.011833837313751
3001,euler_ramsey,0.5,1.5% Ramsey,risk_aversion,combined,0,674.1230834939369,1.916472988671681
3001,euler_ramsey,0.5,2.0% Ramsey,risk_aversion,combined,0,509.9601384817265,2.1123771624936767
3001,euler_ramsey,0.5,2.5% Ramsey,risk_aversion,combined,0,371.3446598503511,2.2526566691638066
3002,euler_ramsey,0.5,1.5% Ramsey,risk_aversion,combined,0,521.1189547904321,0.46044809146070204
3002,euler_ramsey,0.5,2.0% Ramsey,risk_aversion,combined,0,455.81424115476415,0.36764042873086505
3002,euler_ramsey,0.5,2.5% Ramsey,risk_aversion,combined,0,368.56986862374,0.30543455712751283
3003,euler_ramsey,0.5,1.5% Ramsey,risk_aversion,combined,0,1223.932508097611,0.6147701437855175
3003,euler_ramsey,0.5,2.0% Ramsey,risk_aversion,combined,0,2243.1579388871173,0.5244140345668352
3003,euler_ramsey,0.5,2.5% Ramsey,risk_aversion,combined,0,2980.244105808383,0.4586047337280255
3004,euler_ramsey,0.5,1.5% Ramsey,risk_aversion,combined,0,2061.039051477291,0.8136892777593768
3004,euler_ramsey,0.5,2.0% Ramsey,risk_aversion,combined,0,1540.5524621763836,0.7417392219439358
3004,euler_ramsey,0.5,2.5% Ramsey,risk_aversion,combined,0,1105.8327304887682,0.683097820506997
3005,euler_ramsey,0.5,1.5% Ramsey,risk_aversion,combined,0,-181.89411361581165,0.947491309300854
3005,euler_ramsey,0.5,2.0% Ramsey,risk_aversion,combined,0,-161.81008290420033,0.8900455350470841
3005,euler_ramsey,0.5,2.5% Ramsey,risk_aversion,combined,0,-108.84719603064421,0.8385774728453228
3006,euler_ramsey,0.5,1.5% Ramsey,risk_aversion,combined,0,-704.0883457492756,0.3954007895332426
3006,euler_ramsey,0.5,2.0% Ramsey,risk_aversion,combined,0,-580.9062494008581,0.3052381630907024
3006,euler_ramsey,0.5,2.5% Ramsey,risk_aversion,combined,0,-445.0375896863198,0.2470683523075388
3007,euler_ramsey,0.5,1.5% Ramsey,risk_aversion,combined,0,1299.2970956867446,1.332424249827031
3007,euler_ramsey,0.5,2.0% Ramsey,risk_aversion,combined,0,961.3441737095095,1.3528941447526452
3007,euler_ramsey,0.5,2.5% Ramsey,risk_aversion,combined,0,642.4958079795563,1.3538508155427456
3008,euler_ramsey,0.5,1.5% Ramsey,risk_aversion,combined,0,1231.1597704880762,1.0450286419689063
3008,euler_ramsey,0.5,2.0% Ramsey,risk_aversion,combined,0,904.294404398513,1.0044294146663901
3008,euler_ramsey,0.5,2.5% Ramsey,risk_aversion,combined,0,639.7944081729734,0.9633549934457473
3009,euler_ramsey,0.5,1.5% Ramsey,risk_aversion,combined,0,137.50725429996197,2.007947424808781
3009,euler_ramsey,0.5,2.0% Ramsey,risk_aversion,combined,0,103.61323837025309,2.234916610963403
3009,euler_ramsey,0.5,2.5% Ramsey,risk_aversion,combined,0,77.02936478460981,2.401091102712394
3010,euler_ramsey,0.5,1.5% Ramsey,risk_aversion,combined,0,342.9462393209678,1.0770128001069814
3010,euler_ramsey,0.5,2.0% Ramsey,risk_aversion,combined,0,265.25236973090335,1.0418385508153454
3010,euler_ramsey,0.5,2.5% Ramsey,risk_aversion,combined,0,194.44475604662864,1.0041420527509817
3011,euler_ramsey,0.5,1.5% Ramsey,risk_aversion,combined,0,973.3121241772416,0.3863069666820325
3011,euler_ramsey,0.5,2.0% Ramsey,risk_aversion,combined,0,333.13301217180157,0.29650899047922646
3011,euler_ramsey,0.5,2.5% Ramsey,risk_aversion,combined,0,176.07541184861404,0.23893369594874958
3012,euler_ramsey,0.5,1.5% Ramsey,risk_aversion,combined,0,-22.95308463823263,1.3880112688908939
3012,euler_ramsey,0.5,2.0% Ramsey,risk_aversion,combined,0,-20.54285326094093,1.4214793264753713
3012,euler_ramsey,0.5,2.5% Ramsey,risk_aversion,combined,0,-14.201177939554558,1.4318133617476931
3013,euler_ramsey,0.5,1.5% Ramsey,risk_aversion,combined,0,1154.2420369145677,1.2689928060086308
3013,euler_ramsey,0.5,2.0% Ramsey,risk_aversion,combined,0,942.2134021427659,1.2755145187855728
3013,euler_ramsey,0.5,2.5% Ramsey,risk_aversion,combined,0,737.2725268512896,1.2665696645267936
3014,euler_ramsey,0.5,1.5% Ramsey,risk_aversion,combined,0,156.6697678196701,3.2061395560430084
3014,euler_ramsey,0.5,2.0% Ramsey,risk_aversion,combined,0,130.18635796817134,3.9650957790208183
3014,euler_ramsey,0.5,2.5% Ramsey,risk_aversion,combined,0,101.44463230951752,4.621513916866856
3015,euler_ramsey,0.5,1.5% Ramsey,risk_aversion,combined,0,-46.57750201800837,0.9592141336929991
3015,euler_ramsey,0.5,2.0% Ramsey,risk_aversion,combined,0,-44.61282806416128,0.9036566917700714
3015,euler_ramsey,0.5,2.5% Ramsey,risk_aversion,combined,0,-30.092502918695615,0.8532741898595669
3016,euler_ramsey,0.5,1.5% Ramsey,risk_aversion,combined,0,74.95184314694237,0.7662856638648616
3016,euler_ramsey,0.5,2.0% Ramsey,risk_aversion,combined,0,81.79698877654226,0.6864116078542888
3016,euler_ramsey,0.5,2.5% Ramsey,risk_aversion,combined,0,76.93344366855112,0.6233599691280144
3017,euler_ramsey,0.5,1.5% Ramsey,risk_aversion,combined,0,1309.9518632693855,0.7864148989820999
3017,euler_ramsey,0.5,2.0% Ramsey,risk_aversion,combined,0,955.4858487500669,0.7087462701478549
3017,euler_ramsey,0.5,2.5% Ramsey,risk_aversion,combined,0,654.1483137609238,0.6467141403718443
3018,euler_ramsey,0.5,1.5% Ramsey,risk_aversion,combined,0,-250.3633580276301,0.30626838260932876
3018,euler_ramsey,0.5,2.0% Ramsey,risk_aversion,combined,0,-69.62250684100967,0.22309313821947377
3018,euler_ramsey,0.5,2.5% Ramsey,risk_aversion,combined,0,6.630782796601367,0.1726419321690654
3019,euler_ramsey,0.5,1.5% Ramsey,risk_aversion,combined,0,718.3174914570948,0.8457414304908045
3019,euler_ramsey,0.5,2.0% Ramsey,risk_aversion,combined,0,595.5677870492229,0.774627743672829
3019,euler_ramsey,0.5,2.5% Ramsey,risk_aversion,combined,0,437.0138402094844,0.7156852926534435
3020,euler_ramsey,0.5,1.5% Ramsey,risk_aversion,combined,0,414.34745706228205,1.2031924014074022
3020,euler_ramsey,0.5,2.0% Ramsey,risk_aversion,combined,0,373.07269934625447,1.1937777054927083
3020,euler_ramsey,0.5,2.5% Ramsey,risk_aversion,combined,0,298.3835344039871,1.1735370451272669
3021,euler_ramsey,0.5,1.5% Ramsey,risk_aversion,combined,0,1011.907989500085,0.36320590063417907
3021,euler_ramsey,0.5,2.0% Ramsey,risk_aversion,combined,0,708.6282191256802,0.2749048884505465
3021,euler_ramsey,0.5,2.5% Ramsey,risk_aversion,combined,0,500.6806283939926,0.21913747910671413
3022,euler_ramsey,0.5,1.5% Ramsey,risk_aversion,combined,0,489.8075961380097,1.0851300477302137
3022,euler_ramsey,0.5,2.0% Ramsey,risk_aversion,combined,0,371.79961992618706,1.051841544014807
3022,euler_ramsey,0.5,2.5% Ramsey,risk_aversion,combined,0,276.59622480876163,1.01545456196066
3023,euler_ramsey,0.5,1.5% Ramsey,risk_aversion,combined,0,4086.108430358091,0.5074687528218301
3023,euler_ramsey,0.5,2.0% Ramsey,risk_aversion,combined,0,2582.33842751207,0.41479377726039834
3023,euler_ramsey,0.5,2.5% Ramsey,risk_aversion,combined,0,1540.4324054674519,0.3509678488612545
3024,euler_ramsey,0.5,1.5% Ramsey,risk_aversion,combined,0,398.24352375061153,1.9009275321059036
3024,euler_ramsey,0.5,2.0% Ramsey,risk_aversion,combined,0,341.0991160591556,2.090803653778995
3024,euler_ramsey,0.5,2.5% Ramsey,risk_aversion,combined,0,277.4234449887455,2.2258136380254534
3025,euler_ramsey,0.5,1.5% Ramsey,risk_aversion,combined,0,206.0197372863791,1.8698629372155031
3025,euler_ramsey,0.5,2.0% Ramsey,risk_aversion,combined,0,129.3951579451122,2.0485202308613735
3025,euler_ramsey,0.5,2.5% Ramsey,risk_aversion,combined,0,88.39728448769,2.174019193818362
3026,euler_ramsey,0.5,1.5% Ramsey,risk_aversion,combined,0,658.1415602262009,1.096191350220958
3026,euler_ramsey,0.5,2.0% Ramsey,risk_aversion,combined,0,488.7885148656269,1.0656253662800181
3026,euler_ramsey,0.5,2.5% Ramsey,risk_aversion,combined,0,353.785180033799,1.0311721362217747
3027,euler_ramsey,0.5,1.5% Ramsey,risk_aversion,combined,0,764.4268272286718,1.874112391602937
3027,euler_ramsey,0.5,2.0% Ramsey,risk_aversion,combined,0,642.3182895817451,2.0563045119109775
3027,euler_ramsey,0.5,2.5% Ramsey,risk_aversion,combined,0,504.06574992825483,2.185259834277774
3028,euler_ramsey,0.5,1.5% Ramsey,risk_aversion,combined,0,236.3782042358589,2.419792614790846
3028,euler_ramsey,0.5,2.0% Ramsey,risk_aversion,combined,0,189.67686035297683,2.8092297080068556
3028,euler_ramsey,0.5,2.5% Ramsey,risk_aversion,combined,0,148.60447665863785,3.1180676101199225
3029,euler_ramsey,0.5,1.5% Ramsey,risk_aversion,combined,0,392.11449240545096,1.888814687107583
3029,euler_ramsey,0.5,2.0% Ramsey,risk_aversion,combined,0,326.8334066896875,2.0740039276786444
3029,euler_ramsey,0.5,2.5% Ramsey,risk_aversion,combined,0,262.24213519741477,2.2051078147525525
3030,euler_ramsey,0.5,1.5% Ramsey,risk_aversion,combined,0,-770.0720903174376,0.5389894606551754
3030,euler_ramsey,0.5,2.0% Ramsey,risk_aversion,combined,0,-518.2403008353092,0.4458202628041645
3030,euler_ramsey,0.5,2.5% Ramsey,risk_aversion,combined,0,-340.19526224957787,0.38063505489696053
3031,euler_ramsey,0.5,1.5% Ramsey,risk_aversion,combined,0,465.7045245371601,0.9495888003306644
3031,euler_ramsey,0.5,2.0% Ramsey,risk_aversion,combined,0,268.03269871517824,0.8928606858468627
3031,euler_ramsey,0.5,2.5% Ramsey,risk_aversion,combined,0,170.49587473489595,0.8418643169907188
3032,euler_ramsey,0.5,1.5% Ramsey,risk_aversion,combined,0,1182.7447240696786,0.3253683772972472
3032,euler_ramsey,0.5,2.0% Ramsey,risk_aversion,combined,0,859.7983461769136,0.24035764433177675
3032,euler_ramsey,0.5,2.5% Ramsey,risk_aversion,combined,0,600.5951214646828,0.18804183173746247
3033,euler_ramsey,0.5,1.5% Ramsey,risk_aversion,combined,0,334.30485595319334,0.3847845735180819
3033,euler_ramsey,0.5,2.0% Ramsey,risk_aversion,combined,0,288.13718008243734,0.2952052628755233
3033,euler_ramsey,0.5,2.5% Ramsey,risk_aversion,combined,0,218.6809091055776,0.23780472042901038
3034,euler_ramsey,0.5,1.5% Ramsey,risk_aversion,combined,0,836.6674389104759,1.0815305976710035
3034,euler_ramsey,0.5,2.0% Ramsey,risk_aversion,combined,0,666.1711579718307,1.0481991473089105
3034,euler_ramsey,0.5,2.5% Ramsey,risk_aversion,combined,0,485.66194977078044,1.0118683861279631
3035,euler_ramsey,0.5,1.5% Ramsey,risk_aversion,combined,0,11078.558246072258,0.13150985113750618
3035,euler_ramsey,0.5,2.0% Ramsey,risk_aversion,combined,0,7733.143727344496,0.07937909006980137
3035,euler_ramsey,0.5,2.5% Ramsey,risk_aversion,combined,0,5486.657324831157,0.05312651373775634
3036,euler_ramsey,0.5,1.5% Ramsey,risk_aversion,combined,0,6.294653063708011,1.5093267302258577
3036,euler_ramsey,0.5,2.0% Ramsey,risk_aversion,combined,0,13.197151929724614,1.5756841942010757
3036,euler_ramsey,0.5,2.5% Ramsey,risk_aversion,combined,0,19.064004902836558,1.6109673290651068
3037,euler_ramsey,0.5,1.5% Ramsey,risk_aversion,combined,0,693.6980972571671,0.45317986572630664
3037,euler_ramsey,0.5,2.0% Ramsey,risk_aversion,combined,0,580.1775276072968,0.36051976270239916
3037,euler_ramsey,0.5,2.5% Ramsey,risk_aversion,combined,0,437.3739750720226,0.29867238445423944
3038,euler_ramsey,0.5,1.5% Ramsey,risk_aversion,combined,0,1391.2848840411084,0.7816415039374448
3038,euler_ramsey,0.5,2.0% Ramsey,risk_aversion,combined,0,655.6700610919997,0.7031187355701788
3038,euler_ramsey,0.5,2.5% Ramsey,risk_aversion,combined,0,345.72694172647834,0.6405951019898066
3039,euler_ramsey,0.5,1.5% Ramsey,risk_aversion,combined,0,1609.6517643211328,1.090877932334141
3039,euler_ramsey,0.5,2.0% Ramsey,risk_aversion,combined,0,925.6658610785968,1.0590188995664733
3039,euler_ramsey,0.5,2.5% Ramsey,risk_aversion,combined,0,564.0099414011715,1.0236195162366264
3040,euler_ramsey,0.5,1.5% Ramsey,risk_aversion,combined,0,959.9914901269132,0.5808193843867603
3040,euler_ramsey,0.5,2.0% Ramsey,risk_aversion,combined,0,831.2602626524612,0.4888016251414537
3040,euler_ramsey,0.5,2.5% Ramsey,risk_aversion,combined,0,666.7877200500377,0.42297822158264764
3041,euler_ramsey,0.5,1.5% Ramsey,risk_aversion,combined,0,-62.36057426597123,0.6450542096001518
3041,euler_ramsey,0.5,2.0% Ramsey,risk_aversion,combined,0,-59.384205016251514,0.555839575040051
3041,euler_ramsey,0.5,2.5% Ramsey,risk_aversion,combined,0,-50.153760705681286,0.4898476658249077
3042,euler_ramsey,0.5,1.5% Ramsey,risk_aversion,combined,0,1088.0590823048046,0.5923591158886236
3042,euler_ramsey,0.5,2.0% Ramsey,risk_aversion,combined,0,724.6310671402186,0.500534384174308
3042,euler_ramsey,0.5,2.5% Ramsey,risk_aversion,combined,0,472.87982179442446,0.4344720645348519
3043,euler_ramsey,0.5,1.5% Ramsey,risk_aversion,combined,0,1017.0094530242806,0.7504015106854938
3043,euler_ramsey,0.5,2.0% Ramsey,risk_aversion,combined,0,689.5860321691188,0.668933270014292
3043,euler_ramsey,0.5,2.5% Ramsey,risk_aversion,combined,0,444.37799088292314,0.6052059711397958
3044,euler_ramsey,0.5,1.5% Ramsey,risk_aversion,combined,0,853.2079024401687,0.465572015950042
3044,euler_ramsey,0.5,2.0% Ramsey,risk_aversion,combined,0,718.4163322147442,0.37274072337753406
3044,euler_ramsey,0.5,2.5% Ramsey,risk_aversion,combined,0,556.3660516339926,0.3103292084393074
3045,euler_ramsey,0.5,1.5% Ramsey,risk_aversion,combined,0,428.1149642472355,1.314719509683129
3045,euler_ramsey,0.5,2.0% Ramsey,risk_aversion,combined,0,369.08439509276513,1.330636812823845
3045,euler_ramsey,0.5,2.5% Ramsey,risk_aversion,combined,0,298.52947316108987,1.3283318469267604
3046,euler_ramsey,0.5,1.5% Ramsey,risk_aversion,combined,0,2020.6959840975767,1.0934734977104117
3046,euler_ramsey,0.5,2.0% Ramsey,risk_aversion,combined,0,1487.2297218374392,1.0625833885261484
3046,euler_ramsey,0.5,2.5% Ramsey,risk_aversion,combined,0,1031.7549462827947,1.0278777533374965
3047,euler_ramsey,0.5,1.5% Ramsey,risk_aversion,combined,0,350.3383847253443,0.8860644861120612
3047,euler_ramsey,0.5,2.0% Ramsey,risk_aversion,combined,0,231.55553262839513,0.8198432568290906
3047,euler_ramsey,0.5,2.5% Ramsey,risk_aversion,combined,0,150.22817827674885,0.7634082333922071
3048,euler_ramsey,0.5,1.5% Ramsey,risk_aversion,combined,0,948.6685921357686,1.9104699821265614
3048,euler_ramsey,0.5,2.0% Ramsey,risk_aversion,combined,0,704.0142598208075,2.1053647265675433
3048,euler_ramsey,0.5,2.5% Ramsey,risk_aversion,combined,0,509.2071282717721,2.244990154721527
3049,euler_ramsey,0.5,1.5% Ramsey,risk_aversion,combined,0,13.211568832964709,1.2119235055825734
3049,euler_ramsey,0.5,2.0% Ramsey,risk_aversion,combined,0,5.279554720844971,1.2045724751190545
3049,euler_ramsey,0.5,2.5% Ramsey,risk_aversion,combined,0,13.896433015633937,1.185640237769252
3050,euler_ramsey,0.5,1.5% Ramsey,risk_aversion,combined,0,3075.877460440168,0.2552078625933231
3050,euler_ramsey,0.5,2.0% Ramsey,risk_aversion,combined,0,1411.1311913924817,0.1784250647171617
3050,euler_ramsey,0.5,2.5% Ramsey,risk_aversion,combined,0,697.3320579735414,0.13376066827184185
3051,euler_ramsey,0.5,1.5% Ramsey,risk_aversion,combined,0,694.4662895809222,0.956311265644254
3051,euler_ramsey,0.5,2.0% Ramsey,risk_aversion,combined,0,526.5276927256892,0.9004659083122334
3051,euler_ramsey,0.5,2.5% Ramsey,risk_aversion,combined,0,375.1801217832452,0.849954652382475
3052,euler_ramsey,0.5,1.5% Ramsey,risk_aversion,combined,0,434.75483810440267,1.8629543302033746
3052,euler_ramsey,0.5,2.0% Ramsey,risk_aversion,combined,0,293.90270579478204,2.039231351857101
3052,euler_ramsey,0.5,2.5% Ramsey,risk_aversion,combined,0,205.89275773630527,2.16275757530946
3053,euler_ramsey,0.5,1.5% Ramsey,risk_aversion,combined,0,822.7621097887165,0.9851332837285798
3053,euler_ramsey,0.5,2.0% Ramsey,risk_aversion,combined,0,751.0497416670701,0.9351343684940453
3053,euler_ramsey,0.5,2.5% Ramsey,risk_aversion,combined,0,596.9865792080633,0.8883531307488446
3054,euler_ramsey,0.5,1.5% Ramsey,risk_aversion,combined,0,87.15154177950681,0.8563832372378057
3054,euler_ramsey,0.5,2.0% Ramsey,risk_aversion,combined,0,64.18865894004242,0.786484072890908
3054,euler_ramsey,0.5,2.5% Ramsey,risk_aversion,combined,0,43.90484340910589,0.7281626091264848
3055,euler_ramsey,0.5,1.5% Ramsey,risk_aversion,combined,0,734.74332651777,1.1517300681661398
3055,euler_ramsey,0.5,2.0% Ramsey,risk_aversion,combined,0,628.9213553382582,1.1318549969610243
3055,euler_ramsey,0.5,2.5% Ramsey,risk_aversion,combined,0,481.18006617426215,1.104517645108986
3056,euler_ramsey,0.5,1.5% Ramsey,risk_aversion,combined,0,1256.2381701613351,0.32585844559937893
3056,euler_ramsey,0.5,2.0% Ramsey,risk_aversion,combined,0,1123.6594883133114,0.24071722455320663
3056,euler_ramsey,0.5,2.5% Ramsey,risk_aversion,combined,0,870.82315941921,0.18831541360003604
3057,euler_ramsey,0.5,1.5% Ramsey,risk_aversion,combined,0,825.7318089432872,0.8284775708155855
3057,euler_ramsey,0.5,2.0% Ramsey,risk_aversion,combined,0,691.0626449587087,0.7557028410080283
3057,euler_ramsey,0.5,2.5% Ramsey,risk_aversion,combined,0,516.5439901415534,0.696015681229482
3058,euler_ramsey,0.5,1.5% Ramsey,risk_aversion,combined,0,1014.2447746703704,0.16301089406304098
3058,euler_ramsey,0.5,2.0% Ramsey,risk_aversion,combined,0,372.1454193959949,0.10304131224498062
3058,euler_ramsey,0.5,2.5% Ramsey,risk_aversion,combined,0,203.40444015120102,0.07145501963568264
3059,euler_ramsey,0.5,1.5% Ramsey,risk_aversion,combined,0,889.9138850699329,0.6010682215510545
3059,euler_ramsey,0.5,2.0% Ramsey,risk_aversion,combined,0,708.9574049639762,0.5103360949356187
3059,euler_ramsey,0.5,2.5% Ramsey,risk_aversion,combined,0,520.9483078049203,0.44468857675968637
3060,euler_ramsey,0.5,1.5% Ramsey,risk_aversion,combined,0,926.3022896027662,0.6018605085405871
3060,euler_ramsey,0.5,2.0% Ramsey,risk_aversion,combined,0,672.0121702387133,0.5111846357071855
3060,euler_ramsey,0.5,2.5% Ramsey,risk_aversion,combined,0,467.79637840634814,0.4455436887336784
3061,euler_ramsey,0.5,1.5% Ramsey,risk_aversion,combined,0,-386.8845910489436,0.6603658133266508
3061,euler_ramsey,0.5,2.0% Ramsey,risk_aversion,combined,0,-309.28954031059055,0.5724456576155299
3061,euler_ramsey,0.5,2.5% Ramsey,risk_aversion,combined,0,-235.95709319966747,0.5068435739651255
3062,euler_ramsey,0.5,1.5% Ramsey,risk_aversion,combined,0,804.7060469806175,1.0834374837547738
3062,euler_ramsey,0.5,2.0% Ramsey,risk_aversion,combined,0,466.70257266372636,1.0496963292223915
3062,euler_ramsey,0.5,2.5% Ramsey,risk_aversion,combined,0,290.5343281408823,1.0129834128589048
3063,euler_ramsey,0.5,1.5% Ramsey,risk_aversion,combined,0,274.2249379734818,3.077342404262295
3063,euler_ramsey,0.5,2.0% Ramsey,risk_aversion,combined,0,284.28792964707003,3.771595052414784
3063,euler_ramsey,0.5,2.5% Ramsey,risk_aversion,combined,0,258.7315052771841,4.365635618241232
3064,euler_ramsey,0.5,1.5% Ramsey,risk_aversion,combined,0,838.4840891436999,1.1757597933884067
3064,euler_ramsey,0.5,2.0% Ramsey,risk_aversion,combined,0,768.6644286608071,1.1606460440059652
3064,euler_ramsey,0.5,2.5% Ramsey,risk_aversion,combined,0,614.7353531171713,1.1365189008058487
3065,euler_ramsey,0.5,1.5% Ramsey,risk_aversion,combined,0,87.04032446185407,0.5728842783736032
3065,euler_ramsey,0.5,2.0% Ramsey,risk_aversion,combined,0,31.37316656237002,0.4805613690718832
3065,euler_ramsey,0.5,2.5% Ramsey,risk_aversion,combined,0,16.0154393368166,0.41479165732702056
3066,euler_ramsey,0.5,1.5% Ramsey,risk_aversion,combined,0,172.83651783217175,2.2244626392165303
3066,euler_ramsey,0.5,2.0% Ramsey,risk_aversion,combined,0,115.27138617160769,2.534072329876743
3066,euler_ramsey,0.5,2.5% Ramsey,risk_aversion,combined,0,84.14721326970106,2.771823232706376
3067,euler_ramsey,0.5,1.5% Ramsey,risk_aversion,combined,0,-393.92526372566437,0.7187199073443146
3067,euler_ramsey,0.5,2.0% Ramsey,risk_aversion,combined,0,-345.7845389971111,0.6348812741441667
3067,euler_ramsey,0.5,2.5% Ramsey,risk_aversion,combined,0,-267.1244943172343,0.5703681441497737
3068,euler_ramsey,0.5,1.5% Ramsey,risk_aversion,combined,0,249.10585787658184,0.8879695079841845
3068,euler_ramsey,0.5,2.0% Ramsey,risk_aversion,combined,0,219.5892518978311,0.8230309695401824
3068,euler_ramsey,0.5,2.5% Ramsey,risk_aversion,combined,0,174.21632521226147,0.7675093119616844
3069,euler_ramsey,0.5,1.5% Ramsey,risk_aversion,combined,0,280.9069018947344,0.9299878197862138
3069,euler_ramsey,0.5,2.0% Ramsey,risk_aversion,combined,0,315.32406666403244,0.8704624695387203
3069,euler_ramsey,0.5,2.5% Ramsey,risk_aversion,combined,0,297.2160137365763,0.8178394076459459
3070,euler_ramsey,0.5,1.5% Ramsey,risk_aversion,combined,0,247.24542574060817,0.5324738088364567
3070,euler_ramsey,0.5,2.0% Ramsey,risk_aversion,combined,0,119.45946741556577,0.4392169221388377
3070,euler_ramsey,0.5,2.5% Ramsey,risk_aversion,combined,0,64.13907759124743,0.37419764606563466
3071,euler_ramsey,0.5,1.5% Ramsey,risk_aversion,combined,0,773.1972083858313,1.1041699358958448
3071,euler_ramsey,0.5,2.0% Ramsey,risk_aversion,combined,0,631.5289113791306,1.0749694010610884
3071,euler_ramsey,0.5,2.5% Ramsey,risk_aversion,combined,0,465.33509131035976,1.0413684128462712
3072,euler_ramsey,0.5,1.5% Ramsey,risk_aversion,combined,0,530.4760173299015,1.3422833395143225
3072,euler_ramsey,0.5,2.0% Ramsey,risk_aversion,combined,0,385.65011543130095,1.3643655361345617
3072,euler_ramsey,0.5,2.5% Ramsey,risk_aversion,combined,0,256.6599936179315,1.366356971718022
3073,euler_ramsey,0.5,1.5% Ramsey,risk_aversion,combined,0,975.0557173896558,0.386498399918364
3073,euler_ramsey,0.5,2.0% Ramsey,risk_aversion,combined,0,870.1222037730345,0.2968718558045629
3073,euler_ramsey,0.5,2.5% Ramsey,risk_aversion,combined,0,676.8188908730067,0.23937306784687895
3074,euler_ramsey,0.5,1.5% Ramsey,risk_aversion,combined,0,-0.45986978402416234,0.7248235888073609
3074,euler_ramsey,0.5,2.0% Ramsey,risk_aversion,combined,0,-6.867768971651004,0.6408348150197314
3074,euler_ramsey,0.5,2.5% Ramsey,risk_aversion,combined,0,-9.444641742458622,0.5760697943106367
3075,euler_ramsey,0.5,1.5% Ramsey,risk_aversion,combined,0,960.7604512949367,0.8204269891175431
3075,euler_ramsey,0.5,2.0% Ramsey,risk_aversion,combined,0,729.0207759671648,0.746863799833361
3075,euler_ramsey,0.5,2.5% Ramsey,risk_aversion,combined,0,535.9035076437574,0.6868279552259986
3076,euler_ramsey,0.5,1.5% Ramsey,risk_aversion,combined,0,1684.9374041205592,0.23894428604792614
3076,euler_ramsey,0.5,2.0% Ramsey,risk_aversion,combined,0,683.2239543309244,0.16469608988424084
3076,euler_ramsey,0.5,2.5% Ramsey,risk_aversion,combined,0,389.95577889950596,0.12212589333354645
3077,euler_ramsey,0.5,1.5% Ramsey,risk_aversion,combined,0,831.1376235242831,0.9403511124712721
3077,euler_ramsey,0.5,2.0% Ramsey,risk_aversion,combined,0,593.9543849637037,0.8827823592458578
3077,euler_ramsey,0.5,2.5% Ramsey,risk_aversion,combined,0,397.52905220352204,0.8313690266080492
3078,euler_ramsey,0.5,1.5% Ramsey,risk_aversion,combined,0,2603.319291778704,0.8649329508816614
3078,euler_ramsey,0.5,2.0% Ramsey,risk_aversion,combined,0,2231.316736010146,0.7978835154277736
3078,euler_ramsey,0.5,2.5% Ramsey,risk_aversion,combined,0,1707.7152668029248,0.7414415059464204
3079,euler_ramsey,0.5,1.5% Ramsey,risk_aversion,combined,0,313.60246424955506,0.35993748790157276
3079,euler_ramsey,0.5,2.0% Ramsey,risk_aversion,combined,0,290.69513955936515,0.27192564044006434
3079,euler_ramsey,0.5,2.5% Ramsey,risk_aversion,combined,0,253.74422875957654,0.21645608247880546
3080,euler_ramsey,0.5,1.5% Ramsey,risk_aversion,combined,0,206.81697867457765,2.6063658588431493
3080,euler_ramsey,0.5,2.0% Ramsey,risk_aversion,combined,0,179.36249443337854,3.076712859820096
3080,euler_ramsey,0.5,2.5% Ramsey,risk_aversion,combined,0,146.63821895613373,3.4592420971080964
3081,euler_ramsey,0.5,1.5% Ramsey,risk_aversion,combined,0,803.6004831090728,0.24176751846521816
3081,euler_ramsey,0.5,2.0% Ramsey,risk_aversion,combined,0,323.28837982801,0.16699271095717386
3081,euler_ramsey,0.5,2.5% Ramsey,risk_aversion,combined,0,198.58981831285803,0.12402337207074045
3082,euler_ramsey,0.5,1.5% Ramsey,risk_aversion,combined,0,457.91921808299435,0.812568493116993
3082,euler_ramsey,0.5,2.0% Ramsey,risk_aversion,combined,0,402.521493353988,0.737954604359866
3082,euler_ramsey,0.5,2.5% Ramsey,risk_aversion,combined,0,330.0068504779948,0.6773897765877789
3083,euler_ramsey,0.5,1.5% Ramsey,risk_aversion,combined,0,1188.2712420649368,0.9464332293620149
3083,euler_ramsey,0.5,2.0% Ramsey,risk_aversion,combined,0,995.8839630273919,0.8904896899429537
3083,euler_ramsey,0.5,2.5% Ramsey,risk_aversion,combined,0,740.4674042938311,0.8401833618009268
3084,euler_ramsey,0.5,1.5% Ramsey,risk_aversion,combined,0,655.483748555045,0.5980688323419476
3084,euler_ramsey,0.5,2.0% Ramsey,risk_aversion,combined,0,416.0375885941791,0.5069239552181936
3084,euler_ramsey,0.5,2.5% Ramsey,risk_aversion,combined,0,279.4010792796757,0.44110870041793415
3085,euler_ramsey,0.5,1.5% Ramsey,risk_aversion,combined,0,256.9568968573268,0.9155131590397205
3085,euler_ramsey,0.5,2.0% Ramsey,risk_aversion,combined,0,183.2228451773439,0.8535558659560658
3085,euler_ramsey,0.5,2.5% Ramsey,risk_aversion,combined,0,135.17993431272893,0.7995129957288195
3086,euler_ramsey,0.5,1.5% Ramsey,risk_aversion,combined,0,-82.84059112435415,0.5309313754671623
3086,euler_ramsey,0.5,2.0% Ramsey,risk_aversion,combined,0,-20.966719427797823,0.43786164962281615
3086,euler_ramsey,0.5,2.5% Ramsey,risk_aversion,combined,0,35.010454505429436,0.37300773872708853
3087,euler_ramsey,0.5,1.5% Ramsey,risk_aversion,combined,0,1172.7126447854785,1.077388254556045
3087,euler_ramsey,0.5,2.0% Ramsey,risk_aversion,combined,0,956.3930785449688,1.042901447507322
3087,euler_ramsey,0.5,2.5% Ramsey,risk_aversion,combined,0,723.1537459292063,1.005798461577989
3088,euler_ramsey,0.5,1.5% Ramsey,risk_aversion,combined,0,870.5713733800447,0.4335969172608589
3088,euler_ramsey,0.5,2.0% Ramsey,risk_aversion,combined,0,559.2437482231503,0.3415649793861934
3088,euler_ramsey,0.5,2.5% Ramsey,risk_aversion,combined,0,368.4803587071296,0.2808280858950027
3089,euler_ramsey,0.5,1.5% Ramsey,risk_aversion,combined,0,-90.71055279974023,0.71673336240583
3089,euler_ramsey,0.5,2.0% Ramsey,risk_aversion,combined,0,-47.645453046010985,0.6321971248526567
3089,euler_ramsey,0.5,2.5% Ramsey,risk_aversion,combined,0,-16.818892812199344,0.5672841531235799
3090,euler_ramsey,0.5,1.5% Ramsey,risk_aversion,combined,0,280.3559766992171,1.20909801942903
3090,euler_ramsey,0.5,2.0% Ramsey,risk_aversion,combined,0,216.3701439629542,1.2003530989732603
3090,euler_ramsey,0.5,2.5% Ramsey,risk_aversion,combined,0,161.5987370263816,1.1803724477598132
3091,euler_ramsey,0.5,1.5% Ramsey,risk_aversion,combined,0,1091.6830977047973,0.6912706052043129
3091,euler_ramsey,0.5,2.0% Ramsey,risk_aversion,combined,0,813.3679526629211,0.60519957855364
3091,euler_ramsey,0.5,2.5% Ramsey,risk_aversion,combined,0,576.2688361353396,0.5399839956439159
3092,euler_ramsey,0.5,1.5% Ramsey,risk_aversion,combined,0,245.5194194074967,0.9425520356417146
3092,euler_ramsey,0.5,2.0% Ramsey,risk_aversion,combined,0,184.43609165553718,0.884719048508802
3092,euler_ramsey,0.5,2.5% Ramsey,risk_aversion,combined,0,133.07957022054072,0.8330556047575247
3093,euler_ramsey,0.5,1.5% Ramsey,risk_aversion,combined,0,641.125783121618,2.09957321925983
3093,euler_ramsey,0.5,2.0% Ramsey,risk_aversion,combined,0,517.3413031175484,2.362128201698823
3093,euler_ramsey,0.5,2.5% Ramsey,risk_aversion,combined,0,387.6744645643283,2.5591138039713206
3094,euler_ramsey,0.5,1.5% Ramsey,risk_aversion,combined,0,278.947643854264,1.7666886723980428
3094,euler_ramsey,0.5,2.0% Ramsey,risk_aversion,combined,0,178.53888392015017,1.9109279286950869
3094,euler_ramsey,0.5,2.5% Ramsey,risk_aversion,combined,0,111.95587829159544,2.008053197463949
3095,euler_ramsey,0.5,1.5% Ramsey,risk_aversion,combined,0,306.0006993445515,1.0863698295432478
3095,euler_ramsey,0.5,2.0% Ramsey,risk_aversion,combined,0,238.44930099570055,1.0536269652364287
3095,euler_ramsey,0.5,2.5% Ramsey,risk_aversion,combined,0,172.76098870547685,1.017600946801996
3096,euler_ramsey,0.5,1.5% Ramsey,risk_aversion,combined,0,125.2527436044738,1.9066370395041583
3096,euler_ramsey,0.5,2.0% Ramsey,risk_aversion,combined,0,93.58602068932038,2.0975490116161177
3096,euler_ramsey,0.5,2.5% Ramsey,risk_aversion,combined,0,70.05855228680063,2.2332629970009577
3097,euler_ramsey,0.5,1.5% Ramsey,risk_aversion,combined,0,565.8769099257013,0.8135326712992442
3097,euler_ramsey,0.5,2.0% Ramsey,risk_aversion,combined,0,383.03856390868987,0.7392634345841759
3097,euler_ramsey,0.5,2.5% Ramsey,risk_aversion,combined,0,256.4494744603117,0.6788979290180849
3098,euler_ramsey,0.5,1.5% Ramsey,risk_aversion,combined,0,2413.837181052803,0.503390850530375
3098,euler_ramsey,0.5,2.0% Ramsey,risk_aversion,combined,0,1381.910280235158,0.41046858576607714
3098,euler_ramsey,0.5,2.5% Ramsey,risk_aversion,combined,0,867.3812666474612,0.34664106875444156
3099,euler_ramsey,0.5,1.5% Ramsey,risk_aversion,combined,0,3060.113238776527,0.4673901580516122
3099,euler_ramsey,0.5,2.0% Ramsey,risk_aversion,combined,0,1601.282970784026,0.37495169704455394
3099,euler_ramsey,0.5,2.5% Ramsey,risk_aversion,combined,0,917.5726643963623,0.31269120321600297
3100,euler_ramsey,0.5,1.5% Ramsey,risk_aversion,combined,0,43.41536887899762,1.8260720697427353
3100,euler_ramsey,0.5,2.0% Ramsey,risk_aversion,combined,0,28.603673082350614,1.9900888016604577
3100,euler_ramsey,0.5,2.5% Ramsey,risk_aversion,combined,0,20.305056787656262,2.1033943608129158
3101,euler_ramsey,0.5,1.5% Ramsey,risk_aversion,combined,0,122.03505758237678,0.9464401160751039
3101,euler_ramsey,0.5,2.0% Ramsey,risk_aversion,combined,0,76.18908133423571,0.8888885863891086
3101,euler_ramsey,0.5,2.5% Ramsey,risk_aversion,combined,0,45.36801526012036,0.8373191709947485
3102,euler_ramsey,0.5,1.5% Ramsey,risk_aversion,combined,0,-381.83769654383514,1.556250894442491
3102,euler_ramsey,0.5,2.0% Ramsey,risk_aversion,combined,0,-287.12288894418873,1.636065736340617
3102,euler_ramsey,0.5,2.5% Ramsey,risk_aversion,combined,0,-186.53743874570415,1.6817303252479234
3103,euler_ramsey,0.5,1.5% Ramsey,risk_aversion,combined,0,1260.3006872661645,0.7034006493420984
3103,euler_ramsey,0.5,2.0% Ramsey,risk_aversion,combined,0,1104.8549995482786,0.6179556339960919
3103,euler_ramsey,0.5,2.5% Ramsey,risk_aversion,combined,0,863.2167562618818,0.5528193118959079
3104,euler_ramsey,0.5,1.5% Ramsey,risk_aversion,combined,0,7461.942944341631,0.8661863653691279
3104,euler_ramsey,0.5,2.0% Ramsey,risk_aversion,combined,0,6353.367702398555,0.8011867879214063
3104,euler_ramsey,0.5,2.5% Ramsey,risk_aversion,combined,0,4673.055470357289,0.7462186536471798
3105,euler_ramsey,0.5,1.5% Ramsey,risk_aversion,combined,0,-639.2255540671636,0.3392647610834545
3105,euler_ramsey,0.5,2.0% Ramsey,risk_aversion,combined,0,-501.80967694488504,0.2529207893262573
3105,euler_ramsey,0.5,2.5% Ramsey,risk_aversion,combined,0,-377.03349414804046,0.19926310620670032
3106,euler_ramsey,0.5,1.5% Ramsey,risk_aversion,combined,0,181.68500645585542,0.9565162115779428
3106,euler_ramsey,0.5,2.0% Ramsey,risk_aversion,combined,0,116.05427533773582,0.9007895878066778
3106,euler_ramsey,0.5,2.5% Ramsey,risk_aversion,combined,0,78.58393137644585,0.850345780246568
3107,euler_ramsey,0.5,1.5% Ramsey,risk_aversion,combined,0,756.1169555971464,0.6406416960837247
3107,euler_ramsey,0.5,2.0% Ramsey,risk_aversion,combined,0,526.9432946023511,0.5516698665940138
3107,euler_ramsey,0.5,2.5% Ramsey,risk_aversion,combined,0,355.26020045809,0.4859664324081345
3108,euler_ramsey,0.5,1.5% Ramsey,risk_aversion,combined,0,1069.0597534424808,1.0086660641723624
3108,euler_ramsey,0.5,2.0% Ramsey,risk_aversion,combined,0,987.0242492078602,0.9621751089514743
3108,euler_ramsey,0.5,2.5% Ramsey,risk_aversion,combined,0,784.1583903927316,0.917451391813594
3109,euler_ramsey,0.5,1.5% Ramsey,risk_aversion,combined,0,1028.0668538764164,1.6700229655747285
3109,euler_ramsey,0.5,2.0% Ramsey,risk_aversion,combined,0,821.977323364544,1.7847457284398043
3109,euler_ramsey,0.5,2.5% Ramsey,risk_aversion,combined,0,612.3881187018064,1.8582551277110404
3110,euler_ramsey,0.5,1.5% Ramsey,risk_aversion,combined,0,280.35469856232055,1.6620643292162154
3110,euler_ramsey,0.5,2.0% Ramsey,risk_aversion,combined,0,187.67847994953428,1.7737773546663094
3110,euler_ramsey,0.5,2.5% Ramsey,risk_aversion,combined,0,136.03145238146047,1.8448070871150966
3111,euler_ramsey,0.5,1.5% Ramsey,risk_aversion,combined,0,352.67602482345984,0.715349828089181
3111,euler_ramsey,0.5,2.0% Ramsey,risk_aversion,combined,0,287.5101936541106,0.6308888696102648
3111,euler_ramsey,0.5,2.5% Ramsey,risk_aversion,combined,0,226.51265700680764,0.5660884564717936
3112,euler_ramsey,0.5,1.5% Ramsey,risk_aversion,combined,0,2705.02719017265,0.26482404588695346
3112,euler_ramsey,0.5,2.0% Ramsey,risk_aversion,combined,0,1034.6685357192976,0.186786989903085
3112,euler_ramsey,0.5,2.5% Ramsey,risk_aversion,combined,0,555.0877796835108,0.1409950816231103
3113,euler_ramsey,0.5,1.5% Ramsey,risk_aversion,combined,0,-1241.793393378103,0.18694462852580432
3113,euler_ramsey,0.5,2.0% Ramsey,risk_aversion,combined,0,-675.5760048328498,0.12186556185149004
3113,euler_ramsey,0.5,2.5% Ramsey,risk_aversion,combined,0,-319.78052182148093,0.08654566243427807
3114,euler_ramsey,0.5,1.5% Ramsey,risk_aversion,combined,0,4613.920201695106,0.1701598978913006
3114,euler_ramsey,0.5,2.0% Ramsey,risk_aversion,combined,0,1473.4843301643066,0.10865004365234952
3114,euler_ramsey,0.5,2.5% Ramsey,risk_aversion,combined,0,749.853449120989,0.07593782507322147
3115,euler_ramsey,0.5,1.5% Ramsey,risk_aversion,combined,0,677.5511380884623,1.813911384148789
3115,euler_ramsey,0.5,2.0% Ramsey,risk_aversion,combined,0,536.9847439242544,1.9740451213097334
3115,euler_ramsey,0.5,2.5% Ramsey,risk_aversion,combined,0,399.30487044873826,2.0843157437438906
3116,euler_ramsey,0.5,1.5% Ramsey,risk_aversion,combined,0,347.7392383193539,2.634918492050439
3116,euler_ramsey,0.5,2.0% Ramsey,risk_aversion,combined,0,296.87174401115396,3.1185664724611755
3116,euler_ramsey,0.5,2.5% Ramsey,risk_aversion,combined,0,235.13667981770806,3.5135282293110235
3117,euler_ramsey,0.5,1.5% Ramsey,risk_aversion,combined,0,127.68665060117966,0.5645618931927096
3117,euler_ramsey,0.5,2.0% Ramsey,risk_aversion,combined,0,86.94745043412107,0.47204303410229054
3117,euler_ramsey,0.5,2.5% Ramsey,risk_aversion,combined,0,62.21203792396324,0.4064322161220514
3118,euler_ramsey,0.5,1.5% Ramsey,risk_aversion,combined,0,492.2699152457693,0.6872829337488324
3118,euler_ramsey,0.5,2.0% Ramsey,risk_aversion,combined,0,356.07130135064426,0.6004132538371384
3118,euler_ramsey,0.5,2.5% Ramsey,risk_aversion,combined,0,246.9105346191096,0.5347615036924237
3119,euler_ramsey,0.5,1.5% Ramsey,risk_aversion,combined,0,167.43163347855625,2.176760401758381
3119,euler_ramsey,0.5,2.0% Ramsey,risk_aversion,combined,0,112.75834517642564,2.4676051664870564
3119,euler_ramsey,0.5,2.5% Ramsey,risk_aversion,combined,0,79.18459368791159,2.6888534311078036
3120,euler_ramsey,0.5,1.5% Ramsey,risk_aversion,combined,0,265.7569665520624,2.002560817084032
3120,euler_ramsey,0.5,2.0% Ramsey,risk_aversion,combined,0,213.73823307815152,2.2281488113284498
3120,euler_ramsey,0.5,2.5% Ramsey,risk_aversion,combined,0,164.02361179923778,2.393211288969212
3121,euler_ramsey,0.5,1.5% Ramsey,risk_aversion,combined,0,793.1190145937213,1.2911607220502055
3121,euler_ramsey,0.5,2.0% Ramsey,risk_aversion,combined,0,540.514362861055,1.3024870142028457
3121,euler_ramsey,0.5,2.5% Ramsey,risk_aversion,combined,0,368.0673539939923,1.296902569455741
3122,euler_ramsey,0.5,1.5% Ramsey,risk_aversion,combined,0,107.2567786453726,1.358314296586059
3122,euler_ramsey,0.5,2.0% Ramsey,risk_aversion,combined,0,70.08724346728735,1.3850535983901544
3122,euler_ramsey,0.5,2.5% Ramsey,risk_aversion,combined,0,49.0470402798192,1.390557543951336
3123,euler_ramsey,0.5,1.5% Ramsey,risk_aversion,combined,0,-694.5222050207775,0.37702474733068253
3123,euler_ramsey,0.5,2.0% Ramsey,risk_aversion,combined,0,-412.37883437803697,0.2878299946435848
3123,euler_ramsey,0.5,2.5% Ramsey,risk_aversion,combined,0,-253.9397599007774,0.23097334340007142
3124,euler_ramsey,0.5,1.5% Ramsey,risk_aversion,combined,0,-432.63509520387737,0.8810965763708182
3124,euler_ramsey,0.5,2.0% Ramsey,risk_aversion,combined,0,-318.43022331384105,0.8146992472121632
3124,euler_ramsey,0.5,2.5% Ramsey,risk_aversion,combined,0,-219.98037089524308,0.758247441083087
3125,euler_ramsey,0.5,1.5% Ramsey,risk_aversion,combined,0,1794.7756399243178,1.2727053569821491
3125,euler_ramsey,0.5,2.0% Ramsey,risk_aversion,combined,0,1121.737552860081,1.2798554372815234
3125,euler_ramsey,0.5,2.5% Ramsey,risk_aversion,combined,0,730.7148048155577,1.2713275712864873
3126,euler_ramsey,0.5,1.5% Ramsey,risk_aversion,combined,0,1197.7297743024274,0.5327753718419492
3126,euler_ramsey,0.5,2.0% Ramsey,risk_aversion,combined,0,1034.2868163283647,0.4402868409692645
3126,euler_ramsey,0.5,2.5% Ramsey,risk_aversion,combined,0,786.9205838959751,0.37572377703968823
3127,euler_ramsey,0.5,1.5% Ramsey,risk_aversion,combined,0,4696.789119832747,0.1278098555262853
3127,euler_ramsey,0.5,2.0% Ramsey,risk_aversion,combined,0,3004.171111524473,0.07651094247498362
3127,euler_ramsey,0.5,2.5% Ramsey,risk_aversion,combined,0,1982.963531309208,0.05087183788275357
3128,euler_ramsey,0.5,1.5% Ramsey,risk_aversion,combined,0,-246.89375809025555,0.7017452958052386
3128,euler_ramsey,0.5,2.0% Ramsey,risk_aversion,combined,0,-215.03001820196548,0.6162791093031815
3128,euler_ramsey,0.5,2.5% Ramsey,risk_aversion,combined,0,-161.92768261453548,0.5511463286952674
3129,euler_ramsey,0.5,1.5% Ramsey,risk_aversion,combined,0,1943.2736948544627,0.27559847073653626
3129,euler_ramsey,0.5,2.0% Ramsey,risk_aversion,combined,0,805.2283745947533,0.19609822845458083
3129,euler_ramsey,0.5,2.5% Ramsey,risk_aversion,combined,0,423.4817209754792,0.14902772513168483
3130,euler_ramsey,0.5,1.5% Ramsey,risk_aversion,combined,0,908.8689639242831,0.5695830748354356
3130,euler_ramsey,0.5,2.0% Ramsey,risk_aversion,combined,0,578.8312122687684,0.4771126205537657
3130,euler_ramsey,0.5,2.5% Ramsey,risk_aversion,combined,0,367.713383825362,0.4113636885075627
3131,euler_ramsey,0.5,1.5% Ramsey,risk_aversion,combined,0,4865.121905194687,0.5481053672210418
3131,euler_ramsey,0.5,2.0% Ramsey,risk_aversion,combined,0,3822.3734017611023,0.4556892552725186
3131,euler_ramsey,0.5,2.5% Ramsey,risk_aversion,combined,0,2620.347331792941,0.39066147023424436
3132,euler_ramsey,0.5,1.5% Ramsey,risk_aversion,combined,0,308.24706270067367,1.0986571103823137
3132,euler_ramsey,0.5,2.0% Ramsey,risk_aversion,combined,0,247.06063162872928,1.0678792259493082
3132,euler_ramsey,0.5,2.5% Ramsey,risk_aversion,combined,0,176.62433299749026,1.0331250781689463
3133,euler_ramsey,0.5,1.5% Ramsey,risk_aversion,combined,0,-247.89230222746752,0.3747531982502771
3133,euler_ramsey,0.5,2.0% Ramsey,risk_aversion,combined,0,-54.943420982628226,0.28568902811231606
3133,euler_ramsey,0.5,2.5% Ramsey,risk_aversion,combined,0,64.96701229362965,0.22900643419301192
3134,euler_ramsey,0.5,1.5% Ramsey,risk_aversion,combined,0,110.50402685521253,0.7767864655164599
3134,euler_ramsey,0.5,2.0% Ramsey,risk_aversion,combined,0,87.96989292734435,0.6992255321179061
3134,euler_ramsey,0.5,2.5% Ramsey,risk_aversion,combined,0,68.77522340297213,0.6374712779360098
3135,euler_ramsey,0.5,1.5% Ramsey,risk_aversion,combined,0,295.4420978380462,1.2293965251050638
3135,euler_ramsey,0.5,2.0% Ramsey,risk_aversion,combined,0,206.46201035777096,1.2248903580692483
3135,euler_ramsey,0.5,2.5% Ramsey,risk_aversion,combined,0,141.62563656044614,1.2078212615711053
3136,euler_ramsey,0.5,1.5% Ramsey,risk_aversion,combined,0,235.0672672444162,1.2631082159096048
3136,euler_ramsey,0.5,2.0% Ramsey,risk_aversion,combined,0,141.33525784450933,1.266402141922006
3136,euler_ramsey,0.5,2.5% Ramsey,risk_aversion,combined,0,82.79097949259429,1.254917486181711
3137,euler_ramsey,0.5,1.5% Ramsey,risk_aversion,combined,0,295.80607394692225,0.8602738713783149
3137,euler_ramsey,0.5,2.0% Ramsey,risk_aversion,combined,0,277.6808243437929,0.792326653753162
3137,euler_ramsey,0.5,2.5% Ramsey,risk_aversion,combined,0,244.80433734844937,0.7352855471225899
3138,euler_ramsey,0.5,1.5% Ramsey,risk_aversion,combined,0,110.97296112167481,1.2465571773514306
3138,euler_ramsey,0.5,2.0% Ramsey,risk_aversion,combined,0,86.36224514689481,1.24587285507092
3138,euler_ramsey,0.5,2.5% Ramsey,risk_aversion,combined,0,66.92912970175607,1.2315243795119941
3139,euler_ramsey,0.5,1.5% Ramsey,risk_aversion,combined,0,1223.6423857164966,1.2071814150433606
3139,euler_ramsey,0.5,2.0% Ramsey,risk_aversion,combined,0,754.1135339837552,1.1988537945676643
3139,euler_ramsey,0.5,2.5% Ramsey,risk_aversion,combined,0,472.91191375161446,1.179338496503804
3140,euler_ramsey,0.5,1.5% Ramsey,risk_aversion,combined,0,1526.2443095618403,1.1296107876563939
3140,euler_ramsey,0.5,2.0% Ramsey,risk_aversion,combined,0,1178.8242694003782,1.1069947405119138
3140,euler_ramsey,0.5,2.5% Ramsey,risk_aversion,combined,0,875.4026694455156,1.0780255384579678
3141,euler_ramsey,0.5,1.5% Ramsey,risk_aversion,combined,0,213.20315486397445,0.8749579690488717
3141,euler_ramsey,0.5,2.0% Ramsey,risk_aversion,combined,0,181.43625331880335,0.8081970494576803
3141,euler_ramsey,0.5,2.5% Ramsey,risk_aversion,combined,0,146.30067497429,0.7516332879129044
3142,euler_ramsey,0.5,1.5% Ramsey,risk_aversion,combined,0,42.132264354664535,0.6270157424217657
3142,euler_ramsey,0.5,2.0% Ramsey,risk_aversion,combined,0,29.969868960578413,0.5368017259025263
3142,euler_ramsey,0.5,2.5% Ramsey,risk_aversion,combined,0,17.860808706105818,0.47070236638689505
3143,euler_ramsey,0.5,1.5% Ramsey,risk_aversion,combined,0,802.7318294504333,1.161788054866131
3143,euler_ramsey,0.5,2.0% Ramsey,risk_aversion,combined,0,719.5889328550328,1.1454219391594682
3143,euler_ramsey,0.5,2.5% Ramsey,risk_aversion,combined,0,578.1687375378618,1.1207045063884036
3144,euler_ramsey,0.5,1.5% Ramsey,risk_aversion,combined,0,-305.5629298599077,0.7178995614360523
3144,euler_ramsey,0.5,2.0% Ramsey,risk_aversion,combined,0,-261.29196829935853,0.6336598924027359
3144,euler_ramsey,0.5,2.5% Ramsey,risk_aversion,combined,0,-194.03132075024146,0.5689235240180542
3145,euler_ramsey,0.5,1.5% Ramsey,risk_aversion,combined,0,332.6163583686015,1.1861230289539575
3145,euler_ramsey,0.5,2.0% Ramsey,risk_aversion,combined,0,249.47466236163086,1.1728532611563176
3145,euler_ramsey,0.5,2.5% Ramsey,risk_aversion,combined,0,183.05468303163013,1.1498218075490974
3146,euler_ramsey,0.5,1.5% Ramsey,risk_aversion,combined,0,-210.56553074872912,1.2724523328274133
3146,euler_ramsey,0.5,2.0% Ramsey,risk_aversion,combined,0,-186.45261063938517,1.2782637729448176
3146,euler_ramsey,0.5,2.5% Ramsey,risk_aversion,combined,0,-148.64018508906338,1.268490859340461
3147,euler_ramsey,0.5,1.5% Ramsey,risk_aversion,combined,0,1073.2250780308211,0.7328540888227107
3147,euler_ramsey,0.5,2.0% Ramsey,risk_aversion,combined,0,758.6312088740652,0.64998530597089
3147,euler_ramsey,0.5,2.5% Ramsey,risk_aversion,combined,0,506.64472182863034,0.585793862743368
3148,euler_ramsey,0.5,1.5% Ramsey,risk_aversion,combined,0,428.551525443504,1.9332087765528259
3148,euler_ramsey,0.5,2.0% Ramsey,risk_aversion,combined,0,325.7229210321314,2.134132154365853
3148,euler_ramsey,0.5,2.5% Ramsey,risk_aversion,combined,0,232.8928229763888,2.278334584441283
3149,euler_ramsey,0.5,1.5% Ramsey,risk_aversion,combined,0,583.9134792523967,0.7823340091921266
3149,euler_ramsey,0.5,2.0% Ramsey,risk_aversion,combined,0,544.8083993267766,0.7041798483115895
3149,euler_ramsey,0.5,2.5% Ramsey,risk_aversion,combined,0,442.75995888638073,0.6418899416032955
3150,euler_ramsey,0.5,1.5% Ramsey,risk_aversion,combined,0,2506.2933413556757,1.525923252592578
3150,euler_ramsey,0.5,2.0% Ramsey,risk_aversion,combined,0,1947.9136964836734,1.600076761353617
3150,euler_ramsey,0.5,2.5% Ramsey,risk_aversion,combined,0,1359.59629482489,1.6419645904253704
3151,euler_ramsey,0.5,1.5% Ramsey,risk_aversion,combined,0,659.8430577192438,1.1986623131991738
3151,euler_ramsey,0.5,2.0% Ramsey,risk_aversion,combined,0,569.1864066517858,1.187486530750349
3151,euler_ramsey,0.5,2.5% Ramsey,risk_aversion,combined,0,460.074052398569,1.1657953719624325
3152,euler_ramsey,0.5,1.5% Ramsey,risk_aversion,combined,0,118.18192436624172,1.2655557462245286
3152,euler_ramsey,0.5,2.0% Ramsey,risk_aversion,combined,0,83.47728951656129,1.2699832329074408
3152,euler_ramsey,0.5,2.5% Ramsey,risk_aversion,combined,0,59.056219878999684,1.259335448097592
3153,euler_ramsey,0.5,1.5% Ramsey,risk_aversion,combined,0,519.4839191065138,0.5384928023234887
3153,euler_ramsey,0.5,2.0% Ramsey,risk_aversion,combined,0,281.28046060242906,0.4453114053627712
3153,euler_ramsey,0.5,2.5% Ramsey,risk_aversion,combined,0,168.46794459278047,0.3801379889124261
3154,euler_ramsey,0.5,1.5% Ramsey,risk_aversion,combined,0,935.621199563778,0.4391810689171232
3154,euler_ramsey,0.5,2.0% Ramsey,risk_aversion,combined,0,873.4587953889442,0.34705566017207623
3154,euler_ramsey,0.5,2.5% Ramsey,risk_aversion,combined,0,699.250632912538,0.286042704447592
3155,euler_ramsey,0.5,1.5% Ramsey,risk_aversion,combined,0,-290.96962330327824,0.365617755263881
3155,euler_ramsey,0.5,2.0% Ramsey,risk_aversion,combined,0,-273.13004924844637,0.27723432148529115
3155,euler_ramsey,0.5,2.5% Ramsey,risk_aversion,combined,0,-236.18671736171117,0.22130796663408256
3156,euler_ramsey,0.5,1.5% Ramsey,risk_aversion,combined,0,883.6382664961016,0.5549876039203759
3156,euler_ramsey,0.5,2.0% Ramsey,risk_aversion,combined,0,444.0443708178534,0.4621615076677136
3156,euler_ramsey,0.5,2.5% Ramsey,risk_aversion,combined,0,248.98805611834874,0.3966594599342675
3157,euler_ramsey,0.5,1.5% Ramsey,risk_aversion,combined,0,818.6336424359869,0.511734319525335
3157,euler_ramsey,0.5,2.0% Ramsey,risk_aversion,combined,0,698.8193221032035,0.4186291972420531
3157,euler_ramsey,0.5,2.5% Ramsey,risk_aversion,combined,0,515.2450730569801,0.3543999635088225
3158,euler_ramsey,0.5,1.5% Ramsey,risk_aversion,combined,0,796.7012061566934,1.2656271052193988
3158,euler_ramsey,0.5,2.0% Ramsey,risk_aversion,combined,0,648.6204434279987,1.2701520517435694
3158,euler_ramsey,0.5,2.5% Ramsey,risk_aversion,combined,0,486.29737371478,1.2596725980510626
3159,euler_ramsey,0.5,1.5% Ramsey,risk_aversion,combined,0,2505.8962325292796,0.2975133144664414
3159,euler_ramsey,0.5,2.0% Ramsey,risk_aversion,combined,0,1755.7082800540124,0.21534911200447296
3159,euler_ramsey,0.5,2.5% Ramsey,risk_aversion,combined,0,1171.6082888683134,0.16583952763974805
3160,euler_ramsey,0.5,1.5% Ramsey,risk_aversion,combined,0,186.34142030797136,1.7553920538093868
3160,euler_ramsey,0.5,2.0% Ramsey,risk_aversion,combined,0,128.36510610156566,1.8960214203826515
3160,euler_ramsey,0.5,2.5% Ramsey,risk_aversion,combined,0,88.46356300457416,1.9902301826612043
3161,euler_ramsey,0.5,1.5% Ramsey,risk_aversion,combined,0,235.3445191457707,0.7491703952536868
3161,euler_ramsey,0.5,2.0% Ramsey,risk_aversion,combined,0,219.05340440207348,0.6675084208002376
3161,euler_ramsey,0.5,2.5% Ramsey,risk_aversion,combined,0,183.08816980199921,0.6036813172350511
3162,euler_ramsey,0.5,1.5% Ramsey,risk_aversion,combined,0,-709.7844345167232,0.7188855432913384
3162,euler_ramsey,0.5,2.0% Ramsey,risk_aversion,combined,0,-518.9662833607866,0.6348505620950459
3162,euler_ramsey,0.5,2.5% Ramsey,risk_aversion,combined,0,-359.4705621543703,0.5702129087314428
3163,euler_ramsey,0.5,1.5% Ramsey,risk_aversion,combined,0,1259.1793554402407,0.8577120829680205
3163,euler_ramsey,0.5,2.0% Ramsey,risk_aversion,combined,0,1055.9825231364707,0.7891024547130676
3163,euler_ramsey,0.5,2.5% Ramsey,risk_aversion,combined,0,797.8508069465541,0.7316591449423288
3164,euler_ramsey,0.5,1.5% Ramsey,risk_aversion,combined,0,-21.697842458789886,1.6861864287268258
3164,euler_ramsey,0.5,2.0% Ramsey,risk_aversion,combined,0,-19.743560538041347,1.8048863850671695
3164,euler_ramsey,0.5,2.5% Ramsey,risk_aversion,combined,0,-10.445632217796112,1.8813106680418223
3165,euler_ramsey,0.5,1.5% Ramsey,risk_aversion,combined,0,140.95305474444604,1.3593108975378911
3165,euler_ramsey,0.5,2.0% Ramsey,risk_aversion,combined,0,117.12618704707445,1.3868855702065412
3165,euler_ramsey,0.5,2.5% Ramsey,risk_aversion,combined,0,89.34195117828861,1.3930819344218466
3166,euler_ramsey,0.5,1.5% Ramsey,risk_aversion,combined,0,-132.79624917240946,0.9099140935169362
3166,euler_ramsey,0.5,2.0% Ramsey,risk_aversion,combined,0,-90.51189680661646,0.8474952805984011
3166,euler_ramsey,0.5,2.5% Ramsey,risk_aversion,combined,0,-62.292712848803816,0.7932583411613244
3167,euler_ramsey,0.5,1.5% Ramsey,risk_aversion,combined,0,88.16365337329911,1.0814204988705196
3167,euler_ramsey,0.5,2.0% Ramsey,risk_aversion,combined,0,63.65580848479068,1.0468303224251978
3167,euler_ramsey,0.5,2.5% Ramsey,risk_aversion,combined,0,47.30505327442049,1.009476308801426
3168,euler_ramsey,0.5,1.5% Ramsey,risk_aversion,combined,0,820.1633439081844,0.7961301467369242
3168,euler_ramsey,0.5,2.0% Ramsey,risk_aversion,combined,0,508.64947853988866,0.719018901186139
3168,euler_ramsey,0.5,2.5% Ramsey,risk_aversion,combined,0,329.67977100413987,0.6570998372956626
3169,euler_ramsey,0.5,1.5% Ramsey,risk_aversion,combined,0,157.8414539107473,1.5758351834093687
3169,euler_ramsey,0.5,2.0% Ramsey,risk_aversion,combined,0,107.75029132393406,1.6612421265694752
3169,euler_ramsey,0.5,2.5% Ramsey,risk_aversion,combined,0,82.00304515439528,1.7112968297253655
3170,euler_ramsey,0.5,1.5% Ramsey,risk_aversion,combined,0,263.2630032858167,0.8508145913468765
3170,euler_ramsey,0.5,2.0% Ramsey,risk_aversion,combined,0,186.9112435100565,0.780786638580134
3170,euler_ramsey,0.5,2.5% Ramsey,risk_aversion,combined,0,140.33932420730738,0.7225350075693348
3171,euler_ramsey,0.5,1.5% Ramsey,risk_aversion,combined,0,1792.278279702148,1.0244461316482867
3171,euler_ramsey,0.5,2.0% Ramsey,risk_aversion,combined,0,1167.477606802251,0.9796538894395872
3171,euler_ramsey,0.5,2.5% Ramsey,risk_aversion,combined,0,737.4983689638142,0.9358267679897614
3172,euler_ramsey,0.5,1.5% Ramsey,risk_aversion,combined,0,-397.97970791872456,0.37073756688732945
3172,euler_ramsey,0.5,2.0% Ramsey,risk_aversion,combined,0,-342.4758081506774,0.2819290544941605
3172,euler_ramsey,0.5,2.5% Ramsey,risk_aversion,combined,0,-277.5450082574559,0.22555551530976564
3173,euler_ramsey,0.5,1.5% Ramsey,risk_aversion,combined,0,-966.4645934359775,0.7143893336284661
3173,euler_ramsey,0.5,2.0% Ramsey,risk_aversion,combined,0,-553.7926141071451,0.6300415077782145
3173,euler_ramsey,0.5,2.5% Ramsey,risk_aversion,combined,0,-353.5449034767281,0.5653065062524493
3174,euler_ramsey,0.5,1.5% Ramsey,risk_aversion,combined,0,-445.3423025292198,0.3482634750110316
3174,euler_ramsey,0.5,2.0% Ramsey,risk_aversion,combined,0,-142.18031445400052,0.2612803783217653
3174,euler_ramsey,0.5,2.5% Ramsey,risk_aversion,combined,0,-66.78310208210493,0.2068791884832177
3175,euler_ramsey,0.5,1.5% Ramsey,risk_aversion,combined,0,514.6612385256228,1.9127527205136459
3175,euler_ramsey,0.5,2.0% Ramsey,risk_aversion,combined,0,385.48675498080416,2.1064533922065043
3175,euler_ramsey,0.5,2.5% Ramsey,risk_aversion,combined,0,275.04209962489557,2.2447029019857103
3176,euler_ramsey,0.5,1.5% Ramsey,risk_aversion,combined,0,285.37997539802774,1.022104721999975
3176,euler_ramsey,0.5,2.0% Ramsey,risk_aversion,combined,0,232.97582149555132,0.9777739895123527
3176,euler_ramsey,0.5,2.5% Ramsey,risk_aversion,combined,0,173.8782643572163,0.9343818258459304
3177,euler_ramsey,0.5,1.5% Ramsey,risk_aversion,combined,0,530.8441026324559,1.153566500844125
3177,euler_ramsey,0.5,2.0% Ramsey,risk_aversion,combined,0,417.8376002035101,1.133381606113458
3177,euler_ramsey,0.5,2.5% Ramsey,risk_aversion,combined,0,320.6073065010102,1.1056622358407038
3178,euler_ramsey,0.5,1.5% Ramsey,risk_aversion,combined,0,2425.336213795507,0.8324060968650174
3178,euler_ramsey,0.5,2.0% Ramsey,risk_aversion,combined,0,2019.0812004020427,0.761651974581009
3178,euler_ramsey,0.5,2.5% Ramsey,risk_aversion,combined,0,1486.1275743063095,0.7034214814133717
3179,euler_ramsey,0.5,1.5% Ramsey,risk_aversion,combined,0,6564.5890747188505,0.36623985951599736
3179,euler_ramsey,0.5,2.0% Ramsey,risk_aversion,combined,0,2402.72651879458,0.27906059346309814
3179,euler_ramsey,0.5,2.5% Ramsey,risk_aversion,combined,0,1347.2842162326858,0.22370518895104824
3180,euler_ramsey,0.5,1.5% Ramsey,risk_aversion,combined,0,486.8067042629868,1.515998743561544
3180,euler_ramsey,0.5,2.0% Ramsey,risk_aversion,combined,0,373.26651760995526,1.5850006096731721
3180,euler_ramsey,0.5,2.5% Ramsey,risk_aversion,combined,0,274.5251079745918,1.6225021708649336
3181,euler_ramsey,0.5,1.5% Ramsey,risk_aversion,combined,0,535.0071381711224,1.0212034026897745
3181,euler_ramsey,0.5,2.0% Ramsey,risk_aversion,combined,0,487.10883300677733,0.9765451970904202
3181,euler_ramsey,0.5,2.5% Ramsey,risk_aversion,combined,0,381.97455598010646,0.9329515778738884
3182,euler_ramsey,0.5,1.5% Ramsey,risk_aversion,combined,0,30.148557009658784,1.2972816038973911
3182,euler_ramsey,0.5,2.0% Ramsey,risk_aversion,combined,0,21.793956847112533,1.3084963102443852
3182,euler_ramsey,0.5,2.5% Ramsey,risk_aversion,combined,0,15.427757087744338,1.3025898159824316
3183,euler_ramsey,0.5,1.5% Ramsey,risk_aversion,combined,0,788.2343964937745,0.81522476107854
3183,euler_ramsey,0.5,2.0% Ramsey,risk_aversion,combined,0,780.5506645913237,0.7409069012147068
3183,euler_ramsey,0.5,2.5% Ramsey,risk_aversion,combined,0,672.2100825296333,0.6805103431884699
3184,euler_ramsey,0.5,1.5% Ramsey,risk_aversion,combined,0,-304.326245161251,0.6339066491220766
3184,euler_ramsey,0.5,2.0% Ramsey,risk_aversion,combined,0,-240.34051449518384,0.5443376221943028
3184,euler_ramsey,0.5,2.5% Ramsey,risk_aversion,combined,0,-170.04536557249062,0.4784366143556345
3185,euler_ramsey,0.5,1.5% Ramsey,risk_aversion,combined,0,1110.066438594503,0.6045522574839558
3185,euler_ramsey,0.5,2.0% Ramsey,risk_aversion,combined,0,832.2686064985683,0.513707507078776
3185,euler_ramsey,0.5,2.5% Ramsey,risk_aversion,combined,0,564.0029057814538,0.44788383262462816
3186,euler_ramsey,0.5,1.5% Ramsey,risk_aversion,combined,0,234.79881600518726,1.9851606991998423
3186,euler_ramsey,0.5,2.0% Ramsey,risk_aversion,combined,0,188.23541986324273,2.204702073437585
3186,euler_ramsey,0.5,2.5% Ramsey,risk_aversion,combined,0,148.76019371906872,2.364644251381515
3187,euler_ramsey,0.5,1.5% Ramsey,risk_aversion,combined,0,379.0703284504245,1.4925472786240759
3187,euler_ramsey,0.5,2.0% Ramsey,risk_aversion,combined,0,281.0547675134799,1.5542521529209372
3187,euler_ramsey,0.5,2.5% Ramsey,risk_aversion,combined,0,193.91201680509346,1.5860289725389507
3188,euler_ramsey,0.5,1.5% Ramsey,risk_aversion,combined,0,178.67236175625268,2.1567960415472607
3188,euler_ramsey,0.5,2.0% Ramsey,risk_aversion,combined,0,143.1940696889799,2.439955613023136
3188,euler_ramsey,0.5,2.5% Ramsey,risk_aversion,combined,0,111.12338281276269,2.6545433531590876
3189,euler_ramsey,0.5,1.5% Ramsey,risk_aversion,combined,0,1338.6211414133904,1.1907326047869398
3189,euler_ramsey,0.5,2.0% Ramsey,risk_aversion,combined,0,1254.0484089130402,1.179820447663963
3189,euler_ramsey,0.5,2.5% Ramsey,risk_aversion,combined,0,1063.9301211014754,1.1586534234652595
3190,euler_ramsey,0.5,1.5% Ramsey,risk_aversion,combined,0,223.08875819797333,1.2400774361573053
3190,euler_ramsey,0.5,2.0% Ramsey,risk_aversion,combined,0,149.0827683919066,1.2384622058134573
3190,euler_ramsey,0.5,2.5% Ramsey,risk_aversion,combined,0,100.99634173485973,1.2235012216623582
3191,euler_ramsey,0.5,1.5% Ramsey,risk_aversion,combined,0,-521.887199070661,0.39516657825591883
3191,euler_ramsey,0.5,2.0% Ramsey,risk_aversion,combined,0,-417.52023943467583,0.30498509163203674
3191,euler_ramsey,0.5,2.5% Ramsey,risk_aversion,combined,0,-309.948314870269,0.24681681198844843
3192,euler_ramsey,0.5,1.5% Ramsey,risk_aversion,combined,0,776.2863068841554,1.2527657067355822
3192,euler_ramsey,0.5,2.0% Ramsey,risk_aversion,combined,0,584.7113581241208,1.254602907176899
3192,euler_ramsey,0.5,2.5% Ramsey,risk_aversion,combined,0,398.48435038479636,1.2422254808940267
3193,euler_ramsey,0.5,1.5% Ramsey,risk_aversion,combined,0,631.3979448792168,1.1508157353568909
3193,euler_ramsey,0.5,2.0% Ramsey,risk_aversion,combined,0,545.2941932309743,1.1304748426240405
3193,euler_ramsey,0.5,2.5% Ramsey,risk_aversion,combined,0,436.16492406916507,1.1026623178735826
3194,euler_ramsey,0.5,1.5% Ramsey,risk_aversion,combined,0,1254.9382204276135,1.3353391232517797
3194,euler_ramsey,0.5,2.0% Ramsey,risk_aversion,combined,0,836.3990097772606,1.356590089356478
3194,euler_ramsey,0.5,2.5% Ramsey,risk_aversion,combined,0,555.3211711525342,1.3581146523062715
3195,euler_ramsey,0.5,1.5% Ramsey,risk_aversion,combined,0,483.4765894784746,0.7957360634264591
3195,euler_ramsey,0.5,2.0% Ramsey,risk_aversion,combined,0,406.86487079404407,0.7188505375905117
3195,euler_ramsey,0.5,2.5% Ramsey,risk_aversion,combined,0,313.18752198320044,0.657105218389806
3196,euler_ramsey,0.5,1.5% Ramsey,risk_aversion,combined,0,965.9121965188996,1.2692538387818413
3196,euler_ramsey,0.5,2.0% Ramsey,risk_aversion,combined,0,712.750092149632,1.2747617143095877
3196,euler_ramsey,0.5,2.5% Ramsey,risk_aversion,combined,0,508.54918047917323,1.2649486276626736
3197,euler_ramsey,0.5,1.5% Ramsey,risk_aversion,combined,0,1952.4552976836933,0.9134206231975568
3197,euler_ramsey,0.5,2.0% Ramsey,risk_aversion,combined,0,1485.4497322409752,0.8533803793372318
3197,euler_ramsey,0.5,2.5% Ramsey,risk_aversion,combined,0,1097.1109481079595,0.8008963488909975
3198,euler_ramsey,0.5,1.5% Ramsey,risk_aversion,combined,0,456.33896351606285,0.9024477588518619
3198,euler_ramsey,0.5,2.0% Ramsey,risk_aversion,combined,0,342.91030767553576,0.8396082912879673
3198,euler_ramsey,0.5,2.5% Ramsey,risk_aversion,combined,0,253.23868902336795,0.785265966984249
3199,euler_ramsey,0.5,1.5% Ramsey,risk_aversion,combined,0,36.55816873729702,1.2128801903556794
3199,euler_ramsey,0.5,2.0% Ramsey,risk_aversion,combined,0,35.220944483816226,1.205943705110513
3199,euler_ramsey,0.5,2.5% Ramsey,risk_aversion,combined,0,34.35924818885032,1.1874267642186056
3200,euler_ramsey,0.5,1.5% Ramsey,risk_aversion,combined,0,-356.4511416014095,0.4803095189887679
3200,euler_ramsey,0.5,2.0% Ramsey,risk_aversion,combined,0,-264.22937258690285,0.38712494185762486
3200,euler_ramsey,0.5,2.5% Ramsey,risk_aversion,combined,0,-177.45534527777522,0.32396569763869
3201,euler_ramsey,0.5,1.5% Ramsey,risk_aversion,combined,0,1059.3472633494805,0.28832078587450083
3201,euler_ramsey,0.5,2.0% Ramsey,risk_aversion,combined,0,549.3564544174046,0.2072029604424476
3201,euler_ramsey,0.5,2.5% Ramsey,risk_aversion,combined,0,338.87561392907446,0.15868085764849513
3202,euler_ramsey,0.5,1.5% Ramsey,risk_aversion,combined,0,-9.349807517071863,1.9138755872850917
3202,euler_ramsey,0.5,2.0% Ramsey,risk_aversion,combined,0,-7.395523551229287,2.107791928549716
3202,euler_ramsey,0.5,2.5% Ramsey,risk_aversion,combined,0,-1.1509635969661125,2.24597979010795
3203,euler_ramsey,0.5,1.5% Ramsey,risk_aversion,combined,0,10903.246194389078,0.14042519554807845
3203,euler_ramsey,0.5,2.0% Ramsey,risk_aversion,combined,0,8813.385583637693,0.08587490902979883
3203,euler_ramsey,0.5,2.5% Ramsey,risk_aversion,combined,0,6160.513094736692,0.058048522863669134
3204,euler_ramsey,0.5,1.5% Ramsey,risk_aversion,combined,0,2862.358924565951,0.5979256352887882
3204,euler_ramsey,0.5,2.0% Ramsey,risk_aversion,combined,0,1798.2095442342531,0.5067619686894543
3204,euler_ramsey,0.5,2.5% Ramsey,risk_aversion,combined,0,1126.2395504478739,0.4409430723805727
3205,euler_ramsey,0.5,1.5% Ramsey,risk_aversion,combined,0,3238.7453644819143,0.38030814747916447
3205,euler_ramsey,0.5,2.0% Ramsey,risk_aversion,combined,0,2049.6794442936516,0.29111047210862
3205,euler_ramsey,0.5,2.5% Ramsey,risk_aversion,combined,0,1280.180427712858,0.23410620248894679
3206,euler_ramsey,0.5,1.5% Ramsey,risk_aversion,combined,0,1902.4466194499203,0.6142325497184894
3206,euler_ramsey,0.5,2.0% Ramsey,risk_aversion,combined,0,1423.4923321310248,0.524245441346464
3206,euler_ramsey,0.5,2.5% Ramsey,risk_aversion,combined,0,997.9932890569867,0.4586776498182697
3207,euler_ramsey,0.5,1.5% Ramsey,risk_aversion,combined,0,572.1165100810445,1.124170357146741
3207,euler_ramsey,0.5,2.0% Ramsey,risk_aversion,combined,0,426.664140941992,1.0981628743588185
3207,euler_ramsey,0.5,2.5% Ramsey,risk_aversion,combined,0,315.6962359594103,1.0665660135067003
3208,euler_ramsey,0.5,1.5% Ramsey,risk_aversion,combined,0,192.0502794876419,0.9331746819606556
3208,euler_ramsey,0.5,2.0% Ramsey,risk_aversion,combined,0,130.02086137793603,0.8738117475820028
3208,euler_ramsey,0.5,2.5% Ramsey,risk_aversion,combined,0,92.70731145586686,0.821243994754625
3209,euler_ramsey,0.5,1.5% Ramsey,risk_aversion,combined,0,267.82085412916945,1.8479402389151076
3209,euler_ramsey,0.5,2.0% Ramsey,risk_aversion,combined,0,198.62669212169266,2.0188836138741353
3209,euler_ramsey,0.5,2.5% Ramsey,risk_aversion,combined,0,144.14369358494966,2.1380353423600074
3210,euler_ramsey,0.5,1.5% Ramsey,risk_aversion,combined,0,686.1245410337847,0.7579993423884437
3210,euler_ramsey,0.5,2.0% Ramsey,risk_aversion,combined,0,519.8967382128513,0.6789531859455156
3210,euler_ramsey,0.5,2.5% Ramsey,risk_aversion,combined,0,384.6771129353829,0.616678298206262
3211,euler_ramsey,0.5,1.5% Ramsey,risk_aversion,combined,0,1099.0021837087043,0.6540336103014137
3211,euler_ramsey,0.5,2.0% Ramsey,risk_aversion,combined,0,765.096460073919,0.5654739921227144
3211,euler_ramsey,0.5,2.5% Ramsey,risk_aversion,combined,0,506.36174813059625,0.4996565844515081
3212,euler_ramsey,0.5,1.5% Ramsey,risk_aversion,combined,0,315.9836788577587,1.3199630574207577
3212,euler_ramsey,0.5,2.0% Ramsey,risk_aversion,combined,0,222.3151679417597,1.3378852544306084
3212,euler_ramsey,0.5,2.5% Ramsey,risk_aversion,combined,0,156.08111738877926,1.3369982014308894
3213,euler_ramsey,0.5,1.5% Ramsey,risk_aversion,combined,0,253.42326719281056,2.023637630970415
3213,euler_ramsey,0.5,2.0% Ramsey,risk_aversion,combined,0,195.69809289055493,2.256717717678564
3213,euler_ramsey,0.5,2.5% Ramsey,risk_aversion,combined,0,145.70675876766435,2.42806612060134
3214,euler_ramsey,0.5,1.5% Ramsey,risk_aversion,combined,0,69.53885330469738,0.521468201203011
3214,euler_ramsey,0.5,2.0% Ramsey,risk_aversion,combined,0,68.61370674001844,0.4286304635348934
3214,euler_ramsey,0.5,2.5% Ramsey,risk_aversion,combined,0,55.29479946100563,0.3642247581707674
3215,euler_ramsey,0.5,1.5% Ramsey,risk_aversion,combined,0,2272.4971164213002,1.0484782071436514
3215,euler_ramsey,0.5,2.0% Ramsey,risk_aversion,combined,0,1903.0562188625588,1.0095193089098928
3215,euler_ramsey,0.5,2.5% Ramsey,risk_aversion,combined,0,1396.025930924755,0.9697680034355677
3216,euler_ramsey,0.5,1.5% Ramsey,risk_aversion,combined,0,2076.6330944885194,0.40233805574607917
3216,euler_ramsey,0.5,2.0% Ramsey,risk_aversion,combined,0,1293.0376368184147,0.3118003849136471
3216,euler_ramsey,0.5,2.5% Ramsey,risk_aversion,combined,0,822.9820200667301,0.2531463528709456
3217,euler_ramsey,0.5,1.5% Ramsey,risk_aversion,combined,0,-157.16458184592935,1.5622116420736765
3217,euler_ramsey,0.5,2.0% Ramsey,risk_aversion,combined,0,-134.4256993296171,1.6437721369527662
3217,euler_ramsey,0.5,2.5% Ramsey,risk_aversion,combined,0,-102.65908454941152,1.690809273027204
3218,euler_ramsey,0.5,1.5% Ramsey,risk_aversion,combined,0,857.9169246648784,0.534727670016726
3218,euler_ramsey,0.5,2.0% Ramsey,risk_aversion,combined,0,690.289220006744,0.4416406903379366
3218,euler_ramsey,0.5,2.5% Ramsey,risk_aversion,combined,0,500.81238363330914,0.37664949472128245
3219,euler_ramsey,0.5,1.5% Ramsey,risk_aversion,combined,0,11.775423128753152,0.24890371638006784
3219,euler_ramsey,0.5,2.0% Ramsey,risk_aversion,combined,0,-10.151626968053257,0.17304327947645493
3219,euler_ramsey,0.5,2.5% Ramsey,risk_aversion,combined,0,-10.669238645826905,0.12916367716684946
3220,euler_ramsey,0.5,1.5% Ramsey,risk_aversion,combined,0,983.2012377911843,1.3172480388036505
3220,euler_ramsey,0.5,2.0% Ramsey,risk_aversion,combined,0,1001.1983424463536,1.3349184904072973
3220,euler_ramsey,0.5,2.5% Ramsey,risk_aversion,combined,0,872.6485372851646,1.3340419281967277
3221,euler_ramsey,0.5,1.5% Ramsey,risk_aversion,combined,0,2032.2925523486877,1.9728713018034882
3221,euler_ramsey,0.5,2.0% Ramsey,risk_aversion,combined,0,1327.6707316085499,2.189996471214803
3221,euler_ramsey,0.5,2.5% Ramsey,risk_aversion,combined,0,835.3046447312634,2.348290580980302
3222,euler_ramsey,0.5,1.5% Ramsey,risk_aversion,combined,0,380.997714852818,2.1724141062672246
3222,euler_ramsey,0.5,2.0% Ramsey,risk_aversion,combined,0,298.92887445601167,2.4616951662180173
3222,euler_ramsey,0.5,2.5% Ramsey,risk_aversion,combined,0,218.837566975225,2.681625579618657
3223,euler_ramsey,0.5,1.5% Ramsey,risk_aversion,combined,0,5057.22740939366,0.33465516509060145
3223,euler_ramsey,0.5,2.0% Ramsey,risk_aversion,combined,0,2663.891776698828,0.24901607504086717
3223,euler_ramsey,0.5,2.5% Ramsey,risk_aversion,combined,0,1619.2485394582957,0.19592840618691393
3224,euler_ramsey,0.5,1.5% Ramsey,risk_aversion,combined,0,-76.73720126457424,0.7613213456376977
3224,euler_ramsey,0.5,2.0% Ramsey,risk_aversion,combined,0,-45.45305597336832,0.6813334741504432
3224,euler_ramsey,0.5,2.5% Ramsey,risk_aversion,combined,0,-21.49911691218282,0.6183123952877594
3225,euler_ramsey,0.5,1.5% Ramsey,risk_aversion,combined,0,1985.8383021518039,0.8534234541946397
3225,euler_ramsey,0.5,2.0% Ramsey,risk_aversion,combined,0,1710.5211206342706,0.7842665745675196
3225,euler_ramsey,0.5,2.5% Ramsey,risk_aversion,combined,0,1277.983965299898,0.7266148359045194
3226,euler_ramsey,0.5,1.5% Ramsey,risk_aversion,combined,0,-443.47260808646354,1.0356701560238324
3226,euler_ramsey,0.5,2.0% Ramsey,risk_aversion,combined,0,-284.3762623102314,0.9927324709534339
3226,euler_ramsey,0.5,2.5% Ramsey,risk_aversion,combined,0,-167.54918205600305,0.9500541601002926
3227,euler_ramsey,0.5,1.5% Ramsey,risk_aversion,combined,0,798.3077069235133,1.2497056033269538
3227,euler_ramsey,0.5,2.0% Ramsey,risk_aversion,combined,0,592.9351744954034,1.2511483225639808
3227,euler_ramsey,0.5,2.5% Ramsey,risk_aversion,combined,0,434.8330895903474,1.238474725494194
3228,euler_ramsey,0.5,1.5% Ramsey,risk_aversion,combined,0,708.0478187784148,1.0670546026712542
3228,euler_ramsey,0.5,2.0% Ramsey,risk_aversion,combined,0,564.4571030156494,1.0310098154216754
3228,euler_ramsey,0.5,2.5% Ramsey,risk_aversion,combined,0,419.1695136996611,0.9929809404769043
3229,euler_ramsey,0.5,1.5% Ramsey,risk_aversion,combined,0,-1.9216790883713721,0.9429193228315434
3229,euler_ramsey,0.5,2.0% Ramsey,risk_aversion,combined,0,-0.712405139237192,0.8855769320994347
3229,euler_ramsey,0.5,2.5% Ramsey,risk_aversion,combined,0,1.3291885318851802,0.8342621370156627
3230,euler_ramsey,0.5,1.5% Ramsey,risk_aversion,combined,0,215.76378236957544,2.102504426770017
3230,euler_ramsey,0.5,2.0% Ramsey,risk_aversion,combined,0,149.24521509141007,2.3649143136056017
3230,euler_ramsey,0.5,2.5% Ramsey,risk_aversion,combined,0,106.84224295572447,2.561481310810771
3231,euler_ramsey,0.5,1.5% Ramsey,risk_aversion,combined,0,-276.74780704378963,0.5759874631353539
3231,euler_ramsey,0.5,2.0% Ramsey,risk_aversion,combined,0,-12.02680928704605,0.48447687177563187
3231,euler_ramsey,0.5,2.5% Ramsey,risk_aversion,combined,0,72.48241499547524,0.41910877502021165
3232,euler_ramsey,0.5,1.5% Ramsey,risk_aversion,combined,0,-219.17204328313224,0.7171643540803757
3232,euler_ramsey,0.5,2.0% Ramsey,risk_aversion,combined,0,-186.88895383101817,0.6329387092166882
3232,euler_ramsey,0.5,2.5% Ramsey,risk_aversion,combined,0,-140.0675133047949,0.5682138835321578
3233,euler_ramsey,0.5,1.5% Ramsey,risk_aversion,combined,0,2036.3813132446019,0.3461063419637634
3233,euler_ramsey,0.5,2.0% Ramsey,risk_aversion,combined,0,1041.1509224449865,0.25921424689850026
3233,euler_ramsey,0.5,2.5% Ramsey,risk_aversion,combined,0,604.5252660893093,0.20495810517317728
3234,euler_ramsey,0.5,1.5% Ramsey,risk_aversion,combined,0,1941.2493272328663,0.2953401645305524
3234,euler_ramsey,0.5,2.0% Ramsey,risk_aversion,combined,0,1108.6556486387499,0.213431958874861
3234,euler_ramsey,0.5,2.5% Ramsey,risk_aversion,combined,0,674.9419414174826,0.16415907045877035
3235,euler_ramsey,0.5,1.5% Ramsey,risk_aversion,combined,0,-165.48244003187614,0.7901509458720628
3235,euler_ramsey,0.5,2.0% Ramsey,risk_aversion,combined,0,-126.32086038979679,0.7131696343657768
3235,euler_ramsey,0.5,2.5% Ramsey,risk_aversion,combined,0,-93.47452964301685,0.6514794048800954
3236,euler_ramsey,0.5,1.5% Ramsey,risk_aversion,combined,0,1753.2507237246107,0.4438988407778658
3236,euler_ramsey,0.5,2.0% Ramsey,risk_aversion,combined,0,1380.1220415611767,0.35155975541679224
3236,euler_ramsey,0.5,2.5% Ramsey,risk_aversion,combined,0,970.0303036439111,0.2902490253041913
3237,euler_ramsey,0.5,1.5% Ramsey,risk_aversion,combined,0,1298.2360743424456,0.8550150633984869
3237,euler_ramsey,0.5,2.0% Ramsey,risk_aversion,combined,0,1011.0471445897822,0.786905502089482
3237,euler_ramsey,0.5,2.5% Ramsey,risk_aversion,combined,0,756.1623265911506,0.729931707732056
3238,euler_ramsey,0.5,1.5% Ramsey,risk_aversion,combined,0,765.2892430467218,1.1075759321211867
3238,euler_ramsey,0.5,2.0% Ramsey,risk_aversion,combined,0,588.7618056887422,1.0782579194734554
3238,euler_ramsey,0.5,2.5% Ramsey,risk_aversion,combined,0,423.82675408120423,1.0444032864627457
3239,euler_ramsey,0.5,1.5% Ramsey,risk_aversion,combined,0,2346.2830780629856,0.28568602889814654
3239,euler_ramsey,0.5,2.0% Ramsey,risk_aversion,combined,0,1328.9308583819156,0.2050657139419406
3239,euler_ramsey,0.5,2.5% Ramsey,risk_aversion,combined,0,794.3805849172767,0.15691329823275005
3240,euler_ramsey,0.5,1.5% Ramsey,risk_aversion,combined,0,494.9067422410981,0.7522671937794561
3240,euler_ramsey,0.5,2.0% Ramsey,risk_aversion,combined,0,443.1222235150277,0.672032439075744
3240,euler_ramsey,0.5,2.5% Ramsey,risk_aversion,combined,0,342.0552451634528,0.6091374456786066
3241,euler_ramsey,0.5,1.5% Ramsey,risk_aversion,combined,0,5763.884362566437,0.21002864424137221
3241,euler_ramsey,0.5,2.0% Ramsey,risk_aversion,combined,0,3029.3250386653417,0.14076166087129507
3241,euler_ramsey,0.5,2.5% Ramsey,risk_aversion,combined,0,1760.2283198494727,0.10214717852291483
3242,euler_ramsey,0.5,1.5% Ramsey,risk_aversion,combined,0,552.1738020582898,1.0429839964717937
3242,euler_ramsey,0.5,2.0% Ramsey,risk_aversion,combined,0,444.3307533287779,1.0029983856396367
3242,euler_ramsey,0.5,2.5% Ramsey,risk_aversion,combined,0,325.9546663939091,0.962469009626175
3243,euler_ramsey,0.5,1.5% Ramsey,risk_aversion,combined,0,263.93987611266283,0.2880693610864626
3243,euler_ramsey,0.5,2.0% Ramsey,risk_aversion,combined,0,99.82374651003113,0.20696478999291204
3243,euler_ramsey,0.5,2.5% Ramsey,risk_aversion,combined,0,39.601857853865894,0.15846166596359507
3244,euler_ramsey,0.5,1.5% Ramsey,risk_aversion,combined,0,508.3426519275915,1.0536793571707708
3244,euler_ramsey,0.5,2.0% Ramsey,risk_aversion,combined,0,314.4339939489683,1.0140687922517118
3244,euler_ramsey,0.5,2.5% Ramsey,risk_aversion,combined,0,206.09050040714976,0.9734922579469671
3245,euler_ramsey,0.5,1.5% Ramsey,risk_aversion,combined,0,1369.7424084934353,0.5102196912425457
3245,euler_ramsey,0.5,2.0% Ramsey,risk_aversion,combined,0,811.5805524886198,0.4170435628711428
3245,euler_ramsey,0.5,2.5% Ramsey,risk_aversion,combined,0,497.8932801725517,0.3528319754975056
3246,euler_ramsey,0.5,1.5% Ramsey,risk_aversion,combined,0,1058.329919869725,1.315432876579046
3246,euler_ramsey,0.5,2.0% Ramsey,risk_aversion,combined,0,803.9843380109043,1.332195893009855
3246,euler_ramsey,0.5,2.5% Ramsey,risk_aversion,combined,0,555.0252370809811,1.330562764699058
3247,euler_ramsey,0.5,1.5% Ramsey,risk_aversion,combined,0,-2169.570466529342,0.28767083043344216
3247,euler_ramsey,0.5,2.0% Ramsey,risk_aversion,combined,0,-331.7382628912886,0.20664137017483286
3247,euler_ramsey,0.5,2.5% Ramsey,risk_aversion,combined,0,0.29736350139235357,0.15819573049005914
3248,euler_ramsey,0.5,1.5% Ramsey,risk_aversion,combined,0,614.3585585283757,0.39956352877975293
3248,euler_ramsey,0.5,2.0% Ramsey,risk_aversion,combined,0,525.4739065335667,0.30915182307810424
3248,euler_ramsey,0.5,2.5% Ramsey,risk_aversion,combined,0,389.23545310936527,0.2506767020345131
3249,euler_ramsey,0.5,1.5% Ramsey,risk_aversion,combined,0,2572.5791175399613,0.5301449730149427
3249,euler_ramsey,0.5,2.0% Ramsey,risk_aversion,combined,0,1729.7325458388952,0.43778057200726467
3249,euler_ramsey,0.5,2.5% Ramsey,risk_aversion,combined,0,1165.690912975238,0.37337101295121683
3250,euler_ramsey,0.5,1.5% Ramsey,risk_aversion,combined,0,820.8797084065496,0.4043603062161664
3250,euler_ramsey,0.5,2.0% Ramsey,risk_aversion,combined,0,646.6335994885261,0.31365010416854855
3250,euler_ramsey,0.5,2.5% Ramsey,risk_aversion,combined,0,465.9968464959014,0.254815672375675
3251,euler_ramsey,0.5,1.5% Ramsey,risk_aversion,combined,0,-210.59587727520474,0.7943597876554406
3251,euler_ramsey,0.5,2.0% Ramsey,risk_aversion,combined,0,-120.71923523365477,0.717367308800298
3251,euler_ramsey,0.5,2.5% Ramsey,risk_aversion,combined,0,-72.20636196708638,0.6555609089098486
3252,euler_ramsey,0.5,1.5% Ramsey,risk_aversion,combined,0,3383.723391092735,0.26309244999658565
3252,euler_ramsey,0.5,2.0% Ramsey,risk_aversion,combined,0,1480.4436581713321,0.185569147006097
3252,euler_ramsey,0.5,2.5% Ramsey,risk_aversion,combined,0,788.0371829810728,0.14009684159044086
3253,euler_ramsey,0.5,1.5% Ramsey,risk_aversion,combined,0,-43.4818620269924,0.795004772279896
3253,euler_ramsey,0.5,2.0% Ramsey,risk_aversion,combined,0,-29.65794392328987,0.7181262646231833
3253,euler_ramsey,0.5,2.5% Ramsey,risk_aversion,combined,0,-2.3563782538073044,0.6564453139683657
3254,euler_ramsey,0.5,1.5% Ramsey,risk_aversion,combined,0,344.6694196539426,1.2417672382769522
3254,euler_ramsey,0.5,2.0% Ramsey,risk_aversion,combined,0,263.93320701904713,1.2407420017602446
3254,euler_ramsey,0.5,2.5% Ramsey,risk_aversion,combined,0,203.4870136523963,1.226211209169663
3255,euler_ramsey,0.5,1.5% Ramsey,risk_aversion,combined,0,490.77344647073556,0.6686948991530262
3255,euler_ramsey,0.5,2.0% Ramsey,risk_aversion,combined,0,364.05997364242876,0.5809928722036012
3255,euler_ramsey,0.5,2.5% Ramsey,risk_aversion,combined,0,260.6778267768968,0.515315613171712
3256,euler_ramsey,0.5,1.5% Ramsey,risk_aversion,combined,0,326.604606675292,1.4152550904946606
3256,euler_ramsey,0.5,2.0% Ramsey,risk_aversion,combined,0,247.91030835116388,1.4562542388299842
3256,euler_ramsey,0.5,2.5% Ramsey,risk_aversion,combined,0,176.59252265693243,1.4723177134424308
3257,euler_ramsey,0.5,1.5% Ramsey,risk_aversion,combined,0,954.6967857409211,0.45241763637410093
3257,euler_ramsey,0.5,2.0% Ramsey,risk_aversion,combined,0,789.4559490994969,0.3597955567712303
3257,euler_ramsey,0.5,2.5% Ramsey,risk_aversion,combined,0,591.4555113749726,0.2979987851752526
3258,euler_ramsey,0.5,1.5% Ramsey,risk_aversion,combined,0,211.98967652257897,1.9501318170155644
3258,euler_ramsey,0.5,2.0% Ramsey,risk_aversion,combined,0,148.38829255398105,2.1566204443953505
3258,euler_ramsey,0.5,2.5% Ramsey,risk_aversion,combined,0,102.64022358779636,2.3054431232483052
3259,euler_ramsey,0.5,1.5% Ramsey,risk_aversion,combined,0,977.139405434933,0.6952164521130846
3259,euler_ramsey,0.5,2.0% Ramsey,risk_aversion,combined,0,890.0784944488051,0.6095316716562712
3259,euler_ramsey,0.5,2.5% Ramsey,risk_aversion,combined,0,703.3691124851532,0.5444472152840177
3260,euler_ramsey,0.5,1.5% Ramsey,risk_aversion,combined,0,-982.6215428493165,0.3126695254495958
3260,euler_ramsey,0.5,2.0% Ramsey,risk_aversion,combined,0,-579.9319980202334,0.22884191650206384
3260,euler_ramsey,0.5,2.5% Ramsey,risk_aversion,combined,0,-363.11871673967534,0.17774285007124788
3261,euler_ramsey,0.5,1.5% Ramsey,risk_aversion,combined,0,2359.2438384460893,0.4534832272946393
3261,euler_ramsey,0.5,2.0% Ramsey,risk_aversion,combined,0,1933.222149254461,0.3609925170598304
3261,euler_ramsey,0.5,2.5% Ramsey,risk_aversion,combined,0,1407.941134830459,0.2992278442606938
3262,euler_ramsey,0.5,1.5% Ramsey,risk_aversion,combined,0,95.04481662050355,1.732420177056472
3262,euler_ramsey,0.5,2.0% Ramsey,risk_aversion,combined,0,72.78026034619631,1.8655885706984185
3262,euler_ramsey,0.5,2.5% Ramsey,risk_aversion,combined,0,57.18325103605547,1.953677318180131
3263,euler_ramsey,0.5,1.5% Ramsey,risk_aversion,combined,0,1841.903621577645,0.7324275658186532
3263,euler_ramsey,0.5,2.0% Ramsey,risk_aversion,combined,0,1682.8798401612603,0.6499115188577351
3263,euler_ramsey,0.5,2.5% Ramsey,risk_aversion,combined,0,1366.0548026978158,0.5859808359622731
3264,euler_ramsey,0.5,1.5% Ramsey,risk_aversion,combined,0,1841.3100070734274,1.509080211509953
3264,euler_ramsey,0.5,2.0% Ramsey,risk_aversion,combined,0,1164.8116717248092,1.575952944620584
3264,euler_ramsey,0.5,2.5% Ramsey,risk_aversion,combined,0,713.181305383783,1.6117754972838398
3265,euler_ramsey,0.5,1.5% Ramsey,risk_aversion,combined,0,376.55963037980126,0.6938803381350171
3265,euler_ramsey,0.5,2.0% Ramsey,risk_aversion,combined,0,386.04768876945747,0.6074610578466535
3265,euler_ramsey,0.5,2.5% Ramsey,risk_aversion,combined,0,326.33514988154167,0.5419228793149563
3266,euler_ramsey,0.5,1.5% Ramsey,risk_aversion,combined,0,1031.0818031510762,0.7923462719648542
3266,euler_ramsey,0.5,2.0% Ramsey,risk_aversion,combined,0,649.0425283983395,0.7150778803171298
3266,euler_ramsey,0.5,2.5% Ramsey,risk_aversion,combined,0,425.06268828291076,0.6531505683830016
3267,euler_ramsey,0.5,1.5% Ramsey,risk_aversion,combined,0,729.8139830172688,1.4532097182377939
3267,euler_ramsey,0.5,2.0% Ramsey,risk_aversion,combined,0,596.0570721916308,1.504373946276163
3267,euler_ramsey,0.5,2.5% Ramsey,risk_aversion,combined,0,441.12137297121114,1.5281243976954444
3268,euler_ramsey,0.5,1.5% Ramsey,risk_aversion,combined,0,-49.16359313102373,1.6789082650403873
3268,euler_ramsey,0.5,2.0% Ramsey,risk_aversion,combined,0,-32.635032981020586,1.7951640917570488
3268,euler_ramsey,0.5,2.5% Ramsey,risk_aversion,combined,0,-15.504539070538227,1.869659883276631
3269,euler_ramsey,0.5,1.5% Ramsey,risk_aversion,combined,0,336.2514279322235,0.589944075151
3269,euler_ramsey,0.5,2.0% Ramsey,risk_aversion,combined,0,256.3458413936377,0.498416460841865
3269,euler_ramsey,0.5,2.5% Ramsey,risk_aversion,combined,0,178.92785059963342,0.4326021211084777
3270,euler_ramsey,0.5,1.5% Ramsey,risk_aversion,combined,0,651.5571937851181,0.9350840849496121
3270,euler_ramsey,0.5,2.0% Ramsey,risk_aversion,combined,0,497.82571111269135,0.8764243576737755
3270,euler_ramsey,0.5,2.5% Ramsey,risk_aversion,combined,0,362.7169926459855,0.8243733479259369
3271,euler_ramsey,0.5,1.5% Ramsey,risk_aversion,combined,0,6490.738994285622,0.3360934388065439
3271,euler_ramsey,0.5,2.0% Ramsey,risk_aversion,combined,0,3938.909092012669,0.25062009860419643
3271,euler_ramsey,0.5,2.5% Ramsey,risk_aversion,combined,0,2424.1723238272148,0.1975371499494747
3272,euler_ramsey,0.5,1.5% Ramsey,risk_aversion,combined,0,868.8377127380554,0.7495736898657755
3272,euler_ramsey,0.5,2.0% Ramsey,risk_aversion,combined,0,755.5635528170749,0.6681947202999363
3272,euler_ramsey,0.5,2.5% Ramsey,risk_aversion,combined,0,602.7532011052112,0.6045687321964538
3273,euler_ramsey,0.5,1.5% Ramsey,risk_aversion,combined,0,302.1786989017583,1.976546142761891
3273,euler_ramsey,0.5,2.0% Ramsey,risk_aversion,combined,0,214.5802748532358,2.19256602815121
3273,euler_ramsey,0.5,2.5% Ramsey,risk_aversion,combined,0,154.30259659805395,2.349416437947302
3274,euler_ramsey,0.5,1.5% Ramsey,risk_aversion,combined,0,227.710293457172,2.0310371845502773
3274,euler_ramsey,0.5,2.0% Ramsey,risk_aversion,combined,0,150.7291817089521,2.2669118541087387
3274,euler_ramsey,0.5,2.5% Ramsey,risk_aversion,combined,0,103.48987379497673,2.440680857675709
3275,euler_ramsey,0.5,1.5% Ramsey,risk_aversion,combined,0,-21.566858349527088,0.9549743839630863
3275,euler_ramsey,0.5,2.0% Ramsey,risk_aversion,combined,0,-9.860789679519339,0.8992878304488685
3275,euler_ramsey,0.5,2.5% Ramsey,risk_aversion,combined,0,-2.3180853442937424,0.8489980147578281
3276,euler_ramsey,0.5,1.5% Ramsey,risk_aversion,combined,0,102.75230645095002,1.916417175347974
3276,euler_ramsey,0.5,2.0% Ramsey,risk_aversion,combined,0,91.59383904362393,2.1111057855580597
3276,euler_ramsey,0.5,2.5% Ramsey,risk_aversion,combined,0,76.876820813322,2.2499603752777135
3277,euler_ramsey,0.5,1.5% Ramsey,risk_aversion,combined,0,794.7673470631727,0.46316322649011854
3277,euler_ramsey,0.5,2.0% Ramsey,risk_aversion,combined,0,443.3627984375499,0.3702652240353932
3277,euler_ramsey,0.5,2.5% Ramsey,risk_aversion,combined,0,262.51271367182954,0.30790587730535146
3278,euler_ramsey,0.5,1.5% Ramsey,risk_aversion,combined,0,6.380615473012772,1.29421667305306
3278,euler_ramsey,0.5,2.0% Ramsey,risk_aversion,combined,0,9.051213497127236,1.3049056215821517
3278,euler_ramsey,0.5,2.5% Ramsey,risk_aversion,combined,0,9.670880604722706,1.2986871605530417
3279,euler_ramsey,0.5,1.5% Ramsey,risk_aversion,combined,0,192.18266682356088,2.194665786687758
3279,euler_ramsey,0.5,2.0% Ramsey,risk_aversion,combined,0,160.10985690923826,2.492622572775491
3279,euler_ramsey,0.5,2.5% Ramsey,risk_aversion,combined,0,130.99214725086665,2.720172619545759
3280,euler_ramsey,0.5,1.5% Ramsey,risk_aversion,combined,0,388.4303988845492,1.2296113408105174
3280,euler_ramsey,0.5,2.0% Ramsey,risk_aversion,combined,0,258.12799430811754,1.2251839448719288
3280,euler_ramsey,0.5,2.5% Ramsey,risk_aversion,combined,0,176.28511483542752,1.208177365197551
3281,euler_ramsey,0.5,1.5% Ramsey,risk_aversion,combined,0,1077.8236861243645,1.3913017116322484
3281,euler_ramsey,0.5,2.0% Ramsey,risk_aversion,combined,0,704.0147855102532,1.4266884965123006
3281,euler_ramsey,0.5,2.5% Ramsey,risk_aversion,combined,0,458.2521937038768,1.438673946561826
3282,euler_ramsey,0.5,1.5% Ramsey,risk_aversion,combined,0,75.40102678479577,0.7360679214170571
3282,euler_ramsey,0.5,2.0% Ramsey,risk_aversion,combined,0,74.22733491355514,0.6536635150758247
3282,euler_ramsey,0.5,2.5% Ramsey,risk_aversion,combined,0,64.62416857930813,0.5897033589577201
3283,euler_ramsey,0.5,1.5% Ramsey,risk_aversion,combined,0,1425.6098931343136,0.957653618023749
3283,euler_ramsey,0.5,2.0% Ramsey,risk_aversion,combined,0,847.4228117586321,0.9034909604730413
3283,euler_ramsey,0.5,2.5% Ramsey,risk_aversion,combined,0,518.4773992582518,0.8543764516042754
3284,euler_ramsey,0.5,1.5% Ramsey,risk_aversion,combined,0,247.02076145854406,2.265667168132431
3284,euler_ramsey,0.5,2.0% Ramsey,risk_aversion,combined,0,211.74847420875628,2.591694089654738
3284,euler_ramsey,0.5,2.5% Ramsey,risk_aversion,combined,0,169.997281756491,2.8438946529707043
3285,euler_ramsey,0.5,1.5% Ramsey,risk_aversion,combined,0,-642.3541623912613,0.19213284269236636
3285,euler_ramsey,0.5,2.0% Ramsey,risk_aversion,combined,0,-243.67963986455248,0.12602447633807776
3285,euler_ramsey,0.5,2.5% Ramsey,risk_aversion,combined,0,-136.81943782542115,0.089927982651354
3286,euler_ramsey,0.5,1.5% Ramsey,risk_aversion,combined,0,1697.7936645329773,0.643200160736637
3286,euler_ramsey,0.5,2.0% Ramsey,risk_aversion,combined,0,1474.5781614476873,0.5543454690495114
3286,euler_ramsey,0.5,2.5% Ramsey,risk_aversion,combined,0,1125.5593509908563,0.4886518896196692
3287,euler_ramsey,0.5,1.5% Ramsey,risk_aversion,combined,0,-2319.0410651493607,0.29015448927284276
3287,euler_ramsey,0.5,2.0% Ramsey,risk_aversion,combined,0,-824.9672319413969,0.2088842655686852
3287,euler_ramsey,0.5,2.5% Ramsey,risk_aversion,combined,0,-408.00623432683597,0.1601847398479395
3288,euler_ramsey,0.5,1.5% Ramsey,risk_aversion,combined,0,253.75788350807662,1.9473632126755087
3288,euler_ramsey,0.5,2.0% Ramsey,risk_aversion,combined,0,204.0502473596882,2.1532004398061346
3288,euler_ramsey,0.5,2.5% Ramsey,risk_aversion,combined,0,157.48985496392797,2.301533510638178
3289,euler_ramsey,0.5,1.5% Ramsey,risk_aversion,combined,0,-56.714901844661206,1.0784080937756326
3289,euler_ramsey,0.5,2.0% Ramsey,risk_aversion,combined,0,-39.43811028995124,1.0435382308565917
3289,euler_ramsey,0.5,2.5% Ramsey,risk_aversion,combined,0,-25.87158699523765,1.0060341069334604
3290,euler_ramsey,0.5,1.5% Ramsey,risk_aversion,combined,0,3192.873421883225,0.4758509857945543
3290,euler_ramsey,0.5,2.0% Ramsey,risk_aversion,combined,0,2568.1598290214542,0.3832445581531651
3290,euler_ramsey,0.5,2.5% Ramsey,risk_aversion,combined,0,1873.0739295464482,0.3205785454659834
3291,euler_ramsey,0.5,1.5% Ramsey,risk_aversion,combined,0,330.9622398207266,1.4156981019892065
3291,euler_ramsey,0.5,2.0% Ramsey,risk_aversion,combined,0,249.3199424801953,1.4567832492660204
3291,euler_ramsey,0.5,2.5% Ramsey,risk_aversion,combined,0,175.3867802105275,1.4729028345466715
3292,euler_ramsey,0.5,1.5% Ramsey,risk_aversion,combined,0,311.8527906129129,1.661314685531977
3292,euler_ramsey,0.5,2.0% Ramsey,risk_aversion,combined,0,240.54969020178677,1.772414181875927
3292,euler_ramsey,0.5,2.5% Ramsey,risk_aversion,combined,0,182.15694539423237,1.8428327228081849
3293,euler_ramsey,0.5,1.5% Ramsey,risk_aversion,combined,0,732.3401277280009,1.8097007210419176
3293,euler_ramsey,0.5,2.0% Ramsey,risk_aversion,combined,0,506.8254457286198,1.9685517514342197
3293,euler_ramsey,0.5,2.5% Ramsey,risk_aversion,combined,0,341.32771094152486,2.0777921450268133
3294,euler_ramsey,0.5,1.5% Ramsey,risk_aversion,combined,0,2813.87979445517,0.49700029867378
3294,euler_ramsey,0.5,2.0% Ramsey,risk_aversion,combined,0,2435.4663739302136,0.4046507729467254
3294,euler_ramsey,0.5,2.5% Ramsey,risk_aversion,combined,0,1888.7795409529958,0.34137526006578645
3295,euler_ramsey,0.5,1.5% Ramsey,risk_aversion,combined,0,4229.974762567501,0.27740628839295917
3295,euler_ramsey,0.5,2.0% Ramsey,risk_aversion,combined,0,1782.1572761757614,0.197834209054835
3295,euler_ramsey,0.5,2.5% Ramsey,risk_aversion,combined,0,949.4185946998251,0.1506237119981421
3296,euler_ramsey,0.5,1.5% Ramsey,risk_aversion,combined,0,1202.6480928636638,0.7982652707488648
3296,euler_ramsey,0.5,2.0% Ramsey,risk_aversion,combined,0,976.8393860070452,0.7223231913411807
3296,euler_ramsey,0.5,2.5% Ramsey,risk_aversion,combined,0,698.8610313796789,0.6611799750292141
3297,euler_ramsey,0.5,1.5% Ramsey,risk_aversion,combined,0,328.80247375483856,1.3101982454449752
3297,euler_ramsey,0.5,2.0% Ramsey,risk_aversion,combined,0,256.0319850467005,1.3245968299811668
3297,euler_ramsey,0.5,2.5% Ramsey,risk_aversion,combined,0,181.21959540701067,1.321026269249017
3298,euler_ramsey,0.5,1.5% Ramsey,risk_aversion,combined,0,599.4197184659098,0.41807683609758484
3298,euler_ramsey,0.5,2.0% Ramsey,risk_aversion,combined,0,396.73848453309944,0.32693120183368457
3298,euler_ramsey,0.5,2.5% Ramsey,risk_aversion,combined,0,277.9681228782315,0.26729252347922755
3299,euler_ramsey,0.5,1.5% Ramsey,risk_aversion,combined,0,319.4119079037749,1.812971285340356
3299,euler_ramsey,0.5,2.0% Ramsey,risk_aversion,combined,0,225.85928239219987,1.9724016538192626
3299,euler_ramsey,0.5,2.5% Ramsey,risk_aversion,combined,0,156.1571757341289,2.0820839503580166
3300,euler_ramsey,0.5,1.5% Ramsey,risk_aversion,combined,0,5696.248556634817,0.34458188296395653
3300,euler_ramsey,0.5,2.0% Ramsey,risk_aversion,combined,0,3123.8721755773813,0.2579020680280806
3300,euler_ramsey,0.5,2.5% Ramsey,risk_aversion,combined,0,1711.5084999609414,0.20382308210056152
3301,euler_ramsey,0.5,1.5% Ramsey,risk_aversion,combined,0,36.73838170174522,0.6196973899376318
3301,euler_ramsey,0.5,2.0% Ramsey,risk_aversion,combined,0,53.225732642100425,0.5289056585847952
3301,euler_ramsey,0.5,2.5% Ramsey,risk_aversion,combined,0,60.385235617387146,0.46265910692203743
3302,euler_ramsey,0.5,1.5% Ramsey,risk_aversion,combined,0,-777.7493709523222,0.3993326246671206
3302,euler_ramsey,0.5,2.0% Ramsey,risk_aversion,combined,0,-516.2729259703698,0.3089343986889631
3302,euler_ramsey,0.5,2.5% Ramsey,risk_aversion,combined,0,-344.73951730109405,0.25047308844287536
3303,euler_ramsey,0.5,1.5% Ramsey,risk_aversion,combined,0,-141.74277069707313,0.28995292197818173
3303,euler_ramsey,0.5,2.0% Ramsey,risk_aversion,combined,0,-167.09901897253545,0.20864194387946
3303,euler_ramsey,0.5,2.5% Ramsey,risk_aversion,combined,0,-150.2306773429664,0.15993868122807528
3304,euler_ramsey,0.5,1.5% Ramsey,risk_aversion,combined,0,14349.803143568319,0.4206278971283979
3304,euler_ramsey,0.5,2.0% Ramsey,risk_aversion,combined,0,13029.55382375493,0.3307128344142758
3304,euler_ramsey,0.5,2.5% Ramsey,risk_aversion,combined,0,9962.792889804634,0.2716343770289408
3305,euler_ramsey,0.5,1.5% Ramsey,risk_aversion,combined,0,119.24230613267605,2.0444178064172327
3305,euler_ramsey,0.5,2.0% Ramsey,risk_aversion,combined,0,125.54270603605352,2.285138997740853
3305,euler_ramsey,0.5,2.5% Ramsey,risk_aversion,combined,0,115.36860380469575,2.4630040679635488
3306,euler_ramsey,0.5,1.5% Ramsey,risk_aversion,combined,0,839.6547148313427,1.0626549507099885
3306,euler_ramsey,0.5,2.0% Ramsey,risk_aversion,combined,0,808.1053587397984,1.0252196795260808
3306,euler_ramsey,0.5,2.5% Ramsey,risk_aversion,combined,0,685.3010583962858,0.9862046542714079
3307,euler_ramsey,0.5,1.5% Ramsey,risk_aversion,combined,0,286.4591375148072,0.7625765099319081
3307,euler_ramsey,0.5,2.0% Ramsey,risk_aversion,combined,0,243.75262414852838,0.6828938215014826
3307,euler_ramsey,0.5,2.5% Ramsey,risk_aversion,combined,0,191.59871417337345,0.6200596321304006
3308,euler_ramsey,0.5,1.5% Ramsey,risk_aversion,combined,0,59.767389179887935,2.443130637378937
3308,euler_ramsey,0.5,2.0% Ramsey,risk_aversion,combined,0,36.831381415436304,2.8425019606046
3308,euler_ramsey,0.5,2.5% Ramsey,risk_aversion,combined,0,23.99890595414884,3.1601704183130415
3309,euler_ramsey,0.5,1.5% Ramsey,risk_aversion,combined,0,648.147401925115,2.2551440754400227
3309,euler_ramsey,0.5,2.0% Ramsey,risk_aversion,combined,0,526.4323311604404,2.577235860792199
3309,euler_ramsey,0.5,2.5% Ramsey,risk_aversion,combined,0,404.9549858308718,2.8260788493964744
3310,euler_ramsey,0.5,1.5% Ramsey,risk_aversion,combined,0,220.01474695873281,1.3402171295742487
3310,euler_ramsey,0.5,2.0% Ramsey,risk_aversion,combined,0,160.66617446173336,1.3618395627449862
3310,euler_ramsey,0.5,2.5% Ramsey,risk_aversion,combined,0,124.2092943556028,1.3634990615138403
3311,euler_ramsey,0.5,1.5% Ramsey,risk_aversion,combined,0,134.43912552325966,0.806854789996498
3311,euler_ramsey,0.5,2.0% Ramsey,risk_aversion,combined,0,106.3791941116009,0.7308922290724078
3311,euler_ramsey,0.5,2.5% Ramsey,risk_aversion,combined,0,75.29165280933965,0.6695053589754179
3312,euler_ramsey,0.5,1.5% Ramsey,risk_aversion,combined,0,153.320872904204,0.5087869352519592
3312,euler_ramsey,0.5,2.0% Ramsey,risk_aversion,combined,0,94.7124188188402,0.41568065101777163
3312,euler_ramsey,0.5,2.5% Ramsey,risk_aversion,combined,0,69.63756064532485,0.3515538947801074
3313,euler_ramsey,0.5,1.5% Ramsey,risk_aversion,combined,0,793.8883551220314,1.9347382230259007
3313,euler_ramsey,0.5,2.0% Ramsey,risk_aversion,combined,0,629.1666150875054,2.1366954960457196
3313,euler_ramsey,0.5,2.5% Ramsey,risk_aversion,combined,0,464.06770115302095,2.2818993319149414
3314,euler_ramsey,0.5,1.5% Ramsey,risk_aversion,combined,0,578.4171224121683,0.7090901692867302
3314,euler_ramsey,0.5,2.0% Ramsey,risk_aversion,combined,0,349.0997108377309,0.6243343426814091
3314,euler_ramsey,0.5,2.5% Ramsey,risk_aversion,combined,0,222.6343339832011,0.559485644363284
3315,euler_ramsey,0.5,1.5% Ramsey,risk_aversion,combined,0,268.68857671833933,1.2144905365745262
3315,euler_ramsey,0.5,2.0% Ramsey,risk_aversion,combined,0,186.1201703623366,1.2071478862067677
3315,euler_ramsey,0.5,2.5% Ramsey,risk_aversion,combined,0,126.94023846435395,1.1881577203197196
3316,euler_ramsey,0.5,1.5% Ramsey,risk_aversion,combined,0,502.39152392255824,1.5804778765368974
3316,euler_ramsey,0.5,2.0% Ramsey,risk_aversion,combined,0,329.4733219264074,1.6672787429474525
3316,euler_ramsey,0.5,2.5% Ramsey,risk_aversion,combined,0,231.43079686014886,1.718484827117904
3317,euler_ramsey,0.5,1.5% Ramsey,risk_aversion,combined,0,97.39626486734662,0.7763529533667349
3317,euler_ramsey,0.5,2.0% Ramsey,risk_aversion,combined,0,67.12960949040752,0.6973900769748947
3317,euler_ramsey,0.5,2.5% Ramsey,risk_aversion,combined,0,47.8399993414529,0.6347107721666505
3318,euler_ramsey,0.5,1.5% Ramsey,risk_aversion,combined,0,328.54671226924484,2.9400637054338645
3318,euler_ramsey,0.5,2.0% Ramsey,risk_aversion,combined,0,246.28293618077362,3.5663246314195756
3318,euler_ramsey,0.5,2.5% Ramsey,risk_aversion,combined,0,181.94514190662755,4.095039531340573
3319,euler_ramsey,0.5,1.5% Ramsey,risk_aversion,combined,0,1711.3514805489785,1.26502791508171
3319,euler_ramsey,0.5,2.0% Ramsey,risk_aversion,combined,0,1214.6062237139724,1.2701634002925297
3319,euler_ramsey,0.5,2.5% Ramsey,risk_aversion,combined,0,829.814507605587,1.2601817345597828
3320,euler_ramsey,0.5,1.5% Ramsey,risk_aversion,combined,0,1259.3848706397303,0.1429797428995913
3320,euler_ramsey,0.5,2.0% Ramsey,risk_aversion,combined,0,992.4969374615468,0.08775312965572293
3320,euler_ramsey,0.5,2.5% Ramsey,risk_aversion,combined,0,681.0684795367564,0.05948071270671339
3321,euler_ramsey,0.5,1.5% Ramsey,risk_aversion,combined,0,-720.8560736717801,0.6616263433686047
3321,euler_ramsey,0.5,2.0% Ramsey,risk_aversion,combined,0,-396.76551358868716,0.573334216380091
3321,euler_ramsey,0.5,2.5% Ramsey,risk_aversion,combined,0,-245.77787954192817,0.5074625726202325
3322,euler_ramsey,0.5,1.5% Ramsey,risk_aversion,combined,0,287.6513589484144,1.3217856888438553
3322,euler_ramsey,0.5,2.0% Ramsey,risk_aversion,combined,0,244.0112805449544,1.3387818137661447
3322,euler_ramsey,0.5,2.5% Ramsey,risk_aversion,combined,0,190.142677986893,1.337096176521233
3323,euler_ramsey,0.5,1.5% Ramsey,risk_aversion,combined,0,187.90617542614083,0.8341031510629373
3323,euler_ramsey,0.5,2.0% Ramsey,risk_aversion,combined,0,149.08943677069712,0.7616541503761864
3323,euler_ramsey,0.5,2.5% Ramsey,risk_aversion,combined,0,110.06351687358669,0.702081917680375
3324,euler_ramsey,0.5,1.5% Ramsey,risk_aversion,combined,0,698.9151194492933,1.1291492517032566
3324,euler_ramsey,0.5,2.0% Ramsey,risk_aversion,combined,0,533.2770487180156,1.1041804718047468
3324,euler_ramsey,0.5,2.5% Ramsey,risk_aversion,combined,0,395.48320329818216,1.0732821716645344
3325,euler_ramsey,0.5,1.5% Ramsey,risk_aversion,combined,0,570.3023946774423,1.0611707651799025
3325,euler_ramsey,0.5,2.0% Ramsey,risk_aversion,combined,0,475.82520403310116,1.0238961772956316
3325,euler_ramsey,0.5,2.5% Ramsey,risk_aversion,combined,0,356.72059201483995,0.9850123895689649
3326,euler_ramsey,0.5,1.5% Ramsey,risk_aversion,combined,0,703.6719198986744,1.2036550653914888
3326,euler_ramsey,0.5,2.0% Ramsey,risk_aversion,combined,0,519.4530006604367,1.1944504461917826
3326,euler_ramsey,0.5,2.5% Ramsey,risk_aversion,combined,0,374.0861360533352,1.1742591988212532
3327,euler_ramsey,0.5,1.5% Ramsey,risk_aversion,combined,0,871.7288044937674,0.563440428582539
3327,euler_ramsey,0.5,2.0% Ramsey,risk_aversion,combined,0,672.3328766423587,0.47116945679780664
3327,euler_ramsey,0.5,2.5% Ramsey,risk_aversion,combined,0,487.0595317178375,0.4057297581389236
3328,euler_ramsey,0.5,1.5% Ramsey,risk_aversion,combined,0,566.5515772024129,0.4520649757459849
3328,euler_ramsey,0.5,2.0% Ramsey,risk_aversion,combined,0,172.93985413155337,0.359418483533194
3328,euler_ramsey,0.5,2.5% Ramsey,risk_aversion,combined,0,87.44287237037716,0.29762092986884153
3329,euler_ramsey,0.5,1.5% Ramsey,risk_aversion,combined,0,214.82665825561935,1.3603919342311122
3329,euler_ramsey,0.5,2.0% Ramsey,risk_aversion,combined,0,175.81595728311746,1.3871543752742443
3329,euler_ramsey,0.5,2.5% Ramsey,risk_aversion,combined,0,137.01141844056284,1.3926169693599961
3330,euler_ramsey,0.5,1.5% Ramsey,risk_aversion,combined,0,126.53741627757525,1.4242531878217586
3330,euler_ramsey,0.5,2.0% Ramsey,risk_aversion,combined,0,88.22792218009943,1.467355870507447
3330,euler_ramsey,0.5,2.5% Ramsey,risk_aversion,combined,0,66.26968729508208,1.4849252688317571
3331,euler_ramsey,0.5,1.5% Ramsey,risk_aversion,combined,0,-4997.769341615121,0.13562417707119773
3331,euler_ramsey,0.5,2.0% Ramsey,risk_aversion,combined,0,-3092.8890124950635,0.0822897249551845
3331,euler_ramsey,0.5,2.5% Ramsey,risk_aversion,combined,0,-1953.107277647315,0.055286184967291874
3332,euler_ramsey,0.5,1.5% Ramsey,risk_aversion,combined,0,-556.6833302982892,0.9161103623495161
3332,euler_ramsey,0.5,2.0% Ramsey,risk_aversion,combined,0,-442.6528820328629,0.8543781385434968
3332,euler_ramsey,0.5,2.5% Ramsey,risk_aversion,combined,0,-326.5678188929073,0.8004697236297407
3333,euler_ramsey,0.5,1.5% Ramsey,risk_aversion,combined,0,1418.0685082023415,1.4459082698227808
3333,euler_ramsey,0.5,2.0% Ramsey,risk_aversion,combined,0,1162.5623788789871,1.4967954670764174
3333,euler_ramsey,0.5,2.5% Ramsey,risk_aversion,combined,0,893.2439119001871,1.520749402944277
3334,euler_ramsey,0.5,1.5% Ramsey,risk_aversion,combined,0,76.45590384286218,0.5697333768881744
3334,euler_ramsey,0.5,2.0% Ramsey,risk_aversion,combined,0,60.63700122690081,0.47731073003638946
3334,euler_ramsey,0.5,2.5% Ramsey,risk_aversion,combined,0,48.29072618511797,0.4115775516594217
3335,euler_ramsey,0.5,1.5% Ramsey,risk_aversion,combined,0,-134.29815490834997,0.8601393882574996
3335,euler_ramsey,0.5,2.0% Ramsey,risk_aversion,combined,0,-116.88515098931876,0.7914982199815821
3335,euler_ramsey,0.5,2.5% Ramsey,risk_aversion,combined,0,-90.703570614166,0.7339317326367304
3336,euler_ramsey,0.5,1.5% Ramsey,risk_aversion,combined,0,416.7517200119756,1.6380926759226633
3336,euler_ramsey,0.5,2.0% Ramsey,risk_aversion,combined,0,264.9170465749017,1.7421872702184913
3336,euler_ramsey,0.5,2.5% Ramsey,risk_aversion,combined,0,175.85569636078012,1.8071125827122454
3337,euler_ramsey,0.5,1.5% Ramsey,risk_aversion,combined,0,261.9280671185893,4.854807836616461
3337,euler_ramsey,0.5,2.0% Ramsey,risk_aversion,combined,0,176.52602503296524,6.59142464868818
3337,euler_ramsey,0.5,2.5% Ramsey,risk_aversion,combined,0,127.63720285498276,8.257536984700073
3338,euler_ramsey,0.5,1.5% Ramsey,risk_aversion,combined,0,16.33772331696983,0.4007642224250908
3338,euler_ramsey,0.5,2.0% Ramsey,risk_aversion,combined,0,49.552475053838016,0.31030273593073204
3338,euler_ramsey,0.5,2.5% Ramsey,risk_aversion,combined,0,65.30705858248317,0.25175085707312644
3339,euler_ramsey,0.5,1.5% Ramsey,risk_aversion,combined,0,-166.616474237244,1.0491150641622475
3339,euler_ramsey,0.5,2.0% Ramsey,risk_aversion,combined,0,-98.32495026736999,1.0086112959473537
3339,euler_ramsey,0.5,2.5% Ramsey,risk_aversion,combined,0,-54.39805621468936,0.967436697348233
3340,euler_ramsey,0.5,1.5% Ramsey,risk_aversion,combined,0,2917.0677300783723,0.4642866466570841
3340,euler_ramsey,0.5,2.0% Ramsey,risk_aversion,combined,0,1942.4174487549685,0.37165143605225853
3340,euler_ramsey,0.5,2.5% Ramsey,risk_aversion,combined,0,1229.2269188768578,0.309397411037257
3341,euler_ramsey,0.5,1.5% Ramsey,risk_aversion,combined,0,2885.9859519207616,0.36931110060089134
3341,euler_ramsey,0.5,2.0% Ramsey,risk_aversion,combined,0,2884.79822893602,0.28091632763471164
3341,euler_ramsey,0.5,2.5% Ramsey,risk_aversion,combined,0,2430.8395324054773,0.2248180074201725
3342,euler_ramsey,0.5,1.5% Ramsey,risk_aversion,combined,0,252.12773714771402,1.194330759336197
3342,euler_ramsey,0.5,2.0% Ramsey,risk_aversion,combined,0,210.09458888885766,1.1819548211303719
3342,euler_ramsey,0.5,2.5% Ramsey,risk_aversion,combined,0,166.66519841431966,1.1593807566428322
3343,euler_ramsey,0.5,1.5% Ramsey,risk_aversion,combined,0,147.81447215958298,3.3795600679131406
3343,euler_ramsey,0.5,2.0% Ramsey,risk_aversion,combined,0,112.62733676789608,4.229306322556429
3343,euler_ramsey,0.5,2.5% Ramsey,risk_aversion,combined,0,87.00417516653587,4.974593007370796
3344,euler_ramsey,0.5,1.5% Ramsey,risk_aversion,combined,0,1142.0972508544476,0.9386592640441862
3344,euler_ramsey,0.5,2.0% Ramsey,risk_aversion,combined,0,883.1757972462914,0.8806903985085887
3344,euler_ramsey,0.5,2.5% Ramsey,risk_aversion,combined,0,649.1242785368034,0.8290635787006215
3345,euler_ramsey,0.5,1.5% Ramsey,risk_aversion,combined,0,161.27874618000382,1.7287589910225802
3345,euler_ramsey,0.5,2.0% Ramsey,risk_aversion,combined,0,111.99156641029293,1.860816421235768
3345,euler_ramsey,0.5,2.5% Ramsey,risk_aversion,combined,0,76.0630596243547,1.9480439738462234
3346,euler_ramsey,0.5,1.5% Ramsey,risk_aversion,combined,0,2842.4126737160377,0.8556739145967949
3346,euler_ramsey,0.5,2.0% Ramsey,risk_aversion,combined,0,2178.7213899943417,0.786542702339512
3346,euler_ramsey,0.5,2.5% Ramsey,risk_aversion,combined,0,1495.0427056760293,0.728831899190733
3347,euler_ramsey,0.5,1.5% Ramsey,risk_aversion,combined,0,921.9573079976639,0.40152518160739975
3347,euler_ramsey,0.5,2.0% Ramsey,risk_aversion,combined,0,752.1145571167506,0.31100187820527464
3347,euler_ramsey,0.5,2.5% Ramsey,risk_aversion,combined,0,579.4428608824046,0.2523875365950536
3348,euler_ramsey,0.5,1.5% Ramsey,risk_aversion,combined,0,1116.5491648166749,0.612292733738251
3348,euler_ramsey,0.5,2.0% Ramsey,risk_aversion,combined,0,866.5314019873216,0.5214302641285822
3348,euler_ramsey,0.5,2.5% Ramsey,risk_aversion,combined,0,633.9400398984851,0.4553664249734118
3349,euler_ramsey,0.5,1.5% Ramsey,risk_aversion,combined,0,626.5374440715785,2.5882808255345267
3349,euler_ramsey,0.5,2.0% Ramsey,risk_aversion,combined,0,483.66513285561444,3.05173199004487
3349,euler_ramsey,0.5,2.5% Ramsey,risk_aversion,combined,0,362.83381688145965,3.4282519594141623
3350,euler_ramsey,0.5,1.5% Ramsey,risk_aversion,combined,0,574.0448899251135,0.5193595063223628
3350,euler_ramsey,0.5,2.0% Ramsey,risk_aversion,combined,0,458.38172113104264,0.42617752888995497
3350,euler_ramsey,0.5,2.5% Ramsey,risk_aversion,combined,0,357.0300744096956,0.3616470012071343
3351,euler_ramsey,0.5,1.5% Ramsey,risk_aversion,combined,0,-20.99642251639496,1.0746845773803821
3351,euler_ramsey,0.5,2.0% Ramsey,risk_aversion,combined,0,-15.494475760663585,1.038799500062211
3351,euler_ramsey,0.5,2.5% Ramsey,risk_aversion,combined,0,-6.439280594882499,1.00058001981597
3352,euler_ramsey,0.5,1.5% Ramsey,risk_aversion,combined,0,1318.3198852301489,1.6473662218303162
3352,euler_ramsey,0.5,2.0% Ramsey,risk_aversion,combined,0,975.1097311041563,1.7549656382273133
3352,euler_ramsey,0.5,2.5% Ramsey,risk_aversion,combined,0,682.9190952621791,1.8228049040045189
3353,euler_ramsey,0.5,1.5% Ramsey,risk_aversion,combined,0,326.1517257878772,2.767728632365179
3353,euler_ramsey,0.5,2.0% Ramsey,risk_aversion,combined,0,229.98474572387542,3.311709421983467
3353,euler_ramsey,0.5,2.5% Ramsey,risk_aversion,combined,0,168.28491252205635,3.762643701500356
3354,euler_ramsey,0.5,1.5% Ramsey,risk_aversion,combined,0,873.0867859164817,0.7633453332522276
3354,euler_ramsey,0.5,2.0% Ramsey,risk_aversion,combined,0,706.3765880584211,0.6834187892077546
3354,euler_ramsey,0.5,2.5% Ramsey,risk_aversion,combined,0,485.69776747032205,0.6203949351225843
3355,euler_ramsey,0.5,1.5% Ramsey,risk_aversion,combined,0,1469.396962375998,0.8679983312901661
3355,euler_ramsey,0.5,2.0% Ramsey,risk_aversion,combined,0,1182.43668413167,0.8001505059852082
3355,euler_ramsey,0.5,2.5% Ramsey,risk_aversion,combined,0,877.2843055959517,0.7430195078998053
3356,euler_ramsey,0.5,1.5% Ramsey,risk_aversion,combined,0,361.77959058921755,1.1548621658419187
3356,euler_ramsey,0.5,2.0% Ramsey,risk_aversion,combined,0,241.44831876399837,1.1339608320302401
3356,euler_ramsey,0.5,2.5% Ramsey,risk_aversion,combined,0,167.3343155328228,1.1055471910303465
3357,euler_ramsey,0.5,1.5% Ramsey,risk_aversion,combined,0,2625.7997729721437,0.6846177566121022
3357,euler_ramsey,0.5,2.0% Ramsey,risk_aversion,combined,0,1958.791695237573,0.600263662887803
3357,euler_ramsey,0.5,2.5% Ramsey,risk_aversion,combined,0,1423.6600301493354,0.5363941818870938
3358,euler_ramsey,0.5,1.5% Ramsey,risk_aversion,combined,0,1679.3719551820836,0.5096576105380817
3358,euler_ramsey,0.5,2.0% Ramsey,risk_aversion,combined,0,677.8187769191671,0.4165325028284656
3358,euler_ramsey,0.5,2.5% Ramsey,risk_aversion,combined,0,363.6562546161677,0.35237007922127356
3359,euler_ramsey,0.5,1.5% Ramsey,risk_aversion,combined,0,324.3006415822028,0.46366149411712965
3359,euler_ramsey,0.5,2.0% Ramsey,risk_aversion,combined,0,285.3337208188939,0.3707815224100048
3359,euler_ramsey,0.5,2.5% Ramsey,risk_aversion,combined,0,235.66775070843542,0.30841403355018715
3360,euler_ramsey,0.5,1.5% Ramsey,risk_aversion,combined,0,866.1079311031671,0.3936298389086823
3360,euler_ramsey,0.5,2.0% Ramsey,risk_aversion,combined,0,640.9754876339032,0.3033911795606169
3360,euler_ramsey,0.5,2.5% Ramsey,risk_aversion,combined,0,444.43108924032964,0.2452676855327705
3361,euler_ramsey,0.5,1.5% Ramsey,risk_aversion,combined,0,-711.3677411740115,0.34361948061275527
3361,euler_ramsey,0.5,2.0% Ramsey,risk_aversion,combined,0,-442.47385409245027,0.25688603553298117
3361,euler_ramsey,0.5,2.5% Ramsey,risk_aversion,combined,0,-274.455626133713,0.2028255282323156
3362,euler_ramsey,0.5,1.5% Ramsey,risk_aversion,combined,0,909.4241022757406,1.8355458161411033
3362,euler_ramsey,0.5,2.0% Ramsey,risk_aversion,combined,0,739.9880725622827,2.0032824201716446
3362,euler_ramsey,0.5,2.5% Ramsey,risk_aversion,combined,0,561.7660576016845,2.1199217909591987
3363,euler_ramsey,0.5,1.5% Ramsey,risk_aversion,combined,0,392.2246528734251,0.9473520107099824
3363,euler_ramsey,0.5,2.0% Ramsey,risk_aversion,combined,0,359.74276514173664,0.8903446053750083
3363,euler_ramsey,0.5,2.5% Ramsey,risk_aversion,combined,0,297.2551720736715,0.8392227678156534
3364,euler_ramsey,0.5,1.5% Ramsey,risk_aversion,combined,0,536.0092888368656,0.32804364248653994
3364,euler_ramsey,0.5,2.0% Ramsey,risk_aversion,combined,0,291.11876871930747,0.24266671992533798
3364,euler_ramsey,0.5,2.5% Ramsey,risk_aversion,combined,0,163.2493297226886,0.1900402460784159
3365,euler_ramsey,0.5,1.5% Ramsey,risk_aversion,combined,0,521.1248417542685,1.040062203917164
3365,euler_ramsey,0.5,2.0% Ramsey,risk_aversion,combined,0,402.3717204118945,0.9989936900983193
3365,euler_ramsey,0.5,2.5% Ramsey,risk_aversion,combined,0,281.11787835197697,0.9576610296801396
3366,euler_ramsey,0.5,1.5% Ramsey,risk_aversion,combined,0,1153.2558911998683,0.6110120306320128
3366,euler_ramsey,0.5,2.0% Ramsey,risk_aversion,combined,0,919.9119363342154,0.5199940404124984
3366,euler_ramsey,0.5,2.5% Ramsey,risk_aversion,combined,0,673.373520451778,0.45387008859385053
3367,euler_ramsey,0.5,1.5% Ramsey,risk_aversion,combined,0,109.32318524012541,3.2044758778939766
3367,euler_ramsey,0.5,2.0% Ramsey,risk_aversion,combined,0,67.77238731772093,3.962398033812205
3367,euler_ramsey,0.5,2.5% Ramsey,risk_aversion,combined,0,44.998474682373256,4.617625047735167
3368,euler_ramsey,0.5,1.5% Ramsey,risk_aversion,combined,0,3126.97276730025,0.4403847422313842
3368,euler_ramsey,0.5,2.0% Ramsey,risk_aversion,combined,0,1749.614901847838,0.3486701085996638
3368,euler_ramsey,0.5,2.5% Ramsey,risk_aversion,combined,0,1023.3576609759897,0.28783619073471356
3369,euler_ramsey,0.5,1.5% Ramsey,risk_aversion,combined,0,1016.1826793973813,0.6190189671350751
3369,euler_ramsey,0.5,2.0% Ramsey,risk_aversion,combined,0,911.3967547366508,0.5293072364058031
3369,euler_ramsey,0.5,2.5% Ramsey,risk_aversion,combined,0,739.7316237761282,0.4637739075241819
3370,euler_ramsey,0.5,1.5% Ramsey,risk_aversion,combined,0,1101.9619330806158,0.5214453397303788
3370,euler_ramsey,0.5,2.0% Ramsey,risk_aversion,combined,0,708.4235827128226,0.42822297507725987
3370,euler_ramsey,0.5,2.5% Ramsey,risk_aversion,combined,0,444.7891409354021,0.3635967732513631
3371,euler_ramsey,0.5,1.5% Ramsey,risk_aversion,combined,0,-164.9989155725363,0.5152167184416901
3371,euler_ramsey,0.5,2.0% Ramsey,risk_aversion,combined,0,-114.4074043519349,0.4218706166659047
3371,euler_ramsey,0.5,2.5% Ramsey,risk_aversion,combined,0,-78.47849270689882,0.3573822419746149
3372,euler_ramsey,0.5,1.5% Ramsey,risk_aversion,combined,0,1006.9448603275719,1.9844891915389236
3372,euler_ramsey,0.5,2.0% Ramsey,risk_aversion,combined,0,650.4348461911328,2.205105098328112
3372,euler_ramsey,0.5,2.5% Ramsey,risk_aversion,combined,0,417.57015970162416,2.36626192506148
3373,euler_ramsey,0.5,1.5% Ramsey,risk_aversion,combined,0,0.3072892490690551,1.0086804581907158
3373,euler_ramsey,0.5,2.0% Ramsey,risk_aversion,combined,0,-5.566764856477712,0.9616382081476391
3373,euler_ramsey,0.5,2.5% Ramsey,risk_aversion,combined,0,-7.431947370395164,0.9165197238336319
3374,euler_ramsey,0.5,1.5% Ramsey,risk_aversion,combined,0,-104.56869260956914,0.4057619213603201
3374,euler_ramsey,0.5,2.0% Ramsey,risk_aversion,combined,0,-66.99020326967943,0.31485907060929186
3374,euler_ramsey,0.5,2.5% Ramsey,risk_aversion,combined,0,-29.520581897630368,0.25586750441522793
3375,euler_ramsey,0.5,1.5% Ramsey,risk_aversion,combined,0,877.3145035322931,0.47201652735143806
3375,euler_ramsey,0.5,2.0% Ramsey,risk_aversion,combined,0,434.8186167436886,0.37895185224278743
3375,euler_ramsey,0.5,2.5% Ramsey,risk_aversion,combined,0,237.27726144317825,0.31616829026711074
3376,euler_ramsey,0.5,1.5% Ramsey,risk_aversion,combined,0,3458.162600824752,0.3801238067040674
3376,euler_ramsey,0.5,2.0% Ramsey,risk_aversion,combined,0,2328.8930878526994,0.2908217830977115
3376,euler_ramsey,0.5,2.5% Ramsey,risk_aversion,combined,0,1581.8218139560634,0.23377577145784342
3377,euler_ramsey,0.5,1.5% Ramsey,risk_aversion,combined,0,134.91241156972163,1.0756720731214962
3377,euler_ramsey,0.5,2.0% Ramsey,risk_aversion,combined,0,104.03502692515174,1.0399121751224227
3377,euler_ramsey,0.5,2.5% Ramsey,risk_aversion,combined,0,77.52264219604085,1.001772701412106
3378,euler_ramsey,0.5,1.5% Ramsey,risk_aversion,combined,0,-309.96619986553145,1.3364020737888487
3378,euler_ramsey,0.5,2.0% Ramsey,risk_aversion,combined,0,-243.446439272224,1.3580672973260075
3378,euler_ramsey,0.5,2.5% Ramsey,risk_aversion,combined,0,-172.04641524474428,1.3598271167479394
3379,euler_ramsey,0.5,1.5% Ramsey,risk_aversion,combined,0,1712.2966199820564,2.004537033198213
3379,euler_ramsey,0.5,2.0% Ramsey,risk_aversion,combined,0,1033.3363934359538,2.231212094696774
3379,euler_ramsey,0.5,2.5% Ramsey,risk_aversion,combined,0,618.4687900215685,2.3972195104930183
3380,euler_ramsey,0.5,1.5% Ramsey,risk_aversion,combined,0,-40.607658743656884,1.1611381894539916
3380,euler_ramsey,0.5,2.0% Ramsey,risk_aversion,combined,0,-47.141126718117974,1.1429519884179749
3380,euler_ramsey,0.5,2.5% Ramsey,risk_aversion,combined,0,-42.739160048085566,1.1165478413843564
3381,euler_ramsey,0.5,1.5% Ramsey,risk_aversion,combined,0,238.7363649279706,0.5662540513791631
3381,euler_ramsey,0.5,2.0% Ramsey,risk_aversion,combined,0,160.42736641226224,0.4735998274607567
3381,euler_ramsey,0.5,2.5% Ramsey,risk_aversion,combined,0,111.35042095416593,0.4078427894658175
3382,euler_ramsey,0.5,1.5% Ramsey,risk_aversion,combined,0,-88.31584616665499,0.410163969371019
3382,euler_ramsey,0.5,2.0% Ramsey,risk_aversion,combined,0,-59.88348002982165,0.319047291226752
3382,euler_ramsey,0.5,2.5% Ramsey,risk_aversion,combined,0,-30.297183058021094,0.25975737406480487
3383,euler_ramsey,0.5,1.5% Ramsey,risk_aversion,combined,0,7903.29769853083,0.3059667448112255
3383,euler_ramsey,0.5,2.0% Ramsey,risk_aversion,combined,0,4383.396318807379,0.22360181771489343
3383,euler_ramsey,0.5,2.5% Ramsey,risk_aversion,combined,0,2851.0489095971443,0.17353289557586635
3384,euler_ramsey,0.5,1.5% Ramsey,risk_aversion,combined,0,243.00482038686664,1.784962403134165
3384,euler_ramsey,0.5,2.0% Ramsey,risk_aversion,combined,0,195.21228473786203,1.9348074530678794
3384,euler_ramsey,0.5,2.5% Ramsey,risk_aversion,combined,0,148.4134939164137,2.036412385442034
3385,euler_ramsey,0.5,1.5% Ramsey,risk_aversion,combined,0,1371.8522906049027,0.7973777823173144
3385,euler_ramsey,0.5,2.0% Ramsey,risk_aversion,combined,0,1118.4265440238134,0.7219857645648359
3385,euler_ramsey,0.5,2.5% Ramsey,risk_aversion,combined,0,883.3125728937116,0.6612916526139986
3386,euler_ramsey,0.5,1.5% Ramsey,risk_aversion,combined,0,673.4415837789978,1.0700150193401237
3386,euler_ramsey,0.5,2.0% Ramsey,risk_aversion,combined,0,487.18852042350795,1.0343256687121047
3386,euler_ramsey,0.5,2.5% Ramsey,risk_aversion,combined,0,328.88520374017764,0.99650818760506
3387,euler_ramsey,0.5,1.5% Ramsey,risk_aversion,combined,0,-43.2833762349873,1.323189809917259
3387,euler_ramsey,0.5,2.0% Ramsey,risk_aversion,combined,0,-35.14901645162474,1.3406834374690915
3387,euler_ramsey,0.5,2.5% Ramsey,risk_aversion,combined,0,-25.90613139275984,1.3393038110384017
3388,euler_ramsey,0.5,1.5% Ramsey,risk_aversion,combined,0,366.26464816048014,1.2932061572914035
3388,euler_ramsey,0.5,2.0% Ramsey,risk_aversion,combined,0,289.62413806782087,1.304342924324058
3388,euler_ramsey,0.5,2.5% Ramsey,risk_aversion,combined,0,227.52905360961003,1.2985066777825625
3389,euler_ramsey,0.5,1.5% Ramsey,risk_aversion,combined,0,593.7791454985073,1.2418663931977347
3389,euler_ramsey,0.5,2.0% Ramsey,risk_aversion,combined,0,426.2789722240141,1.2416615855512985
3389,euler_ramsey,0.5,2.5% Ramsey,risk_aversion,combined,0,298.10971525557943,1.2279472985824196
3390,euler_ramsey,0.5,1.5% Ramsey,risk_aversion,combined,0,150.8418585862055,1.5615970939173203
3390,euler_ramsey,0.5,2.0% Ramsey,risk_aversion,combined,0,99.99694731344167,1.6434378453824063
3390,euler_ramsey,0.5,2.5% Ramsey,risk_aversion,combined,0,69.70602981346269,1.6907523210214732
3391,euler_ramsey,0.5,1.5% Ramsey,risk_aversion,combined,0,-191.19127133613472,0.31080050214921107
3391,euler_ramsey,0.5,2.0% Ramsey,risk_aversion,combined,0,-162.37820753284558,0.22722551640626593
3391,euler_ramsey,0.5,2.5% Ramsey,risk_aversion,combined,0,-131.4252442248864,0.1763409253998645
3392,euler_ramsey,0.5,1.5% Ramsey,risk_aversion,combined,0,168.60495577587736,2.557114964976487
3392,euler_ramsey,0.5,2.0% Ramsey,risk_aversion,combined,0,131.22153185769838,3.005772390221784
3392,euler_ramsey,0.5,2.5% Ramsey,risk_aversion,combined,0,97.08125717108229,3.3684652872268863
3393,euler_ramsey,0.5,1.5% Ramsey,risk_aversion,combined,0,659.8632721083128,0.30392651921645764
3393,euler_ramsey,0.5,2.0% Ramsey,risk_aversion,combined,0,320.86418039405874,0.22100948174616877
3393,euler_ramsey,0.5,2.5% Ramsey,risk_aversion,combined,0,201.19117869979584,0.17080412358324842
3394,euler_ramsey,0.5,1.5% Ramsey,risk_aversion,combined,0,73.28082599980608,0.8111705623501568
3394,euler_ramsey,0.5,2.0% Ramsey,risk_aversion,combined,0,65.73083001619884,0.7361586929187068
3394,euler_ramsey,0.5,2.5% Ramsey,risk_aversion,combined,0,51.64062307268813,0.6753293207645087
3395,euler_ramsey,0.5,1.5% Ramsey,risk_aversion,combined,0,2511.6800555885497,0.5095784623327451
3395,euler_ramsey,0.5,2.0% Ramsey,risk_aversion,combined,0,1800.6454680299253,0.4166652636354126
3395,euler_ramsey,0.5,2.5% Ramsey,risk_aversion,combined,0,1240.026174809717,0.35262854806891414
3396,euler_ramsey,0.5,1.5% Ramsey,risk_aversion,combined,0,260.4659944676868,3.7806268330621386
3396,euler_ramsey,0.5,2.0% Ramsey,risk_aversion,combined,0,201.00817217522334,4.852140238430559
3396,euler_ramsey,0.5,2.5% Ramsey,risk_aversion,combined,0,155.7909903064762,5.819764202511917
3397,euler_ramsey,0.5,1.5% Ramsey,risk_aversion,combined,0,133.09561145664475,0.900138992877162
3397,euler_ramsey,0.5,2.0% Ramsey,risk_aversion,combined,0,96.11708287529945,0.8374572248917916
3397,euler_ramsey,0.5,2.5% Ramsey,risk_aversion,combined,0,69.44773438187502,0.7833274543944047
3398,euler_ramsey,0.5,1.5% Ramsey,risk_aversion,combined,0,692.6772981828685,0.7168715731522725
3398,euler_ramsey,0.5,2.0% Ramsey,risk_aversion,combined,0,593.8733283656718,0.6326349985630748
3398,euler_ramsey,0.5,2.5% Ramsey,risk_aversion,combined,0,466.3340355822684,0.567951343335847
3399,euler_ramsey,0.5,1.5% Ramsey,risk_aversion,combined,0,-1453.6443304291558,0.5125073570178247
3399,euler_ramsey,0.5,2.0% Ramsey,risk_aversion,combined,0,-960.8017510951051,0.4191751505333583
3399,euler_ramsey,0.5,2.5% Ramsey,risk_aversion,combined,0,-620.2685377362025,0.35478732850017963
3400,euler_ramsey,0.5,1.5% Ramsey,risk_aversion,combined,0,496.09354041080985,1.3839549274295408
3400,euler_ramsey,0.5,2.0% Ramsey,risk_aversion,combined,0,398.05117029292245,1.4169408114221247
3400,euler_ramsey,0.5,2.5% Ramsey,risk_aversion,combined,0,284.756668061584,1.4270859981558117
3401,euler_ramsey,0.5,1.5% Ramsey,risk_aversion,combined,0,1779.5804372347768,0.71488758446726
3401,euler_ramsey,0.5,2.0% Ramsey,risk_aversion,combined,0,1404.3393209111932,0.6317476177569492
3401,euler_ramsey,0.5,2.5% Ramsey,risk_aversion,combined,0,1006.9307509733035,0.5678456189013037
3402,euler_ramsey,0.5,1.5% Ramsey,risk_aversion,combined,0,-119.68315878709805,0.7531623046007153
3402,euler_ramsey,0.5,2.0% Ramsey,risk_aversion,combined,0,-93.63474745492566,0.6718335127582956
3402,euler_ramsey,0.5,2.5% Ramsey,risk_aversion,combined,0,-63.03798466277163,0.6081263140357999
3403,euler_ramsey,0.5,1.5% Ramsey,risk_aversion,combined,0,-125.62183417282449,1.169556777641441
3403,euler_ramsey,0.5,2.0% Ramsey,risk_aversion,combined,0,-123.3597740619239,1.1530581717197628
3403,euler_ramsey,0.5,2.5% Ramsey,risk_aversion,combined,0,-100.64734212873246,1.127818444136876
3404,euler_ramsey,0.5,1.5% Ramsey,risk_aversion,combined,0,407.7978028453699,0.8917028473790856
3404,euler_ramsey,0.5,2.0% Ramsey,risk_aversion,combined,0,342.9930566501412,0.8273068711044941
3404,euler_ramsey,0.5,2.5% Ramsey,risk_aversion,combined,0,258.41582072048254,0.7720830606400925
3405,euler_ramsey,0.5,1.5% Ramsey,risk_aversion,combined,0,61.811212331993865,1.6416005248883878
3405,euler_ramsey,0.5,2.0% Ramsey,risk_aversion,combined,0,33.766408904842365,1.7465150420782984
3405,euler_ramsey,0.5,2.5% Ramsey,risk_aversion,combined,0,20.8802788213242,1.8119258322144332
3406,euler_ramsey,0.5,1.5% Ramsey,risk_aversion,combined,0,-1414.0842724401061,0.4631031128147776
3406,euler_ramsey,0.5,2.0% Ramsey,risk_aversion,combined,0,-1101.4869299958978,0.37057430236765343
3406,euler_ramsey,0.5,2.5% Ramsey,risk_aversion,combined,0,-839.3936425231294,0.30840947058170187
3407,euler_ramsey,0.5,1.5% Ramsey,risk_aversion,combined,0,859.1865311932767,0.5428003011997299
3407,euler_ramsey,0.5,2.0% Ramsey,risk_aversion,combined,0,483.00378225962294,0.45018325982469753
3407,euler_ramsey,0.5,2.5% Ramsey,risk_aversion,combined,0,279.9638187671995,0.38519824958730986
3408,euler_ramsey,0.5,1.5% Ramsey,risk_aversion,combined,0,2589.707003502085,0.36219817491043105
3408,euler_ramsey,0.5,2.0% Ramsey,risk_aversion,combined,0,1423.8000193529454,0.2740865730705221
3408,euler_ramsey,0.5,2.5% Ramsey,risk_aversion,combined,0,837.8847901948599,0.21846106854562888
3409,euler_ramsey,0.5,1.5% Ramsey,risk_aversion,combined,0,561.4072159731147,0.32578127062461815
3409,euler_ramsey,0.5,2.0% Ramsey,risk_aversion,combined,0,339.60318698176485,0.24062253692833527
3409,euler_ramsey,0.5,2.5% Ramsey,risk_aversion,combined,0,213.46340216875595,0.18821603347288
3410,euler_ramsey,0.5,1.5% Ramsey,risk_aversion,combined,0,1663.857730571124,1.309588279348236
3410,euler_ramsey,0.5,2.0% Ramsey,risk_aversion,combined,0,1291.2426799522887,1.3255331235923034
3410,euler_ramsey,0.5,2.5% Ramsey,risk_aversion,combined,0,886.4477091086892,1.3233885845213096
3411,euler_ramsey,0.5,1.5% Ramsey,risk_aversion,combined,0,210.48967250785768,0.7741151238331636
3411,euler_ramsey,0.5,2.0% Ramsey,risk_aversion,combined,0,176.34358816503354,0.6948786583229238
3411,euler_ramsey,0.5,2.5% Ramsey,risk_aversion,combined,0,140.26521554876558,0.6320526128568577
3412,euler_ramsey,0.5,1.5% Ramsey,risk_aversion,combined,0,2021.6233780882626,0.22618279578812023
3412,euler_ramsey,0.5,2.0% Ramsey,risk_aversion,combined,0,620.6637447143352,0.15391581879746796
3412,euler_ramsey,0.5,2.5% Ramsey,risk_aversion,combined,0,294.44966663801296,0.11300147687056468
3413,euler_ramsey,0.5,1.5% Ramsey,risk_aversion,combined,0,81.97583778510626,1.252522785076237
3413,euler_ramsey,0.5,2.0% Ramsey,risk_aversion,combined,0,64.82248253946763,1.2543386236561394
3413,euler_ramsey,0.5,2.5% Ramsey,risk_aversion,combined,0,49.794753324784594,1.241837260518182
3414,euler_ramsey,0.5,1.5% Ramsey,risk_aversion,combined,0,393.84096493554745,1.211002889941504
3414,euler_ramsey,0.5,2.0% Ramsey,risk_aversion,combined,0,276.28651544678013,1.2032550718239614
3414,euler_ramsey,0.5,2.5% Ramsey,risk_aversion,combined,0,187.09029429227428,1.184080882852248
3415,euler_ramsey,0.5,1.5% Ramsey,risk_aversion,combined,0,58.20462647107455,1.1927024040011824
3415,euler_ramsey,0.5,2.0% Ramsey,risk_aversion,combined,0,40.8486799049662,1.1803682082906428
3415,euler_ramsey,0.5,2.5% Ramsey,risk_aversion,combined,0,28.021864296636434,1.1579208395874365
3416,euler_ramsey,0.5,1.5% Ramsey,risk_aversion,combined,0,312.0452714409685,1.7433712891474011
3416,euler_ramsey,0.5,2.0% Ramsey,risk_aversion,combined,0,194.78344246374093,1.8801931138302796
3416,euler_ramsey,0.5,2.5% Ramsey,risk_aversion,combined,0,125.86641485358356,1.9713503148091236
3417,euler_ramsey,0.5,1.5% Ramsey,risk_aversion,combined,0,2157.7921628009417,1.002751808038287
3417,euler_ramsey,0.5,2.0% Ramsey,risk_aversion,combined,0,1680.0676676101014,0.9568989733388039
3417,euler_ramsey,0.5,2.5% Ramsey,risk_aversion,combined,0,1294.12104633524,0.9128531733815803
3418,euler_ramsey,0.5,1.5% Ramsey,risk_aversion,combined,0,2486.380536501599,0.29757548187672117
3418,euler_ramsey,0.5,2.0% Ramsey,risk_aversion,combined,0,1115.0266422772618,0.21551130624998993
3418,euler_ramsey,0.5,2.5% Ramsey,risk_aversion,combined,0,642.2594936854257,0.16604247000718061
3419,euler_ramsey,0.5,1.5% Ramsey,risk_aversion,combined,0,1045.2927772137741,0.6282664845108927
3419,euler_ramsey,0.5,2.0% Ramsey,risk_aversion,combined,0,895.9813393294135,0.5386300159334153
3419,euler_ramsey,0.5,2.5% Ramsey,risk_aversion,combined,0,681.5690883190792,0.4728660720252022
3420,euler_ramsey,0.5,1.5% Ramsey,risk_aversion,combined,0,459.27586198406317,0.5327160661316735
3420,euler_ramsey,0.5,2.0% Ramsey,risk_aversion,combined,0,347.10791910119843,0.4394950216597694
3420,euler_ramsey,0.5,2.5% Ramsey,risk_aversion,combined,0,235.14375624954513,0.37448942507056404
3421,euler_ramsey,0.5,1.5% Ramsey,risk_aversion,combined,0,-477.0143436600395,0.5513282021436912
3421,euler_ramsey,0.5,2.0% Ramsey,risk_aversion,combined,0,-298.7183036812429,0.4584632565732177
3421,euler_ramsey,0.5,2.5% Ramsey,risk_aversion,combined,0,-195.39709620477086,0.39305116899919407
3422,euler_ramsey,0.5,1.5% Ramsey,risk_aversion,combined,0,1077.5196848017233,0.664675837456555
3422,euler_ramsey,0.5,2.0% Ramsey,risk_aversion,combined,0,686.2716418395175,0.5773044114162738
3422,euler_ramsey,0.5,2.5% Ramsey,risk_aversion,combined,0,454.58000022978473,0.5119574895410273
3423,euler_ramsey,0.5,1.5% Ramsey,risk_aversion,combined,0,706.4621644502492,0.6717506979895826
3423,euler_ramsey,0.5,2.0% Ramsey,risk_aversion,combined,0,647.1861349892815,0.5839761337548811
3423,euler_ramsey,0.5,2.5% Ramsey,risk_aversion,combined,0,503.5582272194554,0.5181751112015344
3424,euler_ramsey,0.5,1.5% Ramsey,risk_aversion,combined,0,-1282.1683346886834,0.6785946399946878
3424,euler_ramsey,0.5,2.0% Ramsey,risk_aversion,combined,0,-886.8633520570296,0.5913635012756437
3424,euler_ramsey,0.5,2.5% Ramsey,risk_aversion,combined,0,-575.1865867726676,0.5257183746498366
3425,euler_ramsey,0.5,1.5% Ramsey,risk_aversion,combined,0,152.74490430039594,0.7772749845975331
3425,euler_ramsey,0.5,2.0% Ramsey,risk_aversion,combined,0,122.13511793898967,0.699804389127192
3425,euler_ramsey,0.5,2.5% Ramsey,risk_aversion,combined,0,94.43030248820139,0.6381019710762116
3426,euler_ramsey,0.5,1.5% Ramsey,risk_aversion,combined,0,499.4961478383173,1.7165465574744216
3426,euler_ramsey,0.5,2.0% Ramsey,risk_aversion,combined,0,361.81845637269174,1.8449538740716518
3426,euler_ramsey,0.5,2.5% Ramsey,risk_aversion,combined,0,243.08290893005523,1.9292980840033205
3427,euler_ramsey,0.5,1.5% Ramsey,risk_aversion,combined,0,-290.6647598682761,0.4350970157970846
3427,euler_ramsey,0.5,2.0% Ramsey,risk_aversion,combined,0,-204.95153828479536,0.34302180124367654
3427,euler_ramsey,0.5,2.5% Ramsey,risk_aversion,combined,0,-145.54395245031225,0.28219634494099455
3428,euler_ramsey,0.5,1.5% Ramsey,risk_aversion,combined,0,394.93326993069877,1.180027960593211
3428,euler_ramsey,0.5,2.0% Ramsey,risk_aversion,combined,0,288.02429415140745,1.1647339890834414
3428,euler_ramsey,0.5,2.5% Ramsey,risk_aversion,combined,0,205.98893864190626,1.1402688890673414
3429,euler_ramsey,0.5,1.5% Ramsey,risk_aversion,combined,0,708.6290107029911,0.8730770351495318
3429,euler_ramsey,0.5,2.0% Ramsey,risk_aversion,combined,0,483.4629327444817,0.8075290215187341
3429,euler_ramsey,0.5,2.5% Ramsey,risk_aversion,combined,0,324.0269185862887,0.7520278327851921
3430,euler_ramsey,0.5,1.5% Ramsey,risk_aversion,combined,0,3371.1063115147026,0.38182213578076346
3430,euler_ramsey,0.5,2.0% Ramsey,risk_aversion,combined,0,2533.6141314898014,0.29264614490674296
3430,euler_ramsey,0.5,2.5% Ramsey,risk_aversion,combined,0,1900.575834367656,0.23558692935916634
3431,euler_ramsey,0.5,1.5% Ramsey,risk_aversion,combined,0,-863.4671652914742,0.6457534931951581
3431,euler_ramsey,0.5,2.0% Ramsey,risk_aversion,combined,0,-615.4605778814145,0.5566300717972998
3431,euler_ramsey,0.5,2.5% Ramsey,risk_aversion,combined,0,-401.7402478473797,0.49067561476347193
3432,euler_ramsey,0.5,1.5% Ramsey,risk_aversion,combined,0,1300.323184138461,1.159011040471533
3432,euler_ramsey,0.5,2.0% Ramsey,risk_aversion,combined,0,942.887623489402,1.1440091650309223
3432,euler_ramsey,0.5,2.5% Ramsey,risk_aversion,combined,0,671.8578146073012,1.1204556519513045
3433,euler_ramsey,0.5,1.5% Ramsey,risk_aversion,combined,0,-86.2034914532212,0.9492704052514326
3433,euler_ramsey,0.5,2.0% Ramsey,risk_aversion,combined,0,-55.583090664976744,0.8928594300125348
3433,euler_ramsey,0.5,2.5% Ramsey,risk_aversion,combined,0,-34.41068681375951,0.8420634353812312
3434,euler_ramsey,0.5,1.5% Ramsey,risk_aversion,combined,0,802.284346474706,1.2159907758428814
3434,euler_ramsey,0.5,2.0% Ramsey,risk_aversion,combined,0,506.6418163061908,1.2089674443055174
3434,euler_ramsey,0.5,2.5% Ramsey,risk_aversion,combined,0,306.3071607566582,1.1902368071101679
3435,euler_ramsey,0.5,1.5% Ramsey,risk_aversion,combined,0,92.63790052784671,2.211807350580609
3435,euler_ramsey,0.5,2.0% Ramsey,risk_aversion,combined,0,60.778954682392005,2.5163334031109432
3435,euler_ramsey,0.5,2.5% Ramsey,risk_aversion,combined,0,40.97474924244771,2.749428326458038
3436,euler_ramsey,0.5,1.5% Ramsey,risk_aversion,combined,0,965.3336503207427,0.29123241106834075
3436,euler_ramsey,0.5,2.0% Ramsey,risk_aversion,combined,0,625.2183741951408,0.20978581487131526
3436,euler_ramsey,0.5,2.5% Ramsey,risk_aversion,combined,0,435.50232157141266,0.16095141766351234
3437,euler_ramsey,0.5,1.5% Ramsey,risk_aversion,combined,0,40.05248148733695,1.6609097730923443
3437,euler_ramsey,0.5,2.0% Ramsey,risk_aversion,combined,0,20.08843364694022,1.771791980060807
3437,euler_ramsey,0.5,2.5% Ramsey,risk_aversion,combined,0,13.144859627727753,1.8419636650893287
3438,euler_ramsey,0.5,1.5% Ramsey,risk_aversion,combined,0,-535.2733305667854,0.5262691769544866
3438,euler_ramsey,0.5,2.0% Ramsey,risk_aversion,combined,0,-421.83971339642665,0.4329712512226376
3438,euler_ramsey,0.5,2.5% Ramsey,risk_aversion,combined,0,-293.714052550475,0.3681352906833247
3439,euler_ramsey,0.5,1.5% Ramsey,risk_aversion,combined,0,840.5629134167737,1.6697622679275748
3439,euler_ramsey,0.5,2.0% Ramsey,risk_aversion,combined,0,1013.9490627148325,1.7836274679048787
3439,euler_ramsey,0.5,2.5% Ramsey,risk_aversion,combined,0,1000.957866530631,1.85631101694361
3440,euler_ramsey,0.5,1.5% Ramsey,risk_aversion,combined,0,168.3069539776199,0.8455189079211293
3440,euler_ramsey,0.5,2.0% Ramsey,risk_aversion,combined,0,134.07663759437332,0.7744206768057339
3440,euler_ramsey,0.5,2.5% Ramsey,risk_aversion,combined,0,97.56036507854195,0.7155190966431141
3441,euler_ramsey,0.5,1.5% Ramsey,risk_aversion,combined,0,410.11243763118244,0.41267124651957027
3441,euler_ramsey,0.5,2.0% Ramsey,risk_aversion,combined,0,297.2461540858826,0.3216329826391459
3441,euler_ramsey,0.5,2.5% Ramsey,risk_aversion,combined,0,216.69333867719422,0.26227564092617023
3442,euler_ramsey,0.5,1.5% Ramsey,risk_aversion,combined,0,162.06567431258395,1.3350323015154886
3442,euler_ramsey,0.5,2.0% Ramsey,risk_aversion,combined,0,128.68395619914818,1.3553941768484228
3442,euler_ramsey,0.5,2.5% Ramsey,risk_aversion,combined,0,96.7875712090507,1.3561431405574822
3443,euler_ramsey,0.5,1.5% Ramsey,risk_aversion,combined,0,133.44978127776452,1.3691679934244723
3443,euler_ramsey,0.5,2.0% Ramsey,risk_aversion,combined,0,112.80422059160317,1.3993053277686478
3443,euler_ramsey,0.5,2.5% Ramsey,risk_aversion,combined,0,88.09641299652155,1.4074268866104978
3444,euler_ramsey,0.5,1.5% Ramsey,risk_aversion,combined,0,2002.4734979566433,0.3319902699438913
3444,euler_ramsey,0.5,2.0% Ramsey,risk_aversion,combined,0,1037.0151173097097,0.24624898790450545
3444,euler_ramsey,0.5,2.5% Ramsey,risk_aversion,combined,0,527.3055015186862,0.19324854232502103
3445,euler_ramsey,0.5,1.5% Ramsey,risk_aversion,combined,0,-6.986361914028707,0.8638371065285525
3445,euler_ramsey,0.5,2.0% Ramsey,risk_aversion,combined,0,-5.115315457515515,0.7954852938101082
3445,euler_ramsey,0.5,2.5% Ramsey,risk_aversion,combined,0,-2.588074976249692,0.7380635918655791
3446,euler_ramsey,0.5,1.5% Ramsey,risk_aversion,combined,0,3060.8196330153396,0.19406345885081644
3446,euler_ramsey,0.5,2.0% Ramsey,risk_aversion,combined,0,1543.7011891000752,0.12763010509494035
3446,euler_ramsey,0.5,2.5% Ramsey,risk_aversion,combined,0,934.7709160160497,0.09126626526824748
3447,euler_ramsey,0.5,1.5% Ramsey,risk_aversion,combined,0,1064.6254728186727,1.4769064137234278
3447,euler_ramsey,0.5,2.0% Ramsey,risk_aversion,combined,0,650.8446157051728,1.5356199802182706
3447,euler_ramsey,0.5,2.5% Ramsey,risk_aversion,combined,0,409.6156784473559,1.5652898187521882
3448,euler_ramsey,0.5,1.5% Ramsey,risk_aversion,combined,0,267.78302290215294,0.8073945026303692
3448,euler_ramsey,0.5,2.0% Ramsey,risk_aversion,combined,0,196.21457901885182,0.7322958108544947
3448,euler_ramsey,0.5,2.5% Ramsey,risk_aversion,combined,0,129.53846309146056,0.6715254195869299
3449,euler_ramsey,0.5,1.5% Ramsey,risk_aversion,combined,0,361.36530566180375,2.189258184836016
3449,euler_ramsey,0.5,2.0% Ramsey,risk_aversion,combined,0,192.25311555388043,2.485030605851311
3449,euler_ramsey,0.5,2.5% Ramsey,risk_aversion,combined,0,124.45225267181368,2.7106398220929457
3450,euler_ramsey,0.5,1.5% Ramsey,risk_aversion,combined,0,338.11000588794303,1.933899383175699
3450,euler_ramsey,0.5,2.0% Ramsey,risk_aversion,combined,0,266.5840187637672,2.135385899255234
3450,euler_ramsey,0.5,2.5% Ramsey,risk_aversion,combined,0,212.00203504966274,2.280148052455548
3451,euler_ramsey,0.5,1.5% Ramsey,risk_aversion,combined,0,281.0577115515687,1.8713634668688046
3451,euler_ramsey,0.5,2.0% Ramsey,risk_aversion,combined,0,198.1845134613041,2.050520450594702
3451,euler_ramsey,0.5,2.5% Ramsey,risk_aversion,combined,0,140.78360833670342,2.176379667479404
3452,euler_ramsey,0.5,1.5% Ramsey,risk_aversion,combined,0,268.23791119753866,2.051825264166067
3452,euler_ramsey,0.5,2.0% Ramsey,risk_aversion,combined,0,180.78086955565553,2.2953232422391876
3452,euler_ramsey,0.5,2.5% Ramsey,risk_aversion,combined,0,129.04246411797072,2.475619519607105
3453,euler_ramsey,0.5,1.5% Ramsey,risk_aversion,combined,0,109.9885365042792,0.7481260864516569
3453,euler_ramsey,0.5,2.0% Ramsey,risk_aversion,combined,0,105.82691020678028,0.6673892844229289
3453,euler_ramsey,0.5,2.5% Ramsey,risk_aversion,combined,0,90.27547868984104,0.604248724561738
3454,euler_ramsey,0.5,1.5% Ramsey,risk_aversion,combined,0,5069.496838323579,0.38783708152296775
3454,euler_ramsey,0.5,2.0% Ramsey,risk_aversion,combined,0,3483.193380201001,0.2985613638892256
3454,euler_ramsey,0.5,2.5% Ramsey,risk_aversion,combined,0,2259.7303174857166,0.24118556726230017
3455,euler_ramsey,0.5,1.5% Ramsey,risk_aversion,combined,0,371.7179395077105,0.6821222000496274
3455,euler_ramsey,0.5,2.0% Ramsey,risk_aversion,combined,0,290.627079038958,0.5956980475384342
3455,euler_ramsey,0.5,2.5% Ramsey,risk_aversion,combined,0,230.72642815370875,0.5304754470070648
3456,euler_ramsey,0.5,1.5% Ramsey,risk_aversion,combined,0,482.2179951516034,2.0595721590567106
3456,euler_ramsey,0.5,2.0% Ramsey,risk_aversion,combined,0,342.2531053553438,2.306966162575929
3456,euler_ramsey,0.5,2.5% Ramsey,risk_aversion,combined,0,237.29277054939027,2.4908686401068665
3457,euler_ramsey,0.5,1.5% Ramsey,risk_aversion,combined,0,696.3643255130451,0.9886713637757623
3457,euler_ramsey,0.5,2.0% Ramsey,risk_aversion,combined,0,573.5611576933825,0.9379821956900096
3457,euler_ramsey,0.5,2.5% Ramsey,risk_aversion,combined,0,416.91274805644895,0.8906323838470713
3458,euler_ramsey,0.5,1.5% Ramsey,risk_aversion,combined,0,1927.6468499114171,0.6636186214174875
3458,euler_ramsey,0.5,2.0% Ramsey,risk_aversion,combined,0,1560.663255483849,0.5768464740139008
3458,euler_ramsey,0.5,2.5% Ramsey,risk_aversion,combined,0,1132.5132314421076,0.5119761357292326
3459,euler_ramsey,0.5,1.5% Ramsey,risk_aversion,combined,0,480.7270502092878,1.0874787051554078
3459,euler_ramsey,0.5,2.0% Ramsey,risk_aversion,combined,0,378.8911278438655,1.0545967048370357
3459,euler_ramsey,0.5,2.5% Ramsey,risk_aversion,combined,0,279.7517274190975,1.0184855811567488
3460,euler_ramsey,0.5,1.5% Ramsey,risk_aversion,combined,0,-160.81369156720274,0.9404456062446729
3460,euler_ramsey,0.5,2.0% Ramsey,risk_aversion,combined,0,-132.11749796791932,0.8827584608621328
3460,euler_ramsey,0.5,2.5% Ramsey,risk_aversion,combined,0,-92.72663861587615,0.8312516205850904
3461,euler_ramsey,0.5,1.5% Ramsey,risk_aversion,combined,0,628.5458232018923,1.955234980197242
3461,euler_ramsey,0.5,2.0% Ramsey,risk_aversion,combined,0,436.54289871628464,2.1640644170855947
3461,euler_ramsey,0.5,2.5% Ramsey,risk_aversion,combined,0,291.7648310947227,2.3150506662256785
3462,euler_ramsey,0.5,1.5% Ramsey,risk_aversion,combined,0,306.6538563687817,0.30756722803138675
3462,euler_ramsey,0.5,2.0% Ramsey,risk_aversion,combined,0,262.34765907289506,0.22426838521788708
3462,euler_ramsey,0.5,2.5% Ramsey,risk_aversion,combined,0,219.7993599029969,0.1736900222775537
3463,euler_ramsey,0.5,1.5% Ramsey,risk_aversion,combined,0,-1535.2764772591984,0.2418013787200141
3463,euler_ramsey,0.5,2.0% Ramsey,risk_aversion,combined,0,-1106.6633121164093,0.167054901122847
3463,euler_ramsey,0.5,2.5% Ramsey,risk_aversion,combined,0,-794.9175625986958,0.12409188567390948
3464,euler_ramsey,0.5,1.5% Ramsey,risk_aversion,combined,0,-1018.3653305877276,0.40935660042013877
3464,euler_ramsey,0.5,2.0% Ramsey,risk_aversion,combined,0,-916.2496702502599,0.31858605998461376
3464,euler_ramsey,0.5,2.5% Ramsey,risk_aversion,combined,0,-717.6156750711734,0.2595012918909764
3465,euler_ramsey,0.5,1.5% Ramsey,risk_aversion,combined,0,-192.22797388127594,0.6723207602260957
3465,euler_ramsey,0.5,2.0% Ramsey,risk_aversion,combined,0,-96.82566870696216,0.585101019598863
3465,euler_ramsey,0.5,2.5% Ramsey,risk_aversion,combined,0,-49.01515538562574,0.5196722999444039
3466,euler_ramsey,0.5,1.5% Ramsey,risk_aversion,combined,0,1341.8188698723332,0.8860220146761145
3466,euler_ramsey,0.5,2.0% Ramsey,risk_aversion,combined,0,1030.561576454634,0.820991738784546
3466,euler_ramsey,0.5,2.5% Ramsey,risk_aversion,combined,0,736.2543069415034,0.7654366710851637
3467,euler_ramsey,0.5,1.5% Ramsey,risk_aversion,combined,0,456.4666139311719,0.8370887223340909
3467,euler_ramsey,0.5,2.0% Ramsey,risk_aversion,combined,0,359.54481066020526,0.7654834784910589
3467,euler_ramsey,0.5,2.5% Ramsey,risk_aversion,combined,0,253.05218906781835,0.7064655862717558
3468,euler_ramsey,0.5,1.5% Ramsey,risk_aversion,combined,0,1020.7384071267015,0.5256450774887904
3468,euler_ramsey,0.5,2.0% Ramsey,risk_aversion,combined,0,630.1056688949667,0.4329897888437684
3468,euler_ramsey,0.5,2.5% Ramsey,risk_aversion,combined,0,399.94968815297136,0.3685517610791925
3469,euler_ramsey,0.5,1.5% Ramsey,risk_aversion,combined,0,636.4640548949374,0.5185228928485198
3469,euler_ramsey,0.5,2.0% Ramsey,risk_aversion,combined,0,513.5933224309388,0.4254011969133993
3469,euler_ramsey,0.5,2.5% Ramsey,risk_aversion,combined,0,363.38371478123884,0.3609284105912761
3470,euler_ramsey,0.5,1.5% Ramsey,risk_aversion,combined,0,3150.505718213315,0.38636331468440693
3470,euler_ramsey,0.5,2.0% Ramsey,risk_aversion,combined,0,1848.5924416950727,0.29705472424650337
3470,euler_ramsey,0.5,2.5% Ramsey,risk_aversion,combined,0,1167.7908380613535,0.23972580254424258
3471,euler_ramsey,0.5,1.5% Ramsey,risk_aversion,combined,0,-424.7250353377962,0.6249552363966148
3471,euler_ramsey,0.5,2.0% Ramsey,risk_aversion,combined,0,-274.61613467579133,0.5347183436924383
3471,euler_ramsey,0.5,2.5% Ramsey,risk_aversion,combined,0,-186.81735194357145,0.4686577538889968
3472,euler_ramsey,0.5,1.5% Ramsey,risk_aversion,combined,0,863.8866860038944,0.8553501082709312
3472,euler_ramsey,0.5,2.0% Ramsey,risk_aversion,combined,0,713.2916391557155,0.7854254084757945
3472,euler_ramsey,0.5,2.5% Ramsey,risk_aversion,combined,0,542.0462136068599,0.7271040784059111
3473,euler_ramsey,0.5,1.5% Ramsey,risk_aversion,combined,0,1322.6154138618222,0.7761014100461019
3473,euler_ramsey,0.5,2.0% Ramsey,risk_aversion,combined,0,737.0762367392042,0.6976433514859487
3473,euler_ramsey,0.5,2.5% Ramsey,risk_aversion,combined,0,448.5111379317209,0.6353652782459654
3474,euler_ramsey,0.5,1.5% Ramsey,risk_aversion,combined,0,464.7878038699699,0.636252434377004
3474,euler_ramsey,0.5,2.0% Ramsey,risk_aversion,combined,0,351.8308689369579,0.5467019445450293
3474,euler_ramsey,0.5,2.5% Ramsey,risk_aversion,combined,0,254.99002329053732,0.480758644530625
3475,euler_ramsey,0.5,1.5% Ramsey,risk_aversion,combined,0,-203.11870599649484,0.6082759801939429
3475,euler_ramsey,0.5,2.0% Ramsey,risk_aversion,combined,0,-89.96995502920956,0.517706072346399
3475,euler_ramsey,0.5,2.5% Ramsey,risk_aversion,combined,0,-52.26092111951703,0.4519460052684511
3476,euler_ramsey,0.5,1.5% Ramsey,risk_aversion,combined,0,612.1533979050275,1.3778242875345117
3476,euler_ramsey,0.5,2.0% Ramsey,risk_aversion,combined,0,515.2434506274348,1.4111039381989554
3476,euler_ramsey,0.5,2.5% Ramsey,risk_aversion,combined,0,388.1352363975908,1.4217433735622902
3477,euler_ramsey,0.5,1.5% Ramsey,risk_aversion,combined,0,1155.9918893100532,0.5918149141151049
3477,euler_ramsey,0.5,2.0% Ramsey,risk_aversion,combined,0,973.0146508588005,0.5003388111661847
3477,euler_ramsey,0.5,2.5% Ramsey,risk_aversion,combined,0,755.4380878879771,0.4345080040730118
3478,euler_ramsey,0.5,1.5% Ramsey,risk_aversion,combined,0,1232.5096738414902,0.9942478283240875
3478,euler_ramsey,0.5,2.0% Ramsey,risk_aversion,combined,0,775.0606986310062,0.9454713674657664
3478,euler_ramsey,0.5,2.5% Ramsey,risk_aversion,combined,0,480.68518495222315,0.8994444184931669
3479,euler_ramsey,0.5,1.5% Ramsey,risk_aversion,combined,0,-60.97659479167096,0.9368092505625478
3479,euler_ramsey,0.5,2.0% Ramsey,risk_aversion,combined,0,-32.78465762820833,0.8779637507590504
3479,euler_ramsey,0.5,2.5% Ramsey,risk_aversion,combined,0,-16.918786279500626,0.8256649928320682
3480,euler_ramsey,0.5,1.5% Ramsey,risk_aversion,combined,0,302.48587075939724,0.4964953764999852
3480,euler_ramsey,0.5,2.0% Ramsey,risk_aversion,combined,0,243.012954748205,0.403346703868042
3480,euler_ramsey,0.5,2.5% Ramsey,risk_aversion,combined,0,171.8333811351026,0.3396226191710185
3481,euler_ramsey,0.5,1.5% Ramsey,risk_aversion,combined,0,641.8231303552517,0.13612856684258795
3481,euler_ramsey,0.5,2.0% Ramsey,risk_aversion,combined,0,494.24730913934894,0.08263036669239739
3481,euler_ramsey,0.5,2.5% Ramsey,risk_aversion,combined,0,344.7379995689191,0.05553195876495245
3482,euler_ramsey,0.5,1.5% Ramsey,risk_aversion,combined,0,351.65110923078345,0.7474036503354428
3482,euler_ramsey,0.5,2.0% Ramsey,risk_aversion,combined,0,307.6250623892656,0.6657118500465554
3482,euler_ramsey,0.5,2.5% Ramsey,risk_aversion,combined,0,232.24922506785953,0.6018958020950058
3483,euler_ramsey,0.5,1.5% Ramsey,risk_aversion,combined,0,253.6267364700267,1.0907256481621679
3483,euler_ramsey,0.5,2.0% Ramsey,risk_aversion,combined,0,170.11685560691305,1.0572929723537665
3483,euler_ramsey,0.5,2.5% Ramsey,risk_aversion,combined,0,111.80018831587272,1.0205800132581162
3484,euler_ramsey,0.5,1.5% Ramsey,risk_aversion,combined,0,127.013198113327,2.042587015846616
3484,euler_ramsey,0.5,2.0% Ramsey,risk_aversion,combined,0,104.2333883168385,2.2826270849451524
3484,euler_ramsey,0.5,2.5% Ramsey,risk_aversion,combined,0,82.19636983734517,2.459927102480196
3485,euler_ramsey,0.5,1.5% Ramsey,risk_aversion,combined,0,-85.2202101350953,0.5146541476185612
3485,euler_ramsey,0.5,2.0% Ramsey,risk_aversion,combined,0,-78.89682671405372,0.42134684220111746
3485,euler_ramsey,0.5,2.5% Ramsey,risk_aversion,combined,0,-62.147233611921834,0.3569003375993644
3486,euler_ramsey,0.5,1.5% Ramsey,risk_aversion,combined,0,1240.6822578592644,0.8858661924502576
3486,euler_ramsey,0.5,2.0% Ramsey,risk_aversion,combined,0,1039.5863518357392,0.8202870522595347
3486,euler_ramsey,0.5,2.5% Ramsey,risk_aversion,combined,0,786.864700293512,0.7643262485968112
3487,euler_ramsey,0.5,1.5% Ramsey,risk_aversion,combined,0,3621.0443219041586,0.7549322552383506
3487,euler_ramsey,0.5,2.0% Ramsey,risk_aversion,combined,0,3404.7510498422903,0.675098859966734
3487,euler_ramsey,0.5,2.5% Ramsey,risk_aversion,combined,0,2649.1704172794,0.6123822856427688
3488,euler_ramsey,0.5,1.5% Ramsey,risk_aversion,combined,0,-172.92099219935125,0.36495531963855854
3488,euler_ramsey,0.5,2.0% Ramsey,risk_aversion,combined,0,-134.70268672464968,0.2766858491872874
3488,euler_ramsey,0.5,2.5% Ramsey,risk_aversion,combined,0,-100.07298247949453,0.2208462524403628
3489,euler_ramsey,0.5,1.5% Ramsey,risk_aversion,combined,0,266.9403105127151,0.9186964736374579
3489,euler_ramsey,0.5,2.0% Ramsey,risk_aversion,combined,0,193.7334384840605,0.8570873417950015
3489,euler_ramsey,0.5,2.5% Ramsey,risk_aversion,combined,0,139.00577560613178,0.8032271738148097
3490,euler_ramsey,0.5,1.5% Ramsey,risk_aversion,combined,0,721.9263372120315,0.4554349869895105
3490,euler_ramsey,0.5,2.0% Ramsey,risk_aversion,combined,0,580.9288106953477,0.36269780534396573
3490,euler_ramsey,0.5,2.5% Ramsey,risk_aversion,combined,0,419.5580898866145,0.3007201269962977
3491,euler_ramsey,0.5,1.5% Ramsey,risk_aversion,combined,0,1395.9591061461301,0.6094952068317218
3491,euler_ramsey,0.5,2.0% Ramsey,risk_aversion,combined,0,1042.3746824520142,0.5185353400326599
3491,euler_ramsey,0.5,2.5% Ramsey,risk_aversion,combined,0,748.6802140210948,0.4524962030671503
3492,euler_ramsey,0.5,1.5% Ramsey,risk_aversion,combined,0,65.74973218744556,0.8973579410551746
3492,euler_ramsey,0.5,2.0% Ramsey,risk_aversion,combined,0,43.68215067145782,0.8336718753616239
3492,euler_ramsey,0.5,2.5% Ramsey,risk_aversion,combined,0,28.859089107879804,0.778777313769584
3493,euler_ramsey,0.5,1.5% Ramsey,risk_aversion,combined,0,483.42824354132165,1.5043038731758949
3493,euler_ramsey,0.5,2.0% Ramsey,risk_aversion,combined,0,321.82417372127463,1.5697011993417656
3493,euler_ramsey,0.5,2.5% Ramsey,risk_aversion,combined,0,202.8845428020052,1.604364842979007
3494,euler_ramsey,0.5,1.5% Ramsey,risk_aversion,combined,0,963.6170613502388,0.43042409837449636
3494,euler_ramsey,0.5,2.0% Ramsey,risk_aversion,combined,0,776.4368319947253,0.3384620722611864
3494,euler_ramsey,0.5,2.5% Ramsey,risk_aversion,combined,0,571.3973849449785,0.27788929209927726
3495,euler_ramsey,0.5,1.5% Ramsey,risk_aversion,combined,0,2433.449557823185,0.3056251493870974
3495,euler_ramsey,0.5,2.0% Ramsey,risk_aversion,combined,0,1131.1213107916583,0.2225415726214746
3495,euler_ramsey,0.5,2.5% Ramsey,risk_aversion,combined,0,587.3592377127795,0.17216755961179944
3496,euler_ramsey,0.5,1.5% Ramsey,risk_aversion,combined,0,94.92731681733696,2.0868582500491972
3496,euler_ramsey,0.5,2.0% Ramsey,risk_aversion,combined,0,64.75907385369416,2.3433634442289684
3496,euler_ramsey,0.5,2.5% Ramsey,risk_aversion,combined,0,46.210025969815646,2.534775194106968
3497,euler_ramsey,0.5,1.5% Ramsey,risk_aversion,combined,0,4817.699474120269,0.21333269990740614
3497,euler_ramsey,0.5,2.0% Ramsey,risk_aversion,combined,0,3285.582114598063,0.14336235342912063
3497,euler_ramsey,0.5,2.5% Ramsey,risk_aversion,combined,0,2226.82967853793,0.10424385935424738
3498,euler_ramsey,0.5,1.5% Ramsey,risk_aversion,combined,0,575.6396435969514,0.7934738563197714
3498,euler_ramsey,0.5,2.0% Ramsey,risk_aversion,combined,0,487.9748529562506,0.716606860246176
3498,euler_ramsey,0.5,2.5% Ramsey,risk_aversion,combined,0,373.8109460460967,0.6549434872287572
3499,euler_ramsey,0.5,1.5% Ramsey,risk_aversion,combined,0,-112.28336868183978,0.9974194122925403
3499,euler_ramsey,0.5,2.0% Ramsey,risk_aversion,combined,0,-72.94007522651788,0.9483035631914154
3499,euler_ramsey,0.5,2.5% Ramsey,risk_aversion,combined,0,-46.817122402291766,0.9018522076848273
3500,euler_ramsey,0.5,1.5% Ramsey,risk_aversion,combined,0,4768.76172573627,0.3762304341352118
3500,euler_ramsey,0.5,2.0% Ramsey,risk_aversion,combined,0,3286.2951300609966,0.28740913791223066
3500,euler_ramsey,0.5,2.5% Ramsey,risk_aversion,combined,0,2319.050982949602,0.23078070207138957
3501,euler_ramsey,0.5,1.5% Ramsey,risk_aversion,combined,0,247.79674436036623,1.4631754643273605
3501,euler_ramsey,0.5,2.0% Ramsey,risk_aversion,combined,0,176.43036452077456,1.5169613647952593
3501,euler_ramsey,0.5,2.5% Ramsey,risk_aversion,combined,0,125.50028790583562,1.542656540570617
3502,euler_ramsey,0.5,1.5% Ramsey,risk_aversion,combined,0,953.7236522588247,0.6128402834850804
3502,euler_ramsey,0.5,2.0% Ramsey,risk_aversion,combined,0,777.8916335431483,0.5224315580105113
3502,euler_ramsey,0.5,2.5% Ramsey,risk_aversion,combined,0,590.3630370274565,0.4566335692789386
3503,euler_ramsey,0.5,1.5% Ramsey,risk_aversion,combined,0,-570.4768102708244,0.3747352407914843
3503,euler_ramsey,0.5,2.0% Ramsey,risk_aversion,combined,0,-236.39404566131233,0.2856476989342992
3503,euler_ramsey,0.5,2.5% Ramsey,risk_aversion,combined,0,-63.963837599737246,0.22895390222344117
3504,euler_ramsey,0.5,1.5% Ramsey,risk_aversion,combined,0,1679.9412224143118,0.8872666946229271
3504,euler_ramsey,0.5,2.0% Ramsey,risk_aversion,combined,0,1434.3581921458574,0.8233606425510852
3504,euler_ramsey,0.5,2.5% Ramsey,risk_aversion,combined,0,1074.7856725906602,0.7686707086508037
3505,euler_ramsey,0.5,1.5% Ramsey,risk_aversion,combined,0,926.7205378461774,1.0644605263890037
3505,euler_ramsey,0.5,2.0% Ramsey,risk_aversion,combined,0,641.8170606696875,1.0281182135410651
3505,euler_ramsey,0.5,2.5% Ramsey,risk_aversion,combined,0,430.0359780130759,0.9899089486452172
3506,euler_ramsey,0.5,1.5% Ramsey,risk_aversion,combined,0,292.4249204068671,1.9647766539023301
3506,euler_ramsey,0.5,2.0% Ramsey,risk_aversion,combined,0,221.48376357293515,2.176581604357901
3506,euler_ramsey,0.5,2.5% Ramsey,risk_aversion,combined,0,163.34077295440474,2.329873354959355
3507,euler_ramsey,0.5,1.5% Ramsey,risk_aversion,combined,0,2935.082696992239,0.6543698858198167
3507,euler_ramsey,0.5,2.0% Ramsey,risk_aversion,combined,0,2115.9898324754863,0.566443258107455
3507,euler_ramsey,0.5,2.5% Ramsey,risk_aversion,combined,0,1395.167559439681,0.5010352688988838
3508,euler_ramsey,0.5,1.5% Ramsey,risk_aversion,combined,0,168.67122278300997,1.6283000367444378
3508,euler_ramsey,0.5,2.0% Ramsey,risk_aversion,combined,0,106.17713664474681,1.7292293652766357
3508,euler_ramsey,0.5,2.5% Ramsey,risk_aversion,combined,0,72.48531699041209,1.7915152209157867
3509,euler_ramsey,0.5,1.5% Ramsey,risk_aversion,combined,0,759.5770245811702,0.830700218647233
3509,euler_ramsey,0.5,2.0% Ramsey,risk_aversion,combined,0,777.3760222551899,0.7574080606786361
3509,euler_ramsey,0.5,2.5% Ramsey,risk_aversion,combined,0,649.4848148697827,0.6972887084628674
3510,euler_ramsey,0.5,1.5% Ramsey,risk_aversion,combined,0,598.5374630126987,0.6412114727990222
3510,euler_ramsey,0.5,2.0% Ramsey,risk_aversion,combined,0,379.988064467183,0.5521677133280009
3510,euler_ramsey,0.5,2.5% Ramsey,risk_aversion,combined,0,249.89378704224544,0.486405580521601
3511,euler_ramsey,0.5,1.5% Ramsey,risk_aversion,combined,0,365.5124743597005,0.3927713702416065
3511,euler_ramsey,0.5,2.0% Ramsey,risk_aversion,combined,0,213.45498204553726,0.3025546960965318
3511,euler_ramsey,0.5,2.5% Ramsey,risk_aversion,combined,0,130.01618729697583,0.2444790026113936
3512,euler_ramsey,0.5,1.5% Ramsey,risk_aversion,combined,0,-1463.3075787816292,0.5264716022880254
3512,euler_ramsey,0.5,2.0% Ramsey,risk_aversion,combined,0,-897.2375588479828,0.43330602318839495
3512,euler_ramsey,0.5,2.5% Ramsey,risk_aversion,combined,0,-581.5373756879633,0.36853624496174203
3513,euler_ramsey,0.5,1.5% Ramsey,risk_aversion,combined,0,-122.8903486810455,0.4900296924887736
3513,euler_ramsey,0.5,2.0% Ramsey,risk_aversion,combined,0,-101.2139271426945,0.39681818490143433
3513,euler_ramsey,0.5,2.5% Ramsey,risk_aversion,combined,0,-79.27484685769944,0.3332888727295006
3514,euler_ramsey,0.5,1.5% Ramsey,risk_aversion,combined,0,1139.1618379549718,0.7581659361960518
3514,euler_ramsey,0.5,2.0% Ramsey,risk_aversion,combined,0,1025.4571422608703,0.6775188258769297
3514,euler_ramsey,0.5,2.5% Ramsey,risk_aversion,combined,0,823.8469934197894,0.6141599097552896
3515,euler_ramsey,0.5,1.5% Ramsey,risk_aversion,combined,0,-419.5663647060676,0.4182842900503881
3515,euler_ramsey,0.5,2.0% Ramsey,risk_aversion,combined,0,-373.80551912873733,0.32697734014789565
3515,euler_ramsey,0.5,2.5% Ramsey,risk_aversion,combined,0,-303.3476147004869,0.26724190877084425
3516,euler_ramsey,0.5,1.5% Ramsey,risk_aversion,combined,0,58.605465450025775,2.895664247347728
3516,euler_ramsey,0.5,2.0% Ramsey,risk_aversion,combined,0,48.97468127048614,3.499949883834837
3516,euler_ramsey,0.5,2.5% Ramsey,risk_aversion,combined,0,39.61067567643916,4.007525482955387
3517,euler_ramsey,0.5,1.5% Ramsey,risk_aversion,combined,0,369.87776813994833,0.9163964860398667
3517,euler_ramsey,0.5,2.0% Ramsey,risk_aversion,combined,0,243.55585458426106,0.8559642156453455
3517,euler_ramsey,0.5,2.5% Ramsey,risk_aversion,combined,0,154.6570543282038,0.8030746724194879
3518,euler_ramsey,0.5,1.5% Ramsey,risk_aversion,combined,0,584.3941343698791,1.0821171878825462
3518,euler_ramsey,0.5,2.0% Ramsey,risk_aversion,combined,0,396.2440403417363,1.047850357804945
3518,euler_ramsey,0.5,2.5% Ramsey,risk_aversion,combined,0,266.3944657088764,1.0107731681697028
3519,euler_ramsey,0.5,1.5% Ramsey,risk_aversion,combined,0,2096.0105378151534,0.6126965337811574
3519,euler_ramsey,0.5,2.0% Ramsey,risk_aversion,combined,0,1915.9984399581951,0.522369885936142
3519,euler_ramsey,0.5,2.5% Ramsey,risk_aversion,combined,0,1517.8146990512741,0.456633239703777
3520,euler_ramsey,0.5,1.5% Ramsey,risk_aversion,combined,0,812.3831062437025,0.24351652214853386
3520,euler_ramsey,0.5,2.0% Ramsey,risk_aversion,combined,0,453.15511566563737,0.16846651410784882
3520,euler_ramsey,0.5,2.5% Ramsey,risk_aversion,combined,0,281.2282457202822,0.12526998402437972
3521,euler_ramsey,0.5,1.5% Ramsey,risk_aversion,combined,0,347.11943753929415,3.8384814412910773
3521,euler_ramsey,0.5,2.0% Ramsey,risk_aversion,combined,0,276.25685472423487,4.943703644929854
3521,euler_ramsey,0.5,2.5% Ramsey,risk_aversion,combined,0,215.08547044361578,5.945814040602521
3522,euler_ramsey,0.5,1.5% Ramsey,risk_aversion,combined,0,606.7829543122272,1.8650935265844097
3522,euler_ramsey,0.5,2.0% Ramsey,risk_aversion,combined,0,490.90163995012387,2.042421024870132
3522,euler_ramsey,0.5,2.5% Ramsey,risk_aversion,combined,0,370.8991489731545,2.166915892546736
3523,euler_ramsey,0.5,1.5% Ramsey,risk_aversion,combined,0,1121.9691046688695,0.7738990023687977
3523,euler_ramsey,0.5,2.0% Ramsey,risk_aversion,combined,0,1010.0560957222111,0.694615370937622
3523,euler_ramsey,0.5,2.5% Ramsey,risk_aversion,combined,0,807.5777267513945,0.6317736426798278
3524,euler_ramsey,0.5,1.5% Ramsey,risk_aversion,combined,0,609.890163397084,0.47304937764347466
3524,euler_ramsey,0.5,2.0% Ramsey,risk_aversion,combined,0,484.0457136899687,0.38023988293743943
3524,euler_ramsey,0.5,2.5% Ramsey,risk_aversion,combined,0,344.80495409434667,0.31755656793183024
3525,euler_ramsey,0.5,1.5% Ramsey,risk_aversion,combined,0,2807.2226151215336,0.3013618577243099
3525,euler_ramsey,0.5,2.0% Ramsey,risk_aversion,combined,0,1363.6693117198065,0.2188895087246597
3525,euler_ramsey,0.5,2.5% Ramsey,risk_aversion,combined,0,724.4126127039349,0.16902369785928936
3526,euler_ramsey,0.5,1.5% Ramsey,risk_aversion,combined,0,-112.39731239345723,0.5138965493136747
3526,euler_ramsey,0.5,2.0% Ramsey,risk_aversion,combined,0,-61.67851514951273,0.4205237669542771
3526,euler_ramsey,0.5,2.5% Ramsey,risk_aversion,combined,0,-26.333508844965117,0.35606826366180344
3527,euler_ramsey,0.5,1.5% Ramsey,risk_aversion,combined,0,392.1078006096051,1.7319139067249594
3527,euler_ramsey,0.5,2.0% Ramsey,risk_aversion,combined,0,268.2121869021733,1.8645891435907578
3527,euler_ramsey,0.5,2.5% Ramsey,risk_aversion,combined,0,184.16944947469628,1.9522022827231036
3528,euler_ramsey,0.5,1.5% Ramsey,risk_aversion,combined,0,417.3590764638959,1.8409916904763255
3528,euler_ramsey,0.5,2.0% Ramsey,risk_aversion,combined,0,312.84063691925786,2.009802578455207
3528,euler_ramsey,0.5,2.5% Ramsey,risk_aversion,combined,0,225.2158813705389,2.1272468078113516
3529,euler_ramsey,0.5,1.5% Ramsey,risk_aversion,combined,0,11130.33486325205,0.9101711656579368
3529,euler_ramsey,0.5,2.0% Ramsey,risk_aversion,combined,0,7234.67856447697,0.8490640822794623
3529,euler_ramsey,0.5,2.5% Ramsey,risk_aversion,combined,0,4138.271982660551,0.7958013638759681
3530,euler_ramsey,0.5,1.5% Ramsey,risk_aversion,combined,0,344.55381615416445,1.5381404182879357
3530,euler_ramsey,0.5,2.0% Ramsey,risk_aversion,combined,0,275.68948874750316,1.6131986743791775
3530,euler_ramsey,0.5,2.5% Ramsey,risk_aversion,combined,0,202.91904432609294,1.6552675518106685
3531,euler_ramsey,0.5,1.5% Ramsey,risk_aversion,combined,0,-498.2030934049157,0.7284469509534853
3531,euler_ramsey,0.5,2.0% Ramsey,risk_aversion,combined,0,-420.6296945512852,0.6447554989433814
3531,euler_ramsey,0.5,2.5% Ramsey,risk_aversion,combined,0,-299.6910595175225,0.5800932669305131
3532,euler_ramsey,0.5,1.5% Ramsey,risk_aversion,combined,0,6241.443269167312,0.7925537525275556
3532,euler_ramsey,0.5,2.0% Ramsey,risk_aversion,combined,0,2929.0514033623704,0.7167040215765854
3532,euler_ramsey,0.5,2.5% Ramsey,risk_aversion,combined,0,1462.2964938496432,0.6557732081840839
3533,euler_ramsey,0.5,1.5% Ramsey,risk_aversion,combined,0,475.9253462373977,1.047337549770941
3533,euler_ramsey,0.5,2.0% Ramsey,risk_aversion,combined,0,459.6600502374117,1.0069162797699474
3533,euler_ramsey,0.5,2.5% Ramsey,risk_aversion,combined,0,391.4952799140106,0.965961033422066
3534,euler_ramsey,0.5,1.5% Ramsey,risk_aversion,combined,0,816.2127165132974,0.6588084219747109
3534,euler_ramsey,0.5,2.0% Ramsey,risk_aversion,combined,0,534.623639546593,0.5704032664901455
3534,euler_ramsey,0.5,2.5% Ramsey,risk_aversion,combined,0,354.92723274390477,0.50456522522516
3535,euler_ramsey,0.5,1.5% Ramsey,risk_aversion,combined,0,1298.5000398007253,1.1459139869375219
3535,euler_ramsey,0.5,2.0% Ramsey,risk_aversion,combined,0,1060.0778790382792,1.1258242908180593
3535,euler_ramsey,0.5,2.5% Ramsey,risk_aversion,combined,0,814.2815905461578,1.098436790658147
3536,euler_ramsey,0.5,1.5% Ramsey,risk_aversion,combined,0,1221.8026157437496,1.3919374917184786
3536,euler_ramsey,0.5,2.0% Ramsey,risk_aversion,combined,0,783.3387495589834,1.4275238574162983
3536,euler_ramsey,0.5,2.5% Ramsey,risk_aversion,combined,0,495.4311440710909,1.4396637937703693
3537,euler_ramsey,0.5,1.5% Ramsey,risk_aversion,combined,0,-457.1816779565295,0.3298940416124709
3537,euler_ramsey,0.5,2.0% Ramsey,risk_aversion,combined,0,-202.33219503561259,0.2443473383965624
3537,euler_ramsey,0.5,2.5% Ramsey,risk_aversion,combined,0,-71.50156484780938,0.19154617570052943
3538,euler_ramsey,0.5,1.5% Ramsey,risk_aversion,combined,0,63.192228246101,1.6041573777232665
3538,euler_ramsey,0.5,2.0% Ramsey,risk_aversion,combined,0,37.756519461006434,1.6978437697675632
3538,euler_ramsey,0.5,2.5% Ramsey,risk_aversion,combined,0,25.36329152967997,1.7543786428949073
3539,euler_ramsey,0.5,1.5% Ramsey,risk_aversion,combined,0,277.4524355597093,0.4296288394028911
3539,euler_ramsey,0.5,2.0% Ramsey,risk_aversion,combined,0,185.8940934427884,0.33768911750046415
3539,euler_ramsey,0.5,2.5% Ramsey,risk_aversion,combined,0,126.302479617543,0.27715986197426834
3540,euler_ramsey,0.5,1.5% Ramsey,risk_aversion,combined,0,2889.5797302277174,1.2117937925131472
3540,euler_ramsey,0.5,2.0% Ramsey,risk_aversion,combined,0,2673.789809831723,1.2058986772455165
3540,euler_ramsey,0.5,2.5% Ramsey,risk_aversion,combined,0,2168.052257926941,1.1882809111855661
3541,euler_ramsey,0.5,1.5% Ramsey,risk_aversion,combined,0,-14.56692148683524,1.3848724177265608
3541,euler_ramsey,0.5,2.0% Ramsey,risk_aversion,combined,0,-15.399324085116145,1.418114433693999
3541,euler_ramsey,0.5,2.5% Ramsey,risk_aversion,combined,0,-11.404202028897428,1.428328657571131
3542,euler_ramsey,0.5,1.5% Ramsey,risk_aversion,combined,0,141.3481190437679,0.9401784855208933
3542,euler_ramsey,0.5,2.0% Ramsey,risk_aversion,combined,0,114.46307602819499,0.8817009715301973
3542,euler_ramsey,0.5,2.5% Ramsey,risk_aversion,combined,0,93.49128220827774,0.8296286572337479
3543,euler_ramsey,0.5,1.5% Ramsey,risk_aversion,combined,0,1171.042819895368,0.6619357426175105
3543,euler_ramsey,0.5,2.0% Ramsey,risk_aversion,combined,0,846.5635326013297,0.574015432861488
3543,euler_ramsey,0.5,2.5% Ramsey,risk_aversion,combined,0,581.0197448838775,0.5084079839589766
3544,euler_ramsey,0.5,1.5% Ramsey,risk_aversion,combined,0,2579.514364927564,0.8116680794228626
3544,euler_ramsey,0.5,2.0% Ramsey,risk_aversion,combined,0,2192.711611087115,0.7383216850517079
3544,euler_ramsey,0.5,2.5% Ramsey,risk_aversion,combined,0,1627.93688079103,0.6787572336518305
3545,euler_ramsey,0.5,1.5% Ramsey,risk_aversion,combined,0,4441.064416499803,0.4150346793662296
3545,euler_ramsey,0.5,2.0% Ramsey,risk_aversion,combined,0,2539.1451494365797,0.3238321285203397
3545,euler_ramsey,0.5,2.5% Ramsey,risk_aversion,combined,0,1456.8292991033136,0.26429473141033255
3546,euler_ramsey,0.5,1.5% Ramsey,risk_aversion,combined,0,-2059.2575163132997,0.3904081203013619
3546,euler_ramsey,0.5,2.0% Ramsey,risk_aversion,combined,0,-1888.4565562939035,0.30046709257306337
3546,euler_ramsey,0.5,2.5% Ramsey,risk_aversion,combined,0,-1491.509649660186,0.24263142764475815
3547,euler_ramsey,0.5,1.5% Ramsey,risk_aversion,combined,0,4139.171128448801,0.6972807435861038
3547,euler_ramsey,0.5,2.0% Ramsey,risk_aversion,combined,0,3135.4602457966453,0.6133619748665158
3547,euler_ramsey,0.5,2.5% Ramsey,risk_aversion,combined,0,2150.0032203772653,0.5494205182360435
3548,euler_ramsey,0.5,1.5% Ramsey,risk_aversion,combined,0,2498.1509420429516,0.2945246121790051
3548,euler_ramsey,0.5,2.0% Ramsey,risk_aversion,combined,0,1493.6468493351824,0.2128208440711191
3548,euler_ramsey,0.5,2.5% Ramsey,risk_aversion,combined,0,906.694827222552,0.16368447866488584
3549,euler_ramsey,0.5,1.5% Ramsey,risk_aversion,combined,0,155.83688199972366,0.6334494335775905
3549,euler_ramsey,0.5,2.0% Ramsey,risk_aversion,combined,0,141.22250577016752,0.543814481953097
3549,euler_ramsey,0.5,2.5% Ramsey,risk_aversion,combined,0,114.28259481377385,0.47788963024196096
3550,euler_ramsey,0.5,1.5% Ramsey,risk_aversion,combined,0,296.7436389842718,0.899304136561489
3550,euler_ramsey,0.5,2.0% Ramsey,risk_aversion,combined,0,217.21819372554907,0.8360966543963977
3550,euler_ramsey,0.5,2.5% Ramsey,risk_aversion,combined,0,159.8840742765444,0.7816304511064964
3551,euler_ramsey,0.5,1.5% Ramsey,risk_aversion,combined,0,-148.45839771137418,0.27827180981882554
3551,euler_ramsey,0.5,2.0% Ramsey,risk_aversion,combined,0,-82.97764745558788,0.19839451471404645
3551,euler_ramsey,0.5,2.5% Ramsey,risk_aversion,combined,0,-56.91235749837583,0.15099976342755933
3552,euler_ramsey,0.5,1.5% Ramsey,risk_aversion,combined,0,31.904990119739054,0.7582829988201281
3552,euler_ramsey,0.5,2.0% Ramsey,risk_aversion,combined,0,28.03858173285081,0.678101258798252
3552,euler_ramsey,0.5,2.5% Ramsey,risk_aversion,combined,0,23.864354003754134,0.6150354671712293
3553,euler_ramsey,0.5,1.5% Ramsey,risk_aversion,combined,0,13.292236204174598,0.7151302072424855
3553,euler_ramsey,0.5,2.0% Ramsey,risk_aversion,combined,0,14.789867406715205,0.6305585260834295
3553,euler_ramsey,0.5,2.5% Ramsey,risk_aversion,combined,0,16.433421215278987,0.5656833418057324
3554,euler_ramsey,0.5,1.5% Ramsey,risk_aversion,combined,0,627.0322899849173,2.1350435849998313
3554,euler_ramsey,0.5,2.0% Ramsey,risk_aversion,combined,0,550.0849726452608,2.4103327687709575
3554,euler_ramsey,0.5,2.5% Ramsey,risk_aversion,combined,0,437.4238683819159,2.6181747963049227
3555,euler_ramsey,0.5,1.5% Ramsey,risk_aversion,combined,0,505.31076455579824,1.6407980085284977
3555,euler_ramsey,0.5,2.0% Ramsey,risk_aversion,combined,0,466.952895968193,1.7452905695023735
3555,euler_ramsey,0.5,2.5% Ramsey,risk_aversion,combined,0,369.92011011550005,1.810534923037911
3556,euler_ramsey,0.5,1.5% Ramsey,risk_aversion,combined,0,546.0205567968388,0.6844696468933068
3556,euler_ramsey,0.5,2.0% Ramsey,risk_aversion,combined,0,471.05967294461533,0.5985940810472875
3556,euler_ramsey,0.5,2.5% Ramsey,risk_aversion,combined,0,354.8392879907995,0.5337196498983404
3557,euler_ramsey,0.5,1.5% Ramsey,risk_aversion,combined,0,2034.1193904295535,0.7561840987840867
3557,euler_ramsey,0.5,2.0% Ramsey,risk_aversion,combined,0,1395.2207291147358,0.6754515054573287
3557,euler_ramsey,0.5,2.5% Ramsey,risk_aversion,combined,0,894.3193389852627,0.6120921723519074
3558,euler_ramsey,0.5,1.5% Ramsey,risk_aversion,combined,0,-1145.1193233016254,0.4241080767142937
3558,euler_ramsey,0.5,2.0% Ramsey,risk_aversion,combined,0,-701.4253773008319,0.33247159877652105
3558,euler_ramsey,0.5,2.5% Ramsey,risk_aversion,combined,0,-437.20983100841045,0.27232384168313944
3559,euler_ramsey,0.5,1.5% Ramsey,risk_aversion,combined,0,-872.2092843495582,0.7153383168673525
3559,euler_ramsey,0.5,2.0% Ramsey,risk_aversion,combined,0,-488.95719975611604,0.6312317271448531
3559,euler_ramsey,0.5,2.5% Ramsey,risk_aversion,combined,0,-308.5799416349856,0.5666302423619325
3560,euler_ramsey,0.5,1.5% Ramsey,risk_aversion,combined,0,-135.9882881328778,0.6449066160266526
3560,euler_ramsey,0.5,2.0% Ramsey,risk_aversion,combined,0,-36.08432047251959,0.5559913710733416
3560,euler_ramsey,0.5,2.5% Ramsey,risk_aversion,combined,0,23.384151253472936,0.4902039639771363
3561,euler_ramsey,0.5,1.5% Ramsey,risk_aversion,combined,0,-180.52584997225958,0.6392816924887744
3561,euler_ramsey,0.5,2.0% Ramsey,risk_aversion,combined,0,-127.35767269115026,0.5497131251881304
3561,euler_ramsey,0.5,2.5% Ramsey,risk_aversion,combined,0,-79.46771424715992,0.4836647760849374
3562,euler_ramsey,0.5,1.5% Ramsey,risk_aversion,combined,0,205.51325361750355,1.5192290456374327
3562,euler_ramsey,0.5,2.0% Ramsey,risk_aversion,combined,0,178.26782761708185,1.5886109474130055
3562,euler_ramsey,0.5,2.5% Ramsey,risk_aversion,combined,0,152.20832198500983,1.62632696486006
3563,euler_ramsey,0.5,1.5% Ramsey,risk_aversion,combined,0,1601.7342549578552,0.5155975813181781
3563,euler_ramsey,0.5,2.0% Ramsey,risk_aversion,combined,0,633.1412246270202,0.42283728860622033
3563,euler_ramsey,0.5,2.5% Ramsey,risk_aversion,combined,0,315.0234171429455,0.35868364633137967
3564,euler_ramsey,0.5,1.5% Ramsey,risk_aversion,combined,0,523.1195620203207,3.8126693135350016
3564,euler_ramsey,0.5,2.0% Ramsey,risk_aversion,combined,0,295.00288757991115,4.9054184748915155
3564,euler_ramsey,0.5,2.5% Ramsey,risk_aversion,combined,0,188.23868881454945,5.895628693590942
3565,euler_ramsey,0.5,1.5% Ramsey,risk_aversion,combined,0,-530.0467227278425,0.26988739377543863
3565,euler_ramsey,0.5,2.0% Ramsey,risk_aversion,combined,0,-294.8565037268785,0.19127738986902876
3565,euler_ramsey,0.5,2.5% Ramsey,risk_aversion,combined,0,-187.32812606960056,0.14492517869334573
3566,euler_ramsey,0.5,1.5% Ramsey,risk_aversion,combined,0,-590.3565194251255,0.2973219932173848
3566,euler_ramsey,0.5,2.0% Ramsey,risk_aversion,combined,0,-230.39297862892272,0.21514054860804788
3566,euler_ramsey,0.5,2.5% Ramsey,risk_aversion,combined,0,-81.58955367803208,0.1656337357507761
3567,euler_ramsey,0.5,1.5% Ramsey,risk_aversion,combined,0,-60.473611123654386,1.464367003464973
3567,euler_ramsey,0.5,2.0% Ramsey,risk_aversion,combined,0,-33.28429235287279,1.518347285808055
3567,euler_ramsey,0.5,2.5% Ramsey,risk_aversion,combined,0,-6.213434079363189,1.5442229022388654
3568,euler_ramsey,0.5,1.5% Ramsey,risk_aversion,combined,0,18.093079466257127,0.7553780329883731
3568,euler_ramsey,0.5,2.0% Ramsey,risk_aversion,combined,0,20.661210070645264,0.6743968416731647
3568,euler_ramsey,0.5,2.5% Ramsey,risk_aversion,combined,0,19.73902263235591,0.6108529248908561
3569,euler_ramsey,0.5,1.5% Ramsey,risk_aversion,combined,0,-50.63432218696085,0.8564952857074124
3569,euler_ramsey,0.5,2.0% Ramsey,risk_aversion,combined,0,-45.064642136118565,0.7866568311464422
3569,euler_ramsey,0.5,2.5% Ramsey,risk_aversion,combined,0,-35.543049260454865,0.7283668736352691
3570,euler_ramsey,0.5,1.5% Ramsey,risk_aversion,combined,0,338.6118388140515,1.356737319215001
3570,euler_ramsey,0.5,2.0% Ramsey,risk_aversion,combined,0,208.48975649984723,1.3839391795512963
3570,euler_ramsey,0.5,2.5% Ramsey,risk_aversion,combined,0,139.22806118115696,1.390001471396794
3571,euler_ramsey,0.5,1.5% Ramsey,risk_aversion,combined,0,2462.6250388620383,0.4562295310361449
3571,euler_ramsey,0.5,2.0% Ramsey,risk_aversion,combined,0,2205.0735419462476,0.36395338504716235
3571,euler_ramsey,0.5,2.5% Ramsey,risk_aversion,combined,0,1741.1640362525056,0.30220186327624193
3572,euler_ramsey,0.5,1.5% Ramsey,risk_aversion,combined,0,529.2474539973119,1.1508724336402296
3572,euler_ramsey,0.5,2.0% Ramsey,risk_aversion,combined,0,458.8930563715751,1.130543331170742
3572,euler_ramsey,0.5,2.5% Ramsey,risk_aversion,combined,0,369.3520968835405,1.1027388039171566
3573,euler_ramsey,0.5,1.5% Ramsey,risk_aversion,combined,0,18.87984911981085,1.2681258303528409
3573,euler_ramsey,0.5,2.0% Ramsey,risk_aversion,combined,0,10.8785836454393,1.2728983036795563
3573,euler_ramsey,0.5,2.5% Ramsey,risk_aversion,combined,0,11.610438451135291,1.2624330330294333
3574,euler_ramsey,0.5,1.5% Ramsey,risk_aversion,combined,0,-198.07759537847625,0.7040797336227047
3574,euler_ramsey,0.5,2.0% Ramsey,risk_aversion,combined,0,-159.8567183476344,0.6184160762273271
3574,euler_ramsey,0.5,2.5% Ramsey,risk_aversion,combined,0,-104.26132786092292,0.5530981714318332
3575,euler_ramsey,0.5,1.5% Ramsey,risk_aversion,combined,0,-293.15987800506815,0.7789158958536515
3575,euler_ramsey,0.5,2.0% Ramsey,risk_aversion,combined,0,-188.71584678444577,0.7007335517453734
3575,euler_ramsey,0.5,2.5% Ramsey,risk_aversion,combined,0,-125.74437965819479,0.6384988539463083
3576,euler_ramsey,0.5,1.5% Ramsey,risk_aversion,combined,0,81.35954048827976,0.9914235956881734
3576,euler_ramsey,0.5,2.0% Ramsey,risk_aversion,combined,0,51.66113997074117,0.9410843339062828
3576,euler_ramsey,0.5,2.5% Ramsey,risk_aversion,combined,0,32.02931766708481,0.8938110031563714
3577,euler_ramsey,0.5,1.5% Ramsey,risk_aversion,combined,0,-413.86581626928205,0.5742342570480298
3577,euler_ramsey,0.5,2.0% Ramsey,risk_aversion,combined,0,-229.45464293249745,0.48193177856497205
3577,euler_ramsey,0.5,2.5% Ramsey,risk_aversion,combined,0,-133.05414203157176,0.41612942714535217
3578,euler_ramsey,0.5,1.5% Ramsey,risk_aversion,combined,0,454.81791274360995,0.7604635761873078
3578,euler_ramsey,0.5,2.0% Ramsey,risk_aversion,combined,0,377.3500141116042,0.6810178189424585
3578,euler_ramsey,0.5,2.5% Ramsey,risk_aversion,combined,0,285.8780537497228,0.6184654398085535
3579,euler_ramsey,0.5,1.5% Ramsey,risk_aversion,combined,0,524.0090825658461,0.8689878379411503
3579,euler_ramsey,0.5,2.0% Ramsey,risk_aversion,combined,0,397.08871907538037,0.8007007134477263
3579,euler_ramsey,0.5,2.5% Ramsey,risk_aversion,combined,0,275.0036402448603,0.7432248870031243
3580,euler_ramsey,0.5,1.5% Ramsey,risk_aversion,combined,0,331.0221755535925,1.045106309815672
3580,euler_ramsey,0.5,2.0% Ramsey,risk_aversion,combined,0,204.43611147689188,1.003963986674671
3580,euler_ramsey,0.5,2.5% Ramsey,risk_aversion,combined,0,128.64944197805386,0.9624164022709645
3581,euler_ramsey,0.5,1.5% Ramsey,risk_aversion,combined,0,531.8691982640287,0.4850911529530184
3581,euler_ramsey,0.5,2.0% Ramsey,risk_aversion,combined,0,322.26444762485113,0.39215641651170974
3581,euler_ramsey,0.5,2.5% Ramsey,risk_aversion,combined,0,194.3497346659325,0.3289624929275939
3582,euler_ramsey,0.5,1.5% Ramsey,risk_aversion,combined,0,449.89382463629346,0.792634773177146
3582,euler_ramsey,0.5,2.0% Ramsey,risk_aversion,combined,0,358.26474292493685,0.7160245360100771
3582,euler_ramsey,0.5,2.5% Ramsey,risk_aversion,combined,0,262.47590055231865,0.6546027747595785
3583,euler_ramsey,0.5,1.5% Ramsey,risk_aversion,combined,0,909.2003308961345,1.1687372512747622
3583,euler_ramsey,0.5,2.0% Ramsey,risk_aversion,combined,0,689.5331598255772,1.1520950077804397
3583,euler_ramsey,0.5,2.5% Ramsey,risk_aversion,combined,0,472.86845622629664,1.1267910997849915
3584,euler_ramsey,0.5,1.5% Ramsey,risk_aversion,combined,0,3939.599818500214,0.5384980427969652
3584,euler_ramsey,0.5,2.0% Ramsey,risk_aversion,combined,0,2342.1743884297393,0.44635555861362763
3584,euler_ramsey,0.5,2.5% Ramsey,risk_aversion,combined,0,1371.3935916766668,0.3818212295846259
3585,euler_ramsey,0.5,1.5% Ramsey,risk_aversion,combined,0,7167.879095019866,0.6330929282264405
3585,euler_ramsey,0.5,2.0% Ramsey,risk_aversion,combined,0,7063.489072233319,0.5461561340014409
3585,euler_ramsey,0.5,2.5% Ramsey,risk_aversion,combined,0,5760.5692939343335,0.48200322588649813
3586,euler_ramsey,0.5,1.5% Ramsey,risk_aversion,combined,0,434.71652137578604,0.8413075549980241
3586,euler_ramsey,0.5,2.0% Ramsey,risk_aversion,combined,0,362.1858917196953,0.7703101847382043
3586,euler_ramsey,0.5,2.5% Ramsey,risk_aversion,combined,0,270.73988108758493,0.7116291210852328
3587,euler_ramsey,0.5,1.5% Ramsey,risk_aversion,combined,0,770.384807586048,0.7177428120862673
3587,euler_ramsey,0.5,2.0% Ramsey,risk_aversion,combined,0,609.4095073797138,0.6348615993028179
3587,euler_ramsey,0.5,2.5% Ramsey,risk_aversion,combined,0,462.03967778409174,0.57110211539939
3588,euler_ramsey,0.5,1.5% Ramsey,risk_aversion,combined,0,9327.449523788126,0.6191719063203559
3588,euler_ramsey,0.5,2.0% Ramsey,risk_aversion,combined,0,5551.968577682058,0.531829235661541
3588,euler_ramsey,0.5,2.5% Ramsey,risk_aversion,combined,0,3307.569690250018,0.4678242741893112
3589,euler_ramsey,0.5,1.5% Ramsey,risk_aversion,combined,0,1421.0823293079027,0.5455262538167092
3589,euler_ramsey,0.5,2.0% Ramsey,risk_aversion,combined,0,1083.0262286383986,0.45317796383024683
3589,euler_ramsey,0.5,2.5% Ramsey,risk_aversion,combined,0,772.9723932894611,0.3882728785949299
3590,euler_ramsey,0.5,1.5% Ramsey,risk_aversion,combined,0,1998.4499293162796,0.5166707874328087
3590,euler_ramsey,0.5,2.0% Ramsey,risk_aversion,combined,0,1548.924202405677,0.42359362023842273
3590,euler_ramsey,0.5,2.5% Ramsey,risk_aversion,combined,0,1067.0851455131951,0.3592176732143564
3591,euler_ramsey,0.5,1.5% Ramsey,risk_aversion,combined,0,847.0288578910089,1.2554064991128193
3591,euler_ramsey,0.5,2.0% Ramsey,risk_aversion,combined,0,607.510879171736,1.2579060764156373
3591,euler_ramsey,0.5,2.5% Ramsey,risk_aversion,combined,0,418.00327842495517,1.2460063668565777
3592,euler_ramsey,0.5,1.5% Ramsey,risk_aversion,combined,0,204.93503134286965,0.8769667095137093
3592,euler_ramsey,0.5,2.0% Ramsey,risk_aversion,combined,0,185.7709033149826,0.8101701774528329
3592,euler_ramsey,0.5,2.5% Ramsey,risk_aversion,combined,0,161.19389002850295,0.7536005014330991
3593,euler_ramsey,0.5,1.5% Ramsey,risk_aversion,combined,0,1394.3727290825966,0.2941922127421714
3593,euler_ramsey,0.5,2.0% Ramsey,risk_aversion,combined,0,508.5226394445605,0.21237833450197047
3593,euler_ramsey,0.5,2.5% Ramsey,risk_aversion,combined,0,264.7685582736317,0.1632123130941179
3594,euler_ramsey,0.5,1.5% Ramsey,risk_aversion,combined,0,1221.5447343904052,0.9457317633787788
3594,euler_ramsey,0.5,2.0% Ramsey,risk_aversion,combined,0,976.3582132332215,0.8889761474534703
3594,euler_ramsey,0.5,2.5% Ramsey,risk_aversion,combined,0,738.6179586464363,0.8381213059131861
3595,euler_ramsey,0.5,1.5% Ramsey,risk_aversion,combined,0,881.0254545410073,0.8429390992674767
3595,euler_ramsey,0.5,2.0% Ramsey,risk_aversion,combined,0,687.5355248197527,0.7717823378147247
3595,euler_ramsey,0.5,2.5% Ramsey,risk_aversion,combined,0,488.27804482982765,0.7128716878736359
3596,euler_ramsey,0.5,1.5% Ramsey,risk_aversion,combined,0,95.17047925412199,0.4514737758829932
3596,euler_ramsey,0.5,2.0% Ramsey,risk_aversion,combined,0,28.120638815844277,0.3588442646145089
3596,euler_ramsey,0.5,2.5% Ramsey,risk_aversion,combined,0,-8.351208469061904,0.2970771017687852
3597,euler_ramsey,0.5,1.5% Ramsey,risk_aversion,combined,0,264.66930674545034,0.9901315259179445
3597,euler_ramsey,0.5,2.0% Ramsey,risk_aversion,combined,0,172.30892396176208,0.9408176119688447
3597,euler_ramsey,0.5,2.5% Ramsey,risk_aversion,combined,0,119.905303477473,0.8943572927688584
3598,euler_ramsey,0.5,1.5% Ramsey,risk_aversion,combined,0,217.39932121573088,2.080233393730975
3598,euler_ramsey,0.5,2.0% Ramsey,risk_aversion,combined,0,187.30729313218413,2.3345221337280435
3598,euler_ramsey,0.5,2.5% Ramsey,risk_aversion,combined,0,154.4849851796807,2.5241801715168655
3599,euler_ramsey,0.5,1.5% Ramsey,risk_aversion,combined,0,2715.6959220472863,0.7389110986280418
3599,euler_ramsey,0.5,2.0% Ramsey,risk_aversion,combined,0,2483.784976514739,0.657328702783004
3599,euler_ramsey,0.5,2.5% Ramsey,risk_aversion,combined,0,1961.1746445213053,0.5938316757774591
3600,euler_ramsey,0.5,1.5% Ramsey,risk_aversion,combined,0,261.4708376238846,1.8264250788321004
3600,euler_ramsey,0.5,2.0% Ramsey,risk_aversion,combined,0,159.91550283952995,1.9902859974814833
3600,euler_ramsey,0.5,2.5% Ramsey,risk_aversion,combined,0,104.69275377428843,2.1034764782495183
3601,euler_ramsey,0.5,1.5% Ramsey,risk_aversion,combined,0,611.2997002833445,0.7644358435238293
3601,euler_ramsey,0.5,2.0% Ramsey,risk_aversion,combined,0,246.85000932848533,0.6847422782094342
3601,euler_ramsey,0.5,2.5% Ramsey,risk_aversion,combined,0,132.58739042500798,0.6218937981885154
3602,euler_ramsey,0.5,1.5% Ramsey,risk_aversion,combined,0,383.13126046463753,0.7760304851958131
3602,euler_ramsey,0.5,2.0% Ramsey,risk_aversion,combined,0,323.89254465664106,0.6981263092667401
3602,euler_ramsey,0.5,2.5% Ramsey,risk_aversion,combined,0,248.45447096496403,0.6362213865676856
3603,euler_ramsey,0.5,1.5% Ramsey,risk_aversion,combined,0,1580.1896603147886,0.3855201371690924
3603,euler_ramsey,0.5,2.0% Ramsey,risk_aversion,combined,0,1118.1296211870576,0.2957730683004998
3603,euler_ramsey,0.5,2.5% Ramsey,risk_aversion,combined,0,728.5521449318927,0.23825927916282424
3604,euler_ramsey,0.5,1.5% Ramsey,risk_aversion,combined,0,423.800984505837,1.075829686081752
3604,euler_ramsey,0.5,2.0% Ramsey,risk_aversion,combined,0,334.3087332479782,1.0403791734617145
3604,euler_ramsey,0.5,2.5% Ramsey,risk_aversion,combined,0,253.40241694978008,1.002563769162582
3605,euler_ramsey,0.5,1.5% Ramsey,risk_aversion,combined,0,418.58224137097073,2.0356565162284723
3605,euler_ramsey,0.5,2.0% Ramsey,risk_aversion,combined,0,299.8499403961657,2.273420063263127
3605,euler_ramsey,0.5,2.5% Ramsey,risk_aversion,combined,0,202.19521440039412,2.4488959996107798
3606,euler_ramsey,0.5,1.5% Ramsey,risk_aversion,combined,0,991.0440184674284,0.6238192730991647
3606,euler_ramsey,0.5,2.0% Ramsey,risk_aversion,combined,0,870.3090305742618,0.5339968364627254
3606,euler_ramsey,0.5,2.5% Ramsey,risk_aversion,combined,0,685.0609699958558,0.46824563477100367
3607,euler_ramsey,0.5,1.5% Ramsey,risk_aversion,combined,0,332.0182630215338,1.9796116813761684
3607,euler_ramsey,0.5,2.0% Ramsey,risk_aversion,combined,0,239.8915089344845,2.196815865328792
3607,euler_ramsey,0.5,2.5% Ramsey,risk_aversion,combined,0,171.73796487592753,2.3546589539511227
3608,euler_ramsey,0.5,1.5% Ramsey,risk_aversion,combined,0,1346.5544427444606,0.16663930568930904
3608,euler_ramsey,0.5,2.0% Ramsey,risk_aversion,combined,0,576.5667594895332,0.1058566282167198
3608,euler_ramsey,0.5,2.5% Ramsey,risk_aversion,combined,0,297.4887917871651,0.0736882790244737
3609,euler_ramsey,0.5,1.5% Ramsey,risk_aversion,combined,0,-395.4590461354479,0.8081947756966338
3609,euler_ramsey,0.5,2.0% Ramsey,risk_aversion,combined,0,-267.60416451435884,0.7331663397191412
3609,euler_ramsey,0.5,2.5% Ramsey,risk_aversion,combined,0,-173.74978167892797,0.6723752388167038
3610,euler_ramsey,0.5,1.5% Ramsey,risk_aversion,combined,0,2937.1885574805265,0.3746610154340585
3610,euler_ramsey,0.5,2.0% Ramsey,risk_aversion,combined,0,2021.85511019209,0.2860005988268036
3610,euler_ramsey,0.5,2.5% Ramsey,risk_aversion,combined,0,1372.9276766186395,0.229523869339087
3611,euler_ramsey,0.5,1.5% Ramsey,risk_aversion,combined,0,1756.5707572727872,0.38744233165508
3611,euler_ramsey,0.5,2.0% Ramsey,risk_aversion,combined,0,1405.7253926335868,0.2977385746411948
3611,euler_ramsey,0.5,2.5% Ramsey,risk_aversion,combined,0,1028.7339700502507,0.24016132818572727
3612,euler_ramsey,0.5,1.5% Ramsey,risk_aversion,combined,0,-314.7155063140789,0.8013644194657286
3612,euler_ramsey,0.5,2.0% Ramsey,risk_aversion,combined,0,-260.92266112899904,0.7255400828594085
3612,euler_ramsey,0.5,2.5% Ramsey,risk_aversion,combined,0,-194.20012443100777,0.6643891027005263
3613,euler_ramsey,0.5,1.5% Ramsey,risk_aversion,combined,0,689.2989187447398,1.3069395621535977
3613,euler_ramsey,0.5,2.0% Ramsey,risk_aversion,combined,0,507.3546869445726,1.321084185820424
3613,euler_ramsey,0.5,2.5% Ramsey,risk_aversion,combined,0,341.12855545489623,1.3174495121321983
3614,euler_ramsey,0.5,1.5% Ramsey,risk_aversion,combined,0,84.652658545439,2.78493924564446
3614,euler_ramsey,0.5,2.0% Ramsey,risk_aversion,combined,0,67.8185274929852,3.3367062389902644
3614,euler_ramsey,0.5,2.5% Ramsey,risk_aversion,combined,0,53.5928302907301,3.7947791853726973
3615,euler_ramsey,0.5,1.5% Ramsey,risk_aversion,combined,0,506.31816350817877,0.7865409917941328
3615,euler_ramsey,0.5,2.0% Ramsey,risk_aversion,combined,0,355.1625298360989,0.709536746372441
3615,euler_ramsey,0.5,2.5% Ramsey,risk_aversion,combined,0,238.9776368857058,0.6479369106060059
3616,euler_ramsey,0.5,1.5% Ramsey,risk_aversion,combined,0,4607.700955612566,0.4060601014551691
3616,euler_ramsey,0.5,2.0% Ramsey,risk_aversion,combined,0,3405.289035755852,0.31570255396501146
3616,euler_ramsey,0.5,2.5% Ramsey,risk_aversion,combined,0,2345.2024041358545,0.25698400720857767
3617,euler_ramsey,0.5,1.5% Ramsey,risk_aversion,combined,0,469.56036544306266,0.3949800213996134
3617,euler_ramsey,0.5,2.0% Ramsey,risk_aversion,combined,0,422.4865382391307,0.3048250780686468
3617,euler_ramsey,0.5,2.5% Ramsey,risk_aversion,combined,0,331.8499169670312,0.24668180707996282
3618,euler_ramsey,0.5,1.5% Ramsey,risk_aversion,combined,0,-521.6315109254678,0.6317897872574134
3618,euler_ramsey,0.5,2.0% Ramsey,risk_aversion,combined,0,-404.1312305361933,0.5423278090317905
3618,euler_ramsey,0.5,2.5% Ramsey,risk_aversion,combined,0,-285.15194933293554,0.47655207826447143
3619,euler_ramsey,0.5,1.5% Ramsey,risk_aversion,combined,0,1142.3191100852823,0.963228960611375
3619,euler_ramsey,0.5,2.0% Ramsey,risk_aversion,combined,0,943.4009423177826,0.9102364342593798
3619,euler_ramsey,0.5,2.5% Ramsey,risk_aversion,combined,0,714.6385816270496,0.8617581652586871
3620,euler_ramsey,0.5,1.5% Ramsey,risk_aversion,combined,0,654.1338435455035,0.29998698680292213
3620,euler_ramsey,0.5,2.0% Ramsey,risk_aversion,combined,0,387.05135806555796,0.21750752537643056
3620,euler_ramsey,0.5,2.5% Ramsey,risk_aversion,combined,0,254.28259041716515,0.16771795417513033
3621,euler_ramsey,0.5,1.5% Ramsey,risk_aversion,combined,0,380.50152745027225,0.8589534199953203
3621,euler_ramsey,0.5,2.0% Ramsey,risk_aversion,combined,0,330.6205633075404,0.7903440023844515
3621,euler_ramsey,0.5,2.5% Ramsey,risk_aversion,combined,0,257.85654363185745,0.732897280971474
3622,euler_ramsey,0.5,1.5% Ramsey,risk_aversion,combined,0,561.5462436450545,0.8225921882103565
3622,euler_ramsey,0.5,2.0% Ramsey,risk_aversion,combined,0,372.91046261186403,0.7485620795171098
3622,euler_ramsey,0.5,2.5% Ramsey,risk_aversion,combined,0,244.44625142248037,0.6881254107739261
3623,euler_ramsey,0.5,1.5% Ramsey,risk_aversion,combined,0,336.038504862228,0.672166239947722
3623,euler_ramsey,0.5,2.0% Ramsey,risk_aversion,combined,0,312.07739958173596,0.585005952633291
3623,euler_ramsey,0.5,2.5% Ramsey,risk_aversion,combined,0,265.15816353783583,0.5196271994640952
3624,euler_ramsey,0.5,1.5% Ramsey,risk_aversion,combined,0,958.8181309851132,0.6736890424422654
3624,euler_ramsey,0.5,2.0% Ramsey,risk_aversion,combined,0,646.2410784478236,0.5860178617420844
3624,euler_ramsey,0.5,2.5% Ramsey,risk_aversion,combined,0,418.72085374454286,0.5202244440365769
3625,euler_ramsey,0.5,1.5% Ramsey,risk_aversion,combined,0,369.0997802921696,2.032134775952108
3625,euler_ramsey,0.5,2.0% Ramsey,risk_aversion,combined,0,222.85614573192993,2.2683919739974105
3625,euler_ramsey,0.5,2.5% Ramsey,risk_aversion,combined,0,143.54313664716776,2.442495567612512
3626,euler_ramsey,0.5,1.5% Ramsey,risk_aversion,combined,0,732.3096122453445,1.0735461808495497
3626,euler_ramsey,0.5,2.0% Ramsey,risk_aversion,combined,0,572.1190892852969,1.0378609302876323
3626,euler_ramsey,0.5,2.5% Ramsey,risk_aversion,combined,0,405.092571016293,0.9999146845028982
3627,euler_ramsey,0.5,1.5% Ramsey,risk_aversion,combined,0,388.41821115842345,2.1068561966903694
3627,euler_ramsey,0.5,2.0% Ramsey,risk_aversion,combined,0,396.48616252997226,2.371077501453254
3627,euler_ramsey,0.5,2.5% Ramsey,risk_aversion,combined,0,357.97764093905766,2.5692554280870024
3628,euler_ramsey,0.5,1.5% Ramsey,risk_aversion,combined,0,617.3515204534283,1.1733725881734665
3628,euler_ramsey,0.5,2.0% Ramsey,risk_aversion,combined,0,491.4748894363168,1.1574451791681821
3628,euler_ramsey,0.5,2.5% Ramsey,risk_aversion,combined,0,372.3780869593302,1.132652305427729
3629,euler_ramsey,0.5,1.5% Ramsey,risk_aversion,combined,0,552.7436668256169,1.7718786330176242
3629,euler_ramsey,0.5,2.0% Ramsey,risk_aversion,combined,0,427.20484172667506,1.9177691466732185
3629,euler_ramsey,0.5,2.5% Ramsey,risk_aversion,combined,0,313.938334104372,2.0163384676926337
3630,euler_ramsey,0.5,1.5% Ramsey,risk_aversion,combined,0,229.44403106468343,0.752367006535809
3630,euler_ramsey,0.5,2.0% Ramsey,risk_aversion,combined,0,208.92804712678586,0.6709073423019405
3630,euler_ramsey,0.5,2.5% Ramsey,risk_aversion,combined,0,166.06982056181937,0.6071355208758873
3631,euler_ramsey,0.5,1.5% Ramsey,risk_aversion,combined,0,1026.052669942486,0.38626841419190877
3631,euler_ramsey,0.5,2.0% Ramsey,risk_aversion,combined,0,920.8588675871215,0.2967392645045875
3631,euler_ramsey,0.5,2.5% Ramsey,risk_aversion,combined,0,739.1146187906804,0.23930139371046358
3632,euler_ramsey,0.5,1.5% Ramsey,risk_aversion,combined,0,630.8646244689719,1.5015957299225606
3632,euler_ramsey,0.5,2.0% Ramsey,risk_aversion,combined,0,462.8527495108849,1.5666443874537632
3632,euler_ramsey,0.5,2.5% Ramsey,risk_aversion,combined,0,327.24473345221844,1.6011259881212407
3633,euler_ramsey,0.5,1.5% Ramsey,risk_aversion,combined,0,302.5671988960193,1.083088043271272
3633,euler_ramsey,0.5,2.0% Ramsey,risk_aversion,combined,0,233.90397310778633,1.0489962917755324
3633,euler_ramsey,0.5,2.5% Ramsey,risk_aversion,combined,0,173.1967976008795,1.011991719180901
3634,euler_ramsey,0.5,1.5% Ramsey,risk_aversion,combined,0,586.2174258787225,1.3871707394388797
3634,euler_ramsey,0.5,2.0% Ramsey,risk_aversion,combined,0,521.8510976295346,1.4200847987550436
3634,euler_ramsey,0.5,2.5% Ramsey,risk_aversion,combined,0,407.54983798081275,1.430025982628658
3635,euler_ramsey,0.5,1.5% Ramsey,risk_aversion,combined,0,998.2158348692237,2.1054563691035586
3635,euler_ramsey,0.5,2.0% Ramsey,risk_aversion,combined,0,670.9594019947721,2.370030954715559
3635,euler_ramsey,0.5,2.5% Ramsey,risk_aversion,combined,0,438.7200388346967,2.5687311128890467
3636,euler_ramsey,0.5,1.5% Ramsey,risk_aversion,combined,0,1679.6002084076488,0.3787740271225144
3636,euler_ramsey,0.5,2.0% Ramsey,risk_aversion,combined,0,1315.784884489854,0.2896599119688279
3636,euler_ramsey,0.5,2.5% Ramsey,risk_aversion,combined,0,971.0536721830315,0.23276941577213725
3637,euler_ramsey,0.5,1.5% Ramsey,risk_aversion,combined,0,522.0696260377737,0.7487202394781615
3637,euler_ramsey,0.5,2.0% Ramsey,risk_aversion,combined,0,351.6198892976269,0.6679028259908343
3637,euler_ramsey,0.5,2.5% Ramsey,risk_aversion,combined,0,235.07587645226891,0.604662647723065
3638,euler_ramsey,0.5,1.5% Ramsey,risk_aversion,combined,0,162.93521737202616,1.1999188800987097
3638,euler_ramsey,0.5,2.0% Ramsey,risk_aversion,combined,0,144.085883598472,1.1887323061058936
3638,euler_ramsey,0.5,2.5% Ramsey,risk_aversion,combined,0,123.0203350127741,1.1669754563283832
3639,euler_ramsey,0.5,1.5% Ramsey,risk_aversion,combined,0,353.99309396281706,1.0718784404506787
3639,euler_ramsey,0.5,2.0% Ramsey,risk_aversion,combined,0,264.71288518983187,1.0357998565254285
3639,euler_ramsey,0.5,2.5% Ramsey,risk_aversion,combined,0,186.51164324227926,0.9975382915596028
3640,euler_ramsey,0.5,1.5% Ramsey,risk_aversion,combined,0,12237.317822249803,0.8052225718480159
3640,euler_ramsey,0.5,2.0% Ramsey,risk_aversion,combined,0,11240.947054991624,0.732051137215114
3640,euler_ramsey,0.5,2.5% Ramsey,risk_aversion,combined,0,8242.466220147911,0.6727109271699093
3641,euler_ramsey,0.5,1.5% Ramsey,risk_aversion,combined,0,237.4152905253536,1.377471886809415
3641,euler_ramsey,0.5,2.0% Ramsey,risk_aversion,combined,0,184.30847920422258,1.4087744874767891
3641,euler_ramsey,0.5,2.5% Ramsey,risk_aversion,combined,0,146.55040831251955,1.4176451585071117
3642,euler_ramsey,0.5,1.5% Ramsey,risk_aversion,combined,0,467.82542750846625,2.203648907329149
3642,euler_ramsey,0.5,2.0% Ramsey,risk_aversion,combined,0,358.8228279639644,2.5053109113321166
3642,euler_ramsey,0.5,2.5% Ramsey,risk_aversion,combined,0,257.4445639959854,2.736162638991392
3643,euler_ramsey,0.5,1.5% Ramsey,risk_aversion,combined,0,831.7517534877845,0.9769348028496027
3643,euler_ramsey,0.5,2.0% Ramsey,risk_aversion,combined,0,796.2064765519614,0.925545323363173
3643,euler_ramsey,0.5,2.5% Ramsey,risk_aversion,combined,0,662.9436571532206,0.8779107811014415
3644,euler_ramsey,0.5,1.5% Ramsey,risk_aversion,combined,0,266.61328212239704,0.7325921670378825
3644,euler_ramsey,0.5,2.0% Ramsey,risk_aversion,combined,0,270.0664934129799,0.6494917904411383
3644,euler_ramsey,0.5,2.5% Ramsey,risk_aversion,combined,0,244.2324400639552,0.5851354564716303
3645,euler_ramsey,0.5,1.5% Ramsey,risk_aversion,combined,0,662.1733000034316,1.402258397685476
3645,euler_ramsey,0.5,2.0% Ramsey,risk_aversion,combined,0,464.49257371948573,1.440363945582731
3645,euler_ramsey,0.5,2.5% Ramsey,risk_aversion,combined,0,329.97796944285807,1.4543870592325532
3646,euler_ramsey,0.5,1.5% Ramsey,risk_aversion,combined,0,650.2110326910333,1.2346433086182549
3646,euler_ramsey,0.5,2.0% Ramsey,risk_aversion,combined,0,603.6305119620177,1.232883318096612
3646,euler_ramsey,0.5,2.5% Ramsey,risk_aversion,combined,0,498.50017955853065,1.217970583103681
3647,euler_ramsey,0.5,1.5% Ramsey,risk_aversion,combined,0,-99.79412814776447,0.3363127677343084
3647,euler_ramsey,0.5,2.0% Ramsey,risk_aversion,combined,0,-97.4032033060451,0.2501909662640799
3647,euler_ramsey,0.5,2.5% Ramsey,risk_aversion,combined,0,-80.2991691160948,0.19678922640877636
3648,euler_ramsey,0.5,1.5% Ramsey,risk_aversion,combined,0,287.74957918536313,0.8391541683483038
3648,euler_ramsey,0.5,2.0% Ramsey,risk_aversion,combined,0,250.50475064205577,0.7679242466891
3648,euler_ramsey,0.5,2.5% Ramsey,risk_aversion,combined,0,201.56276467513848,0.7091103760894669
3649,euler_ramsey,0.5,1.5% Ramsey,risk_aversion,combined,0,5549.696802851681,0.299387007518032
3649,euler_ramsey,0.5,2.0% Ramsey,risk_aversion,combined,0,4129.131794775185,0.21720964208559315
3649,euler_ramsey,0.5,2.5% Ramsey,risk_aversion,combined,0,2941.0283049257478,0.16758817418627872
3650,euler_ramsey,0.5,1.5% Ramsey,risk_aversion,combined,0,317.7267572988808,0.6977400894124637
3650,euler_ramsey,0.5,2.0% Ramsey,risk_aversion,combined,0,238.00406025842133,0.6120724497045453
3650,euler_ramsey,0.5,2.5% Ramsey,risk_aversion,combined,0,175.6981939801751,0.54695449201065
3651,euler_ramsey,0.5,1.5% Ramsey,risk_aversion,combined,0,425.8521383366134,1.5045373960965143
3651,euler_ramsey,0.5,2.0% Ramsey,risk_aversion,combined,0,325.79799252666777,1.5698922452295145
3651,euler_ramsey,0.5,2.5% Ramsey,risk_aversion,combined,0,237.06393301566615,1.6044843833770857
3652,euler_ramsey,0.5,1.5% Ramsey,risk_aversion,combined,0,419.1053104389451,1.055060500977692
3652,euler_ramsey,0.5,2.0% Ramsey,risk_aversion,combined,0,336.14824150215986,1.016402698988484
3652,euler_ramsey,0.5,2.5% Ramsey,risk_aversion,combined,0,264.85725935025374,0.9765921396420778
3653,euler_ramsey,0.5,1.5% Ramsey,risk_aversion,combined,0,177.72086768491778,0.5073129385048958
3653,euler_ramsey,0.5,2.0% Ramsey,risk_aversion,combined,0,166.66634805946035,0.41444832024129413
3653,euler_ramsey,0.5,2.5% Ramsey,risk_aversion,combined,0,139.47099840177262,0.3505179943182125
3654,euler_ramsey,0.5,1.5% Ramsey,risk_aversion,combined,0,968.2398322263421,0.9776236842876969
3654,euler_ramsey,0.5,2.0% Ramsey,risk_aversion,combined,0,927.0250824591714,0.9264532377076385
3654,euler_ramsey,0.5,2.5% Ramsey,risk_aversion,combined,0,767.3956714899927,0.8789721306456887
3655,euler_ramsey,0.5,1.5% Ramsey,risk_aversion,combined,0,1814.7126360757463,1.0338024812699647
3655,euler_ramsey,0.5,2.0% Ramsey,risk_aversion,combined,0,1587.1456954517287,0.993155576169082
3655,euler_ramsey,0.5,2.5% Ramsey,risk_aversion,combined,0,1212.5889522497876,0.9524831415485432
3656,euler_ramsey,0.5,1.5% Ramsey,risk_aversion,combined,0,278.2381859558225,1.720982279355884
3656,euler_ramsey,0.5,2.0% Ramsey,risk_aversion,combined,0,230.83089607116872,1.850848945086862
3656,euler_ramsey,0.5,2.5% Ramsey,risk_aversion,combined,0,183.2490819483489,1.9364016561921673
3657,euler_ramsey,0.5,1.5% Ramsey,risk_aversion,combined,0,-55.628943937222864,0.7066373648931736
3657,euler_ramsey,0.5,2.0% Ramsey,risk_aversion,combined,0,-41.380186358441094,0.6218960922436848
3657,euler_ramsey,0.5,2.5% Ramsey,risk_aversion,combined,0,-25.307868682174167,0.5571318978390496
3658,euler_ramsey,0.5,1.5% Ramsey,risk_aversion,combined,0,1883.6197572018852,0.39679202726836177
3658,euler_ramsey,0.5,2.0% Ramsey,risk_aversion,combined,0,1362.8673226175843,0.306417968676917
3658,euler_ramsey,0.5,2.5% Ramsey,risk_aversion,combined,0,907.9032676246745,0.24808736841931103
3659,euler_ramsey,0.5,1.5% Ramsey,risk_aversion,combined,0,714.5669515087103,0.8639603403704549
3659,euler_ramsey,0.5,2.0% Ramsey,risk_aversion,combined,0,725.0970442272462,0.795446040608086
3659,euler_ramsey,0.5,2.5% Ramsey,risk_aversion,combined,0,643.985429486718,0.7379598775740042
3660,euler_ramsey,0.5,1.5% Ramsey,risk_aversion,combined,0,2676.619133029057,1.1683594467662224
3660,euler_ramsey,0.5,2.0% Ramsey,risk_aversion,combined,0,2052.4219952638155,1.153698121929732
3660,euler_ramsey,0.5,2.5% Ramsey,risk_aversion,combined,0,1442.6359055275002,1.1300495604139742
3661,euler_ramsey,0.5,1.5% Ramsey,risk_aversion,combined,0,2257.215947332138,0.9743108789745875
3661,euler_ramsey,0.5,2.0% Ramsey,risk_aversion,combined,0,1633.0783029801194,0.9219288333114574
3661,euler_ramsey,0.5,2.5% Ramsey,risk_aversion,combined,0,1125.873503660708,0.873607633285681
3662,euler_ramsey,0.5,1.5% Ramsey,risk_aversion,combined,0,562.1600386413648,1.3852482930166121
3662,euler_ramsey,0.5,2.0% Ramsey,risk_aversion,combined,0,473.929328405217,1.4208175581299525
3662,euler_ramsey,0.5,2.5% Ramsey,risk_aversion,combined,0,361.8379215813728,1.433236451278397
3663,euler_ramsey,0.5,1.5% Ramsey,risk_aversion,combined,0,1013.381711700575,0.48808935250237484
3663,euler_ramsey,0.5,2.0% Ramsey,risk_aversion,combined,0,824.9620105493133,0.39485470936431194
3663,euler_ramsey,0.5,2.5% Ramsey,risk_aversion,combined,0,609.329825985287,0.33138873856693524
3664,euler_ramsey,0.5,1.5% Ramsey,risk_aversion,combined,0,619.6031184820873,0.4015563864880776
3664,euler_ramsey,0.5,2.0% Ramsey,risk_aversion,combined,0,507.28873809602186,0.3111388092112978
3664,euler_ramsey,0.5,2.5% Ramsey,risk_aversion,combined,0,408.62317237836254,0.2525778367884087
3665,euler_ramsey,0.5,1.5% Ramsey,risk_aversion,combined,0,-733.4267634023705,0.3650734584795158
3665,euler_ramsey,0.5,2.0% Ramsey,risk_aversion,combined,0,-701.0533971931018,0.27673187422377016
3665,euler_ramsey,0.5,2.5% Ramsey,risk_aversion,combined,0,-562.7336023566928,0.22085246266665035
3666,euler_ramsey,0.5,1.5% Ramsey,risk_aversion,combined,0,-357.231225692266,0.34827204490957064
3666,euler_ramsey,0.5,2.0% Ramsey,risk_aversion,combined,0,-127.4142538819751,0.26129530546703444
3666,euler_ramsey,0.5,2.5% Ramsey,risk_aversion,combined,0,-67.45868842961498,0.20689516387186493
3667,euler_ramsey,0.5,1.5% Ramsey,risk_aversion,combined,0,569.2905250876595,0.8233468693165955
3667,euler_ramsey,0.5,2.0% Ramsey,risk_aversion,combined,0,397.01404017313445,0.7492613670568227
3667,euler_ramsey,0.5,2.5% Ramsey,risk_aversion,combined,0,282.4980552492289,0.6887690918948575
3668,euler_ramsey,0.5,1.5% Ramsey,risk_aversion,combined,0,-56.66100216282335,0.777186384120884
3668,euler_ramsey,0.5,2.0% Ramsey,risk_aversion,combined,0,-31.175616039778237,0.6991365050577716
3668,euler_ramsey,0.5,2.5% Ramsey,risk_aversion,combined,0,-11.572052344452299,0.6370873316090386
3669,euler_ramsey,0.5,1.5% Ramsey,risk_aversion,combined,0,823.401503362048,0.487089016032658
3669,euler_ramsey,0.5,2.0% Ramsey,risk_aversion,combined,0,629.0311254829583,0.3938519515044862
3669,euler_ramsey,0.5,2.5% Ramsey,risk_aversion,combined,0,442.6227013838294,0.330420462315067
3670,euler_ramsey,0.5,1.5% Ramsey,risk_aversion,combined,0,179.5686240528165,1.4176060703549034
3670,euler_ramsey,0.5,2.0% Ramsey,risk_aversion,combined,0,129.35127509058438,1.4591820284453958
3670,euler_ramsey,0.5,2.5% Ramsey,risk_aversion,combined,0,91.5191414762911,1.4756671356104618
3671,euler_ramsey,0.5,1.5% Ramsey,risk_aversion,combined,0,-2921.9196138538023,0.40732325662598795
3671,euler_ramsey,0.5,2.0% Ramsey,risk_aversion,combined,0,-2581.6072101170153,0.3165452198444531
3671,euler_ramsey,0.5,2.5% Ramsey,risk_aversion,combined,0,-1892.837019921039,0.2575495470818191
3672,euler_ramsey,0.5,1.5% Ramsey,risk_aversion,combined,0,312.09410520166745,0.9896993476054599
3672,euler_ramsey,0.5,2.0% Ramsey,risk_aversion,combined,0,258.81779157909347,0.9398854477718253
3672,euler_ramsey,0.5,2.5% Ramsey,risk_aversion,combined,0,197.86220947330247,0.8930894197712432
3673,euler_ramsey,0.5,1.5% Ramsey,risk_aversion,combined,0,96.25161852094932,1.6835606491898172
3673,euler_ramsey,0.5,2.0% Ramsey,risk_aversion,combined,0,75.18968872401878,1.8012144884334382
3673,euler_ramsey,0.5,2.5% Ramsey,risk_aversion,combined,0,59.4387664649765,1.8767962943134935
3674,euler_ramsey,0.5,1.5% Ramsey,risk_aversion,combined,0,655.9054931559674,1.1105470061690625
3674,euler_ramsey,0.5,2.0% Ramsey,risk_aversion,combined,0,430.26048481916786,1.0831455861610162
3674,euler_ramsey,0.5,2.5% Ramsey,risk_aversion,combined,0,278.797787511662,1.0507992451621617
3675,euler_ramsey,0.5,1.5% Ramsey,risk_aversion,combined,0,1923.3678586309688,0.6110323650380454
3675,euler_ramsey,0.5,2.0% Ramsey,risk_aversion,combined,0,1490.6878169584295,0.520020893256813
3675,euler_ramsey,0.5,2.5% Ramsey,risk_aversion,combined,0,1043.3681166718306,0.4539004750930627
3676,euler_ramsey,0.5,1.5% Ramsey,risk_aversion,combined,0,387.1004940706287,2.081949007443843
3676,euler_ramsey,0.5,2.0% Ramsey,risk_aversion,combined,0,305.6555114767867,2.337092153252324
3676,euler_ramsey,0.5,2.5% Ramsey,risk_aversion,combined,0,232.07162201666767,2.5275398000740834
3677,euler_ramsey,0.5,1.5% Ramsey,risk_aversion,combined,0,38.57602905021289,0.7745512340707137
3677,euler_ramsey,0.5,2.0% Ramsey,risk_aversion,combined,0,49.9279408812233,0.6953301947996576
3677,euler_ramsey,0.5,2.5% Ramsey,risk_aversion,combined,0,53.60099569259623,0.6325174672081009
3678,euler_ramsey,0.5,1.5% Ramsey,risk_aversion,combined,0,552.4355345280134,0.9190770567936574
3678,euler_ramsey,0.5,2.0% Ramsey,risk_aversion,combined,0,386.270916334881,0.8578823712415571
3678,euler_ramsey,0.5,2.5% Ramsey,risk_aversion,combined,0,253.19948564981092,0.8043872852379402
3679,euler_ramsey,0.5,1.5% Ramsey,risk_aversion,combined,0,772.2586083129327,0.7973273232777662
3679,euler_ramsey,0.5,2.0% Ramsey,risk_aversion,combined,0,777.8320088473814,0.7205083187213707
3679,euler_ramsey,0.5,2.5% Ramsey,risk_aversion,combined,0,658.1312198010708,0.6587650088822214
3680,euler_ramsey,0.5,1.5% Ramsey,risk_aversion,combined,0,767.6433197724934,1.0972801469018545
3680,euler_ramsey,0.5,2.0% Ramsey,risk_aversion,combined,0,564.536968549488,1.0655459718251425
3680,euler_ramsey,0.5,2.5% Ramsey,risk_aversion,combined,0,398.82606506057107,1.0300188416722156
3681,euler_ramsey,0.5,1.5% Ramsey,risk_aversion,combined,0,1477.670297295712,0.41385850222609405
3681,euler_ramsey,0.5,2.0% Ramsey,risk_aversion,combined,0,844.5128540765099,0.3225856162360843
3681,euler_ramsey,0.5,2.5% Ramsey,risk_aversion,combined,0,492.47770008754907,0.26305926433898863
3682,euler_ramsey,0.5,1.5% Ramsey,risk_aversion,combined,0,145.68797556861716,1.4691003125985653
3682,euler_ramsey,0.5,2.0% Ramsey,risk_aversion,combined,0,117.50590556374863,1.5242815326843862
3682,euler_ramsey,0.5,2.5% Ramsey,risk_aversion,combined,0,92.81118754450587,1.5509987724773344
3683,euler_ramsey,0.5,1.5% Ramsey,risk_aversion,combined,0,2863.424545727223,0.30504230819224076
3683,euler_ramsey,0.5,2.0% Ramsey,risk_aversion,combined,0,1336.746245840155,0.2221107044575325
3683,euler_ramsey,0.5,2.5% Ramsey,risk_aversion,combined,0,802.5851801615049,0.17183742313478284
3684,euler_ramsey,0.5,1.5% Ramsey,risk_aversion,combined,0,863.0659477070914,1.0236474703180876
3684,euler_ramsey,0.5,2.0% Ramsey,risk_aversion,combined,0,823.9260772641329,0.9793551572988223
3684,euler_ramsey,0.5,2.5% Ramsey,risk_aversion,combined,0,692.0894138390642,0.9360107452092095
3685,euler_ramsey,0.5,1.5% Ramsey,risk_aversion,combined,0,227.76537979449168,0.7560422380501739
3685,euler_ramsey,0.5,2.0% Ramsey,risk_aversion,combined,0,170.51768059602833,0.6764162846739954
3685,euler_ramsey,0.5,2.5% Ramsey,risk_aversion,combined,0,124.3489327397524,0.6137746518205516
3686,euler_ramsey,0.5,1.5% Ramsey,risk_aversion,combined,0,-331.9893764504677,0.23334842925389526
3686,euler_ramsey,0.5,2.0% Ramsey,risk_aversion,combined,0,-216.85308219532013,0.15991556941163199
3686,euler_ramsey,0.5,2.5% Ramsey,risk_aversion,combined,0,-148.59908227467753,0.11804679939833759
3687,euler_ramsey,0.5,1.5% Ramsey,risk_aversion,combined,0,34.957022014705025,0.8983871162635652
3687,euler_ramsey,0.5,2.0% Ramsey,risk_aversion,combined,0,71.16130983335837,0.8345061400540518
3687,euler_ramsey,0.5,2.5% Ramsey,risk_aversion,combined,0,86.91215411462994,0.7795295973730426
3688,euler_ramsey,0.5,1.5% Ramsey,risk_aversion,combined,0,1467.3942112060276,1.14136996251642
3688,euler_ramsey,0.5,2.0% Ramsey,risk_aversion,combined,0,1237.7548246371562,1.1222324953906195
3688,euler_ramsey,0.5,2.5% Ramsey,risk_aversion,combined,0,951.7418354693988,1.0957652610534765
3689,euler_ramsey,0.5,1.5% Ramsey,risk_aversion,combined,0,616.0100752430458,1.1452184063151802
3689,euler_ramsey,0.5,2.0% Ramsey,risk_aversion,combined,0,475.2663169629431,1.1245158660091503
3689,euler_ramsey,0.5,2.5% Ramsey,risk_aversion,combined,0,335.13389350065825,1.0966479721572244
3690,euler_ramsey,0.5,1.5% Ramsey,risk_aversion,combined,0,1444.827571911522,0.511639494639079
3690,euler_ramsey,0.5,2.0% Ramsey,risk_aversion,combined,0,845.7348587263648,0.4183803913554484
3690,euler_ramsey,0.5,2.5% Ramsey,risk_aversion,combined,0,500.74407172294895,0.35407116113288145
3691,euler_ramsey,0.5,1.5% Ramsey,risk_aversion,combined,0,1169.1253425989198,0.39788471447763935
3691,euler_ramsey,0.5,2.0% Ramsey,risk_aversion,combined,0,1041.2952800257312,0.3076383420907736
3691,euler_ramsey,0.5,2.5% Ramsey,risk_aversion,combined,0,812.4460857888321,0.2493236595943896
3692,euler_ramsey,0.5,1.5% Ramsey,risk_aversion,combined,0,153.33684369783958,0.922365720864924
3692,euler_ramsey,0.5,2.0% Ramsey,risk_aversion,combined,0,107.66553953141354,0.8613471722001432
3692,euler_ramsey,0.5,2.5% Ramsey,risk_aversion,combined,0,75.10551216772919,0.8078258277851446
3693,euler_ramsey,0.5,1.5% Ramsey,risk_aversion,combined,0,-361.87041238629166,0.6933653076254794
3693,euler_ramsey,0.5,2.0% Ramsey,risk_aversion,combined,0,-216.94048739850174,0.607327588620242
3693,euler_ramsey,0.5,2.5% Ramsey,risk_aversion,combined,0,-119.96666714570402,0.5420816811615858
3694,euler_ramsey,0.5,1.5% Ramsey,risk_aversion,combined,0,1994.5975521889445,0.7763158693837925
3694,euler_ramsey,0.5,2.0% Ramsey,risk_aversion,combined,0,1811.5397706470126,0.697870231567763
3694,euler_ramsey,0.5,2.5% Ramsey,risk_aversion,combined,0,1463.551149832279,0.6355622205148043
3695,euler_ramsey,0.5,1.5% Ramsey,risk_aversion,combined,0,4053.638309616621,0.6771413628329779
3695,euler_ramsey,0.5,2.0% Ramsey,risk_aversion,combined,0,2681.375350648979,0.5910111549482051
3695,euler_ramsey,0.5,2.5% Ramsey,risk_aversion,combined,0,1711.0757436043773,0.5261578202423457
3696,euler_ramsey,0.5,1.5% Ramsey,risk_aversion,combined,0,437.9756522147277,2.68939476220304
3696,euler_ramsey,0.5,2.0% Ramsey,risk_aversion,combined,0,286.14520111478544,3.197413085893646
3696,euler_ramsey,0.5,2.5% Ramsey,risk_aversion,combined,0,195.24375995613374,3.6148585138464835
3697,euler_ramsey,0.5,1.5% Ramsey,risk_aversion,combined,0,1306.8816566181192,0.5299567634024298
3697,euler_ramsey,0.5,2.0% Ramsey,risk_aversion,combined,0,915.114097256884,0.43723045654002285
3697,euler_ramsey,0.5,2.5% Ramsey,risk_aversion,combined,0,671.2013353659786,0.37261353936042424
3698,euler_ramsey,0.5,1.5% Ramsey,risk_aversion,combined,0,492.9689345621236,0.5671135808377863
3698,euler_ramsey,0.5,2.0% Ramsey,risk_aversion,combined,0,368.19082202149315,0.47488617481485584
3698,euler_ramsey,0.5,2.5% Ramsey,risk_aversion,combined,0,249.8955200190324,0.40935461691828895
3699,euler_ramsey,0.5,1.5% Ramsey,risk_aversion,combined,0,145.01728726092662,2.065368373409176
3699,euler_ramsey,0.5,2.0% Ramsey,risk_aversion,combined,0,123.32922954680693,2.3138571504033902
3699,euler_ramsey,0.5,2.5% Ramsey,risk_aversion,combined,0,104.04008770341677,2.498432712450626
3700,euler_ramsey,0.5,1.5% Ramsey,risk_aversion,combined,0,65.00623055001553,0.8474714884547364
3700,euler_ramsey,0.5,2.0% Ramsey,risk_aversion,combined,0,47.72620488362053,0.776795185841802
3700,euler_ramsey,0.5,2.5% Ramsey,risk_aversion,combined,0,36.643557133378266,0.7181442094724407
3701,euler_ramsey,0.5,1.5% Ramsey,risk_aversion,combined,0,1026.5886500144754,1.170071376220302
3701,euler_ramsey,0.5,2.0% Ramsey,risk_aversion,combined,0,703.1315709018907,1.1534526665987432
3701,euler_ramsey,0.5,2.5% Ramsey,risk_aversion,combined,0,451.4563294800205,1.1281481501831372
3702,euler_ramsey,0.5,1.5% Ramsey,risk_aversion,combined,0,297.0110176377526,0.5490081698289674
3702,euler_ramsey,0.5,2.0% Ramsey,risk_aversion,combined,0,168.93974032719865,0.4560254057114689
3702,euler_ramsey,0.5,2.5% Ramsey,risk_aversion,combined,0,113.45868295330213,0.39062628015324863
3703,euler_ramsey,0.5,1.5% Ramsey,risk_aversion,combined,0,196.0659389607358,2.11458877803611
3703,euler_ramsey,0.5,2.0% Ramsey,risk_aversion,combined,0,124.06035109838105,2.3817013964162497
3703,euler_ramsey,0.5,2.5% Ramsey,risk_aversion,combined,0,83.91026082552885,2.5823770292376094
3704,euler_ramsey,0.5,1.5% Ramsey,risk_aversion,combined,0,72.18707129403121,0.7993542709831916
3704,euler_ramsey,0.5,2.0% Ramsey,risk_aversion,combined,0,51.56309636369285,0.7233746584025369
3704,euler_ramsey,0.5,2.5% Ramsey,risk_aversion,combined,0,34.756657750758855,0.6622088487128222
3705,euler_ramsey,0.5,1.5% Ramsey,risk_aversion,combined,0,617.1446691492241,1.4682239580836665
3705,euler_ramsey,0.5,2.0% Ramsey,risk_aversion,combined,0,436.69369576384236,1.523484574779531
3705,euler_ramsey,0.5,2.5% Ramsey,risk_aversion,combined,0,302.688607867884,1.5503429935163986
3706,euler_ramsey,0.5,1.5% Ramsey,risk_aversion,combined,0,189.6952101336024,1.0276125637423852
3706,euler_ramsey,0.5,2.0% Ramsey,risk_aversion,combined,0,120.66940736387387,0.9831899947069016
3706,euler_ramsey,0.5,2.5% Ramsey,risk_aversion,combined,0,81.15182517678926,0.9395315785344359
3707,euler_ramsey,0.5,1.5% Ramsey,risk_aversion,combined,0,2326.206979844469,0.5747735598948829
3707,euler_ramsey,0.5,2.0% Ramsey,risk_aversion,combined,0,1549.294201332068,0.48310124072426364
3707,euler_ramsey,0.5,2.5% Ramsey,risk_aversion,combined,0,1014.6582733599778,0.41767893886159735
3708,euler_ramsey,0.5,1.5% Ramsey,risk_aversion,combined,0,238.65135093597553,0.6654349260611445
3708,euler_ramsey,0.5,2.0% Ramsey,risk_aversion,combined,0,171.89949361952978,0.5779709047312116
3708,euler_ramsey,0.5,2.5% Ramsey,risk_aversion,combined,0,124.04189385777914,0.5125290652540442
3709,euler_ramsey,0.5,1.5% Ramsey,risk_aversion,combined,0,634.9613420388152,0.5204102427464997
3709,euler_ramsey,0.5,2.0% Ramsey,risk_aversion,combined,0,553.4619996249311,0.42751757499507814
3709,euler_ramsey,0.5,2.5% Ramsey,risk_aversion,combined,0,436.6257203185956,0.36312672147483216
3710,euler_ramsey,0.5,1.5% Ramsey,risk_aversion,combined,0,-265.4131766443991,0.5153412053382603
3710,euler_ramsey,0.5,2.0% Ramsey,risk_aversion,combined,0,-216.22338957589554,0.42246513997296903
3710,euler_ramsey,0.5,2.5% Ramsey,risk_aversion,combined,0,-155.88006500661677,0.35825396544869004
3711,euler_ramsey,0.5,1.5% Ramsey,risk_aversion,combined,0,-471.90395261154566,0.5746874052257565
3711,euler_ramsey,0.5,2.0% Ramsey,risk_aversion,combined,0,-204.01082495376025,0.48295233612354843
3711,euler_ramsey,0.5,2.5% Ramsey,risk_aversion,combined,0,-92.01779758205971,0.4174792841296025
3712,euler_ramsey,0.5,1.5% Ramsey,risk_aversion,combined,0,237.4126446302222,2.046846723973596
3712,euler_ramsey,0.5,2.0% Ramsey,risk_aversion,combined,0,173.95682064746578,2.288472901726228
3712,euler_ramsey,0.5,2.5% Ramsey,risk_aversion,combined,0,123.31554835436359,2.4671641339151367
3713,euler_ramsey,0.5,1.5% Ramsey,risk_aversion,combined,0,193.73047383176555,1.9714492525566059
3713,euler_ramsey,0.5,2.0% Ramsey,risk_aversion,combined,0,130.50328399400863,2.1855073392515756
3713,euler_ramsey,0.5,2.5% Ramsey,risk_aversion,combined,0,86.33352668427274,2.34071169900617
3714,euler_ramsey,0.5,1.5% Ramsey,risk_aversion,combined,0,3613.030261657566,0.5573451289508955
3714,euler_ramsey,0.5,2.0% Ramsey,risk_aversion,combined,0,2126.7940513945223,0.4650923348097609
3714,euler_ramsey,0.5,2.5% Ramsey,risk_aversion,combined,0,1287.8460869605642,0.3998658804238384
3715,euler_ramsey,0.5,1.5% Ramsey,risk_aversion,combined,0,424.3209352191537,0.9827678227179903
3715,euler_ramsey,0.5,2.0% Ramsey,risk_aversion,combined,0,375.1493153533404,0.9329357692162666
3715,euler_ramsey,0.5,2.5% Ramsey,risk_aversion,combined,0,298.4807372971131,0.8862908230712839
3716,euler_ramsey,0.5,1.5% Ramsey,risk_aversion,combined,0,252.42728238793927,1.7399410639582642
3716,euler_ramsey,0.5,2.0% Ramsey,risk_aversion,combined,0,182.4401982119303,1.8753794246448858
3716,euler_ramsey,0.5,2.5% Ramsey,risk_aversion,combined,0,129.97526189619157,1.9654777725888
3717,euler_ramsey,0.5,1.5% Ramsey,risk_aversion,combined,0,1302.2525992402,0.7269425589647982
3717,euler_ramsey,0.5,2.0% Ramsey,risk_aversion,combined,0,1263.7023326249696,0.6435833538894841
3717,euler_ramsey,0.5,2.5% Ramsey,risk_aversion,combined,0,1044.2703050031969,0.5792077595427215
3718,euler_ramsey,0.5,1.5% Ramsey,risk_aversion,combined,0,42.77497129385597,0.7100449660457384
3718,euler_ramsey,0.5,2.0% Ramsey,risk_aversion,combined,0,33.08948687616286,0.6251150120467929
3718,euler_ramsey,0.5,2.5% Ramsey,risk_aversion,combined,0,28.094898337634554,0.5601371272288864
3719,euler_ramsey,0.5,1.5% Ramsey,risk_aversion,combined,0,247.70962860203616,0.7949405630739885
3719,euler_ramsey,0.5,2.0% Ramsey,risk_aversion,combined,0,190.4624490771714,0.718635529681909
3719,euler_ramsey,0.5,2.5% Ramsey,risk_aversion,combined,0,143.5340652953458,0.6573044844701276
3720,euler_ramsey,0.5,1.5% Ramsey,risk_aversion,combined,0,789.2594912875479,0.3849432742892592
3720,euler_ramsey,0.5,2.0% Ramsey,risk_aversion,combined,0,730.6762415753573,0.2953296894380643
3720,euler_ramsey,0.5,2.5% Ramsey,risk_aversion,combined,0,623.3634114731328,0.2379092183233231
3721,euler_ramsey,0.5,1.5% Ramsey,risk_aversion,combined,0,1340.0615666965903,0.9388874167586514
3721,euler_ramsey,0.5,2.0% Ramsey,risk_aversion,combined,0,915.5862564435522,0.8811040174567555
3721,euler_ramsey,0.5,2.5% Ramsey,risk_aversion,combined,0,642.7014834428949,0.8295916947684652
3722,euler_ramsey,0.5,1.5% Ramsey,risk_aversion,combined,0,-156.81516970304534,1.8356407095024696
3722,euler_ramsey,0.5,2.0% Ramsey,risk_aversion,combined,0,-131.46918014485487,2.0031298499526007
3722,euler_ramsey,0.5,2.5% Ramsey,risk_aversion,combined,0,-103.12169383104526,2.1193020434213605
3723,euler_ramsey,0.5,1.5% Ramsey,risk_aversion,combined,0,6011.156106686382,0.638797499773489
3723,euler_ramsey,0.5,2.0% Ramsey,risk_aversion,combined,0,7944.105521860685,0.5514416540435045
3723,euler_ramsey,0.5,2.5% Ramsey,risk_aversion,combined,0,8134.262293090924,0.4868446101617109
3724,euler_ramsey,0.5,1.5% Ramsey,risk_aversion,combined,0,1370.124708209415,0.5290873216511695
3724,euler_ramsey,0.5,2.0% Ramsey,risk_aversion,combined,0,1067.8862061879113,0.4360599698950357
3724,euler_ramsey,0.5,2.5% Ramsey,risk_aversion,combined,0,757.0380899429559,0.3712932322291034
3725,euler_ramsey,0.5,1.5% Ramsey,risk_aversion,combined,0,1650.5436773239144,0.7253618928160132
3725,euler_ramsey,0.5,2.0% Ramsey,risk_aversion,combined,0,1562.627145808994,0.6424730570906475
3725,euler_ramsey,0.5,2.5% Ramsey,risk_aversion,combined,0,1314.146017651388,0.578481564382093
3726,euler_ramsey,0.5,1.5% Ramsey,risk_aversion,combined,0,489.53907853823597,0.8920743928215586
3726,euler_ramsey,0.5,2.0% Ramsey,risk_aversion,combined,0,318.66555619524814,0.8284572439778148
3726,euler_ramsey,0.5,2.5% Ramsey,risk_aversion,combined,0,201.77349471896488,0.7738487504730546
3727,euler_ramsey,0.5,1.5% Ramsey,risk_aversion,combined,0,1664.277108982645,0.6742115620271771
3727,euler_ramsey,0.5,2.0% Ramsey,risk_aversion,combined,0,1249.3241016866452,0.5868882820802823
3727,euler_ramsey,0.5,2.5% Ramsey,risk_aversion,combined,0,915.5497994545409,0.521319489858343
3728,euler_ramsey,0.5,1.5% Ramsey,risk_aversion,combined,0,47.92207126908098,0.9895705483561795
3728,euler_ramsey,0.5,2.0% Ramsey,risk_aversion,combined,0,45.21047156710749,0.9396648248163146
3728,euler_ramsey,0.5,2.5% Ramsey,risk_aversion,combined,0,38.508601744148734,0.8927799832463271
3729,euler_ramsey,0.5,1.5% Ramsey,risk_aversion,combined,0,969.2377075205048,0.3964282434328869
3729,euler_ramsey,0.5,2.0% Ramsey,risk_aversion,combined,0,562.2093325699126,0.3061226732137863
3729,euler_ramsey,0.5,2.5% Ramsey,risk_aversion,combined,0,354.1509595014754,0.24784335819007083
3730,euler_ramsey,0.5,1.5% Ramsey,risk_aversion,combined,0,1763.2003533051445,0.5430751958587955
3730,euler_ramsey,0.5,2.0% Ramsey,risk_aversion,combined,0,1129.3087658874365,0.45062416952091855
3730,euler_ramsey,0.5,2.5% Ramsey,risk_aversion,combined,0,741.0842445620865,0.3857388285305685
3731,euler_ramsey,0.5,1.5% Ramsey,risk_aversion,combined,0,1602.1401347133121,0.506104405824826
3731,euler_ramsey,0.5,2.0% Ramsey,risk_aversion,combined,0,1034.449994816906,0.4133233844072884
3731,euler_ramsey,0.5,2.5% Ramsey,risk_aversion,combined,0,636.0944818344765,0.34947757415366537
3732,euler_ramsey,0.5,1.5% Ramsey,risk_aversion,combined,0,169.15952012448275,2.2488691598500465
3732,euler_ramsey,0.5,2.0% Ramsey,risk_aversion,combined,0,96.41523740176729,2.5679677998792796
3732,euler_ramsey,0.5,2.5% Ramsey,risk_aversion,combined,0,60.44043985928557,2.813923438315509
3733,euler_ramsey,0.5,1.5% Ramsey,risk_aversion,combined,0,7399.054311858108,0.5054407140160713
3733,euler_ramsey,0.5,2.0% Ramsey,risk_aversion,combined,0,5016.464286382945,0.41377153833637215
3733,euler_ramsey,0.5,2.5% Ramsey,risk_aversion,combined,0,3149.3951767159765,0.3506122654577681
3734,euler_ramsey,0.5,1.5% Ramsey,risk_aversion,combined,0,-1004.8559294803437,0.4072364891077073
3734,euler_ramsey,0.5,2.0% Ramsey,risk_aversion,combined,0,-920.313670328059,0.3164434031793542
3734,euler_ramsey,0.5,2.5% Ramsey,risk_aversion,combined,0,-729.7433202848453,0.2574408380224142
3735,euler_ramsey,0.5,1.5% Ramsey,risk_aversion,combined,0,4476.689424177547,0.34011188051234675
3735,euler_ramsey,0.5,2.0% Ramsey,risk_aversion,combined,0,2656.6078642780963,0.25402782775719124
3735,euler_ramsey,0.5,2.5% Ramsey,risk_aversion,combined,0,1609.248013632825,0.20045479694529394
3736,euler_ramsey,0.5,1.5% Ramsey,risk_aversion,combined,0,622.1286087191,1.517278674169734
3736,euler_ramsey,0.5,2.0% Ramsey,risk_aversion,combined,0,502.6965937844826,1.58582924694532
3736,euler_ramsey,0.5,2.5% Ramsey,risk_aversion,combined,0,378.40923071980893,1.622825521126217
3737,euler_ramsey,0.5,1.5% Ramsey,risk_aversion,combined,0,-1330.9846583407602,0.3904560679701367
3737,euler_ramsey,0.5,2.0% Ramsey,risk_aversion,combined,0,-862.8253561357255,0.3003721902012417
3737,euler_ramsey,0.5,2.5% Ramsey,risk_aversion,combined,0,-515.3212348994883,0.24246650001078718
3738,euler_ramsey,0.5,1.5% Ramsey,risk_aversion,combined,0,800.902225726849,0.6097100112526893
3738,euler_ramsey,0.5,2.0% Ramsey,risk_aversion,combined,0,621.4461605143175,0.5184969673938227
3738,euler_ramsey,0.5,2.5% Ramsey,risk_aversion,combined,0,441.0147228617503,0.45228725572054235
3739,euler_ramsey,0.5,1.5% Ramsey,risk_aversion,combined,0,233.80176542039428,1.6124991554281054
3739,euler_ramsey,0.5,2.0% Ramsey,risk_aversion,combined,0,174.85315667157326,1.70882657109384
3739,euler_ramsey,0.5,2.5% Ramsey,risk_aversion,combined,0,127.63504720313058,1.7675324590299564
3740,euler_ramsey,0.5,1.5% Ramsey,risk_aversion,combined,0,304.3027874324359,0.8888739850309251
3740,euler_ramsey,0.5,2.0% Ramsey,risk_aversion,combined,0,255.61936772526585,0.8235352486785226
3740,euler_ramsey,0.5,2.5% Ramsey,risk_aversion,combined,0,202.9453832860933,0.7677164626157824
3741,euler_ramsey,0.5,1.5% Ramsey,risk_aversion,combined,0,889.876070441166,1.2334766594207147
3741,euler_ramsey,0.5,2.0% Ramsey,risk_aversion,combined,0,644.4028411634816,1.2309723388346783
3741,euler_ramsey,0.5,2.5% Ramsey,risk_aversion,combined,0,449.9170719006932,1.2155085212450243
3742,euler_ramsey,0.5,1.5% Ramsey,risk_aversion,combined,0,-486.2630659646543,0.7945585999148482
3742,euler_ramsey,0.5,2.0% Ramsey,risk_aversion,combined,0,-486.08729190825966,0.7171172699226226
3742,euler_ramsey,0.5,2.5% Ramsey,risk_aversion,combined,0,-400.4948124815783,0.6550019956586245
3743,euler_ramsey,0.5,1.5% Ramsey,risk_aversion,combined,0,334.1247590293957,1.9591098913609093
3743,euler_ramsey,0.5,2.0% Ramsey,risk_aversion,combined,0,241.02775272497334,2.169058912832167
3743,euler_ramsey,0.5,2.5% Ramsey,risk_aversion,combined,0,174.54797491220162,2.3207833326985012
3744,euler_ramsey,0.5,1.5% Ramsey,risk_aversion,combined,0,3156.9425516177866,0.13270165991533894
3744,euler_ramsey,0.5,2.0% Ramsey,risk_aversion,combined,0,2165.6537797301507,0.08010070554444403
3744,euler_ramsey,0.5,2.5% Ramsey,risk_aversion,combined,0,1519.4512028011618,0.053600417937839
3745,euler_ramsey,0.5,1.5% Ramsey,risk_aversion,combined,0,973.5415630462346,0.32744682132295516
3745,euler_ramsey,0.5,2.0% Ramsey,risk_aversion,combined,0,548.0777421015246,0.24217384000118106
3745,euler_ramsey,0.5,2.5% Ramsey,risk_aversion,combined,0,356.7693106556268,0.18962812513320487
3746,euler_ramsey,0.5,1.5% Ramsey,risk_aversion,combined,0,754.6869334993405,1.638913519758485
3746,euler_ramsey,0.5,2.0% Ramsey,risk_aversion,combined,0,565.7030169205691,1.7434358563312342
3746,euler_ramsey,0.5,2.5% Ramsey,risk_aversion,combined,0,407.18783913398715,1.8087319145961354
3747,euler_ramsey,0.5,1.5% Ramsey,risk_aversion,combined,0,530.5403907481874,0.7285685076983426
3747,euler_ramsey,0.5,2.0% Ramsey,risk_aversion,combined,0,386.86140509928293,0.6457231573300358
3747,euler_ramsey,0.5,2.5% Ramsey,risk_aversion,combined,0,273.0117745173209,0.5816602127250452
3748,euler_ramsey,0.5,1.5% Ramsey,risk_aversion,combined,0,568.8558916901746,1.7888489876131073
3748,euler_ramsey,0.5,2.0% Ramsey,risk_aversion,combined,0,471.7357361094525,1.9405233915179785
3748,euler_ramsey,0.5,2.5% Ramsey,risk_aversion,combined,0,357.19433363170356,2.0438020751621533
3749,euler_ramsey,0.5,1.5% Ramsey,risk_aversion,combined,0,192.3387633260081,2.558089675423439
3749,euler_ramsey,0.5,2.0% Ramsey,risk_aversion,combined,0,144.90138612926432,3.0074552950444025
3749,euler_ramsey,0.5,2.5% Ramsey,risk_aversion,combined,0,107.67730740884322,3.3708532936138247
3750,euler_ramsey,0.5,1.5% Ramsey,risk_aversion,combined,0,106.0414195056284,2.548666486106646
3750,euler_ramsey,0.5,2.0% Ramsey,risk_aversion,combined,0,75.83188975447483,2.9934723056579244
3750,euler_ramsey,0.5,2.5% Ramsey,risk_aversion,combined,0,54.73692914116737,3.352494335457551
3751,euler_ramsey,0.5,1.5% Ramsey,risk_aversion,combined,0,965.0122656796811,0.5501478929133503
3751,euler_ramsey,0.5,2.0% Ramsey,risk_aversion,combined,0,583.3960590217322,0.45726447485197713
3751,euler_ramsey,0.5,2.5% Ramsey,risk_aversion,combined,0,376.61217558157153,0.391890119868077
3752,euler_ramsey,0.5,1.5% Ramsey,risk_aversion,combined,0,4040.571511791763,0.1507243098872438
3752,euler_ramsey,0.5,2.0% Ramsey,risk_aversion,combined,0,2227.9478803044703,0.09362566695816922
3752,euler_ramsey,0.5,2.5% Ramsey,risk_aversion,combined,0,1306.9162109498434,0.06405595730072852
3753,euler_ramsey,0.5,1.5% Ramsey,risk_aversion,combined,0,184.41347158034796,2.715513247695699
3753,euler_ramsey,0.5,2.0% Ramsey,risk_aversion,combined,0,112.69413548147459,3.2352924995944354
3753,euler_ramsey,0.5,2.5% Ramsey,risk_aversion,combined,0,71.61373868702093,3.663586958032324
3754,euler_ramsey,0.5,1.5% Ramsey,risk_aversion,combined,0,614.2909801581637,2.881447083232601
3754,euler_ramsey,0.5,2.0% Ramsey,risk_aversion,combined,0,401.93756280972764,3.482762972946361
3754,euler_ramsey,0.5,2.5% Ramsey,risk_aversion,combined,0,263.2512961824251,3.98863817474394
3755,euler_ramsey,0.5,1.5% Ramsey,risk_aversion,combined,0,418.70158999641615,1.1085354190417092
3755,euler_ramsey,0.5,2.0% Ramsey,risk_aversion,combined,0,274.73218608886793,1.0804494335524508
3755,euler_ramsey,0.5,2.5% Ramsey,risk_aversion,combined,0,177.55868893958066,1.0475871253846236
3756,euler_ramsey,0.5,1.5% Ramsey,risk_aversion,combined,0,1114.5813491640808,0.22868741440536378
3756,euler_ramsey,0.5,2.0% Ramsey,risk_aversion,combined,0,644.8574645769542,0.1560322999638544
3756,euler_ramsey,0.5,2.5% Ramsey,risk_aversion,combined,0,462.3594265342186,0.11479199926333632
3757,euler_ramsey,0.5,1.5% Ramsey,risk_aversion,combined,0,-89.62744989409939,1.1081816832818776
3757,euler_ramsey,0.5,2.0% Ramsey,risk_aversion,combined,0,-78.06882503027367,1.07885621008348
3757,euler_ramsey,0.5,2.5% Ramsey,risk_aversion,combined,0,-54.55550944070164,1.0449429137862591
3758,euler_ramsey,0.5,1.5% Ramsey,risk_aversion,combined,0,2887.2368794425392,0.5821602835072781
3758,euler_ramsey,0.5,2.0% Ramsey,risk_aversion,combined,0,1711.1618000264768,0.49116557786853526
3758,euler_ramsey,0.5,2.5% Ramsey,risk_aversion,combined,0,1014.9135100757477,0.4259368461727009
3759,euler_ramsey,0.5,1.5% Ramsey,risk_aversion,combined,0,680.1459382006818,0.8278792084163807
3759,euler_ramsey,0.5,2.0% Ramsey,risk_aversion,combined,0,566.2156849469109,0.7549446088215068
3759,euler_ramsey,0.5,2.5% Ramsey,risk_aversion,combined,0,421.0793134679076,0.6951553533792791
3760,euler_ramsey,0.5,1.5% Ramsey,risk_aversion,combined,0,427.63036994994985,1.1997663044932103
3760,euler_ramsey,0.5,2.0% Ramsey,risk_aversion,combined,0,321.2451889668757,1.189936159557291
3760,euler_ramsey,0.5,2.5% Ramsey,risk_aversion,combined,0,240.9704870897101,1.1694238509649932
3761,euler_ramsey,0.5,1.5% Ramsey,risk_aversion,combined,0,92.00969341960943,2.725305078622304
3761,euler_ramsey,0.5,2.0% Ramsey,risk_aversion,combined,0,64.12625735211415,3.2495870594369576
3761,euler_ramsey,0.5,2.5% Ramsey,risk_aversion,combined,0,48.46357960904307,3.682100399638769
3762,euler_ramsey,0.5,1.5% Ramsey,risk_aversion,combined,0,49.10644102271645,1.8362641028038955
3762,euler_ramsey,0.5,2.0% Ramsey,risk_aversion,combined,0,28.01203875509544,2.0035792575756908
3762,euler_ramsey,0.5,2.5% Ramsey,risk_aversion,combined,0,19.048528235041605,2.1195823144351964
3763,euler_ramsey,0.5,1.5% Ramsey,risk_aversion,combined,0,-219.87058092659194,0.8004142287809033
3763,euler_ramsey,0.5,2.0% Ramsey,risk_aversion,combined,0,-179.50260427982766,0.7245410711822177
3763,euler_ramsey,0.5,2.5% Ramsey,risk_aversion,combined,0,-133.50706389523705,0.6633853593633442
3764,euler_ramsey,0.5,1.5% Ramsey,risk_aversion,combined,0,529.1639313202934,1.2595688509683938
3764,euler_ramsey,0.5,2.0% Ramsey,risk_aversion,combined,0,372.5223934931252,1.2624456725655901
3764,euler_ramsey,0.5,2.5% Ramsey,risk_aversion,combined,0,253.75086974981068,1.2506732524275896
3765,euler_ramsey,0.5,1.5% Ramsey,risk_aversion,combined,0,901.7499975368942,1.021384556892923
3765,euler_ramsey,0.5,2.0% Ramsey,risk_aversion,combined,0,573.6168539338626,0.9756693272358643
3765,euler_ramsey,0.5,2.5% Ramsey,risk_aversion,combined,0,354.7065334407846,0.9311969362724477
3766,euler_ramsey,0.5,1.5% Ramsey,risk_aversion,combined,0,908.2454530843179,1.1305261001845932
3766,euler_ramsey,0.5,2.0% Ramsey,risk_aversion,combined,0,761.859116518866,1.106639451049842
3766,euler_ramsey,0.5,2.5% Ramsey,risk_aversion,combined,0,595.7949961927596,1.07653681691593
3767,euler_ramsey,0.5,1.5% Ramsey,risk_aversion,combined,0,874.2744165061848,0.8311622373692497
3767,euler_ramsey,0.5,2.0% Ramsey,risk_aversion,combined,0,732.0387747553989,0.7595228087604498
3767,euler_ramsey,0.5,2.5% Ramsey,risk_aversion,combined,0,555.7303261410711,0.7006276603465854
3768,euler_ramsey,0.5,1.5% Ramsey,risk_aversion,combined,0,-153.173217118011,0.8289376127101606
3768,euler_ramsey,0.5,2.0% Ramsey,risk_aversion,combined,0,-127.67562466104117,0.7560619272113979
3768,euler_ramsey,0.5,2.5% Ramsey,risk_aversion,combined,0,-95.45079844651144,0.696267119739729
3769,euler_ramsey,0.5,1.5% Ramsey,risk_aversion,combined,0,1260.4143788465603,0.3861045514000602
3769,euler_ramsey,0.5,2.0% Ramsey,risk_aversion,combined,0,396.0286317683301,0.2962934153299736
3769,euler_ramsey,0.5,2.5% Ramsey,risk_aversion,combined,0,178.1139226116355,0.23872056598385585
3770,euler_ramsey,0.5,1.5% Ramsey,risk_aversion,combined,0,849.632326647783,1.9264811170229
3770,euler_ramsey,0.5,2.0% Ramsey,risk_aversion,combined,0,664.9995026983389,2.126517664525492
3770,euler_ramsey,0.5,2.5% Ramsey,risk_aversion,combined,0,500.4131561990645,2.270381715596883
3771,euler_ramsey,0.5,1.5% Ramsey,risk_aversion,combined,0,1154.976024174289,1.1167826036901123
3771,euler_ramsey,0.5,2.0% Ramsey,risk_aversion,combined,0,944.3045702895448,1.0899390271766
3771,euler_ramsey,0.5,2.5% Ramsey,risk_aversion,combined,0,716.1183814669125,1.0578588790704389
3772,euler_ramsey,0.5,1.5% Ramsey,risk_aversion,combined,0,-182.75526193974065,0.45302437712937943
3772,euler_ramsey,0.5,2.0% Ramsey,risk_aversion,combined,0,-95.14374193892597,0.3603515261366236
3772,euler_ramsey,0.5,2.5% Ramsey,risk_aversion,combined,0,-40.358499726945745,0.29850242259300974
3773,euler_ramsey,0.5,1.5% Ramsey,risk_aversion,combined,0,2304.212071772632,0.3401056868187424
3773,euler_ramsey,0.5,2.0% Ramsey,risk_aversion,combined,0,1407.3475154952612,0.2539020950839142
3773,euler_ramsey,0.5,2.5% Ramsey,risk_aversion,combined,0,894.9959099162636,0.20027287266058424
3774,euler_ramsey,0.5,1.5% Ramsey,risk_aversion,combined,0,393.98477123213263,2.1013732171722195
3774,euler_ramsey,0.5,2.0% Ramsey,risk_aversion,combined,0,274.0566667758586,2.3637150568812153
3774,euler_ramsey,0.5,2.5% Ramsey,risk_aversion,combined,0,196.13325384807638,2.560303946074365
3775,euler_ramsey,0.5,1.5% Ramsey,risk_aversion,combined,0,489.00597040367956,0.7971772952182826
3775,euler_ramsey,0.5,2.0% Ramsey,risk_aversion,combined,0,471.8188206714223,0.7206914351694238
3775,euler_ramsey,0.5,2.5% Ramsey,risk_aversion,combined,0,407.3167940607295,0.6592390389160411
3776,euler_ramsey,0.5,1.5% Ramsey,risk_aversion,combined,0,402.86285080384357,1.1746258571660844
3776,euler_ramsey,0.5,2.0% Ramsey,risk_aversion,combined,0,304.5297280559811,1.1591176592013563
3776,euler_ramsey,0.5,2.5% Ramsey,risk_aversion,combined,0,230.76358254822563,1.13455939582626
3777,euler_ramsey,0.5,1.5% Ramsey,risk_aversion,combined,0,1349.9522981779312,0.41379249976545746
3777,euler_ramsey,0.5,2.0% Ramsey,risk_aversion,combined,0,1221.661568780536,0.322632449887069
3777,euler_ramsey,0.5,2.5% Ramsey,risk_aversion,combined,0,930.2645474063693,0.2631655833931673
3778,euler_ramsey,0.5,1.5% Ramsey,risk_aversion,combined,0,1288.7651231875038,0.6884878793461077
3778,euler_ramsey,0.5,2.0% Ramsey,risk_aversion,combined,0,1120.486748182544,0.6033029584541745
3778,euler_ramsey,0.5,2.5% Ramsey,risk_aversion,combined,0,859.66053542501,0.5387776417382253
3779,euler_ramsey,0.5,1.5% Ramsey,risk_aversion,combined,0,481.90126804258176,0.6093393496031115
3779,euler_ramsey,0.5,2.0% Ramsey,risk_aversion,combined,0,357.1620415818722,0.5180952270432827
3779,euler_ramsey,0.5,2.5% Ramsey,risk_aversion,combined,0,240.21530470962654,0.4518743939133917
3780,euler_ramsey,0.5,1.5% Ramsey,risk_aversion,combined,0,499.572435066937,1.9129017054132034
3780,euler_ramsey,0.5,2.0% Ramsey,risk_aversion,combined,0,392.8209144573912,2.1070122548283843
3780,euler_ramsey,0.5,2.5% Ramsey,risk_aversion,combined,0,298.78253239118055,2.2456782458882913
3781,euler_ramsey,0.5,1.5% Ramsey,risk_aversion,combined,0,484.80542677117586,0.8019706077798114
3781,euler_ramsey,0.5,2.0% Ramsey,risk_aversion,combined,0,382.05667806447485,0.7267451831362676
3781,euler_ramsey,0.5,2.5% Ramsey,risk_aversion,combined,0,274.6142427158692,0.6660346794826604
3782,euler_ramsey,0.5,1.5% Ramsey,risk_aversion,combined,0,-709.5860703058856,0.7228302600493155
3782,euler_ramsey,0.5,2.0% Ramsey,risk_aversion,combined,0,-727.6211130308434,0.6390978191326409
3782,euler_ramsey,0.5,2.5% Ramsey,risk_aversion,combined,0,-607.5945816631917,0.5745489305799402
3783,euler_ramsey,0.5,1.5% Ramsey,risk_aversion,combined,0,1765.7488211151688,0.49186790226557947
3783,euler_ramsey,0.5,2.0% Ramsey,risk_aversion,combined,0,1460.798744427388,0.39889380578920713
3783,euler_ramsey,0.5,2.5% Ramsey,risk_aversion,combined,0,1083.73519584019,0.33544216836587276
3784,euler_ramsey,0.5,1.5% Ramsey,risk_aversion,combined,0,-144.24270198353238,0.8188962836695578
3784,euler_ramsey,0.5,2.0% Ramsey,risk_aversion,combined,0,-116.19350770664114,0.744484599837713
3784,euler_ramsey,0.5,2.5% Ramsey,risk_aversion,combined,0,-85.81851056075458,0.6838662337434183
3785,euler_ramsey,0.5,1.5% Ramsey,risk_aversion,combined,0,908.5141978273847,1.062910879417955
3785,euler_ramsey,0.5,2.0% Ramsey,risk_aversion,combined,0,465.3224713772414,1.0250002929515973
3785,euler_ramsey,0.5,2.5% Ramsey,risk_aversion,combined,0,282.42905779148845,0.9855225046909046
3786,euler_ramsey,0.5,1.5% Ramsey,risk_aversion,combined,0,388.2560336077311,0.7831389469369768
3786,euler_ramsey,0.5,2.0% Ramsey,risk_aversion,combined,0,274.0971011328346,0.7047472903332535
3786,euler_ramsey,0.5,2.5% Ramsey,risk_aversion,combined,0,183.2845079442791,0.6422849129983681
3787,euler_ramsey,0.5,1.5% Ramsey,risk_aversion,combined,0,-3.162533816926457,1.2233532671524272
3787,euler_ramsey,0.5,2.0% Ramsey,risk_aversion,combined,0,2.4561812615650362,1.2173332399328183
3787,euler_ramsey,0.5,2.5% Ramsey,risk_aversion,combined,0,17.7517991490743,1.199175286448321
3788,euler_ramsey,0.5,1.5% Ramsey,risk_aversion,combined,0,419.4824164505084,0.8777981900557624
3788,euler_ramsey,0.5,2.0% Ramsey,risk_aversion,combined,0,331.2545032017675,0.8113265664862411
3788,euler_ramsey,0.5,2.5% Ramsey,risk_aversion,combined,0,254.9128674205011,0.7549957697949093
3789,euler_ramsey,0.5,1.5% Ramsey,risk_aversion,combined,0,-162.37071815573466,1.2031035594633885
3789,euler_ramsey,0.5,2.0% Ramsey,risk_aversion,combined,0,-121.35532695381455,1.193194401807664
3789,euler_ramsey,0.5,2.5% Ramsey,risk_aversion,combined,0,-83.5974177544758,1.1723755458459502
3790,euler_ramsey,0.5,1.5% Ramsey,risk_aversion,combined,0,750.1115210971545,1.0808905216769924
3790,euler_ramsey,0.5,2.0% Ramsey,risk_aversion,combined,0,567.7753387282773,1.0471950091943494
3790,euler_ramsey,0.5,2.5% Ramsey,risk_aversion,combined,0,384.871962493935,1.0105659951117327
3791,euler_ramsey,0.5,1.5% Ramsey,risk_aversion,combined,0,572.5100611887513,0.47186310093575484
3791,euler_ramsey,0.5,2.0% Ramsey,risk_aversion,combined,0,285.91418336163196,0.3787915202973679
3791,euler_ramsey,0.5,2.5% Ramsey,risk_aversion,combined,0,157.42970313728213,0.31600931488383655
3792,euler_ramsey,0.5,1.5% Ramsey,risk_aversion,combined,0,1156.45936508948,2.0557793290210156
3792,euler_ramsey,0.5,2.0% Ramsey,risk_aversion,combined,0,878.0178300914248,2.301878435580797
3792,euler_ramsey,0.5,2.5% Ramsey,risk_aversion,combined,0,608.4188525140827,2.4846957801269047
3793,euler_ramsey,0.5,1.5% Ramsey,risk_aversion,combined,0,-62.607343219292055,0.4000586853871794
3793,euler_ramsey,0.5,2.0% Ramsey,risk_aversion,combined,0,-59.311722933477114,0.3094834698962938
3793,euler_ramsey,0.5,2.5% Ramsey,risk_aversion,combined,0,-48.27407505188192,0.2509039023159465
3794,euler_ramsey,0.5,1.5% Ramsey,risk_aversion,combined,0,94.14322859323595,1.0389229625589067
3794,euler_ramsey,0.5,2.0% Ramsey,risk_aversion,combined,0,100.65821736122368,0.9966687840338835
3794,euler_ramsey,0.5,2.5% Ramsey,risk_aversion,combined,0,97.16064696500023,0.9544712262488249
3795,euler_ramsey,0.5,1.5% Ramsey,risk_aversion,combined,0,39.58952132868855,0.4939431231085638
3795,euler_ramsey,0.5,2.0% Ramsey,risk_aversion,combined,0,-13.036593991245503,0.4008587785287243
3795,euler_ramsey,0.5,2.5% Ramsey,risk_aversion,combined,0,-20.172219067720498,0.337260408072816
3796,euler_ramsey,0.5,1.5% Ramsey,risk_aversion,combined,0,283.22032322332075,1.6227384257686208
3796,euler_ramsey,0.5,2.0% Ramsey,risk_aversion,combined,0,203.056261645318,1.7220422473558223
3796,euler_ramsey,0.5,2.5% Ramsey,risk_aversion,combined,0,138.02955329831966,1.7830724227864645
3797,euler_ramsey,0.5,1.5% Ramsey,risk_aversion,combined,0,1016.4644441839044,1.47734746522056
3797,euler_ramsey,0.5,2.0% Ramsey,risk_aversion,combined,0,658.3303115780079,1.5355914662807537
3797,euler_ramsey,0.5,2.5% Ramsey,risk_aversion,combined,0,411.10419583078055,1.5648412290807754
3798,euler_ramsey,0.5,1.5% Ramsey,risk_aversion,combined,0,493.63535912670557,0.4931899380739922
3798,euler_ramsey,0.5,2.0% Ramsey,risk_aversion,combined,0,435.53751293592694,0.4000621767823691
3798,euler_ramsey,0.5,2.5% Ramsey,risk_aversion,combined,0,339.56623463500273,0.3364693445269554
3799,euler_ramsey,0.5,1.5% Ramsey,risk_aversion,combined,0,791.5721213549956,1.1064612120320934
3799,euler_ramsey,0.5,2.0% Ramsey,risk_aversion,combined,0,525.0991753374582,1.0760420910774129
3799,euler_ramsey,0.5,2.5% Ramsey,risk_aversion,combined,0,341.3235049266007,1.0413034252369282
3800,euler_ramsey,0.5,1.5% Ramsey,risk_aversion,combined,0,165.62646864121683,1.754981637310484
3800,euler_ramsey,0.5,2.0% Ramsey,risk_aversion,combined,0,133.6135443280414,1.895404276738046
3800,euler_ramsey,0.5,2.5% Ramsey,risk_aversion,combined,0,104.78594939434306,1.9894170070986703
3801,euler_ramsey,0.5,1.5% Ramsey,risk_aversion,combined,0,212.16683180321635,1.1591200152551429
3801,euler_ramsey,0.5,2.0% Ramsey,risk_aversion,combined,0,142.66320947105916,1.1403844844002284
3801,euler_ramsey,0.5,2.5% Ramsey,risk_aversion,combined,0,98.49326357862381,1.113635074489109
3802,euler_ramsey,0.5,1.5% Ramsey,risk_aversion,combined,0,486.5780404592128,1.523898019393257
3802,euler_ramsey,0.5,2.0% Ramsey,risk_aversion,combined,0,360.27434401291487,1.5947039112420316
3802,euler_ramsey,0.5,2.5% Ramsey,risk_aversion,combined,0,250.55250986252562,1.6335100556604003
3803,euler_ramsey,0.5,1.5% Ramsey,risk_aversion,combined,0,2011.6077569827419,0.2096723085416123
3803,euler_ramsey,0.5,2.0% Ramsey,risk_aversion,combined,0,1052.5045185720653,0.14030356118585496
3803,euler_ramsey,0.5,2.5% Ramsey,risk_aversion,combined,0,634.2338862158178,0.10168043887069113
3804,euler_ramsey,0.5,1.5% Ramsey,risk_aversion,combined,0,763.8401285482572,0.5022011425244699
3804,euler_ramsey,0.5,2.0% Ramsey,risk_aversion,combined,0,686.0616003523413,0.4091113667424925
3804,euler_ramsey,0.5,2.5% Ramsey,risk_aversion,combined,0,545.064515893258,0.3452237796815765
3805,euler_ramsey,0.5,1.5% Ramsey,risk_aversion,combined,0,2757.928559096272,0.9955878492545932
3805,euler_ramsey,0.5,2.0% Ramsey,risk_aversion,combined,0,1872.800460244259,0.946189464556879
3805,euler_ramsey,0.5,2.5% Ramsey,risk_aversion,combined,0,1200.276138617646,0.8996175248462256
3806,euler_ramsey,0.5,1.5% Ramsey,risk_aversion,combined,0,1529.4167105814192,0.7317794321315203
3806,euler_ramsey,0.5,2.0% Ramsey,risk_aversion,combined,0,1095.4402785476013,0.6496198820405173
3806,euler_ramsey,0.5,2.5% Ramsey,risk_aversion,combined,0,751.2590129758228,0.585953024960411
3807,euler_ramsey,0.5,1.5% Ramsey,risk_aversion,combined,0,-220.82600698663555,0.45793260741396397
3807,euler_ramsey,0.5,2.0% Ramsey,risk_aversion,combined,0,-166.34968911155804,0.3651892250534629
3807,euler_ramsey,0.5,2.5% Ramsey,risk_aversion,combined,0,-126.24098529860971,0.3031093486201264
3808,euler_ramsey,0.5,1.5% Ramsey,risk_aversion,combined,0,2595.3663894058627,0.3986259178733658
3808,euler_ramsey,0.5,2.0% Ramsey,risk_aversion,combined,0,2309.780173798161,0.3084720695675852
3808,euler_ramsey,0.5,2.5% Ramsey,risk_aversion,combined,0,1772.5598831252485,0.25017471180931156
3809,euler_ramsey,0.5,1.5% Ramsey,risk_aversion,combined,0,237.64078302468312,0.872197603313473
3809,euler_ramsey,0.5,2.0% Ramsey,risk_aversion,combined,0,181.1004322487583,0.8049514112242926
3809,euler_ramsey,0.5,2.5% Ramsey,risk_aversion,combined,0,129.5740353823752,0.7481510993784107
3810,euler_ramsey,0.5,1.5% Ramsey,risk_aversion,combined,0,402.46577910751967,0.8563503891977037
3810,euler_ramsey,0.5,2.0% Ramsey,risk_aversion,combined,0,340.71200836019466,0.7867640862306053
3810,euler_ramsey,0.5,2.5% Ramsey,risk_aversion,combined,0,267.73440777206434,0.7286378846850838
3811,euler_ramsey,0.5,1.5% Ramsey,risk_aversion,combined,0,171.99412193089117,0.9022920707589264
3811,euler_ramsey,0.5,2.0% Ramsey,risk_aversion,combined,0,150.77592012680802,0.8391091881522452
3811,euler_ramsey,0.5,2.5% Ramsey,risk_aversion,combined,0,118.38819399920213,0.7844917455814786
3812,euler_ramsey,0.5,1.5% Ramsey,risk_aversion,combined,0,224.8149548151578,1.7795523934731758
3812,euler_ramsey,0.5,2.0% Ramsey,risk_aversion,combined,0,144.84050412933982,1.9279952180875883
3812,euler_ramsey,0.5,2.5% Ramsey,risk_aversion,combined,0,91.72765169531301,2.028529480203673
3813,euler_ramsey,0.5,1.5% Ramsey,risk_aversion,combined,0,-71.35021711795679,1.6777135409999897
3813,euler_ramsey,0.5,2.0% Ramsey,risk_aversion,combined,0,-52.52588754807836,1.7936840516888495
3813,euler_ramsey,0.5,2.5% Ramsey,risk_aversion,combined,0,-33.272853577822644,1.8679327253600149
3814,euler_ramsey,0.5,1.5% Ramsey,risk_aversion,combined,0,12491.16331989256,0.18020036263928238
3814,euler_ramsey,0.5,2.0% Ramsey,risk_aversion,combined,0,6083.098530061896,0.11678302382249134
3814,euler_ramsey,0.5,2.5% Ramsey,risk_aversion,combined,0,3399.3960146528925,0.08258051750647763
3815,euler_ramsey,0.5,1.5% Ramsey,risk_aversion,combined,0,678.8310661011791,2.244725409376723
3815,euler_ramsey,0.5,2.0% Ramsey,risk_aversion,combined,0,605.062257801755,2.563394130790363
3815,euler_ramsey,0.5,2.5% Ramsey,risk_aversion,combined,0,486.0009776175178,2.8093655401975823
3816,euler_ramsey,0.5,1.5% Ramsey,risk_aversion,combined,0,336.882627003476,0.3967925209527865
3816,euler_ramsey,0.5,2.0% Ramsey,risk_aversion,combined,0,292.5070065269167,0.3065334038730143
3816,euler_ramsey,0.5,2.5% Ramsey,risk_aversion,combined,0,223.11285786709362,0.2482573942455275
3817,euler_ramsey,0.5,1.5% Ramsey,risk_aversion,combined,0,299.40633297678096,1.1325878512518868
3817,euler_ramsey,0.5,2.0% Ramsey,risk_aversion,combined,0,197.6593844346793,1.1081329567520875
3817,euler_ramsey,0.5,2.5% Ramsey,risk_aversion,combined,0,141.15774858359757,1.0774804863621976
3818,euler_ramsey,0.5,1.5% Ramsey,risk_aversion,combined,0,324.80381084035946,2.0363813120680523
3818,euler_ramsey,0.5,2.0% Ramsey,risk_aversion,combined,0,256.42662438861595,2.2744383596777666
3818,euler_ramsey,0.5,2.5% Ramsey,risk_aversion,combined,0,195.89321466904119,2.4501724825417943
3819,euler_ramsey,0.5,1.5% Ramsey,risk_aversion,combined,0,145.82013325743742,1.2141003643356223
3819,euler_ramsey,0.5,2.0% Ramsey,risk_aversion,combined,0,118.3576377481712,1.2064586057419127
3819,euler_ramsey,0.5,2.5% Ramsey,risk_aversion,combined,0,88.90550408355416,1.1872556527716749
3820,euler_ramsey,0.5,1.5% Ramsey,risk_aversion,combined,0,484.97643683331813,0.8716519278659406
3820,euler_ramsey,0.5,2.0% Ramsey,risk_aversion,combined,0,319.17473498048247,0.8054317530297391
3820,euler_ramsey,0.5,2.5% Ramsey,risk_aversion,combined,0,206.1457734752298,0.749455133603588
3821,euler_ramsey,0.5,1.5% Ramsey,risk_aversion,combined,0,2427.2170100220405,1.519674636709721
3821,euler_ramsey,0.5,2.0% Ramsey,risk_aversion,combined,0,2036.315546826025,1.5928665385785306
3821,euler_ramsey,0.5,2.5% Ramsey,risk_aversion,combined,0,1567.4096557392963,1.6340939289688161
3822,euler_ramsey,0.5,1.5% Ramsey,risk_aversion,combined,0,2658.4396533966687,1.1833223988417751
3822,euler_ramsey,0.5,2.0% Ramsey,risk_aversion,combined,0,1961.1955654109204,1.1709357543600365
3822,euler_ramsey,0.5,2.5% Ramsey,risk_aversion,combined,0,1316.0047180366512,1.148764241442134
3823,euler_ramsey,0.5,1.5% Ramsey,risk_aversion,combined,0,-22.428970194587496,2.7226843637128586
3823,euler_ramsey,0.5,2.0% Ramsey,risk_aversion,combined,0,-10.530402212789443,3.245622980821342
3823,euler_ramsey,0.5,2.5% Ramsey,risk_aversion,combined,0,-2.2341539836161806,3.6767471806364704
3824,euler_ramsey,0.5,1.5% Ramsey,risk_aversion,combined,0,176.62976573467577,2.363209541468645
3824,euler_ramsey,0.5,2.0% Ramsey,risk_aversion,combined,0,120.84435851453993,2.7290047686066505
3824,euler_ramsey,0.5,2.5% Ramsey,risk_aversion,combined,0,88.26887979110249,3.0166151223982345
3825,euler_ramsey,0.5,1.5% Ramsey,risk_aversion,combined,0,41.43267448200944,0.7817311698877455
3825,euler_ramsey,0.5,2.0% Ramsey,risk_aversion,combined,0,70.76855717660798,0.7042132788970734
3825,euler_ramsey,0.5,2.5% Ramsey,risk_aversion,combined,0,72.44798618512533,0.6424082939083141
3826,euler_ramsey,0.5,1.5% Ramsey,risk_aversion,combined,0,171.24941447753574,1.7526226581132056
3826,euler_ramsey,0.5,2.0% Ramsey,risk_aversion,combined,0,137.22685096059865,1.8920650719270031
3826,euler_ramsey,0.5,2.5% Ramsey,risk_aversion,combined,0,110.7376945654342,1.9853269373417235
3827,euler_ramsey,0.5,1.5% Ramsey,risk_aversion,combined,0,3376.8227085034987,0.9007137083510667
3827,euler_ramsey,0.5,2.0% Ramsey,risk_aversion,combined,0,2025.330933332636,0.836937072668037
3827,euler_ramsey,0.5,2.5% Ramsey,risk_aversion,combined,0,1127.8307552176382,0.7819197561137199
3828,euler_ramsey,0.5,1.5% Ramsey,risk_aversion,combined,0,-65.80741146506362,0.7314014354646914
3828,euler_ramsey,0.5,2.0% Ramsey,risk_aversion,combined,0,-31.050644310424442,0.6481396340960287
3828,euler_ramsey,0.5,2.5% Ramsey,risk_aversion,combined,0,-5.911372683175264,0.5836988004262698
3829,euler_ramsey,0.5,1.5% Ramsey,risk_aversion,combined,0,1692.7567979697828,0.7657804857515133
3829,euler_ramsey,0.5,2.0% Ramsey,risk_aversion,combined,0,1115.0306966335395,0.6860755692200956
3829,euler_ramsey,0.5,2.5% Ramsey,risk_aversion,combined,0,717.6231995365914,0.6231577582108523
3830,euler_ramsey,0.5,1.5% Ramsey,risk_aversion,combined,0,1933.9899560640326,0.34232519598527894
3830,euler_ramsey,0.5,2.0% Ramsey,risk_aversion,combined,0,1191.9582828035745,0.2558283683770264
3830,euler_ramsey,0.5,2.5% Ramsey,risk_aversion,combined,0,766.2032924057587,0.20194888355432175
3831,euler_ramsey,0.5,1.5% Ramsey,risk_aversion,combined,0,325.58793598916856,0.744133634141549
3831,euler_ramsey,0.5,2.0% Ramsey,risk_aversion,combined,0,283.3881709583403,0.6618705472144654
3831,euler_ramsey,0.5,2.5% Ramsey,risk_aversion,combined,0,220.84065658321418,0.5977650118521521
3832,euler_ramsey,0.5,1.5% Ramsey,risk_aversion,combined,0,762.9980228206948,1.0134246385839583
3832,euler_ramsey,0.5,2.0% Ramsey,risk_aversion,combined,0,671.7296014319295,0.9673833786121443
3832,euler_ramsey,0.5,2.5% Ramsey,risk_aversion,combined,0,506.16858977952023,0.9229870967710986
3833,euler_ramsey,0.5,1.5% Ramsey,risk_aversion,combined,0,53.37852432559057,1.6334372244385362
3833,euler_ramsey,0.5,2.0% Ramsey,risk_aversion,combined,0,32.79486250294918,1.7359570838535259
3833,euler_ramsey,0.5,2.5% Ramsey,risk_aversion,combined,0,22.58266247200166,1.7995092612862098
3834,euler_ramsey,0.5,1.5% Ramsey,risk_aversion,combined,0,221.6820302720118,1.8537777226315704
3834,euler_ramsey,0.5,2.0% Ramsey,risk_aversion,combined,0,156.8328363777894,2.0268581802949033
3834,euler_ramsey,0.5,2.5% Ramsey,risk_aversion,combined,0,111.92055123239618,2.1476722235235934
3835,euler_ramsey,0.5,1.5% Ramsey,risk_aversion,combined,0,-71.85574049180984,0.7328388865415344
3835,euler_ramsey,0.5,2.0% Ramsey,risk_aversion,combined,0,-61.68994138404425,0.6498891513764604
3835,euler_ramsey,0.5,2.5% Ramsey,risk_aversion,combined,0,-49.47036616171863,0.5856143741296097
3836,euler_ramsey,0.5,1.5% Ramsey,risk_aversion,combined,0,451.67681643977085,1.9663088317713475
3836,euler_ramsey,0.5,2.0% Ramsey,risk_aversion,combined,0,336.3231214714792,2.1786789754000915
3836,euler_ramsey,0.5,2.5% Ramsey,risk_aversion,combined,0,241.56743189179443,2.3324634176305374
3837,euler_ramsey,0.5,1.5% Ramsey,risk_aversion,combined,0,-2.8932218503843425,3.3224979104427224
3837,euler_ramsey,0.5,2.0% Ramsey,risk_aversion,combined,0,-1.0385415298922982,4.141868450592191
3837,euler_ramsey,0.5,2.5% Ramsey,risk_aversion,combined,0,1.1009855842523,4.857100298331452
3838,euler_ramsey,0.5,1.5% Ramsey,risk_aversion,combined,0,2555.493149588221,0.4744087932584293
3838,euler_ramsey,0.5,2.0% Ramsey,risk_aversion,combined,0,1922.64729446177,0.3814510066904795
3838,euler_ramsey,0.5,2.5% Ramsey,risk_aversion,combined,0,1326.2255093191616,0.31864046673558616
3839,euler_ramsey,0.5,1.5% Ramsey,risk_aversion,combined,0,205.90704714058722,0.6872643361522801
3839,euler_ramsey,0.5,2.0% Ramsey,risk_aversion,combined,0,141.14467707051548,0.6003962410419964
3839,euler_ramsey,0.5,2.5% Ramsey,risk_aversion,combined,0,96.78773599975476,0.5347449599831483
3840,euler_ramsey,0.5,1.5% Ramsey,risk_aversion,combined,0,235.7887084459382,0.487626754258891
3840,euler_ramsey,0.5,2.0% Ramsey,risk_aversion,combined,0,183.6729019538124,0.3948536685345172
3840,euler_ramsey,0.5,2.5% Ramsey,risk_aversion,combined,0,141.8756358823573,0.33166148039478355
3841,euler_ramsey,0.5,1.5% Ramsey,risk_aversion,combined,0,268.2660214244814,0.33573678165979426
3841,euler_ramsey,0.5,2.0% Ramsey,risk_aversion,combined,0,139.1903312019548,0.2496639414041802
3841,euler_ramsey,0.5,2.5% Ramsey,risk_aversion,combined,0,69.99851615581034,0.1963147216601247
3842,euler_ramsey,0.5,1.5% Ramsey,risk_aversion,combined,0,172.21216991372407,2.8789382980424327
3842,euler_ramsey,0.5,2.0% Ramsey,risk_aversion,combined,0,115.26056060146334,3.4759832291620683
3842,euler_ramsey,0.5,2.5% Ramsey,risk_aversion,combined,0,81.47665077322795,3.9770392803928534
3843,euler_ramsey,0.5,1.5% Ramsey,risk_aversion,combined,0,154.5990178042962,0.9814509938415441
3843,euler_ramsey,0.5,2.0% Ramsey,risk_aversion,combined,0,116.7224669614016,0.9311008097423908
3843,euler_ramsey,0.5,2.5% Ramsey,risk_aversion,combined,0,84.200796856034,0.8841648182622397
3844,euler_ramsey,0.5,1.5% Ramsey,risk_aversion,combined,0,295.0568102150036,1.8899956006368843
3844,euler_ramsey,0.5,2.0% Ramsey,risk_aversion,combined,0,200.61875087807232,2.075579657650485
3844,euler_ramsey,0.5,2.5% Ramsey,risk_aversion,combined,0,135.74764145856298,2.206802753606448
3845,euler_ramsey,0.5,1.5% Ramsey,risk_aversion,combined,0,935.0158786370681,1.9966737324342432
3845,euler_ramsey,0.5,2.0% Ramsey,risk_aversion,combined,0,724.2252267702396,2.2222996805605395
3845,euler_ramsey,0.5,2.5% Ramsey,risk_aversion,combined,0,535.7421618959094,2.387824323468938
3846,euler_ramsey,0.5,1.5% Ramsey,risk_aversion,combined,0,583.708740394295,1.2095007394208537
3846,euler_ramsey,0.5,2.0% Ramsey,risk_aversion,combined,0,387.64726690356895,1.2030760043942084
3846,euler_ramsey,0.5,2.5% Ramsey,risk_aversion,combined,0,272.42696814433407,1.1849933488897666
3847,euler_ramsey,0.5,1.5% Ramsey,risk_aversion,combined,0,154.110818096174,2.8002929382357262
3847,euler_ramsey,0.5,2.0% Ramsey,risk_aversion,combined,0,105.052480515808,3.3597479280119376
3847,euler_ramsey,0.5,2.5% Ramsey,risk_aversion,combined,0,75.26728534303783,3.8252548906852586
3848,euler_ramsey,0.5,1.5% Ramsey,risk_aversion,combined,0,1212.1596391006026,0.4034630344259373
3848,euler_ramsey,0.5,2.0% Ramsey,risk_aversion,combined,0,1078.34981075146,0.31293517417831673
3848,euler_ramsey,0.5,2.5% Ramsey,risk_aversion,combined,0,836.6134259827414,0.25423524053649554
3849,euler_ramsey,0.5,1.5% Ramsey,risk_aversion,combined,0,156.1591375405256,0.8173068247932639
3849,euler_ramsey,0.5,2.0% Ramsey,risk_aversion,combined,0,134.68231748680677,0.7430367091375726
3849,euler_ramsey,0.5,2.5% Ramsey,risk_aversion,combined,0,105.88768417074974,0.6825618716152504
3850,euler_ramsey,0.5,1.5% Ramsey,risk_aversion,combined,0,39.15046864634184,1.6517804009143577
3850,euler_ramsey,0.5,2.0% Ramsey,risk_aversion,combined,0,26.234269468311357,1.7598259495686113
3850,euler_ramsey,0.5,2.5% Ramsey,risk_aversion,combined,0,18.36195582248577,1.8277473167668998
3851,euler_ramsey,0.5,1.5% Ramsey,risk_aversion,combined,0,821.6953444808793,0.83319451833741
3851,euler_ramsey,0.5,2.0% Ramsey,risk_aversion,combined,0,558.689046993195,0.7608702034585189
3851,euler_ramsey,0.5,2.5% Ramsey,risk_aversion,combined,0,367.6926308197185,0.7014176798538911
3852,euler_ramsey,0.5,1.5% Ramsey,risk_aversion,combined,0,731.2570450803423,1.3505368083862532
3852,euler_ramsey,0.5,2.0% Ramsey,risk_aversion,combined,0,576.6423912265153,1.3744957596652663
3852,euler_ramsey,0.5,2.5% Ramsey,risk_aversion,combined,0,431.20057402125127,1.3779305112967752
3853,euler_ramsey,0.5,1.5% Ramsey,risk_aversion,combined,0,-132.48585266279787,0.46532280884753724
3853,euler_ramsey,0.5,2.0% Ramsey,risk_aversion,combined,0,-68.65393987537482,0.3723696041806032
3853,euler_ramsey,0.5,2.5% Ramsey,risk_aversion,combined,0,-10.843432258676462,0.3098976733179164
3854,euler_ramsey,0.5,1.5% Ramsey,risk_aversion,combined,0,2134.102363231438,2.1615349513054185
3854,euler_ramsey,0.5,2.0% Ramsey,risk_aversion,combined,0,1325.1861383498754,2.4491091011959116
3854,euler_ramsey,0.5,2.5% Ramsey,risk_aversion,combined,0,834.4777956054292,2.66817544952196
3855,euler_ramsey,0.5,1.5% Ramsey,risk_aversion,combined,0,2350.4031804906595,0.38371062622554136
3855,euler_ramsey,0.5,2.0% Ramsey,risk_aversion,combined,0,1667.2612548098632,0.2944028790972101
3855,euler_ramsey,0.5,2.5% Ramsey,risk_aversion,combined,0,1117.9233488241002,0.23719262586261028
3856,euler_ramsey,0.5,1.5% Ramsey,risk_aversion,combined,0,395.19895737421086,1.5537169107782773
3856,euler_ramsey,0.5,2.0% Ramsey,risk_aversion,combined,0,327.92179225552667,1.6327994109222812
3856,euler_ramsey,0.5,2.5% Ramsey,risk_aversion,combined,0,259.31143910780463,1.6779751650767074
3857,euler_ramsey,0.5,1.5% Ramsey,risk_aversion,combined,0,-1396.6820259506471,0.37853855592862895
3857,euler_ramsey,0.5,2.0% Ramsey,risk_aversion,combined,0,-921.8323604218488,0.28936621600358864
3857,euler_ramsey,0.5,2.5% Ramsey,risk_aversion,combined,0,-590.2467651357548,0.23245012684609642
3858,euler_ramsey,0.5,1.5% Ramsey,risk_aversion,combined,0,-1183.078087728845,0.4238044248520448
3858,euler_ramsey,0.5,2.0% Ramsey,risk_aversion,combined,0,-742.801791249324,0.3321217814031752
3858,euler_ramsey,0.5,2.5% Ramsey,risk_aversion,combined,0,-468.6404854866523,0.27196389474218063
3859,euler_ramsey,0.5,1.5% Ramsey,risk_aversion,combined,0,480.9952787781238,1.2605466238216285
3859,euler_ramsey,0.5,2.0% Ramsey,risk_aversion,combined,0,449.60979470016326,1.2638685711754136
3859,euler_ramsey,0.5,2.5% Ramsey,risk_aversion,combined,0,374.45199024272813,1.2525846073205138
3860,euler_ramsey,0.5,1.5% Ramsey,risk_aversion,combined,0,288.3101551959266,0.9221708323913838
3860,euler_ramsey,0.5,2.0% Ramsey,risk_aversion,combined,0,295.8909882427273,0.861198436149832
3860,euler_ramsey,0.5,2.5% Ramsey,risk_aversion,combined,0,245.71955087561426,0.8077086210493147
3861,euler_ramsey,0.5,1.5% Ramsey,risk_aversion,combined,0,497.87450105746416,0.9304871793243797
3861,euler_ramsey,0.5,2.0% Ramsey,risk_aversion,combined,0,558.0334097910288,0.8710452400880659
3861,euler_ramsey,0.5,2.5% Ramsey,risk_aversion,combined,0,519.9373355176676,0.8184777197632579
3862,euler_ramsey,0.5,1.5% Ramsey,risk_aversion,combined,0,461.43694010709294,0.7837671028290513
3862,euler_ramsey,0.5,2.0% Ramsey,risk_aversion,combined,0,320.88149952815445,0.7052836677469676
3862,euler_ramsey,0.5,2.5% Ramsey,risk_aversion,combined,0,228.53791050266744,0.6427285792284132
3863,euler_ramsey,0.5,1.5% Ramsey,risk_aversion,combined,0,4363.055075618322,0.7287978746925797
3863,euler_ramsey,0.5,2.0% Ramsey,risk_aversion,combined,0,3737.7982723545915,0.6489553779205953
3863,euler_ramsey,0.5,2.5% Ramsey,risk_aversion,combined,0,2901.7341060039757,0.5869553027997515
3864,euler_ramsey,0.5,1.5% Ramsey,risk_aversion,combined,0,314.4419694684364,1.9684238637320564
3864,euler_ramsey,0.5,2.0% Ramsey,risk_aversion,combined,0,209.0004075643195,2.181814833317825
3864,euler_ramsey,0.5,2.5% Ramsey,risk_aversion,combined,0,149.20451093370198,2.336551868922205
3865,euler_ramsey,0.5,1.5% Ramsey,risk_aversion,combined,0,789.5783699840621,1.378393213154787
3865,euler_ramsey,0.5,2.0% Ramsey,risk_aversion,combined,0,657.0106812870073,1.4105151793084243
3865,euler_ramsey,0.5,2.5% Ramsey,risk_aversion,combined,0,504.02661933114285,1.4200966749508397
3866,euler_ramsey,0.5,1.5% Ramsey,risk_aversion,combined,0,-219.19798109386855,0.7119645460869456
3866,euler_ramsey,0.5,2.0% Ramsey,risk_aversion,combined,0,-191.3482612312748,0.6273434599622039
3866,euler_ramsey,0.5,2.5% Ramsey,risk_aversion,combined,0,-146.36997189612364,0.5624940828388522
3867,euler_ramsey,0.5,1.5% Ramsey,risk_aversion,combined,0,136.28050756671934,0.3131710080412071
3867,euler_ramsey,0.5,2.0% Ramsey,risk_aversion,combined,0,170.36523559293897,0.2293030886831953
3867,euler_ramsey,0.5,2.5% Ramsey,risk_aversion,combined,0,174.46322635209822,0.1781615583807886
3868,euler_ramsey,0.5,1.5% Ramsey,risk_aversion,combined,0,552.6895539073901,0.7783884322781451
3868,euler_ramsey,0.5,2.0% Ramsey,risk_aversion,combined,0,319.5336096565559,0.699679648232171
3868,euler_ramsey,0.5,2.5% Ramsey,risk_aversion,combined,0,203.59281873674223,0.6371337692504153
3869,euler_ramsey,0.5,1.5% Ramsey,risk_aversion,combined,0,658.3594159496985,0.8316716939855899
3869,euler_ramsey,0.5,2.0% Ramsey,risk_aversion,combined,0,593.0019921762466,0.7593940500647518
3869,euler_ramsey,0.5,2.5% Ramsey,risk_aversion,combined,0,484.0965260487643,0.7000177330905413
3870,euler_ramsey,0.5,1.5% Ramsey,risk_aversion,combined,0,741.6015576129471,2.6585303870281223
3870,euler_ramsey,0.5,2.0% Ramsey,risk_aversion,combined,0,638.7377752252601,3.1542004908953687
3870,euler_ramsey,0.5,2.5% Ramsey,risk_aversion,combined,0,503.84980725907235,3.5606236714341195
3871,euler_ramsey,0.5,1.5% Ramsey,risk_aversion,combined,0,482.59295613569583,1.2497370496387428
3871,euler_ramsey,0.5,2.0% Ramsey,risk_aversion,combined,0,365.01329299178974,1.2504807559846103
3871,euler_ramsey,0.5,2.5% Ramsey,risk_aversion,combined,0,270.4734475459336,1.2372302480332016
3872,euler_ramsey,0.5,1.5% Ramsey,risk_aversion,combined,0,-7.61579545093796,0.7174282802572485
3872,euler_ramsey,0.5,2.0% Ramsey,risk_aversion,combined,0,-17.69987445316932,0.6331765441283372
3872,euler_ramsey,0.5,2.5% Ramsey,risk_aversion,combined,0,-17.853532402923125,0.5684483456805971
3873,euler_ramsey,0.5,1.5% Ramsey,risk_aversion,combined,0,407.26227132524593,1.5364775733743186
3873,euler_ramsey,0.5,2.0% Ramsey,risk_aversion,combined,0,319.25506782015583,1.6114518817121253
3873,euler_ramsey,0.5,2.5% Ramsey,risk_aversion,combined,0,248.20763154300704,1.6536415633370216
3874,euler_ramsey,0.5,1.5% Ramsey,risk_aversion,combined,0,507.569002862543,1.027597871598601
3874,euler_ramsey,0.5,2.0% Ramsey,risk_aversion,combined,0,336.0578920536831,0.9853757385424659
3874,euler_ramsey,0.5,2.5% Ramsey,risk_aversion,combined,0,228.09563926959004,0.9435462137803026
3875,euler_ramsey,0.5,1.5% Ramsey,risk_aversion,combined,0,3261.0623399348806,0.3480224148210885
3875,euler_ramsey,0.5,2.0% Ramsey,risk_aversion,combined,0,1803.1812169965053,0.2611931276717746
3875,euler_ramsey,0.5,2.5% Ramsey,risk_aversion,combined,0,1112.6702216696528,0.20687280240196296
3876,euler_ramsey,0.5,1.5% Ramsey,risk_aversion,combined,0,1648.1054790569528,0.7392775694400321
3876,euler_ramsey,0.5,2.0% Ramsey,risk_aversion,combined,0,1577.3609856428934,0.6576942787082642
3876,euler_ramsey,0.5,2.5% Ramsey,risk_aversion,combined,0,1341.3030508830843,0.5942148066479875
3877,euler_ramsey,0.5,1.5% Ramsey,risk_aversion,combined,0,239.65558496610024,0.8874435294603158
3877,euler_ramsey,0.5,2.0% Ramsey,risk_aversion,combined,0,184.07211579142373,0.8233846043940523
3877,euler_ramsey,0.5,2.5% Ramsey,risk_aversion,combined,0,140.55455473538572,0.7684820750177543
3878,euler_ramsey,0.5,1.5% Ramsey,risk_aversion,combined,0,276.88368629393113,1.8032019994286654
3878,euler_ramsey,0.5,2.0% Ramsey,risk_aversion,combined,0,201.56417265710743,1.9594823796521206
3878,euler_ramsey,0.5,2.5% Ramsey,risk_aversion,combined,0,139.3820325670114,2.0664983733455733
3879,euler_ramsey,0.5,1.5% Ramsey,risk_aversion,combined,0,361.27415622069077,1.1508967468808895
3879,euler_ramsey,0.5,2.0% Ramsey,risk_aversion,combined,0,266.88769907013284,1.1300551074336647
3879,euler_ramsey,0.5,2.5% Ramsey,risk_aversion,combined,0,188.99121545665216,1.1018294905498371
3880,euler_ramsey,0.5,1.5% Ramsey,risk_aversion,combined,0,-176.56453343254177,0.49787143982077675
3880,euler_ramsey,0.5,2.0% Ramsey,risk_aversion,combined,0,-115.03821472903934,0.40472524133389015
3880,euler_ramsey,0.5,2.5% Ramsey,risk_aversion,combined,0,-52.52398552984324,0.34095636582960337
3881,euler_ramsey,0.5,1.5% Ramsey,risk_aversion,combined,0,927.4153703763627,0.9209335526040738
3881,euler_ramsey,0.5,2.0% Ramsey,risk_aversion,combined,0,793.8001924623214,0.8606992640616865
3881,euler_ramsey,0.5,2.5% Ramsey,risk_aversion,combined,0,603.3708584355318,0.8078106948987962
3882,euler_ramsey,0.5,1.5% Ramsey,risk_aversion,combined,0,1287.0960091055222,0.8540563087498436
3882,euler_ramsey,0.5,2.0% Ramsey,risk_aversion,combined,0,1061.1180245866801,0.7847649072308102
3882,euler_ramsey,0.5,2.5% Ramsey,risk_aversion,combined,0,772.2663195330891,0.7269325078544526
3883,euler_ramsey,0.5,1.5% Ramsey,risk_aversion,combined,0,2225.5676980934422,0.6797335310927297
3883,euler_ramsey,0.5,2.0% Ramsey,risk_aversion,combined,0,1427.9833630704177,0.5939852864186281
3883,euler_ramsey,0.5,2.5% Ramsey,risk_aversion,combined,0,927.0416888494204,0.5293009559169582
3884,euler_ramsey,0.5,1.5% Ramsey,risk_aversion,combined,0,179.9731959280173,1.0481222303318767
3884,euler_ramsey,0.5,2.0% Ramsey,risk_aversion,combined,0,147.5827751556245,1.0074510772352094
3884,euler_ramsey,0.5,2.5% Ramsey,risk_aversion,combined,0,116.19991992865734,0.966239649844855
3885,euler_ramsey,0.5,1.5% Ramsey,risk_aversion,combined,0,131.76580850127917,2.0954607280412123
3885,euler_ramsey,0.5,2.0% Ramsey,risk_aversion,combined,0,108.86281842639292,2.3552089605853364
3885,euler_ramsey,0.5,2.5% Ramsey,risk_aversion,combined,0,86.35306800202355,2.5494529758996913
3886,euler_ramsey,0.5,1.5% Ramsey,risk_aversion,combined,0,203.74057867651075,0.5481438994050885
3886,euler_ramsey,0.5,2.0% Ramsey,risk_aversion,combined,0,91.30142039569512,0.45531075395490356
3886,euler_ramsey,0.5,2.5% Ramsey,risk_aversion,combined,0,55.69408464680566,0.39002542812714247
3887,euler_ramsey,0.5,1.5% Ramsey,risk_aversion,combined,0,-296.2012399941291,0.7318902699218561
3887,euler_ramsey,0.5,2.0% Ramsey,risk_aversion,combined,0,-206.42925131759424,0.6487892291614609
3887,euler_ramsey,0.5,2.5% Ramsey,risk_aversion,combined,0,-131.19333602612195,0.5844362192336997
3888,euler_ramsey,0.5,1.5% Ramsey,risk_aversion,combined,0,2401.628543891383,0.38231251416937834
3888,euler_ramsey,0.5,2.0% Ramsey,risk_aversion,combined,0,1618.145950236949,0.29291373606570204
3888,euler_ramsey,0.5,2.5% Ramsey,risk_aversion,combined,0,1046.170871736244,0.23572033690251923
3889,euler_ramsey,0.5,1.5% Ramsey,risk_aversion,combined,0,120.33013849370823,1.1027171856270128
3889,euler_ramsey,0.5,2.0% Ramsey,risk_aversion,combined,0,96.00054641637573,1.072825073774154
3889,euler_ramsey,0.5,2.5% Ramsey,risk_aversion,combined,0,76.84444772825633,1.0386260300987427
3890,euler_ramsey,0.5,1.5% Ramsey,risk_aversion,combined,0,41.99554951781206,1.290723279249579
3890,euler_ramsey,0.5,2.0% Ramsey,risk_aversion,combined,0,31.515581913669692,1.3003866986736274
3890,euler_ramsey,0.5,2.5% Ramsey,risk_aversion,combined,0,23.454920038059708,1.2933952650721081
3891,euler_ramsey,0.5,1.5% Ramsey,risk_aversion,combined,0,-1527.930178226268,0.393201299623997
3891,euler_ramsey,0.5,2.0% Ramsey,risk_aversion,combined,0,-1189.6831970703163,0.3030254436941728
3891,euler_ramsey,0.5,2.5% Ramsey,risk_aversion,combined,0,-817.5206900478054,0.2449487936061348
3892,euler_ramsey,0.5,1.5% Ramsey,risk_aversion,combined,0,702.8247755770046,0.6514363845711314
3892,euler_ramsey,0.5,2.0% Ramsey,risk_aversion,combined,0,625.9407618443531,0.5634218619168132
3892,euler_ramsey,0.5,2.5% Ramsey,risk_aversion,combined,0,477.8603026400984,0.4980889976230008
3893,euler_ramsey,0.5,1.5% Ramsey,risk_aversion,combined,0,562.0445398088846,0.7592349723387689
3893,euler_ramsey,0.5,2.0% Ramsey,risk_aversion,combined,0,422.4325176263764,0.6803451039846375
3893,euler_ramsey,0.5,2.5% Ramsey,risk_aversion,combined,0,306.4480923763665,0.6181477238363239
3894,euler_ramsey,0.5,1.5% Ramsey,risk_aversion,combined,0,-2562.741647787979,0.28582811865260616
3894,euler_ramsey,0.5,2.0% Ramsey,risk_aversion,combined,0,-1047.1836149172614,0.20505168672571705
3894,euler_ramsey,0.5,2.5% Ramsey,risk_aversion,combined,0,-591.3457508048025,0.15681997035704107
3895,euler_ramsey,0.5,1.5% Ramsey,risk_aversion,combined,0,1543.0809545758455,0.4495942124039366
3895,euler_ramsey,0.5,2.0% Ramsey,risk_aversion,combined,0,1430.0508246561901,0.3571635574692347
3895,euler_ramsey,0.5,2.5% Ramsey,risk_aversion,combined,0,1140.9975360735311,0.2955811336076004
3896,euler_ramsey,0.5,1.5% Ramsey,risk_aversion,combined,0,295.0365437652159,1.338652519328353
3896,euler_ramsey,0.5,2.0% Ramsey,risk_aversion,combined,0,215.53212674080604,1.3602639786282094
3896,euler_ramsey,0.5,2.5% Ramsey,risk_aversion,combined,0,156.61217001186645,1.3620077785184759
3897,euler_ramsey,0.5,1.5% Ramsey,risk_aversion,combined,0,315.1210471723179,2.186223394183675
3897,euler_ramsey,0.5,2.0% Ramsey,risk_aversion,combined,0,233.40754452910355,2.480770771862072
3897,euler_ramsey,0.5,2.5% Ramsey,risk_aversion,combined,0,171.37720962515596,2.70528222808403
3898,euler_ramsey,0.5,1.5% Ramsey,risk_aversion,combined,0,335.75428714010343,1.6925391133464607
3898,euler_ramsey,0.5,2.0% Ramsey,risk_aversion,combined,0,250.07544630752642,1.8130964234363516
3898,euler_ramsey,0.5,2.5% Ramsey,risk_aversion,combined,0,185.87676138653725,1.8911161079137055
3899,euler_ramsey,0.5,1.5% Ramsey,risk_aversion,combined,0,-925.3615995312289,0.6612468170567029
3899,euler_ramsey,0.5,2.0% Ramsey,risk_aversion,combined,0,-510.27667134053974,0.572848591224398
3899,euler_ramsey,0.5,2.5% Ramsey,risk_aversion,combined,0,-313.34082785419776,0.5069207381364481
3900,euler_ramsey,0.5,1.5% Ramsey,risk_aversion,combined,0,-1019.2456021998439,0.7685650103263308
3900,euler_ramsey,0.5,2.0% Ramsey,risk_aversion,combined,0,-746.6604179466576,0.6898705890500424
3900,euler_ramsey,0.5,2.5% Ramsey,risk_aversion,combined,0,-459.34545868587867,0.6276076925719167
3901,euler_ramsey,0.5,1.5% Ramsey,risk_aversion,combined,0,3458.794310460546,0.22548051474838088
3901,euler_ramsey,0.5,2.0% Ramsey,risk_aversion,combined,0,1517.7973129289267,0.15351714067810981
3901,euler_ramsey,0.5,2.5% Ramsey,risk_aversion,combined,0,860.0172758422228,0.11276715267975226
3902,euler_ramsey,0.5,1.5% Ramsey,risk_aversion,combined,0,1389.451033546386,0.8844402225265836
3902,euler_ramsey,0.5,2.0% Ramsey,risk_aversion,combined,0,1194.5309841088915,0.8199262442966887
3902,euler_ramsey,0.5,2.5% Ramsey,risk_aversion,combined,0,956.1435007217325,0.7647975862559252
3903,euler_ramsey,0.5,1.5% Ramsey,risk_aversion,combined,0,443.9636767143419,2.6423625139991103
3903,euler_ramsey,0.5,2.0% Ramsey,risk_aversion,combined,0,320.055116624957,3.129908632968186
3903,euler_ramsey,0.5,2.5% Ramsey,risk_aversion,combined,0,223.95486802936674,3.528664617854048
3904,euler_ramsey,0.5,1.5% Ramsey,risk_aversion,combined,0,502.6353256271875,1.6876076108098377
3904,euler_ramsey,0.5,2.0% Ramsey,risk_aversion,combined,0,388.4128679934102,1.8067941092425628
3904,euler_ramsey,0.5,2.5% Ramsey,risk_aversion,combined,0,279.8568574153731,1.8836783929729544
3905,euler_ramsey,0.5,1.5% Ramsey,risk_aversion,combined,0,111.64059470234184,0.8158319272422815
3905,euler_ramsey,0.5,2.0% Ramsey,risk_aversion,combined,0,92.81315835290343,0.74137053513851
3905,euler_ramsey,0.5,2.5% Ramsey,risk_aversion,combined,0,73.13650112915394,0.6807980823717923
3906,euler_ramsey,0.5,1.5% Ramsey,risk_aversion,combined,0,817.0040123609522,0.9186886145253936
3906,euler_ramsey,0.5,2.0% Ramsey,risk_aversion,combined,0,590.8636071900488,0.8575509699524926
3906,euler_ramsey,0.5,2.5% Ramsey,risk_aversion,combined,0,389.7314908518648,0.8040468947472426
3907,euler_ramsey,0.5,1.5% Ramsey,risk_aversion,combined,0,-1638.160081547601,0.35331977681651283
3907,euler_ramsey,0.5,2.0% Ramsey,risk_aversion,combined,0,-880.0981251688044,0.2658194262725143
3907,euler_ramsey,0.5,2.5% Ramsey,risk_aversion,combined,0,-529.0815867582506,0.21091263784480727
3908,euler_ramsey,0.5,1.5% Ramsey,risk_aversion,combined,0,704.843552862924,1.1196365514385636
3908,euler_ramsey,0.5,2.0% Ramsey,risk_aversion,combined,0,468.11721619507165,1.0941722312142903
3908,euler_ramsey,0.5,2.5% Ramsey,risk_aversion,combined,0,308.5937448373144,1.0631223255582132
3909,euler_ramsey,0.5,1.5% Ramsey,risk_aversion,combined,0,448.72053404761044,0.4922328934698421
3909,euler_ramsey,0.5,2.0% Ramsey,risk_aversion,combined,0,286.6041664032833,0.3990853569976475
3909,euler_ramsey,0.5,2.5% Ramsey,risk_aversion,combined,0,205.61901031464126,0.33552143688392677
3910,euler_ramsey,0.5,1.5% Ramsey,risk_aversion,combined,0,299.8373434386053,1.4398784577292394
3910,euler_ramsey,0.5,2.0% Ramsey,risk_aversion,combined,0,224.06021554101903,1.4875856563764531
3910,euler_ramsey,0.5,2.5% Ramsey,risk_aversion,combined,0,164.22182991896346,1.5087128407855914
3911,euler_ramsey,0.5,1.5% Ramsey,risk_aversion,combined,0,-1958.843796830655,0.19078967482918222
3911,euler_ramsey,0.5,2.0% Ramsey,risk_aversion,combined,0,-730.4773313957265,0.12494699048360283
3911,euler_ramsey,0.5,2.5% Ramsey,risk_aversion,combined,0,-392.06532379887324,0.08905083948973826
3912,euler_ramsey,0.5,1.5% Ramsey,risk_aversion,combined,0,1118.8531545131718,0.7081020959408906
3912,euler_ramsey,0.5,2.0% Ramsey,risk_aversion,combined,0,889.9118609904228,0.6231588360419337
3912,euler_ramsey,0.5,2.5% Ramsey,risk_aversion,combined,0,692.1325711973107,0.55821880037537
3913,euler_ramsey,0.5,1.5% Ramsey,risk_aversion,combined,0,3955.2045607423534,0.41716816306217624
3913,euler_ramsey,0.5,2.0% Ramsey,risk_aversion,combined,0,2620.826954554404,0.32658195148310987
3913,euler_ramsey,0.5,2.5% Ramsey,risk_aversion,combined,0,1731.374429889021,0.26728027422637685
3914,euler_ramsey,0.5,1.5% Ramsey,risk_aversion,combined,0,416.9703980695481,0.9253822282120245
3914,euler_ramsey,0.5,2.0% Ramsey,risk_aversion,combined,0,303.9948512458735,0.8655113477079226
3914,euler_ramsey,0.5,2.5% Ramsey,risk_aversion,combined,0,211.62535272670692,0.8127541992132777
3915,euler_ramsey,0.5,1.5% Ramsey,risk_aversion,combined,0,714.4215920044403,1.1264935145687756
3915,euler_ramsey,0.5,2.0% Ramsey,risk_aversion,combined,0,585.806434379771,1.1013088401638642
3915,euler_ramsey,0.5,2.5% Ramsey,risk_aversion,combined,0,445.0784898687657,1.070295367846155
3916,euler_ramsey,0.5,1.5% Ramsey,risk_aversion,combined,0,1090.105568391214,1.0999455644005103
3916,euler_ramsey,0.5,2.0% Ramsey,risk_aversion,combined,0,836.8684659395689,1.0699598572478444
3916,euler_ramsey,0.5,2.5% Ramsey,risk_aversion,combined,0,630.1663552976988,1.0358393834608248
3917,euler_ramsey,0.5,1.5% Ramsey,risk_aversion,combined,0,-17.86215986536971,0.566111725593951
3917,euler_ramsey,0.5,2.0% Ramsey,risk_aversion,combined,0,-12.924697861571673,0.4736796412730353
3917,euler_ramsey,0.5,2.5% Ramsey,risk_aversion,combined,0,-6.774833782111913,0.40805576427725765
3918,euler_ramsey,0.5,1.5% Ramsey,risk_aversion,combined,0,200.94515683635007,2.2920608579766473
3918,euler_ramsey,0.5,2.0% Ramsey,risk_aversion,combined,0,166.48627798037717,2.628622660593921
3918,euler_ramsey,0.5,2.5% Ramsey,risk_aversion,combined,0,129.74732680939368,2.890060222281218
3919,euler_ramsey,0.5,1.5% Ramsey,risk_aversion,combined,0,1624.8484320250889,1.1223464613091072
3919,euler_ramsey,0.5,2.0% Ramsey,risk_aversion,combined,0,1319.08441918871,1.0975159476458969
3919,euler_ramsey,0.5,2.5% Ramsey,risk_aversion,combined,0,992.2138123054337,1.066940168296089
3920,euler_ramsey,0.5,1.5% Ramsey,risk_aversion,combined,0,6451.124891369369,0.3044560118446161
3920,euler_ramsey,0.5,2.0% Ramsey,risk_aversion,combined,0,4379.177893635445,0.22231816385749822
3920,euler_ramsey,0.5,2.5% Ramsey,risk_aversion,combined,0,2990.9277237301694,0.17243399948412258
3921,euler_ramsey,0.5,1.5% Ramsey,risk_aversion,combined,0,479.79625832277975,0.6385798422906409
3921,euler_ramsey,0.5,2.0% Ramsey,risk_aversion,combined,0,434.3682475592406,0.5492201924818165
3921,euler_ramsey,0.5,2.5% Ramsey,risk_aversion,combined,0,342.11027111009355,0.48332312411416506
3922,euler_ramsey,0.5,1.5% Ramsey,risk_aversion,combined,0,2071.502138842113,0.5799769458836094
3922,euler_ramsey,0.5,2.0% Ramsey,risk_aversion,combined,0,3969.2066503812207,0.48867538679130595
3922,euler_ramsey,0.5,2.5% Ramsey,risk_aversion,combined,0,5406.125842280855,0.42332198621741957
3923,euler_ramsey,0.5,1.5% Ramsey,risk_aversion,combined,0,1540.0615530259915,1.079179085452552
3923,euler_ramsey,0.5,2.0% Ramsey,risk_aversion,combined,0,1159.2384904090572,1.044476511036488
3923,euler_ramsey,0.5,2.5% Ramsey,risk_aversion,combined,0,798.2723832132737,1.0071618108101303
3924,euler_ramsey,0.5,1.5% Ramsey,risk_aversion,combined,0,170.56962677695714,1.030658341728322
3924,euler_ramsey,0.5,2.0% Ramsey,risk_aversion,combined,0,138.57839291328062,0.9878246994460703
3924,euler_ramsey,0.5,2.5% Ramsey,risk_aversion,combined,0,102.46338561117395,0.9453305424858205
3925,euler_ramsey,0.5,1.5% Ramsey,risk_aversion,combined,0,1486.59093960116,0.9212746778162298
3925,euler_ramsey,0.5,2.0% Ramsey,risk_aversion,combined,0,1153.0066368761218,0.8611089308256561
3925,euler_ramsey,0.5,2.5% Ramsey,risk_aversion,combined,0,856.8770132208946,0.8082902058250969
3926,euler_ramsey,0.5,1.5% Ramsey,risk_aversion,combined,0,204.99005533204263,0.7186978800774647
3926,euler_ramsey,0.5,2.0% Ramsey,risk_aversion,combined,0,135.7522541477058,0.6343687072648435
3926,euler_ramsey,0.5,2.5% Ramsey,risk_aversion,combined,0,89.10038079963368,0.5695602022341532
3927,euler_ramsey,0.5,1.5% Ramsey,risk_aversion,combined,0,592.0238020421081,0.9430401314503006
3927,euler_ramsey,0.5,2.0% Ramsey,risk_aversion,combined,0,386.31737034832145,0.8860002446599702
3927,euler_ramsey,0.5,2.5% Ramsey,risk_aversion,combined,0,238.93517322395093,0.8349326935043118
3928,euler_ramsey,0.5,1.5% Ramsey,risk_aversion,combined,0,2083.0911586290586,0.8033025052831356
3928,euler_ramsey,0.5,2.0% Ramsey,risk_aversion,combined,0,1690.1722842190634,0.7277954304632727
3928,euler_ramsey,0.5,2.5% Ramsey,risk_aversion,combined,0,1193.2667360979672,0.6668294370325799
3929,euler_ramsey,0.5,1.5% Ramsey,risk_aversion,combined,0,963.6563863131821,1.337106505503965
3929,euler_ramsey,0.5,2.0% Ramsey,risk_aversion,combined,0,771.3481158203872,1.3588551441435313
3929,euler_ramsey,0.5,2.5% Ramsey,risk_aversion,combined,0,555.4750398531486,1.3607657923674539
3930,euler_ramsey,0.5,1.5% Ramsey,risk_aversion,combined,0,15147.86620103856,0.1741164525086706
3930,euler_ramsey,0.5,2.0% Ramsey,risk_aversion,combined,0,4782.5864178824695,0.11194339178496034
3930,euler_ramsey,0.5,2.5% Ramsey,risk_aversion,combined,0,2368.440116073038,0.07866938123851115
3931,euler_ramsey,0.5,1.5% Ramsey,risk_aversion,combined,0,425.88345777421074,1.6291578900034147
3931,euler_ramsey,0.5,2.0% Ramsey,risk_aversion,combined,0,364.4128975797741,1.730951638192269
3931,euler_ramsey,0.5,2.5% Ramsey,risk_aversion,combined,0,289.9354754577875,1.7940542128603716
3932,euler_ramsey,0.5,1.5% Ramsey,risk_aversion,combined,0,-329.4190475079734,0.9346525339881486
3932,euler_ramsey,0.5,2.0% Ramsey,risk_aversion,combined,0,-213.7035588569213,0.8755991793072812
3932,euler_ramsey,0.5,2.5% Ramsey,risk_aversion,combined,0,-139.39451481629786,0.8231998462370809
3933,euler_ramsey,0.5,1.5% Ramsey,risk_aversion,combined,0,126.80247245091897,1.430640742291178
3933,euler_ramsey,0.5,2.0% Ramsey,risk_aversion,combined,0,115.06356331317373,1.4759780290077782
3933,euler_ramsey,0.5,2.5% Ramsey,risk_aversion,combined,0,96.35116097740081,1.4953471315134044
3934,euler_ramsey,0.5,1.5% Ramsey,risk_aversion,combined,0,161.8258307800514,2.16045951360761
3934,euler_ramsey,0.5,2.0% Ramsey,risk_aversion,combined,0,114.73738393959377,2.445036639205716
3934,euler_ramsey,0.5,2.5% Ramsey,risk_aversion,combined,0,79.74139526022107,2.660847965109193
3935,euler_ramsey,0.5,1.5% Ramsey,risk_aversion,combined,0,220.79628811647407,2.0787756982375196
3935,euler_ramsey,0.5,2.0% Ramsey,risk_aversion,combined,0,127.80273705800732,2.3322369923639426
3935,euler_ramsey,0.5,2.5% Ramsey,risk_aversion,combined,0,80.9981323168254,2.5210642784311124
3936,euler_ramsey,0.5,1.5% Ramsey,risk_aversion,combined,0,-815.7916118034659,0.5015223112776427
3936,euler_ramsey,0.5,2.0% Ramsey,risk_aversion,combined,0,-649.5581390878057,0.4084097567234009
3936,euler_ramsey,0.5,2.5% Ramsey,risk_aversion,combined,0,-470.24671527374403,0.34452738134760835
3937,euler_ramsey,0.5,1.5% Ramsey,risk_aversion,combined,0,1114.9424439076681,0.7072727845855319
3937,euler_ramsey,0.5,2.0% Ramsey,risk_aversion,combined,0,789.1900733417863,0.6218723978396338
3937,euler_ramsey,0.5,2.5% Ramsey,risk_aversion,combined,0,532.7800559199068,0.5566426319140554
3938,euler_ramsey,0.5,1.5% Ramsey,risk_aversion,combined,0,8113.5264609327405,0.39773501332271155
3938,euler_ramsey,0.5,2.0% Ramsey,risk_aversion,combined,0,7803.672529030139,0.30883961282987155
3938,euler_ramsey,0.5,2.5% Ramsey,risk_aversion,combined,0,6261.443312242445,0.2512379864129491
3939,euler_ramsey,0.5,1.5% Ramsey,risk_aversion,combined,0,-146.83707970958096,1.2901686974859137
3939,euler_ramsey,0.5,2.0% Ramsey,risk_aversion,combined,0,-114.29975132743647,1.2997934560526674
3939,euler_ramsey,0.5,2.5% Ramsey,risk_aversion,combined,0,-75.17954851223966,1.292765496904661
3940,euler_ramsey,0.5,1.5% Ramsey,risk_aversion,combined,0,17580.752334879526,0.18701491489687316
3940,euler_ramsey,0.5,2.0% Ramsey,risk_aversion,combined,0,11712.21491081695,0.12248376821509009
3940,euler_ramsey,0.5,2.5% Ramsey,risk_aversion,combined,0,7160.739922874231,0.08733829523707286
3941,euler_ramsey,0.5,1.5% Ramsey,risk_aversion,combined,0,1701.0995475906461,0.7183313857895635
3941,euler_ramsey,0.5,2.0% Ramsey,risk_aversion,combined,0,1421.8980332074086,0.6347956107779578
3941,euler_ramsey,0.5,2.5% Ramsey,risk_aversion,combined,0,1108.4927634585201,0.5705231813668107
3942,euler_ramsey,0.5,1.5% Ramsey,risk_aversion,combined,0,482.2978740422805,1.3372034834030297
3942,euler_ramsey,0.5,2.0% Ramsey,risk_aversion,combined,0,276.09665199513347,1.3581257424998823
3942,euler_ramsey,0.5,2.5% Ramsey,risk_aversion,combined,0,194.39987152937888,1.3593164461185419
3943,euler_ramsey,0.5,1.5% Ramsey,risk_aversion,combined,0,635.2052941977344,1.321593250871238
3943,euler_ramsey,0.5,2.0% Ramsey,risk_aversion,combined,0,452.24848387397674,1.3393220441803064
3943,euler_ramsey,0.5,2.5% Ramsey,risk_aversion,combined,0,327.31135397923447,1.3382751622825018
3944,euler_ramsey,0.5,1.5% Ramsey,risk_aversion,combined,0,531.3238520309537,0.5786377243071329
3944,euler_ramsey,0.5,2.0% Ramsey,risk_aversion,combined,0,402.0124113188528,0.4867662469326409
3944,euler_ramsey,0.5,2.5% Ramsey,risk_aversion,combined,0,289.1617616970663,0.4210924712033353
3945,euler_ramsey,0.5,1.5% Ramsey,risk_aversion,combined,0,829.138586630265,0.8143881974207174
3945,euler_ramsey,0.5,2.0% Ramsey,risk_aversion,combined,0,479.4740017390896,0.7408601422387063
3945,euler_ramsey,0.5,2.5% Ramsey,risk_aversion,combined,0,304.2273325822382,0.681094841281571
3946,euler_ramsey,0.5,1.5% Ramsey,risk_aversion,combined,0,-354.1065455532289,0.7420454353302316
3946,euler_ramsey,0.5,2.0% Ramsey,risk_aversion,combined,0,-257.9348993928891,0.6607133813843641
3946,euler_ramsey,0.5,2.5% Ramsey,risk_aversion,combined,0,-166.2760705742445,0.5973202819440139
3947,euler_ramsey,0.5,1.5% Ramsey,risk_aversion,combined,0,220.1259576098296,1.4318282570276044
3947,euler_ramsey,0.5,2.0% Ramsey,risk_aversion,combined,0,203.62450444463562,1.4775126111681323
3947,euler_ramsey,0.5,2.5% Ramsey,risk_aversion,combined,0,170.38746332613238,1.4971618308965806
3948,euler_ramsey,0.5,1.5% Ramsey,risk_aversion,combined,0,182.24711656028845,0.8934884903480559
3948,euler_ramsey,0.5,2.0% Ramsey,risk_aversion,combined,0,125.01545891095532,0.8296987502453739
3948,euler_ramsey,0.5,2.5% Ramsey,risk_aversion,combined,0,83.44469200087282,0.7749426101240766
3949,euler_ramsey,0.5,1.5% Ramsey,risk_aversion,combined,0,1003.8513734312306,1.368627361999401
3949,euler_ramsey,0.5,2.0% Ramsey,risk_aversion,combined,0,723.3673957069573,1.3983121535305152
3949,euler_ramsey,0.5,2.5% Ramsey,risk_aversion,combined,0,507.7526061407889,1.406110590379955
3950,euler_ramsey,0.5,1.5% Ramsey,risk_aversion,combined,0,502.74010900337646,0.8868509850585747
3950,euler_ramsey,0.5,2.0% Ramsey,risk_aversion,combined,0,413.7848965307506,0.8213876228623418
3950,euler_ramsey,0.5,2.5% Ramsey,risk_aversion,combined,0,322.1050222616885,0.7655310102548482
3951,euler_ramsey,0.5,1.5% Ramsey,risk_aversion,combined,0,914.1268411874813,0.8716957508615868
3951,euler_ramsey,0.5,2.0% Ramsey,risk_aversion,combined,0,717.6052548014567,0.8040833977255283
3951,euler_ramsey,0.5,2.5% Ramsey,risk_aversion,combined,0,516.472791901392,0.7470435032647766
3952,euler_ramsey,0.5,1.5% Ramsey,risk_aversion,combined,0,644.369543861944,0.6791160944255156
3952,euler_ramsey,0.5,2.0% Ramsey,risk_aversion,combined,0,555.1463467728095,0.5926004115176986
3952,euler_ramsey,0.5,2.5% Ramsey,risk_aversion,combined,0,439.65295715965,0.527452695637044
3953,euler_ramsey,0.5,1.5% Ramsey,risk_aversion,combined,0,160.6032272176449,1.318307326371878
3953,euler_ramsey,0.5,2.0% Ramsey,risk_aversion,combined,0,138.74660079996804,1.3354426459930624
3953,euler_ramsey,0.5,2.5% Ramsey,risk_aversion,combined,0,115.93417120100791,1.3340146948771254
3954,euler_ramsey,0.5,1.5% Ramsey,risk_aversion,combined,0,-491.26443839562296,0.5933140467963786
3954,euler_ramsey,0.5,2.0% Ramsey,risk_aversion,combined,0,-419.9665987595639,0.5015480003560836
3954,euler_ramsey,0.5,2.5% Ramsey,risk_aversion,combined,0,-313.74860099859853,0.4354845150276883
3955,euler_ramsey,0.5,1.5% Ramsey,risk_aversion,combined,0,1243.4694377055835,0.3312589482641922
3955,euler_ramsey,0.5,2.0% Ramsey,risk_aversion,combined,0,687.2355689855646,0.2455921602311321
3955,euler_ramsey,0.5,2.5% Ramsey,risk_aversion,combined,0,381.0721179454268,0.19266464907303957
3956,euler_ramsey,0.5,1.5% Ramsey,risk_aversion,combined,0,1318.896406198566,1.2808045022896442
3956,euler_ramsey,0.5,2.0% Ramsey,risk_aversion,combined,0,810.8144093161573,1.28974313616886
3956,euler_ramsey,0.5,2.5% Ramsey,risk_aversion,combined,0,528.4999085761734,1.2825283673536922
3957,euler_ramsey,0.5,1.5% Ramsey,risk_aversion,combined,0,691.15445767395,0.588023528024427
3957,euler_ramsey,0.5,2.0% Ramsey,risk_aversion,combined,0,527.8215955883641,0.49608424692252184
3957,euler_ramsey,0.5,2.5% Ramsey,risk_aversion,combined,0,383.45374219768456,0.4300850355634743
3958,euler_ramsey,0.5,1.5% Ramsey,risk_aversion,combined,0,-414.0663404852737,1.364289139678891
3958,euler_ramsey,0.5,2.0% Ramsey,risk_aversion,combined,0,-272.5875042406594,1.3921331605553082
3958,euler_ramsey,0.5,2.5% Ramsey,risk_aversion,combined,0,-173.5595782816308,1.3984044780656495
3959,euler_ramsey,0.5,1.5% Ramsey,risk_aversion,combined,0,692.2855110977592,0.9109644324320273
3959,euler_ramsey,0.5,2.0% Ramsey,risk_aversion,combined,0,420.699722509477,0.8499629235564081
3959,euler_ramsey,0.5,2.5% Ramsey,risk_aversion,combined,0,267.22759203500254,0.7968580883420303
3960,euler_ramsey,0.5,1.5% Ramsey,risk_aversion,combined,0,250.84402137837023,2.6911615754567206
3960,euler_ramsey,0.5,2.0% Ramsey,risk_aversion,combined,0,149.49518843379695,3.2002520287745004
3960,euler_ramsey,0.5,2.5% Ramsey,risk_aversion,combined,0,91.3095421739775,3.618745961295552
3961,euler_ramsey,0.5,1.5% Ramsey,risk_aversion,combined,0,626.3376188459082,0.9211694410463207
3961,euler_ramsey,0.5,2.0% Ramsey,risk_aversion,combined,0,471.77173051506884,0.8603332638714586
3961,euler_ramsey,0.5,2.5% Ramsey,risk_aversion,combined,0,328.5209759627674,0.8069950490756869
3962,euler_ramsey,0.5,1.5% Ramsey,risk_aversion,combined,0,174.12096065329652,0.29674949150652724
3962,euler_ramsey,0.5,2.0% Ramsey,risk_aversion,combined,0,85.80336508682853,0.21462638213073934
3962,euler_ramsey,0.5,2.5% Ramsey,risk_aversion,combined,0,43.97465228646107,0.1651768220137089
3963,euler_ramsey,0.5,1.5% Ramsey,risk_aversion,combined,0,438.61742672340694,1.6006116294028638
3963,euler_ramsey,0.5,2.0% Ramsey,risk_aversion,combined,0,325.7119776738115,1.6942832874791895
3963,euler_ramsey,0.5,2.5% Ramsey,risk_aversion,combined,0,246.5301742399611,1.751060197951803
3964,euler_ramsey,0.5,1.5% Ramsey,risk_aversion,combined,0,1365.8611936906843,1.0822756431416782
3964,euler_ramsey,0.5,2.0% Ramsey,risk_aversion,combined,0,1033.8102454794753,1.0486633920384527
3964,euler_ramsey,0.5,2.5% Ramsey,risk_aversion,combined,0,738.3488126886065,1.0121531823052086
3965,euler_ramsey,0.5,1.5% Ramsey,risk_aversion,combined,0,392.92592417082443,1.0800684767443065
3965,euler_ramsey,0.5,2.0% Ramsey,risk_aversion,combined,0,286.897379916216,1.0449221022364743
3965,euler_ramsey,0.5,2.5% Ramsey,risk_aversion,combined,0,206.84629064787933,1.0071518365263994
3966,euler_ramsey,0.5,1.5% Ramsey,risk_aversion,combined,0,687.9874745330653,1.0113620826398335
3966,euler_ramsey,0.5,2.0% Ramsey,risk_aversion,combined,0,308.1436756255162,0.9644666713797838
3966,euler_ramsey,0.5,2.5% Ramsey,risk_aversion,combined,0,152.16127831528306,0.9193201388002239
3967,euler_ramsey,0.5,1.5% Ramsey,risk_aversion,combined,0,319.59524402356715,0.5899567328567538
3967,euler_ramsey,0.5,2.0% Ramsey,risk_aversion,combined,0,244.70675907367368,0.49842941894511933
3967,euler_ramsey,0.5,2.5% Ramsey,risk_aversion,combined,0,172.0474958597681,0.4326148656075189
3968,euler_ramsey,0.5,1.5% Ramsey,risk_aversion,combined,0,153.53782772054967,2.7084895071395527
3968,euler_ramsey,0.5,2.0% Ramsey,risk_aversion,combined,0,102.76199013641063,3.224956342539972
3968,euler_ramsey,0.5,2.5% Ramsey,risk_aversion,combined,0,72.12094927977728,3.6501191771439254
3969,euler_ramsey,0.5,1.5% Ramsey,risk_aversion,combined,0,-19.433043359244568,1.596584446830188
3969,euler_ramsey,0.5,2.0% Ramsey,risk_aversion,combined,0,-5.2134774101698,1.68798155401854
3969,euler_ramsey,0.5,2.5% Ramsey,risk_aversion,combined,0,7.017694175027836,1.7428066779681093
3970,euler_ramsey,0.5,1.5% Ramsey,risk_aversion,combined,0,414.31907225223495,0.8428016296996335
3970,euler_ramsey,0.5,2.0% Ramsey,risk_aversion,combined,0,299.57113275661106,0.7722933742217175
3970,euler_ramsey,0.5,2.5% Ramsey,risk_aversion,combined,0,210.32721182462748,0.7139253780962169
3971,euler_ramsey,0.5,1.5% Ramsey,risk_aversion,combined,0,1441.612218478719,1.1213601023509077
3971,euler_ramsey,0.5,2.0% Ramsey,risk_aversion,combined,0,1074.731134428415,1.0955785401395288
3971,euler_ramsey,0.5,2.5% Ramsey,risk_aversion,combined,0,760.4857893008747,1.064210247306699
3972,euler_ramsey,0.5,1.5% Ramsey,risk_aversion,combined,0,726.4761660140953,0.5072681629105316
3972,euler_ramsey,0.5,2.0% Ramsey,risk_aversion,combined,0,587.3938631811712,0.4141784671974605
3972,euler_ramsey,0.5,2.5% Ramsey,risk_aversion,combined,0,419.67261344512167,0.3501107747178031
3973,euler_ramsey,0.5,1.5% Ramsey,risk_aversion,combined,0,130.0864310448057,0.4902927956056654
3973,euler_ramsey,0.5,2.0% Ramsey,risk_aversion,combined,0,134.28498132884891,0.39719382997740765
3973,euler_ramsey,0.5,2.5% Ramsey,risk_aversion,combined,0,125.44372718050217,0.3337214373615122
3974,euler_ramsey,0.5,1.5% Ramsey,risk_aversion,combined,0,492.77057521371694,1.020010507264458
3974,euler_ramsey,0.5,2.0% Ramsey,risk_aversion,combined,0,417.68208936648114,0.9754187827524221
3974,euler_ramsey,0.5,2.5% Ramsey,risk_aversion,combined,0,320.6584951135501,0.9318710806561716
3975,euler_ramsey,0.5,1.5% Ramsey,risk_aversion,combined,0,-2642.978844950586,0.10555998307683523
3975,euler_ramsey,0.5,2.0% Ramsey,risk_aversion,combined,0,-925.4420347900341,0.060515887539897055
3975,euler_ramsey,0.5,2.5% Ramsey,risk_aversion,combined,0,-442.5500064031552,0.03891115963216293
3976,euler_ramsey,0.5,1.5% Ramsey,risk_aversion,combined,0,-256.3334949177625,0.7464942425541862
3976,euler_ramsey,0.5,2.0% Ramsey,risk_aversion,combined,0,-171.24743880142557,0.6649017074098786
3976,euler_ramsey,0.5,2.5% Ramsey,risk_aversion,combined,0,-112.17545688841368,0.601169695526507
3977,euler_ramsey,0.5,1.5% Ramsey,risk_aversion,combined,0,1004.1336117955732,0.820853278229171
3977,euler_ramsey,0.5,2.0% Ramsey,risk_aversion,combined,0,843.476818489625,0.7472377631327114
3977,euler_ramsey,0.5,2.5% Ramsey,risk_aversion,combined,0,655.6649450968899,0.687163500900403
3978,euler_ramsey,0.5,1.5% Ramsey,risk_aversion,combined,0,711.6868540592786,0.6121785176518779
3978,euler_ramsey,0.5,2.0% Ramsey,risk_aversion,combined,0,597.6222926058962,0.5216578558544877
3978,euler_ramsey,0.5,2.5% Ramsey,risk_aversion,combined,0,468.53430758178234,0.45580711526710704
3979,euler_ramsey,0.5,1.5% Ramsey,risk_aversion,combined,0,583.4168135200821,1.355507026460604
3979,euler_ramsey,0.5,2.0% Ramsey,risk_aversion,combined,0,521.7674681288211,1.381285824021512
3979,euler_ramsey,0.5,2.5% Ramsey,risk_aversion,combined,0,419.3098804810911,1.3861016862016944
3980,euler_ramsey,0.5,1.5% Ramsey,risk_aversion,combined,0,1124.783954299843,1.059673431345699
3980,euler_ramsey,0.5,2.0% Ramsey,risk_aversion,combined,0,1051.0420839958306,1.021908274879526
3980,euler_ramsey,0.5,2.5% Ramsey,risk_aversion,combined,0,866.7038233899546,0.9827397047623656
3981,euler_ramsey,0.5,1.5% Ramsey,risk_aversion,combined,0,-3317.3519825275566,0.1329085333733163
3981,euler_ramsey,0.5,2.0% Ramsey,risk_aversion,combined,0,-2411.2182906921794,0.08024301949836453
3981,euler_ramsey,0.5,2.5% Ramsey,risk_aversion,combined,0,-1539.074587647093,0.05370372318352591
3982,euler_ramsey,0.5,1.5% Ramsey,risk_aversion,combined,0,323.8653116736858,1.1989015745682032
3982,euler_ramsey,0.5,2.0% Ramsey,risk_aversion,combined,0,268.4788527176953,1.1875422942425842
3982,euler_ramsey,0.5,2.5% Ramsey,risk_aversion,combined,0,216.99926103944503,1.1656815145232948
3983,euler_ramsey,0.5,1.5% Ramsey,risk_aversion,combined,0,-1429.0646538827298,0.28165929087870295
3983,euler_ramsey,0.5,2.0% Ramsey,risk_aversion,combined,0,-644.2863228158765,0.20141372772213312
3983,euler_ramsey,0.5,2.5% Ramsey,risk_aversion,combined,0,-396.15743681065123,0.15365685013522656
3984,euler_ramsey,0.5,1.5% Ramsey,risk_aversion,combined,0,612.3358798335588,1.251493501545434
3984,euler_ramsey,0.5,2.0% Ramsey,risk_aversion,combined,0,508.25151533122613,1.2528094085136126
3984,euler_ramsey,0.5,2.5% Ramsey,risk_aversion,combined,0,381.3913645983776,1.240023694144938
3985,euler_ramsey,0.5,1.5% Ramsey,risk_aversion,combined,0,2838.059107567303,0.7216351107457832
3985,euler_ramsey,0.5,2.0% Ramsey,risk_aversion,combined,0,2608.436980497507,0.6391813633953943
3985,euler_ramsey,0.5,2.5% Ramsey,risk_aversion,combined,0,2129.3703494485485,0.57558974887137
3986,euler_ramsey,0.5,1.5% Ramsey,risk_aversion,combined,0,7629.531964238878,0.2376193872381292
3986,euler_ramsey,0.5,2.0% Ramsey,risk_aversion,combined,0,2572.3042877440357,0.16369029279988953
3986,euler_ramsey,0.5,2.5% Ramsey,risk_aversion,combined,0,1336.5777333132162,0.12133485842974892
3987,euler_ramsey,0.5,1.5% Ramsey,risk_aversion,combined,0,656.0810277488739,0.9848020066337749
3987,euler_ramsey,0.5,2.0% Ramsey,risk_aversion,combined,0,554.6911191823898,0.9342702736733115
3987,euler_ramsey,0.5,2.5% Ramsey,risk_aversion,combined,0,454.73336629053506,0.8871132455789993
3988,euler_ramsey,0.5,1.5% Ramsey,risk_aversion,combined,0,255.11628264536452,0.5634408464926193
3988,euler_ramsey,0.5,2.0% Ramsey,risk_aversion,combined,0,195.04033158546002,0.4711209835359135
3988,euler_ramsey,0.5,2.5% Ramsey,risk_aversion,combined,0,142.63760862085667,0.40564971615588785
3989,euler_ramsey,0.5,1.5% Ramsey,risk_aversion,combined,0,1473.106255121565,1.6312691556882997
3989,euler_ramsey,0.5,2.0% Ramsey,risk_aversion,combined,0,835.222627970009,1.7335693352847192
3989,euler_ramsey,0.5,2.5% Ramsey,risk_aversion,combined,0,514.7641251013755,1.7970795548698402
3990,euler_ramsey,0.5,1.5% Ramsey,risk_aversion,combined,0,159.08717135857762,2.0982461032250472
3990,euler_ramsey,0.5,2.0% Ramsey,risk_aversion,combined,0,134.25380840738765,2.3590499281215096
3990,euler_ramsey,0.5,2.5% Ramsey,risk_aversion,combined,0,109.24743496203327,2.5542318929169996
3991,euler_ramsey,0.5,1.5% Ramsey,risk_aversion,combined,0,1481.8367226588605,0.29131081521137014
3991,euler_ramsey,0.5,2.0% Ramsey,risk_aversion,combined,0,771.801282846981,0.20982494580938613
3991,euler_ramsey,0.5,2.5% Ramsey,risk_aversion,combined,0,433.1862270718957,0.16096844414653258
3992,euler_ramsey,0.5,1.5% Ramsey,risk_aversion,combined,0,137.25943124206586,2.1433769627213173
3992,euler_ramsey,0.5,2.0% Ramsey,risk_aversion,combined,0,97.64554986033946,2.4213737263210526
3992,euler_ramsey,0.5,2.5% Ramsey,risk_aversion,combined,0,70.43155486403892,2.631455853017542
3993,euler_ramsey,0.5,1.5% Ramsey,risk_aversion,combined,0,410.24935490876646,0.7408431258334923
3993,euler_ramsey,0.5,2.0% Ramsey,risk_aversion,combined,0,347.4163774240093,0.6595873613412309
3993,euler_ramsey,0.5,2.5% Ramsey,risk_aversion,combined,0,264.32340135894054,0.5962958741639103
3994,euler_ramsey,0.5,1.5% Ramsey,risk_aversion,combined,0,652.0013180273023,0.4553754889844586
3994,euler_ramsey,0.5,2.0% Ramsey,risk_aversion,combined,0,372.6685531051902,0.3626535987773099
3994,euler_ramsey,0.5,2.5% Ramsey,risk_aversion,combined,0,228.69291646292132,0.3006877157838016
3995,euler_ramsey,0.5,1.5% Ramsey,risk_aversion,combined,0,428.2831363440696,0.6895653250731293
3995,euler_ramsey,0.5,2.0% Ramsey,risk_aversion,combined,0,331.94121070437694,0.6031749142892382
3995,euler_ramsey,0.5,2.5% Ramsey,risk_aversion,combined,0,239.89431640858902,0.5377743533962588
3996,euler_ramsey,0.5,1.5% Ramsey,risk_aversion,combined,0,1231.3923668951807,1.1377094409290458
3996,euler_ramsey,0.5,2.0% Ramsey,risk_aversion,combined,0,874.1451521463247,1.1151902863955347
3996,euler_ramsey,0.5,2.5% Ramsey,risk_aversion,combined,0,580.888455121561,1.0859991807233433
3997,euler_ramsey,0.5,1.5% Ramsey,risk_aversion,combined,0,3551.196043544227,0.816405896403949
3997,euler_ramsey,0.5,2.0% Ramsey,risk_aversion,combined,0,2575.558382790785,0.7447076208657268
3997,euler_ramsey,0.5,2.5% Ramsey,risk_aversion,combined,0,1746.3476565456833,0.6861571973828214
3998,euler_ramsey,0.5,1.5% Ramsey,risk_aversion,combined,0,565.252368369047,0.9784642637815563
3998,euler_ramsey,0.5,2.0% Ramsey,risk_aversion,combined,0,404.11256548468214,0.9260838177669448
3998,euler_ramsey,0.5,2.5% Ramsey,risk_aversion,combined,0,293.5955889906084,0.8776230878686794
3999,euler_ramsey,0.5,1.5% Ramsey,risk_aversion,combined,0,-1576.9323495036397,0.5306850510995093
3999,euler_ramsey,0.5,2.0% Ramsey,risk_aversion,combined,0,-1228.5637711818486,0.4376944522117319
3999,euler_ramsey,0.5,2.5% Ramsey,risk_aversion,combined,0,-850.9366912427153,0.37288322401071433
4000,euler_ramsey,0.5,1.5% Ramsey,risk_aversion,combined,0,407.611585936085,0.6338274276837363
4000,euler_ramsey,0.5,2.0% Ramsey,risk_aversion,combined,0,430.4817546418549,0.544055417894679
4000,euler_ramsey,0.5,2.5% Ramsey,risk_aversion,combined,0,378.9062879419164,0.47803816720076453
4001,euler_ramsey,0.5,1.5% Ramsey,risk_aversion,combined,0,325.12482039289824,1.8705456447416653
4001,euler_ramsey,0.5,2.0% Ramsey,risk_aversion,combined,0,224.27547855985605,2.0493954233590896
4001,euler_ramsey,0.5,2.5% Ramsey,risk_aversion,combined,0,155.25184637616871,2.1749903135832485
4002,euler_ramsey,0.5,1.5% Ramsey,risk_aversion,combined,0,236.03829128552732,1.108175173586181
4002,euler_ramsey,0.5,2.0% Ramsey,risk_aversion,combined,0,197.36722047557456,1.078710184768929
4002,euler_ramsey,0.5,2.5% Ramsey,risk_aversion,combined,0,149.51559073745437,1.0447025783151496
4003,euler_ramsey,0.5,1.5% Ramsey,risk_aversion,combined,0,181.6540631648536,0.3895230103639458
4003,euler_ramsey,0.5,2.0% Ramsey,risk_aversion,combined,0,93.45649329993813,0.29949604361929
4003,euler_ramsey,0.5,2.5% Ramsey,risk_aversion,combined,0,49.76637174560529,0.24165972688778595
4004,euler_ramsey,0.5,1.5% Ramsey,risk_aversion,combined,0,292.51768471792843,1.165794279576147
4004,euler_ramsey,0.5,2.0% Ramsey,risk_aversion,combined,0,270.6576357148175,1.1472873993303017
4004,euler_ramsey,0.5,2.5% Ramsey,risk_aversion,combined,0,224.02262398775886,1.1205602698351524
4005,euler_ramsey,0.5,1.5% Ramsey,risk_aversion,combined,0,525.5439626494519,0.38330229618434636
4005,euler_ramsey,0.5,2.0% Ramsey,risk_aversion,combined,0,377.4440259987983,0.2936459551354866
4005,euler_ramsey,0.5,2.5% Ramsey,risk_aversion,combined,0,249.9035224647884,0.23627630825033868
4006,euler_ramsey,0.5,1.5% Ramsey,risk_aversion,combined,0,624.4620782788115,0.7946465156389548
4006,euler_ramsey,0.5,2.0% Ramsey,risk_aversion,combined,0,469.13335469640026,0.7194525621190073
4006,euler_ramsey,0.5,2.5% Ramsey,risk_aversion,combined,0,340.6336220878113,0.658916242823176
4007,euler_ramsey,0.5,1.5% Ramsey,risk_aversion,combined,0,218.00087824300903,0.3563597632870753
4007,euler_ramsey,0.5,2.0% Ramsey,risk_aversion,combined,0,125.52419755510522,0.26860869848194097
4007,euler_ramsey,0.5,2.5% Ramsey,risk_aversion,combined,0,60.40553866055133,0.2134346318456809
4008,euler_ramsey,0.5,1.5% Ramsey,risk_aversion,combined,0,680.866812543973,0.6534139117917951
4008,euler_ramsey,0.5,2.0% Ramsey,risk_aversion,combined,0,499.44605430154303,0.5650732957429914
4008,euler_ramsey,0.5,2.5% Ramsey,risk_aversion,combined,0,352.0904431683118,0.4994165958317253
4009,euler_ramsey,0.5,1.5% Ramsey,risk_aversion,combined,0,25.605775457579714,2.3551422708429204
4009,euler_ramsey,0.5,2.0% Ramsey,risk_aversion,combined,0,19.915539766457627,2.717554106868362
4009,euler_ramsey,0.5,2.5% Ramsey,risk_aversion,combined,0,19.175556060959526,3.0020536614192435
4010,euler_ramsey,0.5,1.5% Ramsey,risk_aversion,combined,0,1319.9044778625434,1.0525542747174486
4010,euler_ramsey,0.5,2.0% Ramsey,risk_aversion,combined,0,1055.448430640632,1.0147446280102923
4010,euler_ramsey,0.5,2.5% Ramsey,risk_aversion,combined,0,776.1405545041016,0.9756860982581043
4011,euler_ramsey,0.5,1.5% Ramsey,risk_aversion,combined,0,1326.2180688095245,1.0358927976183463
4011,euler_ramsey,0.5,2.0% Ramsey,risk_aversion,combined,0,1225.3195869412841,0.9952630598321929
4011,euler_ramsey,0.5,2.5% Ramsey,risk_aversion,combined,0,989.2620065814809,0.9544899683543119
4012,euler_ramsey,0.5,1.5% Ramsey,risk_aversion,combined,0,1136.6759450080183,1.2177383741343126
4012,euler_ramsey,0.5,2.0% Ramsey,risk_aversion,combined,0,925.7593671656872,1.211057291817966
4012,euler_ramsey,0.5,2.5% Ramsey,risk_aversion,combined,0,699.4692883890757,1.192537313202678
4013,euler_ramsey,0.5,1.5% Ramsey,risk_aversion,combined,0,1922.2116487478743,0.5194247437580791
4013,euler_ramsey,0.5,2.0% Ramsey,risk_aversion,combined,0,1413.5869661265901,0.42665357787322544
4013,euler_ramsey,0.5,2.5% Ramsey,risk_aversion,combined,0,1004.1578508203716,0.36236384345632494
4014,euler_ramsey,0.5,1.5% Ramsey,risk_aversion,combined,0,-1011.8527486342738,0.2899744428793035
4014,euler_ramsey,0.5,2.0% Ramsey,risk_aversion,combined,0,-779.5532550783124,0.20866952102928013
4014,euler_ramsey,0.5,2.5% Ramsey,risk_aversion,combined,0,-544.7458905501462,0.15996729464626355
4015,euler_ramsey,0.5,1.5% Ramsey,risk_aversion,combined,0,1715.7209329583632,0.7661819869667141
4015,euler_ramsey,0.5,2.0% Ramsey,risk_aversion,combined,0,1547.871079053794,0.6866595207404962
4015,euler_ramsey,0.5,2.5% Ramsey,risk_aversion,combined,0,1248.9728187152925,0.6238600865287985
4016,euler_ramsey,0.5,1.5% Ramsey,risk_aversion,combined,0,2026.2062183778985,0.23972083713081435
4016,euler_ramsey,0.5,2.0% Ramsey,risk_aversion,combined,0,814.8545061085752,0.16533390266570505
4016,euler_ramsey,0.5,2.5% Ramsey,risk_aversion,combined,0,500.23752489009377,0.1226563957966367
4017,euler_ramsey,0.5,1.5% Ramsey,risk_aversion,combined,0,452.0638016598891,1.3255194151612002
4017,euler_ramsey,0.5,2.0% Ramsey,risk_aversion,combined,0,307.51493286281027,1.343461306160846
4017,euler_ramsey,0.5,2.5% Ramsey,risk_aversion,combined,0,213.03195544031,1.342433591508007
4018,euler_ramsey,0.5,1.5% Ramsey,risk_aversion,combined,0,896.7748886331674,0.5245656628373048
4018,euler_ramsey,0.5,2.0% Ramsey,risk_aversion,combined,0,737.1807563623995,0.43147202853193833
4018,euler_ramsey,0.5,2.5% Ramsey,risk_aversion,combined,0,563.0260836343082,0.3668180658385015
4019,euler_ramsey,0.5,1.5% Ramsey,risk_aversion,combined,0,590.2466118143554,1.1490534419756344
4019,euler_ramsey,0.5,2.0% Ramsey,risk_aversion,combined,0,387.18807944665065,1.1290438324628782
4019,euler_ramsey,0.5,2.5% Ramsey,risk_aversion,combined,0,270.3721883183227,1.1015561536155167
4020,euler_ramsey,0.5,1.5% Ramsey,risk_aversion,combined,0,332.6412449887025,3.9630944651306654
4020,euler_ramsey,0.5,2.0% Ramsey,risk_aversion,combined,0,360.11570156272313,5.1415306932093925
4020,euler_ramsey,0.5,2.5% Ramsey,risk_aversion,combined,0,326.8963429613756,6.218812797470848
4021,euler_ramsey,0.5,1.5% Ramsey,risk_aversion,combined,0,2991.4106045468416,0.32823241671126174
4021,euler_ramsey,0.5,2.0% Ramsey,risk_aversion,combined,0,1888.5278170174581,0.24300144156474368
4021,euler_ramsey,0.5,2.5% Ramsey,risk_aversion,combined,0,1224.0513136806742,0.190434717204185
4022,euler_ramsey,0.5,1.5% Ramsey,risk_aversion,combined,0,104.1392105090127,1.8375778235155418
4022,euler_ramsey,0.5,2.0% Ramsey,risk_aversion,combined,0,72.96447235866567,2.0052843425608518
4022,euler_ramsey,0.5,2.5% Ramsey,risk_aversion,combined,0,52.76844856513775,2.1216325721682043
4023,euler_ramsey,0.5,1.5% Ramsey,risk_aversion,combined,0,162.6200044930275,1.5225603725286743
4023,euler_ramsey,0.5,2.0% Ramsey,risk_aversion,combined,0,155.75710291056689,1.5919032046419042
4023,euler_ramsey,0.5,2.5% Ramsey,risk_aversion,combined,0,128.0196565268637,1.6294308767678212
4024,euler_ramsey,0.5,1.5% Ramsey,risk_aversion,combined,0,1969.4732891305573,0.2735227898237033
4024,euler_ramsey,0.5,2.0% Ramsey,risk_aversion,combined,0,821.7332571576741,0.19424438846013342
4024,euler_ramsey,0.5,2.5% Ramsey,risk_aversion,combined,0,428.3148028862698,0.14739393579789467
4025,euler_ramsey,0.5,1.5% Ramsey,risk_aversion,combined,0,176.41208952290808,0.7168425187519983
4025,euler_ramsey,0.5,2.0% Ramsey,risk_aversion,combined,0,145.93842875509546,0.6336732751165816
4025,euler_ramsey,0.5,2.5% Ramsey,risk_aversion,combined,0,108.44908139178598,0.5696581305840781
4026,euler_ramsey,0.5,1.5% Ramsey,risk_aversion,combined,0,-656.2990493037286,0.28175657411460253
4026,euler_ramsey,0.5,2.0% Ramsey,risk_aversion,combined,0,-317.8004332904928,0.20143226953392146
4026,euler_ramsey,0.5,2.5% Ramsey,risk_aversion,combined,0,-185.92616276614277,0.15363801194780757
4027,euler_ramsey,0.5,1.5% Ramsey,risk_aversion,combined,0,23.824920939005136,0.9618753705075227
4027,euler_ramsey,0.5,2.0% Ramsey,risk_aversion,combined,0,29.691134888305392,0.9078681661164515
4027,euler_ramsey,0.5,2.5% Ramsey,risk_aversion,combined,0,28.123918403455978,0.8585551912490769
4028,euler_ramsey,0.5,1.5% Ramsey,risk_aversion,combined,0,1119.1898496485574,0.760417216058432
4028,euler_ramsey,0.5,2.0% Ramsey,risk_aversion,combined,0,846.0750704074709,0.6812892380692667
4028,euler_ramsey,0.5,2.5% Ramsey,risk_aversion,combined,0,605.6861134304418,0.6189094990345908
4029,euler_ramsey,0.5,1.5% Ramsey,risk_aversion,combined,0,767.3793534721923,0.7333744275539554
4029,euler_ramsey,0.5,2.0% Ramsey,risk_aversion,combined,0,722.3178972656629,0.6507400001087142
4029,euler_ramsey,0.5,2.5% Ramsey,risk_aversion,combined,0,589.3105590662561,0.5866697377133033
4030,euler_ramsey,0.5,1.5% Ramsey,risk_aversion,combined,0,179.81222483140027,3.4333025781117064
4030,euler_ramsey,0.5,2.0% Ramsey,risk_aversion,combined,0,151.62718300046473,4.312554792957211
4030,euler_ramsey,0.5,2.5% Ramsey,risk_aversion,combined,0,124.08100480080141,5.087439154871909
4031,euler_ramsey,0.5,1.5% Ramsey,risk_aversion,combined,0,-154.6611924416263,0.2982797726306218
4031,euler_ramsey,0.5,2.0% Ramsey,risk_aversion,combined,0,-115.50919071777656,0.2160178901500195
4031,euler_ramsey,0.5,2.5% Ramsey,risk_aversion,combined,0,-87.39200460475894,0.1664184563683698
4032,euler_ramsey,0.5,1.5% Ramsey,risk_aversion,combined,0,-292.67235927111045,0.9334578942705308
4032,euler_ramsey,0.5,2.0% Ramsey,risk_aversion,combined,0,-168.15200746838153,0.8739767511789994
4032,euler_ramsey,0.5,2.5% Ramsey,risk_aversion,combined,0,-93.97485633443537,0.8213042394124028
4033,euler_ramsey,0.5,1.5% Ramsey,risk_aversion,combined,0,146.5683278708977,2.683791650620373
4033,euler_ramsey,0.5,2.0% Ramsey,risk_aversion,combined,0,110.59628679856179,3.1889646403907697
4033,euler_ramsey,0.5,2.5% Ramsey,risk_aversion,combined,0,87.92829491923334,3.6036379956554496
4034,euler_ramsey,0.5,1.5% Ramsey,risk_aversion,combined,0,577.4624943362459,1.4306515520264893
4034,euler_ramsey,0.5,2.0% Ramsey,risk_aversion,combined,0,399.69059998721394,1.476223972907353
4034,euler_ramsey,0.5,2.5% Ramsey,risk_aversion,combined,0,273.1307832622857,1.4958637026291304
4035,euler_ramsey,0.5,1.5% Ramsey,risk_aversion,combined,0,2615.6635969110675,0.6639812309914138
4035,euler_ramsey,0.5,2.0% Ramsey,risk_aversion,combined,0,1531.4237008410082,0.5769666301988102
4035,euler_ramsey,0.5,2.5% Ramsey,risk_aversion,combined,0,951.0421779022479,0.5119575389667665
4036,euler_ramsey,0.5,1.5% Ramsey,risk_aversion,combined,0,2400.6866980324667,0.3826091581654543
4036,euler_ramsey,0.5,2.0% Ramsey,risk_aversion,combined,0,1685.2359784919506,0.29314843099178833
4036,euler_ramsey,0.5,2.5% Ramsey,risk_aversion,combined,0,1195.8316014657323,0.23591041071211405
4037,euler_ramsey,0.5,1.5% Ramsey,risk_aversion,combined,0,590.5257685274463,1.7384186477650716
4037,euler_ramsey,0.5,2.0% Ramsey,risk_aversion,combined,0,437.7912153623342,1.8739406073661982
4037,euler_ramsey,0.5,2.5% Ramsey,risk_aversion,combined,0,305.2834399674717,1.9641931907735484
4038,euler_ramsey,0.5,1.5% Ramsey,risk_aversion,combined,0,-43.87838499786412,0.6658025588654521
4038,euler_ramsey,0.5,2.0% Ramsey,risk_aversion,combined,0,-43.24201314122646,0.5779862451581287
4038,euler_ramsey,0.5,2.5% Ramsey,risk_aversion,combined,0,-32.978288372089644,0.5123377505966319
4039,euler_ramsey,0.5,1.5% Ramsey,risk_aversion,combined,0,1577.118301802557,0.4285330793448832
4039,euler_ramsey,0.5,2.0% Ramsey,risk_aversion,combined,0,1240.2027296299018,0.3368266264428812
4039,euler_ramsey,0.5,2.5% Ramsey,risk_aversion,combined,0,896.3743903740187,0.2764658924563136
4040,euler_ramsey,0.5,1.5% Ramsey,risk_aversion,combined,0,-158.4476050896031,0.485360802618842
4040,euler_ramsey,0.5,2.0% Ramsey,risk_aversion,combined,0,-143.0907058874126,0.3921711361314885
4040,euler_ramsey,0.5,2.5% Ramsey,risk_aversion,combined,0,-115.22998592132468,0.3288231167432123
4041,euler_ramsey,0.5,1.5% Ramsey,risk_aversion,combined,0,-151.690173043217,0.7577220530477728
4041,euler_ramsey,0.5,2.0% Ramsey,risk_aversion,combined,0,-114.9100083990304,0.6777473298199168
4041,euler_ramsey,0.5,2.5% Ramsey,risk_aversion,combined,0,-78.40152251226571,0.6148563991017089
4042,euler_ramsey,0.5,1.5% Ramsey,risk_aversion,combined,0,996.2436682175835,0.9268677885670001
4042,euler_ramsey,0.5,2.0% Ramsey,risk_aversion,combined,0,1020.1781256402229,0.8669440703015517
4042,euler_ramsey,0.5,2.5% Ramsey,risk_aversion,combined,0,846.3342360124602,0.814133634952012
4043,euler_ramsey,0.5,1.5% Ramsey,risk_aversion,combined,0,-74.50702439074568,1.1838166009085547
4043,euler_ramsey,0.5,2.0% Ramsey,risk_aversion,combined,0,-68.82862038040602,1.169369002720075
4043,euler_ramsey,0.5,2.5% Ramsey,risk_aversion,combined,0,-51.843746869357716,1.1453799945893
4044,euler_ramsey,0.5,1.5% Ramsey,risk_aversion,combined,0,153.0321746436024,0.7280619377158839
4044,euler_ramsey,0.5,2.0% Ramsey,risk_aversion,combined,0,135.36767687701433,0.6446726800834341
4044,euler_ramsey,0.5,2.5% Ramsey,risk_aversion,combined,0,104.37243080416815,0.5802220825461611
4045,euler_ramsey,0.5,1.5% Ramsey,risk_aversion,combined,0,1447.5816011061777,1.2529130891542433
4045,euler_ramsey,0.5,2.0% Ramsey,risk_aversion,combined,0,1052.3179953802394,1.2551052076338391
4045,euler_ramsey,0.5,2.5% Ramsey,risk_aversion,combined,0,727.7030552256562,1.243005937917051
4046,euler_ramsey,0.5,1.5% Ramsey,risk_aversion,combined,0,144.64487018851207,0.9437742391107421
4046,euler_ramsey,0.5,2.0% Ramsey,risk_aversion,combined,0,94.8139560577662,0.8861137493496701
4046,euler_ramsey,0.5,2.5% Ramsey,risk_aversion,combined,0,66.90073773559143,0.83458542174341
4047,euler_ramsey,0.5,1.5% Ramsey,risk_aversion,combined,0,-43.733031470487504,1.05254217908339
4047,euler_ramsey,0.5,2.0% Ramsey,risk_aversion,combined,0,-28.09672327345237,1.0134342685261069
4047,euler_ramsey,0.5,2.5% Ramsey,risk_aversion,combined,0,-14.490169266878551,0.9732720237832508
4048,euler_ramsey,0.5,1.5% Ramsey,risk_aversion,combined,0,210.15871134367882,1.900317713132019
4048,euler_ramsey,0.5,2.0% Ramsey,risk_aversion,combined,0,150.3728423158809,2.089356982322058
4048,euler_ramsey,0.5,2.5% Ramsey,risk_aversion,combined,0,107.7804285163807,2.223459123236468
4049,euler_ramsey,0.5,1.5% Ramsey,risk_aversion,combined,0,1138.4957048707251,1.652123420882059
4049,euler_ramsey,0.5,2.0% Ramsey,risk_aversion,combined,0,723.8934198404169,1.7613380667109348
4049,euler_ramsey,0.5,2.5% Ramsey,risk_aversion,combined,0,471.3231071457252,1.8305000938598561
4050,euler_ramsey,0.5,1.5% Ramsey,risk_aversion,combined,0,1225.0489731882294,0.5742554573439834
4050,euler_ramsey,0.5,2.0% Ramsey,risk_aversion,combined,0,445.765077249006,0.4828557087039242
4050,euler_ramsey,0.5,2.5% Ramsey,risk_aversion,combined,0,235.75292058802555,0.41763107202811645
4051,euler_ramsey,0.5,1.5% Ramsey,risk_aversion,combined,0,518.5647489588584,1.9090073838248718
4051,euler_ramsey,0.5,2.0% Ramsey,risk_aversion,combined,0,383.92607382519765,2.101666767959276
4051,euler_ramsey,0.5,2.5% Ramsey,risk_aversion,combined,0,273.40065533209713,2.2390990945109293
4052,euler_ramsey,0.5,1.5% Ramsey,risk_aversion,combined,0,92.13420361962243,1.2267827867515058
4052,euler_ramsey,0.5,2.0% Ramsey,risk_aversion,combined,0,65.1461815963365,1.2222600524040752
4052,euler_ramsey,0.5,2.5% Ramsey,risk_aversion,combined,0,48.20456940252805,1.2052396603797977
4053,euler_ramsey,0.5,1.5% Ramsey,risk_aversion,combined,0,1585.1161882126294,0.502399138879408
4053,euler_ramsey,0.5,2.0% Ramsey,risk_aversion,combined,0,1178.6135218625197,0.40956176277710393
4053,euler_ramsey,0.5,2.5% Ramsey,risk_aversion,combined,0,832.1839388512561,0.3458178746813462
4054,euler_ramsey,0.5,1.5% Ramsey,risk_aversion,combined,0,611.5455728413025,0.6731869103723737
4054,euler_ramsey,0.5,2.0% Ramsey,risk_aversion,combined,0,508.7030342996299,0.5860234693536408
4054,euler_ramsey,0.5,2.5% Ramsey,risk_aversion,combined,0,402.5704302957646,0.5205734517757645
4055,euler_ramsey,0.5,1.5% Ramsey,risk_aversion,combined,0,-305.5793939382845,1.0757139972943317
4055,euler_ramsey,0.5,2.0% Ramsey,risk_aversion,combined,0,-223.37402187958918,1.040045054705969
4055,euler_ramsey,0.5,2.5% Ramsey,risk_aversion,combined,0,-148.19322642322686,1.0019938950669631
4056,euler_ramsey,0.5,1.5% Ramsey,risk_aversion,combined,0,507.1475909175512,0.2884181625774899
4056,euler_ramsey,0.5,2.0% Ramsey,risk_aversion,combined,0,365.6410031359111,0.20727680068070886
4056,euler_ramsey,0.5,2.5% Ramsey,risk_aversion,combined,0,256.31257644684206,0.15873864010471778
4057,euler_ramsey,0.5,1.5% Ramsey,risk_aversion,combined,0,6071.453649815502,0.39340434667764707
4057,euler_ramsey,0.5,2.0% Ramsey,risk_aversion,combined,0,5097.25077082597,0.30366333779580545
4057,euler_ramsey,0.5,2.5% Ramsey,risk_aversion,combined,0,3716.932723852371,0.2458053143801839
4058,euler_ramsey,0.5,1.5% Ramsey,risk_aversion,combined,0,-364.67014364211997,0.7318353851695448
4058,euler_ramsey,0.5,2.0% Ramsey,risk_aversion,combined,0,-240.02446135220734,0.6488213948541268
4058,euler_ramsey,0.5,2.5% Ramsey,risk_aversion,combined,0,-160.4560076898588,0.5845178692444887
4059,euler_ramsey,0.5,1.5% Ramsey,risk_aversion,combined,0,-47.57661329243519,1.1187867924126766
4059,euler_ramsey,0.5,2.0% Ramsey,risk_aversion,combined,0,-37.02128398529275,1.0917157571513258
4059,euler_ramsey,0.5,2.5% Ramsey,risk_aversion,combined,0,-19.885369313711116,1.0593396403369448
4060,euler_ramsey,0.5,1.5% Ramsey,risk_aversion,combined,0,2155.246846018342,0.48148896375573774
4060,euler_ramsey,0.5,2.0% Ramsey,risk_aversion,combined,0,1384.968660561527,0.38893160754655337
4060,euler_ramsey,0.5,2.5% Ramsey,risk_aversion,combined,0,944.4538680573689,0.3260884159714563
4061,euler_ramsey,0.5,1.5% Ramsey,risk_aversion,combined,0,513.3090288287498,0.5103514349090715
4061,euler_ramsey,0.5,2.0% Ramsey,risk_aversion,combined,0,444.5085922449196,0.4171407317773734
4061,euler_ramsey,0.5,2.5% Ramsey,risk_aversion,combined,0,340.28915279477366,0.35289920645546763
4062,euler_ramsey,0.5,1.5% Ramsey,risk_aversion,combined,0,1268.8992184439082,1.0309805968070693
4062,euler_ramsey,0.5,2.0% Ramsey,risk_aversion,combined,0,887.0227118955364,0.9876871123873547
4062,euler_ramsey,0.5,2.5% Ramsey,risk_aversion,combined,0,596.5235302164074,0.9448683147174596
4063,euler_ramsey,0.5,1.5% Ramsey,risk_aversion,combined,0,-111.06488869260191,1.0589170417223728
4063,euler_ramsey,0.5,2.0% Ramsey,risk_aversion,combined,0,-72.22863204038723,1.020807914369112
4063,euler_ramsey,0.5,2.5% Ramsey,risk_aversion,combined,0,-40.51975538480839,0.9812826737088768
4064,euler_ramsey,0.5,1.5% Ramsey,risk_aversion,combined,0,8377.041713846835,0.5628506342613727
4064,euler_ramsey,0.5,2.0% Ramsey,risk_aversion,combined,0,6563.195345578106,0.4710454319961833
4064,euler_ramsey,0.5,2.5% Ramsey,risk_aversion,combined,0,4452.052742250481,0.405916305398659
4065,euler_ramsey,0.5,1.5% Ramsey,risk_aversion,combined,0,-31.2874125610904,0.4745330142672063
4065,euler_ramsey,0.5,2.0% Ramsey,risk_aversion,combined,0,-2.24908882897088,0.3816455494037815
4065,euler_ramsey,0.5,2.5% Ramsey,risk_aversion,combined,0,20.03202658357936,0.3188628193146483
4066,euler_ramsey,0.5,1.5% Ramsey,risk_aversion,combined,0,155.67545160040794,0.44816836431225027
4066,euler_ramsey,0.5,2.0% Ramsey,risk_aversion,combined,0,110.15329981244005,0.35563504653889694
4066,euler_ramsey,0.5,2.5% Ramsey,risk_aversion,combined,0,67.77778648157846,0.29404822327518304
4067,euler_ramsey,0.5,1.5% Ramsey,risk_aversion,combined,0,684.7821144722541,1.2336136883886777
4067,euler_ramsey,0.5,2.0% Ramsey,risk_aversion,combined,0,553.0485950816086,1.229848835342655
4067,euler_ramsey,0.5,2.5% Ramsey,risk_aversion,combined,0,422.41406886293737,1.2132681675719592
4068,euler_ramsey,0.5,1.5% Ramsey,risk_aversion,combined,0,944.4447053630478,0.9704777669739034
4068,euler_ramsey,0.5,2.0% Ramsey,risk_aversion,combined,0,773.476144959074,0.9176665756412755
4068,euler_ramsey,0.5,2.5% Ramsey,risk_aversion,combined,0,564.9483722528336,0.8692069921548956
4069,euler_ramsey,0.5,1.5% Ramsey,risk_aversion,combined,0,281.80122073040064,2.090165004265908
4069,euler_ramsey,0.5,2.0% Ramsey,risk_aversion,combined,0,197.09372137920033,2.3480296486048715
4069,euler_ramsey,0.5,2.5% Ramsey,risk_aversion,combined,0,135.50441275792778,2.540692450960266
4070,euler_ramsey,0.5,1.5% Ramsey,risk_aversion,combined,0,2412.0450818152067,0.5020203596796794
4070,euler_ramsey,0.5,2.0% Ramsey,risk_aversion,combined,0,2153.0717452277772,0.40980157135216716
4070,euler_ramsey,0.5,2.5% Ramsey,risk_aversion,combined,0,1666.8363033142577,0.34645795176065364
4071,euler_ramsey,0.5,1.5% Ramsey,risk_aversion,combined,0,-154.5052367534079,1.1189230682270639
4071,euler_ramsey,0.5,2.0% Ramsey,risk_aversion,combined,0,-122.616468851062,1.0919649215171465
4071,euler_ramsey,0.5,2.5% Ramsey,risk_aversion,combined,0,-83.48354189243685,1.0596624302887014
4072,euler_ramsey,0.5,1.5% Ramsey,risk_aversion,combined,0,266.7155207172284,1.3300764033917778
4072,euler_ramsey,0.5,2.0% Ramsey,risk_aversion,combined,0,196.31060897192353,1.349462015284718
4072,euler_ramsey,0.5,2.5% Ramsey,risk_aversion,combined,0,141.37430457328205,1.3495560371685476
4073,euler_ramsey,0.5,1.5% Ramsey,risk_aversion,combined,0,1808.8798047598375,0.9364114583987867
4073,euler_ramsey,0.5,2.0% Ramsey,risk_aversion,combined,0,1660.768535267563,0.8791553437039569
4073,euler_ramsey,0.5,2.5% Ramsey,risk_aversion,combined,0,1338.4391877043145,0.8281595969539689
4074,euler_ramsey,0.5,1.5% Ramsey,risk_aversion,combined,0,479.6018989208281,0.41951007077769
4074,euler_ramsey,0.5,2.0% Ramsey,risk_aversion,combined,0,294.11170714111876,0.32798162277166887
4074,euler_ramsey,0.5,2.5% Ramsey,risk_aversion,combined,0,198.41326084604043,0.2680853098256738
4075,euler_ramsey,0.5,1.5% Ramsey,risk_aversion,combined,0,-825.7031907676046,0.5403512819900956
4075,euler_ramsey,0.5,2.0% Ramsey,risk_aversion,combined,0,-324.20242164813453,0.44755933611680254
4075,euler_ramsey,0.5,2.5% Ramsey,risk_aversion,combined,0,-193.68942900808653,0.3825449072447576
4076,euler_ramsey,0.5,1.5% Ramsey,risk_aversion,combined,0,304.8013874486944,0.4853193358631587
4076,euler_ramsey,0.5,2.0% Ramsey,risk_aversion,combined,0,231.19697844325603,0.39206664724839196
4076,euler_ramsey,0.5,2.5% Ramsey,risk_aversion,combined,0,168.36789627766328,0.3286892517571709
4077,euler_ramsey,0.5,1.5% Ramsey,risk_aversion,combined,0,318.9423809699594,0.6849342976238797
4077,euler_ramsey,0.5,2.0% Ramsey,risk_aversion,combined,0,279.7810164717068,0.5983586770945911
4077,euler_ramsey,0.5,2.5% Ramsey,risk_aversion,combined,0,230.6903255181136,0.5329578787703707
4078,euler_ramsey,0.5,1.5% Ramsey,risk_aversion,combined,0,139.14210877594888,0.6666321038646178
4078,euler_ramsey,0.5,2.0% Ramsey,risk_aversion,combined,0,148.7641456315047,0.5794040666086975
4078,euler_ramsey,0.5,2.5% Ramsey,risk_aversion,combined,0,138.71714530050605,0.5141534825576581
4079,euler_ramsey,0.5,1.5% Ramsey,risk_aversion,combined,0,273.6762574740622,0.6704437594925405
4079,euler_ramsey,0.5,2.0% Ramsey,risk_aversion,combined,0,223.51754057210806,0.5832242970669753
4079,euler_ramsey,0.5,2.5% Ramsey,risk_aversion,combined,0,174.91205513106732,0.5177999841615921
4080,euler_ramsey,0.5,1.5% Ramsey,risk_aversion,combined,0,1878.5800475145365,0.49058854059035645
4080,euler_ramsey,0.5,2.0% Ramsey,risk_aversion,combined,0,1365.765143314126,0.39756328757227066
4080,euler_ramsey,0.5,2.5% Ramsey,risk_aversion,combined,0,916.113588569169,0.3341274833883272
4081,euler_ramsey,0.5,1.5% Ramsey,risk_aversion,combined,0,894.2869998193815,0.6863690640532697
4081,euler_ramsey,0.5,2.0% Ramsey,risk_aversion,combined,0,663.6986109715277,0.6001611277732066
4081,euler_ramsey,0.5,2.5% Ramsey,risk_aversion,combined,0,466.6306142400016,0.5349754151450877
4082,euler_ramsey,0.5,1.5% Ramsey,risk_aversion,combined,0,105.92890909578401,0.4918282609304669
4082,euler_ramsey,0.5,2.0% Ramsey,risk_aversion,combined,0,42.46630666817331,0.3987513434580341
4082,euler_ramsey,0.5,2.5% Ramsey,risk_aversion,combined,0,23.98149815027228,0.3352348658526259
4083,euler_ramsey,0.5,1.5% Ramsey,risk_aversion,combined,0,1906.3155457430807,0.7412203092051355
4083,euler_ramsey,0.5,2.0% Ramsey,risk_aversion,combined,0,1738.1081571580476,0.6595092748099468
4083,euler_ramsey,0.5,2.5% Ramsey,risk_aversion,combined,0,1363.4029183569387,0.5958618287040119
4084,euler_ramsey,0.5,1.5% Ramsey,risk_aversion,combined,0,377.81363013404274,0.5801885209991575
4084,euler_ramsey,0.5,2.0% Ramsey,risk_aversion,combined,0,237.4035069410159,0.48792247154342794
4084,euler_ramsey,0.5,2.5% Ramsey,risk_aversion,combined,0,152.67334920220495,0.4219637236640616
4085,euler_ramsey,0.5,1.5% Ramsey,risk_aversion,combined,0,32.17283970615192,2.6866194954358416
4085,euler_ramsey,0.5,2.0% Ramsey,risk_aversion,combined,0,21.245671384056422,3.1930494845573616
4085,euler_ramsey,0.5,2.5% Ramsey,risk_aversion,combined,0,15.642275349535412,3.6088249928252902
4086,euler_ramsey,0.5,1.5% Ramsey,risk_aversion,combined,0,453.78319833171787,1.5379294582339342
4086,euler_ramsey,0.5,2.0% Ramsey,risk_aversion,combined,0,324.696834907359,1.6129598929221907
4086,euler_ramsey,0.5,2.5% Ramsey,risk_aversion,combined,0,228.36880606061388,1.6551090131865676
4087,euler_ramsey,0.5,1.5% Ramsey,risk_aversion,combined,0,239.66756627992382,1.268903805245449
4087,euler_ramsey,0.5,2.0% Ramsey,risk_aversion,combined,0,176.6368838454289,1.2738027611637033
4087,euler_ramsey,0.5,2.5% Ramsey,risk_aversion,combined,0,129.106229368602,1.2634395782856163
4088,euler_ramsey,0.5,1.5% Ramsey,risk_aversion,combined,0,34.33955470460397,3.6800232235521957
4088,euler_ramsey,0.5,2.0% Ramsey,risk_aversion,combined,0,23.88082565160645,4.69443924644135
4088,euler_ramsey,0.5,2.5% Ramsey,risk_aversion,combined,0,17.35549832342516,5.604058964157785
4089,euler_ramsey,0.5,1.5% Ramsey,risk_aversion,combined,0,937.1814652615595,0.4066996614409914
4089,euler_ramsey,0.5,2.0% Ramsey,risk_aversion,combined,0,424.37826800298023,0.3157743006242074
4089,euler_ramsey,0.5,2.5% Ramsey,risk_aversion,combined,0,225.99827795260592,0.2567318989022969
4090,euler_ramsey,0.5,1.5% Ramsey,risk_aversion,combined,0,2160.3973594188974,1.4134789775825378
4090,euler_ramsey,0.5,2.0% Ramsey,risk_aversion,combined,0,1991.9963670746724,1.4558801405407975
4090,euler_ramsey,0.5,2.5% Ramsey,risk_aversion,combined,0,1577.452370064873,1.473373179372131
4091,euler_ramsey,0.5,1.5% Ramsey,risk_aversion,combined,0,-1031.5829873734692,0.5424769787447884
4091,euler_ramsey,0.5,2.0% Ramsey,risk_aversion,combined,0,-791.440417724561,0.44940300749737344
4091,euler_ramsey,0.5,2.5% Ramsey,risk_aversion,combined,0,-575.7594830910742,0.3841571770827055
4092,euler_ramsey,0.5,1.5% Ramsey,risk_aversion,combined,0,118.28817764718006,1.5591292723731096
4092,euler_ramsey,0.5,2.0% Ramsey,risk_aversion,combined,0,88.7954117258991,1.6396969900827938
4092,euler_ramsey,0.5,2.5% Ramsey,risk_aversion,combined,0,68.88590941759496,1.6859980510725183
4093,euler_ramsey,0.5,1.5% Ramsey,risk_aversion,combined,0,395.23218098260855,0.9277409652270294
4093,euler_ramsey,0.5,2.0% Ramsey,risk_aversion,combined,0,295.8982970594462,0.8676041942846774
4093,euler_ramsey,0.5,2.5% Ramsey,risk_aversion,combined,0,212.76216864393965,0.8146155883221348
4094,euler_ramsey,0.5,1.5% Ramsey,risk_aversion,combined,0,2256.9336034050875,0.7744317897312273
4094,euler_ramsey,0.5,2.0% Ramsey,risk_aversion,combined,0,2120.107211511179,0.6989815935891519
4094,euler_ramsey,0.5,2.5% Ramsey,risk_aversion,combined,0,1818.8390128831584,0.6388374528549442
4095,euler_ramsey,0.5,1.5% Ramsey,risk_aversion,combined,0,-571.4697513079367,0.800575862410108
4095,euler_ramsey,0.5,2.0% Ramsey,risk_aversion,combined,0,-474.05878393665563,0.7240711018626017
4095,euler_ramsey,0.5,2.5% Ramsey,risk_aversion,combined,0,-344.3566908708114,0.662446041808673
4096,euler_ramsey,0.5,1.5% Ramsey,risk_aversion,combined,0,990.4867635880892,1.4665653017693117
4096,euler_ramsey,0.5,2.0% Ramsey,risk_aversion,combined,0,821.7992028322262,1.5212366526203653
4096,euler_ramsey,0.5,2.5% Ramsey,risk_aversion,combined,0,618.8347049317077,1.547623802607498
4097,euler_ramsey,0.5,1.5% Ramsey,risk_aversion,combined,0,-16.66391888314784,0.6833756057609998
4097,euler_ramsey,0.5,2.0% Ramsey,risk_aversion,combined,0,-15.79652893746374,0.596217752202605
4097,euler_ramsey,0.5,2.5% Ramsey,risk_aversion,combined,0,-10.72653705649855,0.530484025758837
4098,euler_ramsey,0.5,1.5% Ramsey,risk_aversion,combined,0,-61.907862033550025,2.1209655823333864
4098,euler_ramsey,0.5,2.0% Ramsey,risk_aversion,combined,0,-48.13468633161283,2.390670477423995
4098,euler_ramsey,0.5,2.5% Ramsey,risk_aversion,combined,0,-33.57018265578264,2.5934871290221393
4099,euler_ramsey,0.5,1.5% Ramsey,risk_aversion,combined,0,271.5358894945527,2.099995909796456
4099,euler_ramsey,0.5,2.0% Ramsey,risk_aversion,combined,0,192.38852360351808,2.361657261507759
4099,euler_ramsey,0.5,2.5% Ramsey,risk_aversion,combined,0,139.37686098384802,2.5576421421206765
4100,euler_ramsey,0.5,1.5% Ramsey,risk_aversion,combined,0,2985.005105010612,0.44804602538645644
4100,euler_ramsey,0.5,2.0% Ramsey,risk_aversion,combined,0,1899.3767478774043,0.35584490378912403
4100,euler_ramsey,0.5,2.5% Ramsey,risk_aversion,combined,0,1272.1366413200371,0.2944483352191089
4101,euler_ramsey,0.5,1.5% Ramsey,risk_aversion,combined,0,3461.697936269129,0.2680582716080678
4101,euler_ramsey,0.5,2.0% Ramsey,risk_aversion,combined,0,1811.271604830035,0.1895891122961427
4101,euler_ramsey,0.5,2.5% Ramsey,risk_aversion,combined,0,1029.5287537322877,0.14341545596063804
4102,euler_ramsey,0.5,1.5% Ramsey,risk_aversion,combined,0,746.0783483629602,2.560527664008654
4102,euler_ramsey,0.5,2.0% Ramsey,risk_aversion,combined,0,654.7057873248273,3.0125802139731097
4102,euler_ramsey,0.5,2.5% Ramsey,risk_aversion,combined,0,519.4036090757264,3.378818705895015
4103,euler_ramsey,0.5,1.5% Ramsey,risk_aversion,combined,0,1249.3845054012638,0.250802042458527
4103,euler_ramsey,0.5,2.0% Ramsey,risk_aversion,combined,0,612.0579446471361,0.174719810528928
4103,euler_ramsey,0.5,2.5% Ramsey,risk_aversion,combined,0,354.3110919028471,0.13062704407647102
4104,euler_ramsey,0.5,1.5% Ramsey,risk_aversion,combined,0,16.270284530744153,0.4865686739532918
4104,euler_ramsey,0.5,2.0% Ramsey,risk_aversion,combined,0,6.8252349613451475,0.3937189328569878
4104,euler_ramsey,0.5,2.5% Ramsey,risk_aversion,combined,0,2.945789524507147,0.3305153997194931
4105,euler_ramsey,0.5,1.5% Ramsey,risk_aversion,combined,0,3519.119917296188,0.22321918331809268
4105,euler_ramsey,0.5,2.0% Ramsey,risk_aversion,combined,0,1122.7259739211702,0.1514911194785662
4105,euler_ramsey,0.5,2.5% Ramsey,risk_aversion,combined,0,543.3546037264242,0.11099341423511944
4106,euler_ramsey,0.5,1.5% Ramsey,risk_aversion,combined,0,262.2621676984954,2.084295320178129
4106,euler_ramsey,0.5,2.0% Ramsey,risk_aversion,combined,0,179.62778076818128,2.33978317444087
4106,euler_ramsey,0.5,2.5% Ramsey,risk_aversion,combined,0,123.98479915901056,2.5303039950604873
4107,euler_ramsey,0.5,1.5% Ramsey,risk_aversion,combined,0,5368.206384682004,0.5087572373766239
4107,euler_ramsey,0.5,2.0% Ramsey,risk_aversion,combined,0,4895.74891144034,0.4170233104402118
4107,euler_ramsey,0.5,2.5% Ramsey,risk_aversion,combined,0,3898.5484271130563,0.35370744011779287
4108,euler_ramsey,0.5,1.5% Ramsey,risk_aversion,combined,0,98.64599979871069,1.3023911928728469
4108,euler_ramsey,0.5,2.0% Ramsey,risk_aversion,combined,0,98.93149866659991,1.3145566990488284
4108,euler_ramsey,0.5,2.5% Ramsey,risk_aversion,combined,0,98.75993103111547,1.3093896208417477
4109,euler_ramsey,0.5,1.5% Ramsey,risk_aversion,combined,0,4944.006432402217,0.49795422297714986
4109,euler_ramsey,0.5,2.0% Ramsey,risk_aversion,combined,0,3712.899454934296,0.4058304634427088
4109,euler_ramsey,0.5,2.5% Ramsey,risk_aversion,combined,0,2531.2445217622844,0.3426529974558481
4110,euler_ramsey,0.5,1.5% Ramsey,risk_aversion,combined,0,850.5878578125294,1.2965032378342485
4110,euler_ramsey,0.5,2.0% Ramsey,risk_aversion,combined,0,606.6967625206748,1.3088055216088266
4110,euler_ramsey,0.5,2.5% Ramsey,risk_aversion,combined,0,422.5166998766874,1.3039608817426507
4111,euler_ramsey,0.5,1.5% Ramsey,risk_aversion,combined,0,398.95878081529173,0.8763757452054527
4111,euler_ramsey,0.5,2.0% Ramsey,risk_aversion,combined,0,332.4791156001119,0.8095801533662358
4111,euler_ramsey,0.5,2.5% Ramsey,risk_aversion,combined,0,260.7209778311468,0.7530219915959294
4112,euler_ramsey,0.5,1.5% Ramsey,risk_aversion,combined,0,575.5405977070491,0.890143566187328
4112,euler_ramsey,0.5,2.0% Ramsey,risk_aversion,combined,0,479.7177995242127,0.8254898909981094
4112,euler_ramsey,0.5,2.5% Ramsey,risk_aversion,combined,0,378.23561598787273,0.77015221124033
4113,euler_ramsey,0.5,1.5% Ramsey,risk_aversion,combined,0,463.0890941534707,1.407027945187276
4113,euler_ramsey,0.5,2.0% Ramsey,risk_aversion,combined,0,279.7720072748625,1.446352226305177
4113,euler_ramsey,0.5,2.5% Ramsey,risk_aversion,combined,0,187.58510385059247,1.4612932079137098
4114,euler_ramsey,0.5,1.5% Ramsey,risk_aversion,combined,0,884.6063498178862,0.7507889261035269
4114,euler_ramsey,0.5,2.0% Ramsey,risk_aversion,combined,0,624.5596148932547,0.6712828323547717
4114,euler_ramsey,0.5,2.5% Ramsey,risk_aversion,combined,0,430.23589046676955,0.6088926565972643
4115,euler_ramsey,0.5,1.5% Ramsey,risk_aversion,combined,0,256.98416378932086,1.3187685748316629
4115,euler_ramsey,0.5,2.0% Ramsey,risk_aversion,combined,0,194.65904567138682,1.335466065672795
4115,euler_ramsey,0.5,2.5% Ramsey,risk_aversion,combined,0,137.09897424404406,1.3336207545375227
4116,euler_ramsey,0.5,1.5% Ramsey,risk_aversion,combined,0,-469.0069933383124,0.40085272959907736
4116,euler_ramsey,0.5,2.0% Ramsey,risk_aversion,combined,0,-241.68862541287794,0.31020330289895653
4116,euler_ramsey,0.5,2.5% Ramsey,risk_aversion,combined,0,-146.03844055244264,0.25155218306389837
4117,euler_ramsey,0.5,1.5% Ramsey,risk_aversion,combined,0,1160.5183076155492,0.651162017372377
4117,euler_ramsey,0.5,2.0% Ramsey,risk_aversion,combined,0,1019.0318372911381,0.563255595799945
4117,euler_ramsey,0.5,2.5% Ramsey,risk_aversion,combined,0,768.5053150903801,0.49796983637390035
4118,euler_ramsey,0.5,1.5% Ramsey,risk_aversion,combined,0,373.85571748038916,1.3149398815441038
4118,euler_ramsey,0.5,2.0% Ramsey,risk_aversion,combined,0,283.1593693535546,1.3307252526805227
4118,euler_ramsey,0.5,2.5% Ramsey,risk_aversion,combined,0,193.46325487743414,1.3282212562823674
4119,euler_ramsey,0.5,1.5% Ramsey,risk_aversion,combined,0,2185.329436670712,0.9813949090599685
4119,euler_ramsey,0.5,2.0% Ramsey,risk_aversion,combined,0,1558.8557286972277,0.9305482769596468
4119,euler_ramsey,0.5,2.5% Ramsey,risk_aversion,combined,0,1063.1167067493775,0.8832432737000943
4120,euler_ramsey,0.5,1.5% Ramsey,risk_aversion,combined,0,770.9807965586634,0.7764388921151987
4120,euler_ramsey,0.5,2.0% Ramsey,risk_aversion,combined,0,587.6557494842411,0.6974309612864386
4120,euler_ramsey,0.5,2.5% Ramsey,risk_aversion,combined,0,391.61362618068745,0.6347073520417242
4121,euler_ramsey,0.5,1.5% Ramsey,risk_aversion,combined,0,606.5965137541735,0.6387282301974474
4121,euler_ramsey,0.5,2.0% Ramsey,risk_aversion,combined,0,472.54326728171725,0.5494736347778385
4121,euler_ramsey,0.5,2.5% Ramsey,risk_aversion,combined,0,341.2982535484501,0.483645822870333
4122,euler_ramsey,0.5,1.5% Ramsey,risk_aversion,combined,0,846.4099961983161,0.7152020541313839
4122,euler_ramsey,0.5,2.0% Ramsey,risk_aversion,combined,0,756.244616040048,0.6308224005149979
4122,euler_ramsey,0.5,2.5% Ramsey,risk_aversion,combined,0,615.8880684603082,0.5660868623399403
4123,euler_ramsey,0.5,1.5% Ramsey,risk_aversion,combined,0,385.6862462359547,1.4836791934955738
4123,euler_ramsey,0.5,2.0% Ramsey,risk_aversion,combined,0,276.8781604124541,1.5427272345860361
4123,euler_ramsey,0.5,2.5% Ramsey,risk_aversion,combined,0,184.1072249741365,1.5724473303938071
4124,euler_ramsey,0.5,1.5% Ramsey,risk_aversion,combined,0,-109.92453334965899,0.8000614741912687
4124,euler_ramsey,0.5,2.0% Ramsey,risk_aversion,combined,0,-94.46579663784182,0.7234296755027714
4124,euler_ramsey,0.5,2.5% Ramsey,risk_aversion,combined,0,-69.34425296175634,0.6617328216575643
4125,euler_ramsey,0.5,1.5% Ramsey,risk_aversion,combined,0,60.755776657458526,1.658040447025622
4125,euler_ramsey,0.5,2.0% Ramsey,risk_aversion,combined,0,41.440196502735816,1.7680045382964822
4125,euler_ramsey,0.5,2.5% Ramsey,risk_aversion,combined,0,28.85823360510996,1.8374397729920429
4126,euler_ramsey,0.5,1.5% Ramsey,risk_aversion,combined,0,-165.79255821110814,0.7532718234923776
4126,euler_ramsey,0.5,2.0% Ramsey,risk_aversion,combined,0,-113.22506513158183,0.6719398218588248
4126,euler_ramsey,0.5,2.5% Ramsey,risk_aversion,combined,0,-59.50430071588024,0.6082317577817442
4127,euler_ramsey,0.5,1.5% Ramsey,risk_aversion,combined,0,-590.6213482547446,0.3841687000844504
4127,euler_ramsey,0.5,2.0% Ramsey,risk_aversion,combined,0,-528.4036265950218,0.2946603796274418
4127,euler_ramsey,0.5,2.5% Ramsey,risk_aversion,combined,0,-405.05552761349827,0.23732042201431702
4128,euler_ramsey,0.5,1.5% Ramsey,risk_aversion,combined,0,-292.952946415159,0.948824806485139
4128,euler_ramsey,0.5,2.0% Ramsey,risk_aversion,combined,0,-227.0863043205004,0.8924015400037439
4128,euler_ramsey,0.5,2.5% Ramsey,risk_aversion,combined,0,-163.0875153373148,0.8415981793730604
4129,euler_ramsey,0.5,1.5% Ramsey,risk_aversion,combined,0,1320.124997742146,1.2149827818588859
4129,euler_ramsey,0.5,2.0% Ramsey,risk_aversion,combined,0,1066.7137632237411,1.2080953869713027
4129,euler_ramsey,0.5,2.5% Ramsey,risk_aversion,combined,0,804.3614660744848,1.1894918040631748
4130,euler_ramsey,0.5,1.5% Ramsey,risk_aversion,combined,0,3304.622269675562,0.33592184828781746
4130,euler_ramsey,0.5,2.0% Ramsey,risk_aversion,combined,0,1740.0697938582905,0.25000880215122356
4130,euler_ramsey,0.5,2.5% Ramsey,risk_aversion,combined,0,1086.3804532830197,0.19672805316582068
4131,euler_ramsey,0.5,1.5% Ramsey,risk_aversion,combined,0,137.53517040233362,3.1333691616000787
4131,euler_ramsey,0.5,2.0% Ramsey,risk_aversion,combined,0,150.8132204662076,3.855040170037629
4131,euler_ramsey,0.5,2.5% Ramsey,risk_aversion,combined,0,142.18120878895672,4.4751198161949945
4132,euler_ramsey,0.5,1.5% Ramsey,risk_aversion,combined,0,79.15328238168058,1.8659865269697273
4132,euler_ramsey,0.5,2.0% Ramsey,risk_aversion,combined,0,60.61011676354856,2.0433208162694876
4132,euler_ramsey,0.5,2.5% Ramsey,risk_aversion,combined,0,46.964417916246745,2.167674616039359
4133,euler_ramsey,0.5,1.5% Ramsey,risk_aversion,combined,0,101.83842597778491,1.3259527750482785
4133,euler_ramsey,0.5,2.0% Ramsey,risk_aversion,combined,0,79.90674055743298,1.3440081524935397
4133,euler_ramsey,0.5,2.5% Ramsey,risk_aversion,combined,0,59.30620466848184,1.343051933319583
4134,euler_ramsey,0.5,1.5% Ramsey,risk_aversion,combined,0,576.6414424337291,0.4423380649028312
4134,euler_ramsey,0.5,2.0% Ramsey,risk_aversion,combined,0,549.2917757668462,0.35006296097024464
4134,euler_ramsey,0.5,2.5% Ramsey,risk_aversion,combined,0,457.9963452593337,0.2888472810868095
4135,euler_ramsey,0.5,1.5% Ramsey,risk_aversion,combined,0,206.2092878407347,2.9041920598349535
4135,euler_ramsey,0.5,2.0% Ramsey,risk_aversion,combined,0,155.72837883801202,3.5130559448537824
4135,euler_ramsey,0.5,2.5% Ramsey,risk_aversion,combined,0,116.24673712340939,4.025304331281054
4136,euler_ramsey,0.5,1.5% Ramsey,risk_aversion,combined,0,1232.8419629257041,0.5191855398741027
4136,euler_ramsey,0.5,2.0% Ramsey,risk_aversion,combined,0,1151.3581507260021,0.42611309747698406
4136,euler_ramsey,0.5,2.5% Ramsey,risk_aversion,combined,0,940.6266503656851,0.3616520995425364
4137,euler_ramsey,0.5,1.5% Ramsey,risk_aversion,combined,0,754.538938440398,2.1174957992451033
4137,euler_ramsey,0.5,2.0% Ramsey,risk_aversion,combined,0,534.5175016962984,2.3881695791362554
4137,euler_ramsey,0.5,2.5% Ramsey,risk_aversion,combined,0,378.03381299612647,2.592449589426939
4138,euler_ramsey,0.5,1.5% Ramsey,risk_aversion,combined,0,330.0244687810373,1.6185381425346446
4138,euler_ramsey,0.5,2.0% Ramsey,risk_aversion,combined,0,269.63152750579815,1.7167124827547127
4138,euler_ramsey,0.5,2.5% Ramsey,risk_aversion,combined,0,208.59541323182208,1.7769099216515336
4139,euler_ramsey,0.5,1.5% Ramsey,risk_aversion,combined,0,322.85637232238327,0.881858538290508
4139,euler_ramsey,0.5,2.0% Ramsey,risk_aversion,combined,0,264.87906980777456,0.8151552527702066
4139,euler_ramsey,0.5,2.5% Ramsey,risk_aversion,combined,0,202.33857043514993,0.758508621799435
4140,euler_ramsey,0.5,1.5% Ramsey,risk_aversion,combined,0,4350.332914123278,0.3889579867353665
4140,euler_ramsey,0.5,2.0% Ramsey,risk_aversion,combined,0,3417.0074334066203,0.29917302242214944
4140,euler_ramsey,0.5,2.5% Ramsey,risk_aversion,combined,0,2378.499318569004,0.24148736660540343
4141,euler_ramsey,0.5,1.5% Ramsey,risk_aversion,combined,0,1400.0992641481612,1.3025641043877811
4141,euler_ramsey,0.5,2.0% Ramsey,risk_aversion,combined,0,1171.759428469335,1.315889918626229
4141,euler_ramsey,0.5,2.5% Ramsey,risk_aversion,combined,0,869.9377532542048,1.3116534989725743
4142,euler_ramsey,0.5,1.5% Ramsey,risk_aversion,combined,0,277.66361854988077,1.293268889540177
4142,euler_ramsey,0.5,2.0% Ramsey,risk_aversion,combined,0,237.71892407027178,1.3035022624068573
4142,euler_ramsey,0.5,2.5% Ramsey,risk_aversion,combined,0,193.26290140131775,1.296997508911638
4143,euler_ramsey,0.5,1.5% Ramsey,risk_aversion,combined,0,422.4563464123003,0.5649569427224412
4143,euler_ramsey,0.5,2.0% Ramsey,risk_aversion,combined,0,337.9866938047276,0.4727037458902575
4143,euler_ramsey,0.5,2.5% Ramsey,risk_aversion,combined,0,261.87000354245583,0.40722979407041054
4144,euler_ramsey,0.5,1.5% Ramsey,risk_aversion,combined,0,1264.1863511293102,0.8201825979500388
4144,euler_ramsey,0.5,2.0% Ramsey,risk_aversion,combined,0,1051.9754365499257,0.7472101984133616
4144,euler_ramsey,0.5,2.5% Ramsey,risk_aversion,combined,0,819.6722554236065,0.6876720966099509
4145,euler_ramsey,0.5,1.5% Ramsey,risk_aversion,combined,0,340.5266617362298,0.8464773374220409
4145,euler_ramsey,0.5,2.0% Ramsey,risk_aversion,combined,0,279.9129626099345,0.7755868155380798
4145,euler_ramsey,0.5,2.5% Ramsey,risk_aversion,combined,0,210.43758371415686,0.7168217043071025
4146,euler_ramsey,0.5,1.5% Ramsey,risk_aversion,combined,0,314.8885401579018,0.6263540148224029
4146,euler_ramsey,0.5,2.0% Ramsey,risk_aversion,combined,0,290.59342807578065,0.5364084402399923
4146,euler_ramsey,0.5,2.5% Ramsey,risk_aversion,combined,0,238.70513207531104,0.47049707535353436
4147,euler_ramsey,0.5,1.5% Ramsey,risk_aversion,combined,0,936.3012158364008,0.7968448218976817
4147,euler_ramsey,0.5,2.0% Ramsey,risk_aversion,combined,0,766.18247913103,0.7201999127750895
4147,euler_ramsey,0.5,2.5% Ramsey,risk_aversion,combined,0,562.7444209837207,0.6586017310135165
4148,euler_ramsey,0.5,1.5% Ramsey,risk_aversion,combined,0,15040.398036338745,0.22296411983706643
4148,euler_ramsey,0.5,2.0% Ramsey,risk_aversion,combined,0,6910.699100309618,0.15161375494769888
4148,euler_ramsey,0.5,2.5% Ramsey,risk_aversion,combined,0,3605.2749023006268,0.11127410596401004
4149,euler_ramsey,0.5,1.5% Ramsey,risk_aversion,combined,0,1300.1353443742742,0.7398011081791932
4149,euler_ramsey,0.5,2.0% Ramsey,risk_aversion,combined,0,1265.837204952179,0.6582568315490356
4149,euler_ramsey,0.5,2.5% Ramsey,risk_aversion,combined,0,1112.826720250834,0.5947818472538958
4150,euler_ramsey,0.5,1.5% Ramsey,risk_aversion,combined,0,1091.7332756733897,0.4391986293318374
4150,euler_ramsey,0.5,2.0% Ramsey,risk_aversion,combined,0,1018.7806336196279,0.34707578112207316
4150,euler_ramsey,0.5,2.5% Ramsey,risk_aversion,combined,0,813.3086920321587,0.2860636683333077
4151,euler_ramsey,0.5,1.5% Ramsey,risk_aversion,combined,0,88.35898288308617,1.2089936072417344
4151,euler_ramsey,0.5,2.0% Ramsey,risk_aversion,combined,0,96.86332510413257,1.2009968262866635
4151,euler_ramsey,0.5,2.5% Ramsey,risk_aversion,combined,0,95.85192559509572,1.1816218366661555
4152,euler_ramsey,0.5,1.5% Ramsey,risk_aversion,combined,0,1609.8664252671226,0.29385894461747786
4152,euler_ramsey,0.5,2.0% Ramsey,risk_aversion,combined,0,1002.6970195678289,0.21216749195172754
4152,euler_ramsey,0.5,2.5% Ramsey,risk_aversion,combined,0,637.9314606398389,0.16307437382827308
4153,euler_ramsey,0.5,1.5% Ramsey,risk_aversion,combined,0,344.3968140752121,1.1068266267074882
4153,euler_ramsey,0.5,2.0% Ramsey,risk_aversion,combined,0,282.9908778979411,1.0771439606742463
4153,euler_ramsey,0.5,2.5% Ramsey,risk_aversion,combined,0,217.39772243685994,1.0430087589268198
4154,euler_ramsey,0.5,1.5% Ramsey,risk_aversion,combined,0,285.0320603756471,2.2032597108449603
4154,euler_ramsey,0.5,2.0% Ramsey,risk_aversion,combined,0,181.0304153337997,2.5046076765600453
4154,euler_ramsey,0.5,2.5% Ramsey,risk_aversion,combined,0,119.39524387451021,2.735137873527026
4155,euler_ramsey,0.5,1.5% Ramsey,risk_aversion,combined,0,1585.8693954758598,0.43049021346482436
4155,euler_ramsey,0.5,2.0% Ramsey,risk_aversion,combined,0,1477.9239344388554,0.3386803465136643
4155,euler_ramsey,0.5,2.5% Ramsey,risk_aversion,combined,0,1181.30597302078,0.27818793747633724
4156,euler_ramsey,0.5,1.5% Ramsey,risk_aversion,combined,0,-620.6503321412112,0.9847970984749136
4156,euler_ramsey,0.5,2.0% Ramsey,risk_aversion,combined,0,-524.8581441946575,0.9334216786746641
4156,euler_ramsey,0.5,2.5% Ramsey,risk_aversion,combined,0,-379.2948205182327,0.8855965612660012
4157,euler_ramsey,0.5,1.5% Ramsey,risk_aversion,combined,0,30.517210453677375,0.8923082589662055
4157,euler_ramsey,0.5,2.0% Ramsey,risk_aversion,combined,0,15.8027189905581,0.8266655133187755
4157,euler_ramsey,0.5,2.5% Ramsey,risk_aversion,combined,0,6.657440860464952,0.7704797752512426
4158,euler_ramsey,0.5,1.5% Ramsey,risk_aversion,combined,0,158.4924399125502,0.7241850819429452
4158,euler_ramsey,0.5,2.0% Ramsey,risk_aversion,combined,0,136.82077428489612,0.6401185097846549
4158,euler_ramsey,0.5,2.5% Ramsey,risk_aversion,combined,0,107.10418829390652,0.5753222909315766
4159,euler_ramsey,0.5,1.5% Ramsey,risk_aversion,combined,0,525.8835807077179,0.8274119420310133
4159,euler_ramsey,0.5,2.0% Ramsey,risk_aversion,combined,0,358.95943223506373,0.7545248953587411
4159,euler_ramsey,0.5,2.5% Ramsey,risk_aversion,combined,0,251.4348602891196,0.6948530315781506
4160,euler_ramsey,0.5,1.5% Ramsey,risk_aversion,combined,0,-98.02564660165585,1.1676959477288764
4160,euler_ramsey,0.5,2.0% Ramsey,risk_aversion,combined,0,-90.80674650624435,1.1504800461302618
4160,euler_ramsey,0.5,2.5% Ramsey,risk_aversion,combined,0,-66.65380813305701,1.1246967789639324
4161,euler_ramsey,0.5,1.5% Ramsey,risk_aversion,combined,0,57.12078819956876,0.6493783814194117
4161,euler_ramsey,0.5,2.0% Ramsey,risk_aversion,combined,0,43.135352841340044,0.5601219709368909
4161,euler_ramsey,0.5,2.5% Ramsey,risk_aversion,combined,0,31.085581640073922,0.49398430493479034
4162,euler_ramsey,0.5,1.5% Ramsey,risk_aversion,combined,0,903.2893262294493,0.24707318257963326
4162,euler_ramsey,0.5,2.0% Ramsey,risk_aversion,combined,0,431.6454844694329,0.17148974756335958
4162,euler_ramsey,0.5,2.5% Ramsey,risk_aversion,combined,0,262.96991038320107,0.12784318564138863
4163,euler_ramsey,0.5,1.5% Ramsey,risk_aversion,combined,0,178.8895446177861,2.095661404836644
4163,euler_ramsey,0.5,2.0% Ramsey,risk_aversion,combined,0,149.61115303077202,2.3554436184954355
4163,euler_ramsey,0.5,2.5% Ramsey,risk_aversion,combined,0,117.01425620097135,2.549704454513525
4164,euler_ramsey,0.5,1.5% Ramsey,risk_aversion,combined,0,1313.7020217416245,0.4707724365928858
4164,euler_ramsey,0.5,2.0% Ramsey,risk_aversion,combined,0,1023.4110312244374,0.37791249610172495
4164,euler_ramsey,0.5,2.5% Ramsey,risk_aversion,combined,0,742.3892269045128,0.31529130541024253
4165,euler_ramsey,0.5,1.5% Ramsey,risk_aversion,combined,0,223.59557358898175,2.0549646634164414
4165,euler_ramsey,0.5,2.0% Ramsey,risk_aversion,combined,0,211.32444905549778,2.2994975396810298
4165,euler_ramsey,0.5,2.5% Ramsey,risk_aversion,combined,0,177.2456729015349,2.4805936847487264
4166,euler_ramsey,0.5,1.5% Ramsey,risk_aversion,combined,0,800.8874884919469,0.3782775780417701
4166,euler_ramsey,0.5,2.0% Ramsey,risk_aversion,combined,0,579.8188355290154,0.28915327377059197
4166,euler_ramsey,0.5,2.5% Ramsey,risk_aversion,combined,0,410.7102906164172,0.23227720492134632
4167,euler_ramsey,0.5,1.5% Ramsey,risk_aversion,combined,0,1178.2446330459097,1.2473341987993316
4167,euler_ramsey,0.5,2.0% Ramsey,risk_aversion,combined,0,1062.3306683618018,1.2496980237797672
4167,euler_ramsey,0.5,2.5% Ramsey,risk_aversion,combined,0,857.5579700326732,1.2380452161804916
4168,euler_ramsey,0.5,1.5% Ramsey,risk_aversion,combined,0,1831.3207728846087,0.6715878249675791
4168,euler_ramsey,0.5,2.0% Ramsey,risk_aversion,combined,0,1330.0490389223862,0.5843743998695778
4168,euler_ramsey,0.5,2.5% Ramsey,risk_aversion,combined,0,906.1354160840089,0.5189425571921505
4169,euler_ramsey,0.5,1.5% Ramsey,risk_aversion,combined,0,971.7540225863181,1.2486554023920482
4169,euler_ramsey,0.5,2.0% Ramsey,risk_aversion,combined,0,639.2560441580706,1.2493246557574704
4169,euler_ramsey,0.5,2.5% Ramsey,risk_aversion,combined,0,410.12041736268935,1.23605432341558
4170,euler_ramsey,0.5,1.5% Ramsey,risk_aversion,combined,0,56.39712813593356,0.8143445925751396
4170,euler_ramsey,0.5,2.0% Ramsey,risk_aversion,combined,0,44.74190778211861,0.739590929885417
4170,euler_ramsey,0.5,2.5% Ramsey,risk_aversion,combined,0,33.88674092212405,0.6788844643470429
4171,euler_ramsey,0.5,1.5% Ramsey,risk_aversion,combined,0,821.2134584848943,1.6707710541067224
4171,euler_ramsey,0.5,2.0% Ramsey,risk_aversion,combined,0,655.4356647831924,1.7850365380135533
4171,euler_ramsey,0.5,2.5% Ramsey,risk_aversion,combined,0,486.90380241721874,1.8580675505838091
4172,euler_ramsey,0.5,1.5% Ramsey,risk_aversion,combined,0,435.06120125673016,1.196095885340124
4172,euler_ramsey,0.5,2.0% Ramsey,risk_aversion,combined,0,329.8973046882986,1.1851698971639528
4172,euler_ramsey,0.5,2.5% Ramsey,risk_aversion,combined,0,237.06586896995012,1.1638074834564707
4173,euler_ramsey,0.5,1.5% Ramsey,risk_aversion,combined,0,1293.3658983122414,0.8028376926500947
4173,euler_ramsey,0.5,2.0% Ramsey,risk_aversion,combined,0,950.3938185416281,0.7273415568348119
4173,euler_ramsey,0.5,2.5% Ramsey,risk_aversion,combined,0,656.7136709692942,0.666436063377867
4174,euler_ramsey,0.5,1.5% Ramsey,risk_aversion,combined,0,5992.96338719508,0.3865668631418485
4174,euler_ramsey,0.5,2.0% Ramsey,risk_aversion,combined,0,4884.278660532693,0.2970245484938792
4174,euler_ramsey,0.5,2.5% Ramsey,risk_aversion,combined,0,3480.5648929221757,0.23956834357403167
4175,euler_ramsey,0.5,1.5% Ramsey,risk_aversion,combined,0,438.24841578484865,1.4680830558355475
4175,euler_ramsey,0.5,2.0% Ramsey,risk_aversion,combined,0,330.5953976864358,1.5233204241197809
4175,euler_ramsey,0.5,2.5% Ramsey,risk_aversion,combined,0,236.26535893528765,1.5501886233372932
4176,euler_ramsey,0.5,1.5% Ramsey,risk_aversion,combined,0,234.15073759513695,0.49379682474753117
4176,euler_ramsey,0.5,2.0% Ramsey,risk_aversion,combined,0,195.53766694599113,0.4004663621514229
4176,euler_ramsey,0.5,2.5% Ramsey,risk_aversion,combined,0,156.71974803128856,0.33673902241917314
4177,euler_ramsey,0.5,1.5% Ramsey,risk_aversion,combined,0,456.5766154655898,1.670276275243766
4177,euler_ramsey,0.5,2.0% Ramsey,risk_aversion,combined,0,348.54762847479253,1.7844571794800594
4177,euler_ramsey,0.5,2.5% Ramsey,risk_aversion,combined,0,257.60396874375493,1.8574443458201302
4178,euler_ramsey,0.5,1.5% Ramsey,risk_aversion,combined,0,177.4386874161091,0.8416789111830704
4178,euler_ramsey,0.5,2.0% Ramsey,risk_aversion,combined,0,141.10038874516883,0.7705257037610818
4178,euler_ramsey,0.5,2.5% Ramsey,risk_aversion,combined,0,105.63320625949027,0.7116825560632415
4179,euler_ramsey,0.5,1.5% Ramsey,risk_aversion,combined,0,269.1626196582553,0.562823389474289
4179,euler_ramsey,0.5,2.0% Ramsey,risk_aversion,combined,0,137.89809893828897,0.47022710223265585
4179,euler_ramsey,0.5,2.5% Ramsey,risk_aversion,combined,0,75.2133110401047,0.40461060013300404
4180,euler_ramsey,0.5,1.5% Ramsey,risk_aversion,combined,0,-540.0322269168663,0.507591296000556
4180,euler_ramsey,0.5,2.0% Ramsey,risk_aversion,combined,0,-305.4209457628607,0.4145348297184832
4180,euler_ramsey,0.5,2.5% Ramsey,risk_aversion,combined,0,-164.9027769450843,0.35047493922916806
4181,euler_ramsey,0.5,1.5% Ramsey,risk_aversion,combined,0,431.96147611936374,0.5998380461552403
4181,euler_ramsey,0.5,2.0% Ramsey,risk_aversion,combined,0,378.14805138147534,0.5088444085589638
4181,euler_ramsey,0.5,2.5% Ramsey,risk_aversion,combined,0,294.27004635378734,0.443061749928725
4182,euler_ramsey,0.5,1.5% Ramsey,risk_aversion,combined,0,899.8560313626666,0.8027923958353351
4182,euler_ramsey,0.5,2.0% Ramsey,risk_aversion,combined,0,677.5461999373696,0.7272849725626253
4182,euler_ramsey,0.5,2.5% Ramsey,risk_aversion,combined,0,484.3247436048368,0.6663725050336873
4183,euler_ramsey,0.5,1.5% Ramsey,risk_aversion,combined,0,1331.4007733749595,0.6355929031125935
4183,euler_ramsey,0.5,2.0% Ramsey,risk_aversion,combined,0,1168.3475596247004,0.5464443578839526
4183,euler_ramsey,0.5,2.5% Ramsey,risk_aversion,combined,0,905.7847360846621,0.48078139478656956
4184,euler_ramsey,0.5,1.5% Ramsey,risk_aversion,combined,0,796.9561882134692,1.2931876265494469
4184,euler_ramsey,0.5,2.0% Ramsey,risk_aversion,combined,0,672.0181229463316,1.3038432781759466
4184,euler_ramsey,0.5,2.5% Ramsey,risk_aversion,combined,0,516.360599135697,1.2976717987351962
4185,euler_ramsey,0.5,1.5% Ramsey,risk_aversion,combined,0,688.4132570880314,1.242083166877731
4185,euler_ramsey,0.5,2.0% Ramsey,risk_aversion,combined,0,512.027335494904,1.241810332551134
4185,euler_ramsey,0.5,2.5% Ramsey,risk_aversion,combined,0,380.4365889223382,1.227926556158168
4186,euler_ramsey,0.5,1.5% Ramsey,risk_aversion,combined,0,1200.5257654614131,1.067172944412598
4186,euler_ramsey,0.5,2.0% Ramsey,risk_aversion,combined,0,909.9815008317731,1.0303370714755251
4186,euler_ramsey,0.5,2.5% Ramsey,risk_aversion,combined,0,634.9071147877163,0.9916057815020409
4187,euler_ramsey,0.5,1.5% Ramsey,risk_aversion,combined,0,-481.3125275299271,1.3360769105880508
4187,euler_ramsey,0.5,2.0% Ramsey,risk_aversion,combined,0,-343.4068046851428,1.3567179670414715
4187,euler_ramsey,0.5,2.5% Ramsey,risk_aversion,combined,0,-218.87118156181057,1.3576346379350124
4188,euler_ramsey,0.5,1.5% Ramsey,risk_aversion,combined,0,3818.185904062508,0.2416464393199216
4188,euler_ramsey,0.5,2.0% Ramsey,risk_aversion,combined,0,1785.2384999423246,0.16702542617350413
4188,euler_ramsey,0.5,2.5% Ramsey,risk_aversion,combined,0,1042.0606914516657,0.12412478591045337
4189,euler_ramsey,0.5,1.5% Ramsey,risk_aversion,combined,0,784.777783853456,1.344062027098178
4189,euler_ramsey,0.5,2.0% Ramsey,risk_aversion,combined,0,459.9104032809821,1.3670273245691056
4189,euler_ramsey,0.5,2.5% Ramsey,risk_aversion,combined,0,293.1006234268854,1.3698191291095296
4190,euler_ramsey,0.5,1.5% Ramsey,risk_aversion,combined,0,354.42284771944423,1.18196007095573
4190,euler_ramsey,0.5,2.0% Ramsey,risk_aversion,combined,0,284.15426028139126,1.1679908099315253
4190,euler_ramsey,0.5,2.5% Ramsey,risk_aversion,combined,0,226.02611896898728,1.1444852587573453
4191,euler_ramsey,0.5,1.5% Ramsey,risk_aversion,combined,0,379.1630281459808,2.0076138838569344
4191,euler_ramsey,0.5,2.0% Ramsey,risk_aversion,combined,0,283.19493943661666,2.235254139895284
4191,euler_ramsey,0.5,2.5% Ramsey,risk_aversion,combined,0,207.8367157003117,2.402047786593475
4192,euler_ramsey,0.5,1.5% Ramsey,risk_aversion,combined,0,1247.3072773211677,0.31567207459059865
4192,euler_ramsey,0.5,2.0% Ramsey,risk_aversion,combined,0,641.9734978902255,0.23151225595381025
4192,euler_ramsey,0.5,2.5% Ramsey,risk_aversion,combined,0,339.3338418536006,0.18010211434347634
4193,euler_ramsey,0.5,1.5% Ramsey,risk_aversion,combined,0,-1326.4330924841304,0.1682688353183671
4193,euler_ramsey,0.5,2.0% Ramsey,risk_aversion,combined,0,-1278.8618107276088,0.10715533843208254
4193,euler_ramsey,0.5,2.5% Ramsey,risk_aversion,combined,0,-1029.4084019273207,0.07473521730133968
4194,euler_ramsey,0.5,1.5% Ramsey,risk_aversion,combined,0,1535.5605186984415,0.6189853638606996
4194,euler_ramsey,0.5,2.0% Ramsey,risk_aversion,combined,0,1138.4269180593606,0.5289941930834391
4194,euler_ramsey,0.5,2.5% Ramsey,risk_aversion,combined,0,817.9413963578087,0.4632819622488118
4195,euler_ramsey,0.5,1.5% Ramsey,risk_aversion,combined,0,591.2971555511081,1.585053207070002
4195,euler_ramsey,0.5,2.0% Ramsey,risk_aversion,combined,0,443.29818998737005,1.6744067367099311
4195,euler_ramsey,0.5,2.5% Ramsey,risk_aversion,combined,0,329.46570926670535,1.7278853874688342
4196,euler_ramsey,0.5,1.5% Ramsey,risk_aversion,combined,0,-292.3354388215747,0.3917714808783293
4196,euler_ramsey,0.5,2.0% Ramsey,risk_aversion,combined,0,-207.8951022223945,0.30162914869176916
4196,euler_ramsey,0.5,2.5% Ramsey,risk_aversion,combined,0,-142.75866389777403,0.24363373988342452
4197,euler_ramsey,0.5,1.5% Ramsey,risk_aversion,combined,0,824.1482043145446,0.4995907475225392
4197,euler_ramsey,0.5,2.0% Ramsey,risk_aversion,combined,0,687.0780683634806,0.40671643614520525
4197,euler_ramsey,0.5,2.5% Ramsey,risk_aversion,combined,0,504.99605821128,0.34304654333894347
4198,euler_ramsey,0.5,1.5% Ramsey,risk_aversion,combined,0,-303.6496274781949,0.46073717276000486
4198,euler_ramsey,0.5,2.0% Ramsey,risk_aversion,combined,0,-235.91697654203523,0.3679175924666011
4198,euler_ramsey,0.5,2.5% Ramsey,risk_aversion,combined,0,-161.53970134791174,0.30569004251195603
4199,euler_ramsey,0.5,1.5% Ramsey,risk_aversion,combined,0,471.50047709749106,0.8774410738555908
4199,euler_ramsey,0.5,2.0% Ramsey,risk_aversion,combined,0,396.3329595558901,0.8108365880126372
4199,euler_ramsey,0.5,2.5% Ramsey,risk_aversion,combined,0,312.7351471648424,0.7543375671420814
4200,euler_ramsey,0.5,1.5% Ramsey,risk_aversion,combined,0,110.3951676681196,2.1274148367059333
4200,euler_ramsey,0.5,2.0% Ramsey,risk_aversion,combined,0,86.49887847360309,2.3993003383845712
4200,euler_ramsey,0.5,2.5% Ramsey,risk_aversion,combined,0,69.8897406811202,2.6040322468963564
4201,euler_ramsey,0.5,1.5% Ramsey,risk_aversion,combined,0,716.4782175372479,0.5107475510695547
4201,euler_ramsey,0.5,2.0% Ramsey,risk_aversion,combined,0,439.7294322590513,0.417667399302834
4201,euler_ramsey,0.5,2.5% Ramsey,risk_aversion,combined,0,280.4376352259694,0.35348982482389796
4202,euler_ramsey,0.5,1.5% Ramsey,risk_aversion,combined,0,-1630.939182467363,0.3130085103032785
4202,euler_ramsey,0.5,2.0% Ramsey,risk_aversion,combined,0,-1085.366289400821,0.22936026854148492
4202,euler_ramsey,0.5,2.5% Ramsey,risk_aversion,combined,0,-727.5680320790631,0.17831902155984566
4203,euler_ramsey,0.5,1.5% Ramsey,risk_aversion,combined,0,6.525724105617543,0.3566516518477237
4203,euler_ramsey,0.5,2.0% Ramsey,risk_aversion,combined,0,-3.8080784432985344,0.26890743724176164
4203,euler_ramsey,0.5,2.5% Ramsey,risk_aversion,combined,0,-6.693062528220904,0.2137224328086476
4204,euler_ramsey,0.5,1.5% Ramsey,risk_aversion,combined,0,2921.915141171622,0.4092571462809028
4204,euler_ramsey,0.5,2.0% Ramsey,risk_aversion,combined,0,1384.7508491509661,0.31853217766430375
4204,euler_ramsey,0.5,2.5% Ramsey,risk_aversion,combined,0,764.874242153314,0.25948693757525787
4205,euler_ramsey,0.5,1.5% Ramsey,risk_aversion,combined,0,226.14906346281515,0.6365823515417781
4205,euler_ramsey,0.5,2.0% Ramsey,risk_aversion,combined,0,181.39105528008952,0.5472507432968762
4205,euler_ramsey,0.5,2.5% Ramsey,risk_aversion,combined,0,134.19953335610577,0.4814450008898219
4206,euler_ramsey,0.5,1.5% Ramsey,risk_aversion,combined,0,133.4409518174031,1.8194273786064465
4206,euler_ramsey,0.5,2.0% Ramsey,risk_aversion,combined,0,100.34039270585647,1.9808374486373048
4206,euler_ramsey,0.5,2.5% Ramsey,risk_aversion,combined,0,77.57750940390092,2.09205529283496
4207,euler_ramsey,0.5,1.5% Ramsey,risk_aversion,combined,0,461.1348482489609,1.252732984178659
4207,euler_ramsey,0.5,2.0% Ramsey,risk_aversion,combined,0,310.9100068572159,1.2539544099670894
4207,euler_ramsey,0.5,2.5% Ramsey,risk_aversion,combined,0,209.69672235141405,1.2409896830208347
4208,euler_ramsey,0.5,1.5% Ramsey,risk_aversion,combined,0,867.6672346169423,0.9052183027165251
4208,euler_ramsey,0.5,2.0% Ramsey,risk_aversion,combined,0,760.7835542763236,0.8434010538641763
4208,euler_ramsey,0.5,2.5% Ramsey,risk_aversion,combined,0,595.240760470637,0.7897787077007664
4209,euler_ramsey,0.5,1.5% Ramsey,risk_aversion,combined,0,235.37415720529842,0.2743664662154184
4209,euler_ramsey,0.5,2.0% Ramsey,risk_aversion,combined,0,35.961205951122935,0.19497032656765637
4209,euler_ramsey,0.5,2.5% Ramsey,risk_aversion,combined,0,-6.905491054851984,0.1480174989998026
4210,euler_ramsey,0.5,1.5% Ramsey,risk_aversion,combined,0,176.852423630883,1.029613232985845
4210,euler_ramsey,0.5,2.0% Ramsey,risk_aversion,combined,0,139.79707990216212,0.9865278090021953
4210,euler_ramsey,0.5,2.5% Ramsey,risk_aversion,combined,0,100.22572682583167,0.9438757455699962
4211,euler_ramsey,0.5,1.5% Ramsey,risk_aversion,combined,0,672.1112693094758,0.7183406172253016
4211,euler_ramsey,0.5,2.0% Ramsey,risk_aversion,combined,0,541.2902267621142,0.6343252671724813
4211,euler_ramsey,0.5,2.5% Ramsey,risk_aversion,combined,0,423.126737952916,0.5697542135131082
4212,euler_ramsey,0.5,1.5% Ramsey,risk_aversion,combined,0,198.84565672507,0.3811241556894338
4212,euler_ramsey,0.5,2.0% Ramsey,risk_aversion,combined,0,121.01049807984307,0.2916020752011527
4212,euler_ramsey,0.5,2.5% Ramsey,risk_aversion,combined,0,80.48278677427547,0.23439804850873341
4213,euler_ramsey,0.5,1.5% Ramsey,risk_aversion,combined,0,398.9597628313713,1.7530939032343609
4213,euler_ramsey,0.5,2.0% Ramsey,risk_aversion,combined,0,321.0229583145093,1.8926067300519227
4213,euler_ramsey,0.5,2.5% Ramsey,risk_aversion,combined,0,237.42440395650135,1.985792947925315
4214,euler_ramsey,0.5,1.5% Ramsey,risk_aversion,combined,0,-420.18524986270626,0.37362798025953514
4214,euler_ramsey,0.5,2.0% Ramsey,risk_aversion,combined,0,-247.60385391673165,0.2846090434982971
4214,euler_ramsey,0.5,2.5% Ramsey,risk_aversion,combined,0,-150.92340733845285,0.227997820166657
4215,euler_ramsey,0.5,1.5% Ramsey,risk_aversion,combined,0,2245.5686745989087,0.35724778739231916
4215,euler_ramsey,0.5,2.0% Ramsey,risk_aversion,combined,0,1066.9839784090814,0.26949663768155857
4215,euler_ramsey,0.5,2.5% Ramsey,risk_aversion,combined,0,632.2616193612104,0.21428319889745898
4216,euler_ramsey,0.5,1.5% Ramsey,risk_aversion,combined,0,535.6609451693565,2.0839438152517293
4216,euler_ramsey,0.5,2.0% Ramsey,risk_aversion,combined,0,355.0683426048821,2.3397187598139637
4216,euler_ramsey,0.5,2.5% Ramsey,risk_aversion,combined,0,242.57734326256187,2.530659618077672
4217,euler_ramsey,0.5,1.5% Ramsey,risk_aversion,combined,0,1369.112674831986,0.4047029994257332
4217,euler_ramsey,0.5,2.0% Ramsey,risk_aversion,combined,0,869.3694553285507,0.31389433654823884
4217,euler_ramsey,0.5,2.5% Ramsey,risk_aversion,combined,0,551.304844862148,0.25499798154154757
4218,euler_ramsey,0.5,1.5% Ramsey,risk_aversion,combined,0,853.4070438544064,1.256452253237001
4218,euler_ramsey,0.5,2.0% Ramsey,risk_aversion,combined,0,623.6101963783037,1.2597121667190183
4218,euler_ramsey,0.5,2.5% Ramsey,risk_aversion,combined,0,433.39231455028425,1.2485112930585296
4219,euler_ramsey,0.5,1.5% Ramsey,risk_aversion,combined,0,2546.920149066516,0.8771593680284381
4219,euler_ramsey,0.5,2.0% Ramsey,risk_aversion,combined,0,2066.6593406134307,0.8112382407018669
4219,euler_ramsey,0.5,2.5% Ramsey,risk_aversion,combined,0,1483.8988928336419,0.7552676345957254
4220,euler_ramsey,0.5,1.5% Ramsey,risk_aversion,combined,0,1643.8829139413606,0.6746485708173013
4220,euler_ramsey,0.5,2.0% Ramsey,risk_aversion,combined,0,967.1949650214218,0.5872061301168896
4220,euler_ramsey,0.5,2.5% Ramsey,risk_aversion,combined,0,554.8926782066557,0.5215358502013929
4221,euler_ramsey,0.5,1.5% Ramsey,risk_aversion,combined,0,701.048280339948,0.8615672325229096
4221,euler_ramsey,0.5,2.0% Ramsey,risk_aversion,combined,0,395.5077638411862,0.7929704370389759
4221,euler_ramsey,0.5,2.5% Ramsey,risk_aversion,combined,0,236.76869078205476,0.7355053878106511
4222,euler_ramsey,0.5,1.5% Ramsey,risk_aversion,combined,0,1430.640911165566,0.2686504532566625
4222,euler_ramsey,0.5,2.0% Ramsey,risk_aversion,combined,0,791.2758450994456,0.19002397240300342
4222,euler_ramsey,0.5,2.5% Ramsey,risk_aversion,combined,0,484.5046922006225,0.14374765220530386
4223,euler_ramsey,0.5,1.5% Ramsey,risk_aversion,combined,0,2091.7192794588527,0.5152963650328047
4223,euler_ramsey,0.5,2.0% Ramsey,risk_aversion,combined,0,1438.3478322864419,0.4222461322223679
4223,euler_ramsey,0.5,2.5% Ramsey,risk_aversion,combined,0,943.4194733523166,0.3579324626465979
4224,euler_ramsey,0.5,1.5% Ramsey,risk_aversion,combined,0,1992.5136118558341,0.5923423859006681
4224,euler_ramsey,0.5,2.0% Ramsey,risk_aversion,combined,0,1150.5692012143193,0.5007079834090757
4224,euler_ramsey,0.5,2.5% Ramsey,risk_aversion,combined,0,678.6031674301722,0.4347658514777661
4225,euler_ramsey,0.5,1.5% Ramsey,risk_aversion,combined,0,617.3124953068183,0.851697705294309
4225,euler_ramsey,0.5,2.0% Ramsey,risk_aversion,combined,0,488.7253104320294,0.781892969599435
4225,euler_ramsey,0.5,2.5% Ramsey,risk_aversion,combined,0,357.0293607797978,0.7237494539991112
4226,euler_ramsey,0.5,1.5% Ramsey,risk_aversion,combined,0,1202.1061636715124,0.3324608276898528
4226,euler_ramsey,0.5,2.0% Ramsey,risk_aversion,combined,0,843.8577320445787,0.24685268083540776
4226,euler_ramsey,0.5,2.5% Ramsey,risk_aversion,combined,0,611.6551837298888,0.19389175821124138
4227,euler_ramsey,0.5,1.5% Ramsey,risk_aversion,combined,0,443.42848630958264,1.1727186799821325
4227,euler_ramsey,0.5,2.0% Ramsey,risk_aversion,combined,0,395.36721206491245,1.1569120789981808
4227,euler_ramsey,0.5,2.5% Ramsey,risk_aversion,combined,0,314.1946387025109,1.1322891699906967
4228,euler_ramsey,0.5,1.5% Ramsey,risk_aversion,combined,0,146.7825199038159,2.0141172077632366
4228,euler_ramsey,0.5,2.0% Ramsey,risk_aversion,combined,0,118.48760560659316,2.243744673743704
4228,euler_ramsey,0.5,2.5% Ramsey,risk_aversion,combined,0,97.93655210989684,2.412194572332134
4229,euler_ramsey,0.5,1.5% Ramsey,risk_aversion,combined,0,277.59108813509545,1.2921705509199117
4229,euler_ramsey,0.5,2.0% Ramsey,risk_aversion,combined,0,206.15685779174743,1.302139809615662
4229,euler_ramsey,0.5,2.5% Ramsey,risk_aversion,combined,0,139.82109075294213,1.2953448468527216
4230,euler_ramsey,0.5,1.5% Ramsey,risk_aversion,combined,0,219.57131025322602,1.405576653707406
4230,euler_ramsey,0.5,2.0% Ramsey,risk_aversion,combined,0,176.53882378157692,1.4438842030634294
4230,euler_ramsey,0.5,2.5% Ramsey,risk_aversion,combined,0,134.43749493768846,1.4578930041678735
4231,euler_ramsey,0.5,1.5% Ramsey,risk_aversion,combined,0,497.98023507831994,1.6623314567869543
4231,euler_ramsey,0.5,2.0% Ramsey,risk_aversion,combined,0,341.52166199450164,1.7739392784187533
4231,euler_ramsey,0.5,2.5% Ramsey,risk_aversion,combined,0,243.81256694975355,1.8448265972989562
4232,euler_ramsey,0.5,1.5% Ramsey,risk_aversion,combined,0,1203.6914286250912,0.3843964286206595
4232,euler_ramsey,0.5,2.0% Ramsey,risk_aversion,combined,0,607.3832677517316,0.2947430138830682
4232,euler_ramsey,0.5,2.5% Ramsey,risk_aversion,combined,0,353.30388208639033,0.2373271460205297
4233,euler_ramsey,0.5,1.5% Ramsey,risk_aversion,combined,0,2817.906036003246,0.4792935094263389
4233,euler_ramsey,0.5,2.0% Ramsey,risk_aversion,combined,0,2216.9533205779157,0.3866059081565775
4233,euler_ramsey,0.5,2.5% Ramsey,risk_aversion,combined,0,1574.6089974492743,0.3237688150546102
4234,euler_ramsey,0.5,1.5% Ramsey,risk_aversion,combined,0,1235.6452553985046,0.8847287574275843
4234,euler_ramsey,0.5,2.0% Ramsey,risk_aversion,combined,0,1005.8523128797342,0.8191199449095419
4234,euler_ramsey,0.5,2.5% Ramsey,risk_aversion,combined,0,761.060884098482,0.7632072272533548
4235,euler_ramsey,0.5,1.5% Ramsey,risk_aversion,combined,0,1646.539379070908,0.5010137655376123
4235,euler_ramsey,0.5,2.0% Ramsey,risk_aversion,combined,0,1195.1102339589588,0.40800764336091877
4235,euler_ramsey,0.5,2.5% Ramsey,risk_aversion,combined,0,831.8998824844455,0.34421427825350165
4236,euler_ramsey,0.5,1.5% Ramsey,risk_aversion,combined,0,334.34135425708246,1.7558467405559168
4236,euler_ramsey,0.5,2.0% Ramsey,risk_aversion,combined,0,311.9885983051523,1.8969185096849992
4236,euler_ramsey,0.5,2.5% Ramsey,risk_aversion,combined,0,260.4272379724749,1.9916148468229513
4237,euler_ramsey,0.5,1.5% Ramsey,risk_aversion,combined,0,42.027802279146655,0.7314393661639721
4237,euler_ramsey,0.5,2.0% Ramsey,risk_aversion,combined,0,41.99329413611286,0.6482775720954059
4237,euler_ramsey,0.5,2.5% Ramsey,risk_aversion,combined,0,43.71233877014657,0.5839100251899647
4238,euler_ramsey,0.5,1.5% Ramsey,risk_aversion,combined,0,236.3034527770805,1.2419221812392818
4238,euler_ramsey,0.5,2.0% Ramsey,risk_aversion,combined,0,187.8428979924565,1.2404590063814165
4238,euler_ramsey,0.5,2.5% Ramsey,risk_aversion,combined,0,142.93297293772412,1.225548671836889
4239,euler_ramsey,0.5,1.5% Ramsey,risk_aversion,combined,0,-96.60534956442312,0.7725286235807902
4239,euler_ramsey,0.5,2.0% Ramsey,risk_aversion,combined,0,-52.61583369746873,0.6930850277345545
4239,euler_ramsey,0.5,2.5% Ramsey,risk_aversion,combined,0,-16.62673903139972,0.630172666232231
4240,euler_ramsey,0.5,1.5% Ramsey,risk_aversion,combined,0,-1729.5801252007543,0.29072915291086654
4240,euler_ramsey,0.5,2.0% Ramsey,risk_aversion,combined,0,-720.0861020865133,0.20947746293042815
4240,euler_ramsey,0.5,2.5% Ramsey,risk_aversion,combined,0,-404.3573256099207,0.1607506816114232
4241,euler_ramsey,0.5,1.5% Ramsey,risk_aversion,combined,0,1157.7932374239429,0.7774546314093822
4241,euler_ramsey,0.5,2.0% Ramsey,risk_aversion,combined,0,947.8720339967616,0.6993310907056983
4241,euler_ramsey,0.5,2.5% Ramsey,risk_aversion,combined,0,692.971337210562,0.6372006176542118
4242,euler_ramsey,0.5,1.5% Ramsey,risk_aversion,combined,0,991.2527544491295,0.936016535855639
4242,euler_ramsey,0.5,2.0% Ramsey,risk_aversion,combined,0,658.0183307262652,0.8774157761909743
4242,euler_ramsey,0.5,2.5% Ramsey,risk_aversion,combined,0,460.81698569658096,0.82536442605257
4243,euler_ramsey,0.5,1.5% Ramsey,risk_aversion,combined,0,817.59342059409,2.0405761661118738
4243,euler_ramsey,0.5,2.0% Ramsey,risk_aversion,combined,0,518.193358497946,2.2825742097832706
4243,euler_ramsey,0.5,2.5% Ramsey,risk_aversion,combined,0,363.09508344327577,2.462268813227567
4244,euler_ramsey,0.5,1.5% Ramsey,risk_aversion,combined,0,6518.504793215311,0.4017820504046419
4244,euler_ramsey,0.5,2.0% Ramsey,risk_aversion,combined,0,4746.030313367934,0.3130362972883956
4244,euler_ramsey,0.5,2.5% Ramsey,risk_aversion,combined,0,3305.93215604576,0.2553342300254161
4245,euler_ramsey,0.5,1.5% Ramsey,risk_aversion,combined,0,225.32321450311042,1.3853785627953072
4245,euler_ramsey,0.5,2.0% Ramsey,risk_aversion,combined,0,182.58833369069018,1.4185018111347294
4245,euler_ramsey,0.5,2.5% Ramsey,risk_aversion,combined,0,136.2779798865263,1.4286518696466297
4246,euler_ramsey,0.5,1.5% Ramsey,risk_aversion,combined,0,137.69310242189357,2.104251683755484
4246,euler_ramsey,0.5,2.0% Ramsey,risk_aversion,combined,0,92.87034968266723,2.3672186889479403
4246,euler_ramsey,0.5,2.5% Ramsey,risk_aversion,combined,0,64.16961178107384,2.5642500991088015
4247,euler_ramsey,0.5,1.5% Ramsey,risk_aversion,combined,0,152.1176123323614,1.3724735351578787
4247,euler_ramsey,0.5,2.0% Ramsey,risk_aversion,combined,0,131.6651074197721,1.4036241402021692
4247,euler_ramsey,0.5,2.5% Ramsey,risk_aversion,combined,0,104.32252624289552,1.4125246724607121
4248,euler_ramsey,0.5,1.5% Ramsey,risk_aversion,combined,0,-848.4834779013594,0.4768299419215296
4248,euler_ramsey,0.5,2.0% Ramsey,risk_aversion,combined,0,-388.6726494165139,0.38375044185314044
4248,euler_ramsey,0.5,2.5% Ramsey,risk_aversion,combined,0,-143.46161540875448,0.32078029614855513
4249,euler_ramsey,0.5,1.5% Ramsey,risk_aversion,combined,0,643.296726651339,1.060111435072109
4249,euler_ramsey,0.5,2.0% Ramsey,risk_aversion,combined,0,521.324774231482,1.021805063399173
4249,euler_ramsey,0.5,2.5% Ramsey,risk_aversion,combined,0,399.24569138441456,0.9820998845561393
4250,euler_ramsey,0.5,1.5% Ramsey,risk_aversion,combined,0,-62.73247324979641,0.3265247177757968
4250,euler_ramsey,0.5,2.0% Ramsey,risk_aversion,combined,0,-72.54675714290076,0.2413069019345995
4250,euler_ramsey,0.5,2.5% Ramsey,risk_aversion,combined,0,-65.10124618937076,0.18883232452487303
4251,euler_ramsey,0.5,1.5% Ramsey,risk_aversion,combined,0,2314.2142515505006,0.4639960382395055
4251,euler_ramsey,0.5,2.0% Ramsey,risk_aversion,combined,0,1655.9179200871283,0.3713049792895038
4251,euler_ramsey,0.5,2.5% Ramsey,risk_aversion,combined,0,1103.6806893431578,0.30903080239513014
4252,euler_ramsey,0.5,1.5% Ramsey,risk_aversion,combined,0,274.9246802058265,1.228647749320941
4252,euler_ramsey,0.5,2.0% Ramsey,risk_aversion,combined,0,179.16240129989203,1.223966866647815
4252,euler_ramsey,0.5,2.5% Ramsey,risk_aversion,combined,0,121.70512633947094,1.2067731602275364
4253,euler_ramsey,0.5,1.5% Ramsey,risk_aversion,combined,0,-112.04860206335358,0.936580134989611
4253,euler_ramsey,0.5,2.0% Ramsey,risk_aversion,combined,0,-57.534279637767426,0.8785708790778047
4253,euler_ramsey,0.5,2.5% Ramsey,risk_aversion,combined,0,-23.932139708648993,0.8269404852962943
4254,euler_ramsey,0.5,1.5% Ramsey,risk_aversion,combined,0,959.2218232087139,0.36096785636009243
4254,euler_ramsey,0.5,2.0% Ramsey,risk_aversion,combined,0,466.30623236173767,0.27284050015696093
4254,euler_ramsey,0.5,2.5% Ramsey,risk_aversion,combined,0,257.85077772089693,0.2172647776752237
4255,euler_ramsey,0.5,1.5% Ramsey,risk_aversion,combined,0,717.9835777217183,1.2499841361369073
4255,euler_ramsey,0.5,2.0% Ramsey,risk_aversion,combined,0,488.10977885409665,1.250767545883556
4255,euler_ramsey,0.5,2.5% Ramsey,risk_aversion,combined,0,327.8797069687093,1.2375416193602933
4256,euler_ramsey,0.5,1.5% Ramsey,risk_aversion,combined,0,714.490669708113,1.9252356423810713
4256,euler_ramsey,0.5,2.0% Ramsey,risk_aversion,combined,0,493.3391609587728,2.12387047446368
4256,euler_ramsey,0.5,2.5% Ramsey,risk_aversion,combined,0,333.7986896886794,2.266255626356998
4257,euler_ramsey,0.5,1.5% Ramsey,risk_aversion,combined,0,776.594770393734,0.6078350409411989
4257,euler_ramsey,0.5,2.0% Ramsey,risk_aversion,combined,0,582.3832498150508,0.5166049432175372
4257,euler_ramsey,0.5,2.5% Ramsey,risk_aversion,combined,0,422.21457769967486,0.45044379360042497
4258,euler_ramsey,0.5,1.5% Ramsey,risk_aversion,combined,0,987.6256658156776,0.6737813105274623
4258,euler_ramsey,0.5,2.0% Ramsey,risk_aversion,combined,0,725.7664380624412,0.5861148887245803
4258,euler_ramsey,0.5,2.5% Ramsey,risk_aversion,combined,0,498.5936488699352,0.520326995765289
4259,euler_ramsey,0.5,1.5% Ramsey,risk_aversion,combined,0,42.84570903646001,0.36783263152323126
4259,euler_ramsey,0.5,2.0% Ramsey,risk_aversion,combined,0,46.15396580002441,0.27943492024041483
4259,euler_ramsey,0.5,2.5% Ramsey,risk_aversion,combined,0,47.605216713204406,0.22339770468759254
4260,euler_ramsey,0.5,1.5% Ramsey,risk_aversion,combined,0,1215.7660235333137,1.2261988574511236
4260,euler_ramsey,0.5,2.0% Ramsey,risk_aversion,combined,0,773.4584874720244,1.2229511054395996
4260,euler_ramsey,0.5,2.5% Ramsey,risk_aversion,combined,0,516.2563895791101,1.2070846328753309
4261,euler_ramsey,0.5,1.5% Ramsey,risk_aversion,combined,0,793.072712553862,1.3215420871646506
4261,euler_ramsey,0.5,2.0% Ramsey,risk_aversion,combined,0,464.78724737357317,1.338944901379161
4261,euler_ramsey,0.5,2.5% Ramsey,risk_aversion,combined,0,296.9224375421481,1.3376670403258986
4262,euler_ramsey,0.5,1.5% Ramsey,risk_aversion,combined,0,-148.87364635058782,0.5043572417036802
4262,euler_ramsey,0.5,2.0% Ramsey,risk_aversion,combined,0,-52.467297845583595,0.4111997406767166
4262,euler_ramsey,0.5,2.5% Ramsey,risk_aversion,combined,0,-10.174322623362643,0.34719628732425606
4263,euler_ramsey,0.5,1.5% Ramsey,risk_aversion,combined,0,1031.3979743009702,0.7180798543669006
4263,euler_ramsey,0.5,2.0% Ramsey,risk_aversion,combined,0,672.3450183405852,0.6344225972127534
4263,euler_ramsey,0.5,2.5% Ramsey,risk_aversion,combined,0,446.3005634680696,0.570063142302339
4264,euler_ramsey,0.5,1.5% Ramsey,risk_aversion,combined,0,1007.959142238107,1.7942515594905624
4264,euler_ramsey,0.5,2.0% Ramsey,risk_aversion,combined,0,665.1000578988178,1.9487548996030235
4264,euler_ramsey,0.5,2.5% Ramsey,risk_aversion,combined,0,445.9580302356186,2.0545751325918005
4265,euler_ramsey,0.5,1.5% Ramsey,risk_aversion,combined,0,1244.4720654291114,0.4162825097312797
4265,euler_ramsey,0.5,2.0% Ramsey,risk_aversion,combined,0,992.6002064157492,0.32513260146036566
4265,euler_ramsey,0.5,2.5% Ramsey,risk_aversion,combined,0,732.9251449387643,0.26556948267123937
4266,euler_ramsey,0.5,1.5% Ramsey,risk_aversion,combined,0,865.6756581268767,1.4143837081184478
4266,euler_ramsey,0.5,2.0% Ramsey,risk_aversion,combined,0,591.2681830944825,1.4554085043790144
4266,euler_ramsey,0.5,2.5% Ramsey,risk_aversion,combined,0,383.46768879367136,1.4715468661220148
4267,euler_ramsey,0.5,1.5% Ramsey,risk_aversion,combined,0,613.2125128502566,0.9104793393160533
4267,euler_ramsey,0.5,2.0% Ramsey,risk_aversion,combined,0,420.91116930462346,0.84813979510712
4267,euler_ramsey,0.5,2.5% Ramsey,risk_aversion,combined,0,305.4065505965242,0.7939518317318832
4268,euler_ramsey,0.5,1.5% Ramsey,risk_aversion,combined,0,2015.6020557362126,0.4471084895706359
4268,euler_ramsey,0.5,2.0% Ramsey,risk_aversion,combined,0,1323.3512971446546,0.35481908170236764
4268,euler_ramsey,0.5,2.5% Ramsey,risk_aversion,combined,0,913.2768291321794,0.2934106664677984
4269,euler_ramsey,0.5,1.5% Ramsey,risk_aversion,combined,0,4354.94037842561,1.7435828742272252
4269,euler_ramsey,0.5,2.0% Ramsey,risk_aversion,combined,0,3637.366674174383,1.889666766631783
4269,euler_ramsey,0.5,2.5% Ramsey,risk_aversion,combined,0,2837.4161049432105,1.9898059193750683
4270,euler_ramsey,0.5,1.5% Ramsey,risk_aversion,combined,0,853.3965784805773,1.3618388915733994
4270,euler_ramsey,0.5,2.0% Ramsey,risk_aversion,combined,0,646.6448574413105,1.3890280967514788
4270,euler_ramsey,0.5,2.5% Ramsey,risk_aversion,combined,0,442.6082296274486,1.3948164637782448
4271,euler_ramsey,0.5,1.5% Ramsey,risk_aversion,combined,0,-251.91642023213467,0.7640420425634268
4271,euler_ramsey,0.5,2.0% Ramsey,risk_aversion,combined,0,-195.3166856356453,0.6837430725769157
4271,euler_ramsey,0.5,2.5% Ramsey,risk_aversion,combined,0,-131.27446498346507,0.620453486738455
4272,euler_ramsey,0.5,1.5% Ramsey,risk_aversion,combined,0,190.0281980753243,2.1341169813188743
4272,euler_ramsey,0.5,2.0% Ramsey,risk_aversion,combined,0,135.28039410626008,2.4084385708157443
4272,euler_ramsey,0.5,2.5% Ramsey,risk_aversion,combined,0,97.58539722698428,2.6152209554488284
4273,euler_ramsey,0.5,1.5% Ramsey,risk_aversion,combined,0,1284.513532839951,0.5582440130919567
4273,euler_ramsey,0.5,2.0% Ramsey,risk_aversion,combined,0,739.7840686911005,0.46598078594950754
4273,euler_ramsey,0.5,2.5% Ramsey,risk_aversion,combined,0,428.6939702056785,0.4007076310298449
4274,euler_ramsey,0.5,1.5% Ramsey,risk_aversion,combined,0,-1137.092974790404,0.2955705445557805
4274,euler_ramsey,0.5,2.0% Ramsey,risk_aversion,combined,0,-996.7431343595327,0.2136371146552235
4274,euler_ramsey,0.5,2.5% Ramsey,risk_aversion,combined,0,-753.8135158327503,0.16433614211392036
4275,euler_ramsey,0.5,1.5% Ramsey,risk_aversion,combined,0,382.4295608870175,0.8054712081037108
4275,euler_ramsey,0.5,2.0% Ramsey,risk_aversion,combined,0,274.5526950932606,0.7295561207874619
4275,euler_ramsey,0.5,2.5% Ramsey,risk_aversion,combined,0,195.2675207025844,0.6682310590991625
4276,euler_ramsey,0.5,1.5% Ramsey,risk_aversion,combined,0,1037.8208189047998,0.28649853256823504
4276,euler_ramsey,0.5,2.0% Ramsey,risk_aversion,combined,0,691.9546895712969,0.20558245046987147
4276,euler_ramsey,0.5,2.5% Ramsey,risk_aversion,combined,0,452.1400042848949,0.15725413174689598
4277,euler_ramsey,0.5,1.5% Ramsey,risk_aversion,combined,0,95.6641933871469,1.5538596389767796
4277,euler_ramsey,0.5,2.0% Ramsey,risk_aversion,combined,0,63.86327311707944,1.6329189316549084
4277,euler_ramsey,0.5,2.5% Ramsey,risk_aversion,combined,0,46.98013272439875,1.6780187451190203
4278,euler_ramsey,0.5,1.5% Ramsey,risk_aversion,combined,0,719.8016658460338,0.7180222669027272
4278,euler_ramsey,0.5,2.0% Ramsey,risk_aversion,combined,0,484.6205648827579,0.6339301386042636
4278,euler_ramsey,0.5,2.5% Ramsey,risk_aversion,combined,0,360.2466629535524,0.5693081200495532
4279,euler_ramsey,0.5,1.5% Ramsey,risk_aversion,combined,0,172.55144318474697,0.6171562800028513
4279,euler_ramsey,0.5,2.0% Ramsey,risk_aversion,combined,0,138.01968521245607,0.526727965897437
4279,euler_ramsey,0.5,2.5% Ramsey,risk_aversion,combined,0,102.49816009604027,0.4607810366940131
4280,euler_ramsey,0.5,1.5% Ramsey,risk_aversion,combined,0,-137.12984041779052,1.562527643641977
4280,euler_ramsey,0.5,2.0% Ramsey,risk_aversion,combined,0,-126.75112779279368,1.6445252038871387
4280,euler_ramsey,0.5,2.5% Ramsey,risk_aversion,combined,0,-104.77722032631443,1.6918978358186423
4281,euler_ramsey,0.5,1.5% Ramsey,risk_aversion,combined,0,1648.3167947460493,0.5006541558884836
4281,euler_ramsey,0.5,2.0% Ramsey,risk_aversion,combined,0,1368.2967939145599,0.4079071919039176
4281,euler_ramsey,0.5,2.5% Ramsey,risk_aversion,combined,0,1001.5123088933044,0.3442779378904921
4282,euler_ramsey,0.5,1.5% Ramsey,risk_aversion,combined,0,632.5814897064947,0.855170373758593
4282,euler_ramsey,0.5,2.0% Ramsey,risk_aversion,combined,0,538.9034462188962,0.7859154151149218
4282,euler_ramsey,0.5,2.5% Ramsey,risk_aversion,combined,0,419.74559167573716,0.728058779106416
4283,euler_ramsey,0.5,1.5% Ramsey,risk_aversion,combined,0,1186.1757396951016,1.209558098110108
4283,euler_ramsey,0.5,2.0% Ramsey,risk_aversion,combined,0,1112.631037626913,1.2023363694482596
4283,euler_ramsey,0.5,2.5% Ramsey,risk_aversion,combined,0,926.0868460393834,1.1836450245833892
4284,euler_ramsey,0.5,1.5% Ramsey,risk_aversion,combined,0,389.89315048100036,2.8036223071919606
4284,euler_ramsey,0.5,2.0% Ramsey,risk_aversion,combined,0,226.26453750504135,3.365340884288753
4284,euler_ramsey,0.5,2.5% Ramsey,risk_aversion,combined,0,148.39242856701298,3.833192327705253
4285,euler_ramsey,0.5,1.5% Ramsey,risk_aversion,combined,0,138.41341012095452,2.7691313101372925
4285,euler_ramsey,0.5,2.0% Ramsey,risk_aversion,combined,0,94.36048531714891,3.313575209338724
4285,euler_ramsey,0.5,2.5% Ramsey,risk_aversion,combined,0,68.56252021781263,3.7648365995087434
4286,euler_ramsey,0.5,1.5% Ramsey,risk_aversion,combined,0,1254.6466872431351,0.9398504212862231
4286,euler_ramsey,0.5,2.0% Ramsey,risk_aversion,combined,0,1093.115751286987,0.8826808184589393
4286,euler_ramsey,0.5,2.5% Ramsey,risk_aversion,combined,0,874.3625660908934,0.8316580011251189
4287,euler_ramsey,0.5,1.5% Ramsey,risk_aversion,combined,0,743.339567021403,0.6601129035992521
4287,euler_ramsey,0.5,2.0% Ramsey,risk_aversion,combined,0,474.24692388725634,0.5721039077532405
4287,euler_ramsey,0.5,2.5% Ramsey,risk_aversion,combined,0,294.0008893709303,0.5064667447949632
4288,euler_ramsey,0.5,1.5% Ramsey,risk_aversion,combined,0,5263.8089122223655,0.8771996815285007
4288,euler_ramsey,0.5,2.0% Ramsey,risk_aversion,combined,0,5257.138657944439,0.8152962543752503
4288,euler_ramsey,0.5,2.5% Ramsey,risk_aversion,combined,0,4451.792171783701,0.7623491366929337
4289,euler_ramsey,0.5,1.5% Ramsey,risk_aversion,combined,0,147.0282831220033,1.2076983353914026
4289,euler_ramsey,0.5,2.0% Ramsey,risk_aversion,combined,0,97.81924693200207,1.1990788485381043
4289,euler_ramsey,0.5,2.5% Ramsey,risk_aversion,combined,0,74.12795798476502,1.1792238467095317
4290,euler_ramsey,0.5,1.5% Ramsey,risk_aversion,combined,0,1043.8913160771815,0.8521039830026078
4290,euler_ramsey,0.5,2.0% Ramsey,risk_aversion,combined,0,890.8328088625241,0.7831689515537683
4290,euler_ramsey,0.5,2.5% Ramsey,risk_aversion,combined,0,691.2133007704648,0.7256451953320323
4291,euler_ramsey,0.5,1.5% Ramsey,risk_aversion,combined,0,1101.8655070185569,0.4939969338026838
4291,euler_ramsey,0.5,2.0% Ramsey,risk_aversion,combined,0,765.7083457477429,0.4008110341808036
4291,euler_ramsey,0.5,2.5% Ramsey,risk_aversion,combined,0,551.2669055994157,0.3371622530472589
4292,euler_ramsey,0.5,1.5% Ramsey,risk_aversion,combined,0,577.2636310210999,0.7578099499580722
4292,euler_ramsey,0.5,2.0% Ramsey,risk_aversion,combined,0,437.690942100852,0.6775279561866056
4292,euler_ramsey,0.5,2.5% Ramsey,risk_aversion,combined,0,307.93393951322236,0.6144519344058398
4293,euler_ramsey,0.5,1.5% Ramsey,risk_aversion,combined,0,351.7211352996476,0.811342416162398
4293,euler_ramsey,0.5,2.0% Ramsey,risk_aversion,combined,0,186.30635878846775,0.736913341592961
4293,euler_ramsey,0.5,2.5% Ramsey,risk_aversion,combined,0,114.98859700127328,0.6764744750683893
4294,euler_ramsey,0.5,1.5% Ramsey,risk_aversion,combined,0,3104.288793893575,0.3893524745921837
4294,euler_ramsey,0.5,2.0% Ramsey,risk_aversion,combined,0,2856.4057136555407,0.29987389877553555
4294,euler_ramsey,0.5,2.5% Ramsey,risk_aversion,combined,0,2237.6426904119608,0.24232745837413183
4295,euler_ramsey,0.5,1.5% Ramsey,risk_aversion,combined,0,-2.7605265538145805,0.781496171044133
4295,euler_ramsey,0.5,2.0% Ramsey,risk_aversion,combined,0,21.165741452551497,0.7038906706221575
4295,euler_ramsey,0.5,2.5% Ramsey,risk_aversion,combined,0,24.332652249263052,0.6420173612773907
4296,euler_ramsey,0.5,1.5% Ramsey,risk_aversion,combined,0,-1751.295095045492,0.19129180990672956
4296,euler_ramsey,0.5,2.0% Ramsey,risk_aversion,combined,0,-701.6263747177047,0.12536750866800328
4296,euler_ramsey,0.5,2.5% Ramsey,risk_aversion,combined,0,-403.55931970499086,0.08940168550622866
4297,euler_ramsey,0.5,1.5% Ramsey,risk_aversion,combined,0,-1607.2239262173912,0.13567777440184356
4297,euler_ramsey,0.5,2.0% Ramsey,risk_aversion,combined,0,-1268.6121792543825,0.08230148183170607
4297,euler_ramsey,0.5,2.5% Ramsey,risk_aversion,combined,0,-890.8426241104156,0.05528221304567177
4298,euler_ramsey,0.5,1.5% Ramsey,risk_aversion,combined,0,92.33984916808357,0.40993450437889667
4298,euler_ramsey,0.5,2.0% Ramsey,risk_aversion,combined,0,54.3597677158286,0.31882728858851644
4298,euler_ramsey,0.5,2.5% Ramsey,risk_aversion,combined,0,32.97255774055508,0.25955129544667876
4299,euler_ramsey,0.5,1.5% Ramsey,risk_aversion,combined,0,2370.572649804269,0.40818252599263466
4299,euler_ramsey,0.5,2.0% Ramsey,risk_aversion,combined,0,1622.523855004614,0.3175778927452414
4299,euler_ramsey,0.5,2.5% Ramsey,risk_aversion,combined,0,1137.135547653879,0.25864059804859096
4300,euler_ramsey,0.5,1.5% Ramsey,risk_aversion,combined,0,4304.994900541735,0.41923613087288086
4300,euler_ramsey,0.5,2.0% Ramsey,risk_aversion,combined,0,3401.9918992932094,0.3286100951547193
4300,euler_ramsey,0.5,2.5% Ramsey,risk_aversion,combined,0,2427.013926465155,0.2692033710229295
4301,euler_ramsey,0.5,1.5% Ramsey,risk_aversion,combined,0,-429.261764899719,0.656897238216509
4301,euler_ramsey,0.5,2.0% Ramsey,risk_aversion,combined,0,-280.55408660737066,0.5684115898382678
4301,euler_ramsey,0.5,2.5% Ramsey,risk_aversion,combined,0,-183.54259521378384,0.5025496085081301
4302,euler_ramsey,0.5,1.5% Ramsey,risk_aversion,combined,0,518.2710961487488,0.48670961491435283
4302,euler_ramsey,0.5,2.0% Ramsey,risk_aversion,combined,0,458.3961701578338,0.39404549997656924
4302,euler_ramsey,0.5,2.5% Ramsey,risk_aversion,combined,0,367.9918049806695,0.3309538106630295
4303,euler_ramsey,0.5,1.5% Ramsey,risk_aversion,combined,0,383.37018888034254,1.995277740112039
4303,euler_ramsey,0.5,2.0% Ramsey,risk_aversion,combined,0,261.90819560409057,2.218259426561179
4303,euler_ramsey,0.5,2.5% Ramsey,risk_aversion,combined,0,175.86026988021857,2.381094963173973
4304,euler_ramsey,0.5,1.5% Ramsey,risk_aversion,combined,0,427.5312476556827,0.670828001903635
4304,euler_ramsey,0.5,2.0% Ramsey,risk_aversion,combined,0,316.6396840720031,0.5832114037207685
4304,euler_ramsey,0.5,2.5% Ramsey,risk_aversion,combined,0,225.5888282241204,0.5175280294009873
4305,euler_ramsey,0.5,1.5% Ramsey,risk_aversion,combined,0,-99.58279137158208,0.19752713641527508
4305,euler_ramsey,0.5,2.0% Ramsey,risk_aversion,combined,0,-102.47356599540242,0.13037010214050704
4305,euler_ramsey,0.5,2.5% Ramsey,risk_aversion,combined,0,-73.576366906429,0.0934769825620575
4306,euler_ramsey,0.5,1.5% Ramsey,risk_aversion,combined,0,10283.042979966496,0.45718684646005414
4306,euler_ramsey,0.5,2.0% Ramsey,risk_aversion,combined,0,6036.5698110993635,0.3657375149415147
4306,euler_ramsey,0.5,2.5% Ramsey,risk_aversion,combined,0,3532.9946350035757,0.30441395448633773
4307,euler_ramsey,0.5,1.5% Ramsey,risk_aversion,combined,0,1012.2487065464825,0.9901760740371435
4307,euler_ramsey,0.5,2.0% Ramsey,risk_aversion,combined,0,574.0171766617183,0.9411344201173031
4307,euler_ramsey,0.5,2.5% Ramsey,risk_aversion,combined,0,335.63072997652324,0.8949383374112475
4308,euler_ramsey,0.5,1.5% Ramsey,risk_aversion,combined,0,1565.8420644216299,1.3764502977849282
4308,euler_ramsey,0.5,2.0% Ramsey,risk_aversion,combined,0,1803.9792202139672,1.407108395798176
4308,euler_ramsey,0.5,2.5% Ramsey,risk_aversion,combined,0,1683.4989093704794,1.4154173938281351
4309,euler_ramsey,0.5,1.5% Ramsey,risk_aversion,combined,0,91.01936769919956,1.1282390101510056
4309,euler_ramsey,0.5,2.0% Ramsey,risk_aversion,combined,0,62.06808890748582,1.102577840590745
4309,euler_ramsey,0.5,2.5% Ramsey,risk_aversion,combined,0,42.44421275570916,1.0710627191202384
4310,euler_ramsey,0.5,1.5% Ramsey,risk_aversion,combined,0,709.868866799319,1.1121494239100551
4310,euler_ramsey,0.5,2.0% Ramsey,risk_aversion,combined,0,448.7284438258838,1.0838526581259484
4310,euler_ramsey,0.5,2.5% Ramsey,risk_aversion,combined,0,290.50312425886875,1.0506947075068114
4311,euler_ramsey,0.5,1.5% Ramsey,risk_aversion,combined,0,-1428.559820789051,0.24639158290839963
4311,euler_ramsey,0.5,2.0% Ramsey,risk_aversion,combined,0,-607.459325113891,0.17093331085142172
4311,euler_ramsey,0.5,2.5% Ramsey,risk_aversion,combined,0,-365.40849704738264,0.12738003526567068
4312,euler_ramsey,0.5,1.5% Ramsey,risk_aversion,combined,0,240.95558240271865,1.3940836632906806
4312,euler_ramsey,0.5,2.0% Ramsey,risk_aversion,combined,0,164.32621621374776,1.42974260209054
4312,euler_ramsey,0.5,2.5% Ramsey,risk_aversion,combined,0,115.3953949657283,1.4418356080153985
4313,euler_ramsey,0.5,1.5% Ramsey,risk_aversion,combined,0,1862.2770977975122,0.5893963533966341
4313,euler_ramsey,0.5,2.0% Ramsey,risk_aversion,combined,0,1386.7968978129488,0.49834212042019405
4313,euler_ramsey,0.5,2.5% Ramsey,risk_aversion,combined,0,930.028521703373,0.4328504116543691
4314,euler_ramsey,0.5,1.5% Ramsey,risk_aversion,combined,0,5250.11426229779,0.24092284826474444
4314,euler_ramsey,0.5,2.0% Ramsey,risk_aversion,combined,0,1815.0586079561044,0.1664755533537065
4314,euler_ramsey,0.5,2.5% Ramsey,risk_aversion,combined,0,999.3740761234865,0.12369193513954917
4315,euler_ramsey,0.5,1.5% Ramsey,risk_aversion,combined,0,2247.7951454685904,0.5338773711124143
4315,euler_ramsey,0.5,2.0% Ramsey,risk_aversion,combined,0,1981.043630188408,0.44163819107014646
4315,euler_ramsey,0.5,2.5% Ramsey,risk_aversion,combined,0,1497.1864240027019,0.37718181651140903
4316,euler_ramsey,0.5,1.5% Ramsey,risk_aversion,combined,0,1215.9992543317176,0.4903804231333886
4316,euler_ramsey,0.5,2.0% Ramsey,risk_aversion,combined,0,1092.8519608491672,0.3974310510859407
4316,euler_ramsey,0.5,2.5% Ramsey,risk_aversion,combined,0,868.0655667370835,0.33404420453124656
4317,euler_ramsey,0.5,1.5% Ramsey,risk_aversion,combined,0,5217.951145406956,0.30363330931131904
4317,euler_ramsey,0.5,2.0% Ramsey,risk_aversion,combined,0,3079.471053006248,0.22097132648261358
4317,euler_ramsey,0.5,2.5% Ramsey,risk_aversion,combined,0,1922.7452885945072,0.1708966910127602
4318,euler_ramsey,0.5,1.5% Ramsey,risk_aversion,combined,0,302.447698805169,0.8771410826549753
4318,euler_ramsey,0.5,2.0% Ramsey,risk_aversion,combined,0,239.7841440871449,0.810504616541782
4318,euler_ramsey,0.5,2.5% Ramsey,risk_aversion,combined,0,185.68762555584541,0.7540624407301337
4319,euler_ramsey,0.5,1.5% Ramsey,risk_aversion,combined,0,262.6618403347636,2.1181529051495165
4319,euler_ramsey,0.5,2.0% Ramsey,risk_aversion,combined,0,167.22601390552336,2.3864945563614492
4319,euler_ramsey,0.5,2.5% Ramsey,risk_aversion,combined,0,113.22829458982494,2.5881973278784245
4320,euler_ramsey,0.5,1.5% Ramsey,risk_aversion,combined,0,325.0521716429035,1.5368863028373012
4320,euler_ramsey,0.5,2.0% Ramsey,risk_aversion,combined,0,216.22446664958025,1.6107456577799344
4320,euler_ramsey,0.5,2.5% Ramsey,risk_aversion,combined,0,155.6888255566253,1.651781072418199
4321,euler_ramsey,0.5,1.5% Ramsey,risk_aversion,combined,0,1776.6647794427097,0.2817563521099598
4321,euler_ramsey,0.5,2.0% Ramsey,risk_aversion,combined,0,942.0572317804081,0.2014334405077923
4321,euler_ramsey,0.5,2.5% Ramsey,risk_aversion,combined,0,554.1593926532383,0.15364161537021104
4322,euler_ramsey,0.5,1.5% Ramsey,risk_aversion,combined,0,999.4717924529394,0.6359001877807597
4322,euler_ramsey,0.5,2.0% Ramsey,risk_aversion,combined,0,735.8076482897957,0.5463975073654679
4322,euler_ramsey,0.5,2.5% Ramsey,risk_aversion,combined,0,488.8282893460081,0.48048877688078623
4323,euler_ramsey,0.5,1.5% Ramsey,risk_aversion,combined,0,6248.209698164099,0.3875325373099238
4323,euler_ramsey,0.5,2.0% Ramsey,risk_aversion,combined,0,5914.530946332524,0.29816386346718554
4323,euler_ramsey,0.5,2.5% Ramsey,risk_aversion,combined,0,4624.051047677616,0.2407534664609924
4324,euler_ramsey,0.5,1.5% Ramsey,risk_aversion,combined,0,248.05745067891758,0.46847982418523454
4324,euler_ramsey,0.5,2.0% Ramsey,risk_aversion,combined,0,221.78232324694585,0.37559543784322696
4324,euler_ramsey,0.5,2.5% Ramsey,risk_aversion,combined,0,171.91761938041904,0.3130401142367345
4325,euler_ramsey,0.5,1.5% Ramsey,risk_aversion,combined,0,280.01584146021867,0.6318916691533958
4325,euler_ramsey,0.5,2.0% Ramsey,risk_aversion,combined,0,295.7435338703371,0.5419697175937997
4325,euler_ramsey,0.5,2.5% Ramsey,risk_aversion,combined,0,257.604740124161,0.4759108220633248
4326,euler_ramsey,0.5,1.5% Ramsey,risk_aversion,combined,0,281.93899280981503,0.5194057240269595
4326,euler_ramsey,0.5,2.0% Ramsey,risk_aversion,combined,0,239.91960055319697,0.42639442860600013
4326,euler_ramsey,0.5,2.5% Ramsey,risk_aversion,combined,0,183.7072787593728,0.36196356443272126
4327,euler_ramsey,0.5,1.5% Ramsey,risk_aversion,combined,0,-135.23534623465542,0.9638103273682839
4327,euler_ramsey,0.5,2.0% Ramsey,risk_aversion,combined,0,-113.19461183362507,0.9090201301670833
4327,euler_ramsey,0.5,2.5% Ramsey,risk_aversion,combined,0,-79.27886739194325,0.8590878032495594
4328,euler_ramsey,0.5,1.5% Ramsey,risk_aversion,combined,0,62.73470217417649,3.29289236228345
4328,euler_ramsey,0.5,2.0% Ramsey,risk_aversion,combined,0,39.384135058530546,4.096698033296287
4328,euler_ramsey,0.5,2.5% Ramsey,risk_aversion,combined,0,27.235007494423144,4.796671796283091
4329,euler_ramsey,0.5,1.5% Ramsey,risk_aversion,combined,0,68.09062972642573,1.7796169208470263
4329,euler_ramsey,0.5,2.0% Ramsey,risk_aversion,combined,0,39.917672716133424,1.928128347977119
4329,euler_ramsey,0.5,2.5% Ramsey,risk_aversion,combined,0,23.510665178067267,2.0287025572574895
4330,euler_ramsey,0.5,1.5% Ramsey,risk_aversion,combined,0,406.18284136139465,0.7570526429068873
4330,euler_ramsey,0.5,2.0% Ramsey,risk_aversion,combined,0,450.4063195889521,0.6765153046354223
4330,euler_ramsey,0.5,2.5% Ramsey,risk_aversion,combined,0,443.199060946893,0.6132662555765372
4331,euler_ramsey,0.5,1.5% Ramsey,risk_aversion,combined,0,9083.622647049166,0.3729043313995849
4331,euler_ramsey,0.5,2.0% Ramsey,risk_aversion,combined,0,4496.8890214683715,0.28470776781079116
4331,euler_ramsey,0.5,2.5% Ramsey,risk_aversion,combined,0,2490.8970981897014,0.22854202926815562
4332,euler_ramsey,0.5,1.5% Ramsey,risk_aversion,combined,0,184.82908609607736,0.4824212167824152
4332,euler_ramsey,0.5,2.0% Ramsey,risk_aversion,combined,0,131.20029741985493,0.389290022264538
4332,euler_ramsey,0.5,2.5% Ramsey,risk_aversion,combined,0,92.06828230170346,0.32608370217939037
4333,euler_ramsey,0.5,1.5% Ramsey,risk_aversion,combined,0,593.7923507203641,1.7757294331657159
4333,euler_ramsey,0.5,2.0% Ramsey,risk_aversion,combined,0,484.365665383402,1.922782841350631
4333,euler_ramsey,0.5,2.5% Ramsey,risk_aversion,combined,0,363.9700745930015,2.0222195147644118
4334,euler_ramsey,0.5,1.5% Ramsey,risk_aversion,combined,0,410.81498506939477,1.1477371239475473
4334,euler_ramsey,0.5,2.0% Ramsey,risk_aversion,combined,0,355.5956839797924,1.1265800968689537
4334,euler_ramsey,0.5,2.5% Ramsey,risk_aversion,combined,0,275.4071764668516,1.0982801852245319
4335,euler_ramsey,0.5,1.5% Ramsey,risk_aversion,combined,0,1535.3138337791306,0.3590720871330832
4335,euler_ramsey,0.5,2.0% Ramsey,risk_aversion,combined,0,1178.2461423912507,0.2712263752385238
4335,euler_ramsey,0.5,2.5% Ramsey,risk_aversion,combined,0,897.7382384269409,0.21587962008853484
4336,euler_ramsey,0.5,1.5% Ramsey,risk_aversion,combined,0,16.147700633528913,1.919823739858029
4336,euler_ramsey,0.5,2.0% Ramsey,risk_aversion,combined,0,10.446399834194622,2.1157607921841652
4336,euler_ramsey,0.5,2.5% Ramsey,risk_aversion,combined,0,9.268340248720255,2.2556070376235566
4337,euler_ramsey,0.5,1.5% Ramsey,risk_aversion,combined,0,818.149126023957,0.28667246100598803
4337,euler_ramsey,0.5,2.0% Ramsey,risk_aversion,combined,0,580.8228425171326,0.20574649837281217
4337,euler_ramsey,0.5,2.5% Ramsey,risk_aversion,combined,0,409.4582780690079,0.15740401053629846
4338,euler_ramsey,0.5,1.5% Ramsey,risk_aversion,combined,0,600.0253997162516,0.7405068245012152
4338,euler_ramsey,0.5,2.0% Ramsey,risk_aversion,combined,0,542.7223009192672,0.6581404658531778
4338,euler_ramsey,0.5,2.5% Ramsey,risk_aversion,combined,0,444.24837805187684,0.5940708074273324
4339,euler_ramsey,0.5,1.5% Ramsey,risk_aversion,combined,0,1541.42837841426,0.7810224225257527
4339,euler_ramsey,0.5,2.0% Ramsey,risk_aversion,combined,0,712.6079852425004,0.7023621682570516
4339,euler_ramsey,0.5,2.5% Ramsey,risk_aversion,combined,0,366.13279831429304,0.6397581787649119
4340,euler_ramsey,0.5,1.5% Ramsey,risk_aversion,combined,0,159.8165854683788,1.6461318731665844
4340,euler_ramsey,0.5,2.0% Ramsey,risk_aversion,combined,0,101.36404726956226,1.7524928498527705
4340,euler_ramsey,0.5,2.5% Ramsey,risk_aversion,combined,0,68.19119898447094,1.8190906442989867
4341,euler_ramsey,0.5,1.5% Ramsey,risk_aversion,combined,0,1132.9269762584897,0.45183465807864304
4341,euler_ramsey,0.5,2.0% Ramsey,risk_aversion,combined,0,916.4749921384316,0.35919956322504804
4341,euler_ramsey,0.5,2.5% Ramsey,risk_aversion,combined,0,661.4759208268371,0.2974174227992668
4342,euler_ramsey,0.5,1.5% Ramsey,risk_aversion,combined,0,-760.0707639231201,0.5801744685260466
4342,euler_ramsey,0.5,2.0% Ramsey,risk_aversion,combined,0,-536.5632533514199,0.48850036071437175
4342,euler_ramsey,0.5,2.5% Ramsey,risk_aversion,combined,0,-365.09274240042515,0.4228875364506857
4343,euler_ramsey,0.5,1.5% Ramsey,risk_aversion,combined,0,525.7969128777182,1.1550768830873615
4343,euler_ramsey,0.5,2.0% Ramsey,risk_aversion,combined,0,412.0541091394468,1.1351796792263127
4343,euler_ramsey,0.5,2.5% Ramsey,risk_aversion,combined,0,310.78701661905455,1.1076087134060064
4344,euler_ramsey,0.5,1.5% Ramsey,risk_aversion,combined,0,934.9019789923032,1.2691718519640152
4344,euler_ramsey,0.5,2.0% Ramsey,risk_aversion,combined,0,536.52053836576,1.274695505881367
4344,euler_ramsey,0.5,2.5% Ramsey,risk_aversion,combined,0,333.5490826781186,1.2649162543510677
4345,euler_ramsey,0.5,1.5% Ramsey,risk_aversion,combined,0,125.18952144426119,0.4696001327433452
4345,euler_ramsey,0.5,2.0% Ramsey,risk_aversion,combined,0,105.13982168797797,0.3765823397775042
4345,euler_ramsey,0.5,2.5% Ramsey,risk_aversion,combined,0,90.22796779541767,0.3139150290549245
4346,euler_ramsey,0.5,1.5% Ramsey,risk_aversion,combined,0,1199.634786035741,1.3131451627938884
4346,euler_ramsey,0.5,2.0% Ramsey,risk_aversion,combined,0,1689.550020089526,1.3287966965605376
4346,euler_ramsey,0.5,2.5% Ramsey,risk_aversion,combined,0,1846.771611937513,1.326231630850707
4347,euler_ramsey,0.5,1.5% Ramsey,risk_aversion,combined,0,1753.0633932585988,0.33247953123395446
4347,euler_ramsey,0.5,2.0% Ramsey,risk_aversion,combined,0,1621.410712729888,0.2469382140264575
4347,euler_ramsey,0.5,2.5% Ramsey,risk_aversion,combined,0,1345.872971775809,0.1940075850442055
4348,euler_ramsey,0.5,1.5% Ramsey,risk_aversion,combined,0,1261.9962544851512,0.9046017522515266
4348,euler_ramsey,0.5,2.0% Ramsey,risk_aversion,combined,0,940.5734306740153,0.8419795410519205
4348,euler_ramsey,0.5,2.5% Ramsey,risk_aversion,combined,0,682.1013506609114,0.7878018008844222
4349,euler_ramsey,0.5,1.5% Ramsey,risk_aversion,combined,0,157.3688426689391,1.4197865897034858
4349,euler_ramsey,0.5,2.0% Ramsey,risk_aversion,combined,0,122.26719688550587,1.4622768185513446
4349,euler_ramsey,0.5,2.5% Ramsey,risk_aversion,combined,0,95.54283116331987,1.479523891613435
4350,euler_ramsey,0.5,1.5% Ramsey,risk_aversion,combined,0,281.98136819757616,0.777016091835344
4350,euler_ramsey,0.5,2.0% Ramsey,risk_aversion,combined,0,154.6150334137622,0.6982538244480931
4350,euler_ramsey,0.5,2.5% Ramsey,risk_aversion,combined,0,94.91139593756347,0.635718607770846
4351,euler_ramsey,0.5,1.5% Ramsey,risk_aversion,combined,0,46.03114979471995,1.8989113484457236
4351,euler_ramsey,0.5,2.0% Ramsey,risk_aversion,combined,0,25.22232416951792,2.087648196755368
4351,euler_ramsey,0.5,2.5% Ramsey,risk_aversion,combined,0,15.71087185999121,2.2214642429458995
4352,euler_ramsey,0.5,1.5% Ramsey,risk_aversion,combined,0,-165.68617224734288,0.8113094750360347
4352,euler_ramsey,0.5,2.0% Ramsey,risk_aversion,combined,0,-125.25332016651986,0.7358776091513914
4352,euler_ramsey,0.5,2.5% Ramsey,risk_aversion,combined,0,-95.01264703080174,0.674728768265532
4353,euler_ramsey,0.5,1.5% Ramsey,risk_aversion,combined,0,497.53536590859716,1.372718642832696
4353,euler_ramsey,0.5,2.0% Ramsey,risk_aversion,combined,0,347.43334075308087,1.4030954143089216
4353,euler_ramsey,0.5,2.5% Ramsey,risk_aversion,combined,0,239.3966737465661,1.411343190502612
4354,euler_ramsey,0.5,1.5% Ramsey,risk_aversion,combined,0,-1176.9366915981184,0.4860498546152268
4354,euler_ramsey,0.5,2.0% Ramsey,risk_aversion,combined,0,-992.3426759117343,0.3931490283542538
4354,euler_ramsey,0.5,2.5% Ramsey,risk_aversion,combined,0,-755.9279417987653,0.3299328230928842
4355,euler_ramsey,0.5,1.5% Ramsey,risk_aversion,combined,0,-1093.05291253478,0.31026064129868197
4355,euler_ramsey,0.5,2.0% Ramsey,risk_aversion,combined,0,-434.91349129982774,0.22670267213692838
4355,euler_ramsey,0.5,2.5% Ramsey,risk_aversion,combined,0,-230.3679109038937,0.17585640007752223
4356,euler_ramsey,0.5,1.5% Ramsey,risk_aversion,combined,0,300.75465446368725,2.942429220212332
4356,euler_ramsey,0.5,2.0% Ramsey,risk_aversion,combined,0,229.27748491853538,3.569950958370853
4356,euler_ramsey,0.5,2.5% Ramsey,risk_aversion,combined,0,172.65074063732257,4.099900037400665
4357,euler_ramsey,0.5,1.5% Ramsey,risk_aversion,combined,0,886.7816096080014,0.48401223136459565
4357,euler_ramsey,0.5,2.0% Ramsey,risk_aversion,combined,0,754.0259462828468,0.39079513046479764
4357,euler_ramsey,0.5,2.5% Ramsey,risk_aversion,combined,0,603.5895441641717,0.3274859625453472
4358,euler_ramsey,0.5,1.5% Ramsey,risk_aversion,combined,0,49.336436379442,2.134943249871249
4358,euler_ramsey,0.5,2.0% Ramsey,risk_aversion,combined,0,33.07404472743595,2.409692989705664
4358,euler_ramsey,0.5,2.5% Ramsey,risk_aversion,combined,0,23.601743194175885,2.6168783783674443
4359,euler_ramsey,0.5,1.5% Ramsey,risk_aversion,combined,0,-647.6985725637546,0.4977239035631794
4359,euler_ramsey,0.5,2.0% Ramsey,risk_aversion,combined,0,-532.9601280888768,0.40458246078391946
4359,euler_ramsey,0.5,2.5% Ramsey,risk_aversion,combined,0,-383.77326825362115,0.3408179533976397
4360,euler_ramsey,0.5,1.5% Ramsey,risk_aversion,combined,0,186.61504592902165,2.0596613630645595
4360,euler_ramsey,0.5,2.0% Ramsey,risk_aversion,combined,0,221.17142040402638,2.306004519756496
4360,euler_ramsey,0.5,2.5% Ramsey,risk_aversion,combined,0,218.64245817042377,2.488713505317321
4361,euler_ramsey,0.5,1.5% Ramsey,risk_aversion,combined,0,-458.41321467839816,0.35329600570879716
4361,euler_ramsey,0.5,2.0% Ramsey,risk_aversion,combined,0,-238.02198642141332,0.2657426212985135
4361,euler_ramsey,0.5,2.5% Ramsey,risk_aversion,combined,0,-113.96276547431094,0.21081449823940446
4362,euler_ramsey,0.5,1.5% Ramsey,risk_aversion,combined,0,784.8773393288708,1.342122802560883
4362,euler_ramsey,0.5,2.0% Ramsey,risk_aversion,combined,0,651.2479719826864,1.3650089095324551
4362,euler_ramsey,0.5,2.5% Ramsey,risk_aversion,combined,0,494.1315404082534,1.3677832703803352
4363,euler_ramsey,0.5,1.5% Ramsey,risk_aversion,combined,0,-1652.3911311120235,0.3001764505135011
4363,euler_ramsey,0.5,2.0% Ramsey,risk_aversion,combined,0,-937.0099983399203,0.21769062768047798
4363,euler_ramsey,0.5,2.5% Ramsey,risk_aversion,combined,0,-567.2734514764106,0.1678851456664846
4364,euler_ramsey,0.5,1.5% Ramsey,risk_aversion,combined,0,-2693.1280466643043,0.13504221144130774
4364,euler_ramsey,0.5,2.0% Ramsey,risk_aversion,combined,0,-1678.1631802641623,0.08183332295376158
4364,euler_ramsey,0.5,2.5% Ramsey,risk_aversion,combined,0,-1055.9051286598321,0.054924974556159654
4365,euler_ramsey,0.5,1.5% Ramsey,risk_aversion,combined,0,6641.97599547919,0.33172154446207575
4365,euler_ramsey,0.5,2.0% Ramsey,risk_aversion,combined,0,3794.0061430354976,0.2464381478763062
4365,euler_ramsey,0.5,2.5% Ramsey,risk_aversion,combined,0,2140.250986919062,0.19366676610727218
4366,euler_ramsey,0.5,1.5% Ramsey,risk_aversion,combined,0,-267.084476115654,0.6000365532096682
4366,euler_ramsey,0.5,2.0% Ramsey,risk_aversion,combined,0,-95.1934833368448,0.5088468029225097
4366,euler_ramsey,0.5,2.5% Ramsey,risk_aversion,combined,0,-17.433646143595066,0.4429462506814096
4367,euler_ramsey,0.5,1.5% Ramsey,risk_aversion,combined,0,132.39099704811062,1.075223638234441
4367,euler_ramsey,0.5,2.0% Ramsey,risk_aversion,combined,0,102.63291877248051,1.0393813817565487
4367,euler_ramsey,0.5,2.5% Ramsey,risk_aversion,combined,0,79.2619369848828,1.0011888766845143
4368,euler_ramsey,0.5,1.5% Ramsey,risk_aversion,combined,0,326.0721333497389,2.737401258606226
4368,euler_ramsey,0.5,2.0% Ramsey,risk_aversion,combined,0,186.71845532522184,3.2673262368481537
4368,euler_ramsey,0.5,2.5% Ramsey,risk_aversion,combined,0,110.18146905894318,3.7051049783973173
4369,euler_ramsey,0.5,1.5% Ramsey,risk_aversion,combined,0,824.076791271392,2.1663334064745365
4369,euler_ramsey,0.5,2.0% Ramsey,risk_aversion,combined,0,680.0690799495356,2.4537287279985094
4369,euler_ramsey,0.5,2.5% Ramsey,risk_aversion,combined,0,508.4202736767057,2.672137201382788
4370,euler_ramsey,0.5,1.5% Ramsey,risk_aversion,combined,0,101.69080692470285,1.8010371084506593
4370,euler_ramsey,0.5,2.0% Ramsey,risk_aversion,combined,0,82.89165795896344,1.9563848802045465
4370,euler_ramsey,0.5,2.5% Ramsey,risk_aversion,combined,0,66.66470127869657,2.062532413198182
4371,euler_ramsey,0.5,1.5% Ramsey,risk_aversion,combined,0,730.2573842753372,1.6971056999692165
4371,euler_ramsey,0.5,2.0% Ramsey,risk_aversion,combined,0,539.169943541112,1.8195691140157344
4371,euler_ramsey,0.5,2.5% Ramsey,risk_aversion,combined,0,367.10581127098953,1.8991661130748796
4372,euler_ramsey,0.5,1.5% Ramsey,risk_aversion,combined,0,955.0277414481142,0.8595673066179582
4372,euler_ramsey,0.5,2.0% Ramsey,risk_aversion,combined,0,694.9057975094129,0.7903205446145914
4372,euler_ramsey,0.5,2.5% Ramsey,risk_aversion,combined,0,464.56033162997136,0.7324066965101385
4373,euler_ramsey,0.5,1.5% Ramsey,risk_aversion,combined,0,104.70923672971274,1.1603159630489615
4373,euler_ramsey,0.5,2.0% Ramsey,risk_aversion,combined,0,70.21045675293917,1.141534797748994
4373,euler_ramsey,0.5,2.5% Ramsey,risk_aversion,combined,0,46.14110149306545,1.1147082092446492
4374,euler_ramsey,0.5,1.5% Ramsey,risk_aversion,combined,0,-5181.646803849173,0.13556126613345976
4374,euler_ramsey,0.5,2.0% Ramsey,risk_aversion,combined,0,-3184.0754409821116,0.08223400327758637
4374,euler_ramsey,0.5,2.5% Ramsey,risk_aversion,combined,0,-1990.2129779538056,0.05523924871618759
4375,euler_ramsey,0.5,1.5% Ramsey,risk_aversion,combined,0,-395.4786306169294,0.7793626151992886
4375,euler_ramsey,0.5,2.0% Ramsey,risk_aversion,combined,0,-207.80458892529535,0.7003569909097418
4375,euler_ramsey,0.5,2.5% Ramsey,risk_aversion,combined,0,-110.32694619228343,0.637549604215076
4376,euler_ramsey,0.5,1.5% Ramsey,risk_aversion,combined,0,276.1313078315091,1.7543345571477296
4376,euler_ramsey,0.5,2.0% Ramsey,risk_aversion,combined,0,229.7903033826004,1.8945283364725842
4376,euler_ramsey,0.5,2.5% Ramsey,risk_aversion,combined,0,173.52532178897914,1.9883218201383508
4377,euler_ramsey,0.5,1.5% Ramsey,risk_aversion,combined,0,550.3025995391014,1.6499255664609505
4377,euler_ramsey,0.5,2.0% Ramsey,risk_aversion,combined,0,409.27893644777936,1.7580324234672726
4377,euler_ramsey,0.5,2.5% Ramsey,risk_aversion,combined,0,298.42540497513676,1.8262037423331288
4378,euler_ramsey,0.5,1.5% Ramsey,risk_aversion,combined,0,332.97696368748325,1.3709538265733985
4378,euler_ramsey,0.5,2.0% Ramsey,risk_aversion,combined,0,257.30772001070653,1.400366732521299
4378,euler_ramsey,0.5,2.5% Ramsey,risk_aversion,combined,0,183.49368652458855,1.4077817383163649
4379,euler_ramsey,0.5,1.5% Ramsey,risk_aversion,combined,0,742.9420457652933,2.061973700928873
4379,euler_ramsey,0.5,2.0% Ramsey,risk_aversion,combined,0,490.86291824944294,2.3105599022514984
4379,euler_ramsey,0.5,2.5% Ramsey,risk_aversion,combined,0,330.9156429600991,2.495526883524997
4380,euler_ramsey,0.5,1.5% Ramsey,risk_aversion,combined,0,163.12297538183356,1.3316597441052735
4380,euler_ramsey,0.5,2.0% Ramsey,risk_aversion,combined,0,121.92991426212238,1.3515951156345318
4380,euler_ramsey,0.5,2.5% Ramsey,risk_aversion,combined,0,88.41787141874637,1.3520993105827321
4381,euler_ramsey,0.5,1.5% Ramsey,risk_aversion,combined,0,1060.9801902038148,0.28874480859176194
4381,euler_ramsey,0.5,2.0% Ramsey,risk_aversion,combined,0,760.7610857039052,0.20757771903707847
4381,euler_ramsey,0.5,2.5% Ramsey,risk_aversion,combined,0,518.1507399447357,0.15900891451270868
4382,euler_ramsey,0.5,1.5% Ramsey,risk_aversion,combined,0,4092.4621227996477,0.2876909930630992
4382,euler_ramsey,0.5,2.0% Ramsey,risk_aversion,combined,0,2166.456219996673,0.20690911574151308
4382,euler_ramsey,0.5,2.5% Ramsey,risk_aversion,combined,0,1231.3123355160828,0.15856952634250554
4383,euler_ramsey,0.5,1.5% Ramsey,risk_aversion,combined,0,1279.5292070669896,0.9898875910016488
4383,euler_ramsey,0.5,2.0% Ramsey,risk_aversion,combined,0,1234.017046315166,0.9401318663255788
4383,euler_ramsey,0.5,2.5% Ramsey,risk_aversion,combined,0,1034.6949304787306,0.8934655752722529
4384,euler_ramsey,0.5,1.5% Ramsey,risk_aversion,combined,0,829.7999926331565,0.3206759570401728
4384,euler_ramsey,0.5,2.0% Ramsey,risk_aversion,combined,0,802.3132953637929,0.2364917616516969
4384,euler_ramsey,0.5,2.5% Ramsey,risk_aversion,combined,0,678.6012757330791,0.18480047908866382
4385,euler_ramsey,0.5,1.5% Ramsey,risk_aversion,combined,0,1528.9352622297563,0.41602756781268946
4385,euler_ramsey,0.5,2.0% Ramsey,risk_aversion,combined,0,1240.4474384345501,0.32473866242761107
4385,euler_ramsey,0.5,2.5% Ramsey,risk_aversion,combined,0,907.7766410622762,0.2651133554796499
4386,euler_ramsey,0.5,1.5% Ramsey,risk_aversion,combined,0,1050.481777314287,0.14689995156338898
4386,euler_ramsey,0.5,2.0% Ramsey,risk_aversion,combined,0,489.18838871847106,0.09071278161607313
4386,euler_ramsey,0.5,2.5% Ramsey,risk_aversion,combined,0,307.68411769532213,0.061779276485369725
4387,euler_ramsey,0.5,1.5% Ramsey,risk_aversion,combined,0,440.71308290534614,1.5668044153885983
4387,euler_ramsey,0.5,2.0% Ramsey,risk_aversion,combined,0,318.7808356497978,1.6497670190247915
4387,euler_ramsey,0.5,2.5% Ramsey,risk_aversion,combined,0,233.9661141712296,1.698039028641986
4388,euler_ramsey,0.5,1.5% Ramsey,risk_aversion,combined,0,2029.2396793595365,0.7399265448937014
4388,euler_ramsey,0.5,2.0% Ramsey,risk_aversion,combined,0,1546.2366411167689,0.6585167389808535
4388,euler_ramsey,0.5,2.5% Ramsey,risk_aversion,combined,0,1079.363174401683,0.5951178400000623
4389,euler_ramsey,0.5,1.5% Ramsey,risk_aversion,combined,0,551.5891898891596,1.020059903063602
4389,euler_ramsey,0.5,2.0% Ramsey,risk_aversion,combined,0,436.117802797935,0.9756366377811841
4389,euler_ramsey,0.5,2.5% Ramsey,risk_aversion,combined,0,316.9939189213206,0.9322242303458936
4390,euler_ramsey,0.5,1.5% Ramsey,risk_aversion,combined,0,173.63474023243094,2.276568323697132
4390,euler_ramsey,0.5,2.0% Ramsey,risk_aversion,combined,0,119.99760458506552,2.606893867956169
4390,euler_ramsey,0.5,2.5% Ramsey,risk_aversion,combined,0,88.74530384407227,2.8628715869993435
4391,euler_ramsey,0.5,1.5% Ramsey,risk_aversion,combined,0,1631.7966619785254,0.6427047591627403
4391,euler_ramsey,0.5,2.0% Ramsey,risk_aversion,combined,0,1426.5382831033362,0.5545308295406197
4391,euler_ramsey,0.5,2.5% Ramsey,risk_aversion,combined,0,1106.8691100200836,0.48930033809095513
4392,euler_ramsey,0.5,1.5% Ramsey,risk_aversion,combined,0,846.4091567875662,1.0836492971950922
4392,euler_ramsey,0.5,2.0% Ramsey,risk_aversion,combined,0,685.4375369798482,1.0509152598015021
4392,euler_ramsey,0.5,2.5% Ramsey,risk_aversion,combined,0,511.50954913287916,1.0150120857697098
4393,euler_ramsey,0.5,1.5% Ramsey,risk_aversion,combined,0,1730.5857802433122,0.4782367269189096
4393,euler_ramsey,0.5,2.0% Ramsey,risk_aversion,combined,0,883.2077859559569,0.3852845620961391
4393,euler_ramsey,0.5,2.5% Ramsey,risk_aversion,combined,0,497.53907495290963,0.32233553053050423
4394,euler_ramsey,0.5,1.5% Ramsey,risk_aversion,combined,0,2960.9034285031134,0.8765599040250611
4394,euler_ramsey,0.5,2.0% Ramsey,risk_aversion,combined,0,2486.9114814799173,0.811190231145199
4394,euler_ramsey,0.5,2.5% Ramsey,risk_aversion,combined,0,1823.0222720424554,0.7556717915426475
4395,euler_ramsey,0.5,1.5% Ramsey,risk_aversion,combined,0,1301.6626429731075,0.5568921896789276
4395,euler_ramsey,0.5,2.0% Ramsey,risk_aversion,combined,0,810.8530789880697,0.4642337419502937
4395,euler_ramsey,0.5,2.5% Ramsey,risk_aversion,combined,0,513.1940797721654,0.3987761196269522
4396,euler_ramsey,0.5,1.5% Ramsey,risk_aversion,combined,0,57.5531027210125,1.1629486258477058
4396,euler_ramsey,0.5,2.0% Ramsey,risk_aversion,combined,0,31.291339391887842,1.1443075530325946
4396,euler_ramsey,0.5,2.5% Ramsey,risk_aversion,combined,0,17.04619559130776,1.117490966030707
4397,euler_ramsey,0.5,1.5% Ramsey,risk_aversion,combined,0,1094.2637235526258,1.1859318653382267
4397,euler_ramsey,0.5,2.0% Ramsey,risk_aversion,combined,0,832.1926114138711,1.1728986113434787
4397,euler_ramsey,0.5,2.5% Ramsey,risk_aversion,combined,0,610.5916351928657,1.1501625329416163
4398,euler_ramsey,0.5,1.5% Ramsey,risk_aversion,combined,0,839.7056713953694,1.3341643983098976
4398,euler_ramsey,0.5,2.0% Ramsey,risk_aversion,combined,0,626.5659075999529,1.354849923912017
4398,euler_ramsey,0.5,2.5% Ramsey,risk_aversion,combined,0,427.5710628239279,1.3559304703072679
4399,euler_ramsey,0.5,1.5% Ramsey,risk_aversion,combined,0,1364.8438605793162,0.5522498243593991
4399,euler_ramsey,0.5,2.0% Ramsey,risk_aversion,combined,0,644.134463012789,0.4595339018594415
4399,euler_ramsey,0.5,2.5% Ramsey,risk_aversion,combined,0,364.8359400952152,0.3941914665559586
4400,euler_ramsey,0.5,1.5% Ramsey,risk_aversion,combined,0,1768.4631972839386,0.4578201978983725
4400,euler_ramsey,0.5,2.0% Ramsey,risk_aversion,combined,0,1014.752641173683,0.36521804479438746
4400,euler_ramsey,0.5,2.5% Ramsey,risk_aversion,combined,0,632.1318497085164,0.30322637168228517
4401,euler_ramsey,0.5,1.5% Ramsey,risk_aversion,combined,0,37.019537058351695,2.043102560026164
4401,euler_ramsey,0.5,2.0% Ramsey,risk_aversion,combined,0,24.28437902312438,2.283522419851785
4401,euler_ramsey,0.5,2.5% Ramsey,risk_aversion,combined,0,17.334325654610126,2.4610904082673795
4402,euler_ramsey,0.5,1.5% Ramsey,risk_aversion,combined,0,617.9643163733821,1.215352472117549
4402,euler_ramsey,0.5,2.0% Ramsey,risk_aversion,combined,0,420.81640734008676,1.2085693008923792
4402,euler_ramsey,0.5,2.5% Ramsey,risk_aversion,combined,0,285.42300439648074,1.190071048764455
4403,euler_ramsey,0.5,1.5% Ramsey,risk_aversion,combined,0,-922.7065186812681,0.4490807486482609
4403,euler_ramsey,0.5,2.0% Ramsey,risk_aversion,combined,0,-741.7596974936005,0.3565775527073257
4403,euler_ramsey,0.5,2.5% Ramsey,risk_aversion,combined,0,-533.4832959940277,0.2949694353136741
4404,euler_ramsey,0.5,1.5% Ramsey,risk_aversion,combined,0,1287.6585691556209,0.4955762730672317
4404,euler_ramsey,0.5,2.0% Ramsey,risk_aversion,combined,0,978.8564328519516,0.40281785636496015
4404,euler_ramsey,0.5,2.5% Ramsey,risk_aversion,combined,0,697.1445787769281,0.3393524036364684
4405,euler_ramsey,0.5,1.5% Ramsey,risk_aversion,combined,0,731.6130717229081,0.4067671273179957
4405,euler_ramsey,0.5,2.0% Ramsey,risk_aversion,combined,0,526.9144051848417,0.31583945635808
4405,euler_ramsey,0.5,2.5% Ramsey,risk_aversion,combined,0,360.8134332015508,0.2567929980469309
4406,euler_ramsey,0.5,1.5% Ramsey,risk_aversion,combined,0,-270.64370437454323,1.0357299095644952
4406,euler_ramsey,0.5,2.0% Ramsey,risk_aversion,combined,0,-203.935905976605,0.993602478720343
4406,euler_ramsey,0.5,2.5% Ramsey,risk_aversion,combined,0,-136.32704348335153,0.9515351420695501
4407,euler_ramsey,0.5,1.5% Ramsey,risk_aversion,combined,0,-429.877011310614,1.2935213403273773
4407,euler_ramsey,0.5,2.0% Ramsey,risk_aversion,combined,0,-281.3564383600447,1.3040429561800426
4407,euler_ramsey,0.5,2.5% Ramsey,risk_aversion,combined,0,-162.2126879247884,1.297702471964817
4408,euler_ramsey,0.5,1.5% Ramsey,risk_aversion,combined,0,129.41993731442912,0.7895528483205345
4408,euler_ramsey,0.5,2.0% Ramsey,risk_aversion,combined,0,126.83692422453129,0.7118625258615421
4408,euler_ramsey,0.5,2.5% Ramsey,risk_aversion,combined,0,111.7783264401096,0.6497194480282023
4409,euler_ramsey,0.5,1.5% Ramsey,risk_aversion,combined,0,1171.4166695294984,0.9119583433734353
4409,euler_ramsey,0.5,2.0% Ramsey,risk_aversion,combined,0,895.264793810906,0.8500159841593216
4409,euler_ramsey,0.5,2.5% Ramsey,risk_aversion,combined,0,666.6941799316512,0.7961266459540267
4410,euler_ramsey,0.5,1.5% Ramsey,risk_aversion,combined,0,1690.7116215321544,0.4712189196356061
4410,euler_ramsey,0.5,2.0% Ramsey,risk_aversion,combined,0,1289.555719387349,0.37831332553762426
4410,euler_ramsey,0.5,2.5% Ramsey,risk_aversion,combined,0,909.6429231328204,0.31564994101283705
4411,euler_ramsey,0.5,1.5% Ramsey,risk_aversion,combined,0,-255.93228162675447,0.5514804287132709
4411,euler_ramsey,0.5,2.0% Ramsey,risk_aversion,combined,0,-198.7303605312938,0.45887862079263436
4411,euler_ramsey,0.5,2.5% Ramsey,risk_aversion,combined,0,-145.62464099817058,0.3936139732814467
4412,euler_ramsey,0.5,1.5% Ramsey,risk_aversion,combined,0,607.9116291421149,0.9956617010329083
4412,euler_ramsey,0.5,2.0% Ramsey,risk_aversion,combined,0,549.6715332868259,0.9472233992719599
4412,euler_ramsey,0.5,2.5% Ramsey,risk_aversion,combined,0,431.28694934928427,0.9013248744294691
4413,euler_ramsey,0.5,1.5% Ramsey,risk_aversion,combined,0,1536.3957953510078,0.2530858868448832
4413,euler_ramsey,0.5,2.0% Ramsey,risk_aversion,combined,0,1110.6893707178351,0.1766403915356175
4413,euler_ramsey,0.5,2.5% Ramsey,risk_aversion,combined,0,808.2532169546356,0.13225147196482656
4414,euler_ramsey,0.5,1.5% Ramsey,risk_aversion,combined,0,51.50222137302833,0.6307290117618917
4414,euler_ramsey,0.5,2.0% Ramsey,risk_aversion,combined,0,43.6919690951875,0.5411174177710274
4414,euler_ramsey,0.5,2.5% Ramsey,risk_aversion,combined,0,37.33829118790243,0.4752881799135096
4415,euler_ramsey,0.5,1.5% Ramsey,risk_aversion,combined,0,244.11395929393834,1.7851700259016392
4415,euler_ramsey,0.5,2.0% Ramsey,risk_aversion,combined,0,169.9090624683587,1.9352483682738681
4415,euler_ramsey,0.5,2.5% Ramsey,risk_aversion,combined,0,119.5558205811096,2.0371774930392252
4416,euler_ramsey,0.5,1.5% Ramsey,risk_aversion,combined,0,-624.9597661621589,0.6293881164859688
4416,euler_ramsey,0.5,2.0% Ramsey,risk_aversion,combined,0,-476.63901581743977,0.5394228700870701
4416,euler_ramsey,0.5,2.5% Ramsey,risk_aversion,combined,0,-329.0939454368699,0.47340380934924126
4417,euler_ramsey,0.5,1.5% Ramsey,risk_aversion,combined,0,1121.9903609416463,0.7257482022492284
4417,euler_ramsey,0.5,2.0% Ramsey,risk_aversion,combined,0,781.9290820321323,0.6423630339315626
4417,euler_ramsey,0.5,2.5% Ramsey,risk_aversion,combined,0,523.8205289283045,0.5780147484877368
4418,euler_ramsey,0.5,1.5% Ramsey,risk_aversion,combined,0,21.761214479807744,2.13836388760052
4418,euler_ramsey,0.5,2.0% Ramsey,risk_aversion,combined,0,15.770067722100404,2.414423314053016
4418,euler_ramsey,0.5,2.5% Ramsey,risk_aversion,combined,0,14.946676625589452,2.6227661322549696
4419,euler_ramsey,0.5,1.5% Ramsey,risk_aversion,combined,0,385.5022986429731,2.7007479738474327
4419,euler_ramsey,0.5,2.0% Ramsey,risk_aversion,combined,0,217.22854854054683,3.2139128545160123
4419,euler_ramsey,0.5,2.5% Ramsey,risk_aversion,combined,0,139.31381938633646,3.6361032930639974
4420,euler_ramsey,0.5,1.5% Ramsey,risk_aversion,combined,0,70.90622200598585,1.0457778046460773
4420,euler_ramsey,0.5,2.0% Ramsey,risk_aversion,combined,0,73.31813280652872,1.0049254908228664
4420,euler_ramsey,0.5,2.5% Ramsey,risk_aversion,combined,0,67.29378880381581,0.9636322304918077
4421,euler_ramsey,0.5,1.5% Ramsey,risk_aversion,combined,0,32.31117815816287,1.29358179577256
4421,euler_ramsey,0.5,2.0% Ramsey,risk_aversion,combined,0,23.33427161131485,1.3045531317672343
4421,euler_ramsey,0.5,2.5% Ramsey,risk_aversion,combined,0,17.773064647896557,1.298550405269084
4422,euler_ramsey,0.5,1.5% Ramsey,risk_aversion,combined,0,1091.9376225697179,2.196945680421499
4422,euler_ramsey,0.5,2.0% Ramsey,risk_aversion,combined,0,799.2195952094969,2.4995610379163753
4422,euler_ramsey,0.5,2.5% Ramsey,risk_aversion,combined,0,586.7808019628474,2.7319454573473823
4423,euler_ramsey,0.5,1.5% Ramsey,risk_aversion,combined,0,-274.8684786363566,1.5134183838464557
4423,euler_ramsey,0.5,2.0% Ramsey,risk_aversion,combined,0,-215.75395312739488,1.58132319752742
4423,euler_ramsey,0.5,2.5% Ramsey,risk_aversion,combined,0,-155.6440958791588,1.6177711847696898
4424,euler_ramsey,0.5,1.5% Ramsey,risk_aversion,combined,0,1039.1026687547658,0.8212358114833201
4424,euler_ramsey,0.5,2.0% Ramsey,risk_aversion,combined,0,875.8026468827825,0.7478107205218848
4424,euler_ramsey,0.5,2.5% Ramsey,risk_aversion,combined,0,669.1278068723536,0.6878522472482186
4425,euler_ramsey,0.5,1.5% Ramsey,risk_aversion,combined,0,137.67312548862873,2.145219942603912
4425,euler_ramsey,0.5,2.0% Ramsey,risk_aversion,combined,0,107.02176821727721,2.423900624969284
4425,euler_ramsey,0.5,2.5% Ramsey,risk_aversion,combined,0,83.438157565592,2.6345410942644025
4426,euler_ramsey,0.5,1.5% Ramsey,risk_aversion,combined,0,316.2285309475686,1.1363197331065629
4426,euler_ramsey,0.5,2.0% Ramsey,risk_aversion,combined,0,217.75757843454022,1.1134171712504841
4426,euler_ramsey,0.5,2.5% Ramsey,risk_aversion,combined,0,148.51285608672006,1.0839307731238639
4427,euler_ramsey,0.5,1.5% Ramsey,risk_aversion,combined,0,1052.3083916658923,1.0909412044873799
4427,euler_ramsey,0.5,2.0% Ramsey,risk_aversion,combined,0,772.2253719741702,1.0580153529435086
4427,euler_ramsey,0.5,2.5% Ramsey,risk_aversion,combined,0,537.3413268269373,1.0217128293956523
4428,euler_ramsey,0.5,1.5% Ramsey,risk_aversion,combined,0,1811.019265134161,0.36287632441506673
4428,euler_ramsey,0.5,2.0% Ramsey,risk_aversion,combined,0,1759.059679424615,0.27480270551966496
4428,euler_ramsey,0.5,2.5% Ramsey,risk_aversion,combined,0,1445.6183297108157,0.21916301848170108
4429,euler_ramsey,0.5,1.5% Ramsey,risk_aversion,combined,0,1071.0678150558474,0.60819105630439
4429,euler_ramsey,0.5,2.0% Ramsey,risk_aversion,combined,0,822.7131092376452,0.5174712109600292
4429,euler_ramsey,0.5,2.5% Ramsey,risk_aversion,combined,0,568.233275492422,0.451612098161221
4430,euler_ramsey,0.5,1.5% Ramsey,risk_aversion,combined,0,718.8237097956459,0.40682608508539087
4430,euler_ramsey,0.5,2.0% Ramsey,risk_aversion,combined,0,526.2992819416042,0.3158930694561386
4430,euler_ramsey,0.5,2.5% Ramsey,risk_aversion,combined,0,365.3561630790765,0.2568412718148575
4431,euler_ramsey,0.5,1.5% Ramsey,risk_aversion,combined,0,1442.599531416401,1.0230791669163166
4431,euler_ramsey,0.5,2.0% Ramsey,risk_aversion,combined,0,1235.5735313279122,0.979410945643092
4431,euler_ramsey,0.5,2.5% Ramsey,risk_aversion,combined,0,917.5857150408357,0.936639967160223
4432,euler_ramsey,0.5,1.5% Ramsey,risk_aversion,combined,0,-269.8207376704923,1.0394655945807774
4432,euler_ramsey,0.5,2.0% Ramsey,risk_aversion,combined,0,-215.8892029003152,0.997710908959645
4432,euler_ramsey,0.5,2.5% Ramsey,risk_aversion,combined,0,-157.81576972290821,0.95584968361199
4433,euler_ramsey,0.5,1.5% Ramsey,risk_aversion,combined,0,1240.325104539327,1.4619052770909582
4433,euler_ramsey,0.5,2.0% Ramsey,risk_aversion,combined,0,874.77627356515,1.5163655361926636
4433,euler_ramsey,0.5,2.5% Ramsey,risk_aversion,combined,0,621.3033338440968,1.5427928948965655
4434,euler_ramsey,0.5,1.5% Ramsey,risk_aversion,combined,0,5288.165368648143,0.3043385089215317
4434,euler_ramsey,0.5,2.0% Ramsey,risk_aversion,combined,0,3221.508655682086,0.22167948449073233
4434,euler_ramsey,0.5,2.5% Ramsey,risk_aversion,combined,0,2073.1999755763136,0.17156680655330891
4435,euler_ramsey,0.5,1.5% Ramsey,risk_aversion,combined,0,1124.1942456996662,0.9258085530709912
4435,euler_ramsey,0.5,2.0% Ramsey,risk_aversion,combined,0,1090.902793350571,0.8661600992120017
4435,euler_ramsey,0.5,2.5% Ramsey,risk_aversion,combined,0,895.588208659877,0.8135871485267687
4436,euler_ramsey,0.5,1.5% Ramsey,risk_aversion,combined,0,556.3240883637596,0.5663524254224442
4436,euler_ramsey,0.5,2.0% Ramsey,risk_aversion,combined,0,507.70587968937247,0.4738551427282689
4436,euler_ramsey,0.5,2.5% Ramsey,risk_aversion,combined,0,397.72066901019593,0.4081984116221776
4437,euler_ramsey,0.5,1.5% Ramsey,risk_aversion,combined,0,653.2440602703678,1.8361318061277858
4437,euler_ramsey,0.5,2.0% Ramsey,risk_aversion,combined,0,541.1306977828651,2.0042149514004732
4437,euler_ramsey,0.5,2.5% Ramsey,risk_aversion,combined,0,430.8268406006897,2.1212470759274775
4438,euler_ramsey,0.5,1.5% Ramsey,risk_aversion,combined,0,332.91291698686274,0.5234111679620637
4438,euler_ramsey,0.5,2.0% Ramsey,risk_aversion,combined,0,278.2088218965255,0.4301830822441578
4438,euler_ramsey,0.5,2.5% Ramsey,risk_aversion,combined,0,221.35002492438923,0.3654876139369012
4439,euler_ramsey,0.5,1.5% Ramsey,risk_aversion,combined,0,372.5120987922387,0.7370940009465334
4439,euler_ramsey,0.5,2.0% Ramsey,risk_aversion,combined,0,361.4139051692938,0.6543116976786898
4439,euler_ramsey,0.5,2.5% Ramsey,risk_aversion,combined,0,301.1886832928014,0.5900517511980324
4440,euler_ramsey,0.5,1.5% Ramsey,risk_aversion,combined,0,748.0885746549416,1.1400397957336141
4440,euler_ramsey,0.5,2.0% Ramsey,risk_aversion,combined,0,904.5809168583194,1.1175768919891995
4440,euler_ramsey,0.5,2.5% Ramsey,risk_aversion,combined,0,884.7724122301821,1.0882858348532787
4441,euler_ramsey,0.5,1.5% Ramsey,risk_aversion,combined,0,270.199264916135,0.8422772178154257
4441,euler_ramsey,0.5,2.0% Ramsey,risk_aversion,combined,0,203.6217281205416,0.7710151748534533
4441,euler_ramsey,0.5,2.5% Ramsey,risk_aversion,combined,0,148.16248807340946,0.7120343021003782
4442,euler_ramsey,0.5,1.5% Ramsey,risk_aversion,combined,0,-2054.712793555186,0.13575325687925166
4442,euler_ramsey,0.5,2.0% Ramsey,risk_aversion,combined,0,-1599.860706243132,0.08235825790280595
4442,euler_ramsey,0.5,2.5% Ramsey,risk_aversion,combined,0,-1102.7278943016527,0.05532607900630816
4443,euler_ramsey,0.5,1.5% Ramsey,risk_aversion,combined,0,919.6113461140679,0.5673461129456221
4443,euler_ramsey,0.5,2.0% Ramsey,risk_aversion,combined,0,667.5507358365504,0.4750334333862647
4443,euler_ramsey,0.5,2.5% Ramsey,risk_aversion,combined,0,441.2285954638979,0.40944347134363884
4444,euler_ramsey,0.5,1.5% Ramsey,risk_aversion,combined,0,-860.8153555417015,0.12709044634154668
4444,euler_ramsey,0.5,2.0% Ramsey,risk_aversion,combined,0,-700.7358996935187,0.07597559313523289
4444,euler_ramsey,0.5,2.5% Ramsey,risk_aversion,combined,0,-548.0163732306559,0.05046056706313923
4445,euler_ramsey,0.5,1.5% Ramsey,risk_aversion,combined,0,490.0319912790837,0.5338530398727633
4445,euler_ramsey,0.5,2.0% Ramsey,risk_aversion,combined,0,396.5711687535178,0.44072034653981584
4445,euler_ramsey,0.5,2.5% Ramsey,risk_aversion,combined,0,296.35600091184915,0.37573060951141113
4446,euler_ramsey,0.5,1.5% Ramsey,risk_aversion,combined,0,488.21747699749693,2.0889873417789615
4446,euler_ramsey,0.5,2.0% Ramsey,risk_aversion,combined,0,400.3702088256713,2.3466844949428918
4446,euler_ramsey,0.5,2.5% Ramsey,risk_aversion,combined,0,307.217174094228,2.5392610542102476
4447,euler_ramsey,0.5,1.5% Ramsey,risk_aversion,combined,0,-244.39750603680073,0.4084825442609644
4447,euler_ramsey,0.5,2.0% Ramsey,risk_aversion,combined,0,-201.80166579526937,0.3175826437075168
4447,euler_ramsey,0.5,2.5% Ramsey,risk_aversion,combined,0,-149.06613567707416,0.25847237833957537
4448,euler_ramsey,0.5,1.5% Ramsey,risk_aversion,combined,0,1147.2396124913935,0.8011031922223495
4448,euler_ramsey,0.5,2.0% Ramsey,risk_aversion,combined,0,895.1026174185313,0.7255317207413728
4448,euler_ramsey,0.5,2.5% Ramsey,risk_aversion,combined,0,632.5276192816322,0.6646152458074382
4449,euler_ramsey,0.5,1.5% Ramsey,risk_aversion,combined,0,376.9252969335016,0.3949081954729986
4449,euler_ramsey,0.5,2.0% Ramsey,risk_aversion,combined,0,142.76503141635655,0.30457908805818434
4449,euler_ramsey,0.5,2.5% Ramsey,risk_aversion,combined,0,76.38602726322357,0.2463527203558327
4450,euler_ramsey,0.5,1.5% Ramsey,risk_aversion,combined,0,220.46891224157764,1.3878215726276386
4450,euler_ramsey,0.5,2.0% Ramsey,risk_aversion,combined,0,162.29818732982656,1.42249957072678
4450,euler_ramsey,0.5,2.5% Ramsey,risk_aversion,combined,0,120.5681235788357,1.4340431803532452
4451,euler_ramsey,0.5,1.5% Ramsey,risk_aversion,combined,0,464.9458744780081,0.3607320791277126
4451,euler_ramsey,0.5,2.0% Ramsey,risk_aversion,combined,0,408.31106312465494,0.27268458864023265
4451,euler_ramsey,0.5,2.5% Ramsey,risk_aversion,combined,0,341.0929180184498,0.21715905939091623
4452,euler_ramsey,0.5,1.5% Ramsey,risk_aversion,combined,0,2275.4169087819437,0.5296817788540151
4452,euler_ramsey,0.5,2.0% Ramsey,risk_aversion,combined,0,892.9443282689175,0.43680576991924547
4452,euler_ramsey,0.5,2.5% Ramsey,risk_aversion,combined,0,409.5166262346633,0.37211264554443607
4453,euler_ramsey,0.5,1.5% Ramsey,risk_aversion,combined,0,61.27331705915213,1.5037181300466929
4453,euler_ramsey,0.5,2.0% Ramsey,risk_aversion,combined,0,40.04140375134745,1.5687256723245093
4453,euler_ramsey,0.5,2.5% Ramsey,risk_aversion,combined,0,29.88407097552849,1.6030045832873843
4454,euler_ramsey,0.5,1.5% Ramsey,risk_aversion,combined,0,318.156112054598,0.9078317757394221
4454,euler_ramsey,0.5,2.0% Ramsey,risk_aversion,combined,0,287.2729930282264,0.844702447771334
4454,euler_ramsey,0.5,2.5% Ramsey,risk_aversion,combined,0,238.3905895200762,0.7900268827492447
4455,euler_ramsey,0.5,1.5% Ramsey,risk_aversion,combined,0,3759.6736917180133,0.2341903452943848
4455,euler_ramsey,0.5,2.0% Ramsey,risk_aversion,combined,0,1104.4784935572384,0.1606716164688574
4455,euler_ramsey,0.5,2.5% Ramsey,risk_aversion,combined,0,514.8219720864869,0.11871310243260967
4456,euler_ramsey,0.5,1.5% Ramsey,risk_aversion,combined,0,108.10397174497422,0.30923697255705934
4456,euler_ramsey,0.5,2.0% Ramsey,risk_aversion,combined,0,27.835437647661553,0.2257394285708392
4456,euler_ramsey,0.5,2.5% Ramsey,risk_aversion,combined,0,11.298249640315067,0.17497867290907018
4457,euler_ramsey,0.5,1.5% Ramsey,risk_aversion,combined,0,1941.9002371725696,0.28354813117730443
4457,euler_ramsey,0.5,2.0% Ramsey,risk_aversion,combined,0,876.2978856591545,0.2031635300751257
4457,euler_ramsey,0.5,2.5% Ramsey,risk_aversion,combined,0,522.2363120520398,0.15523716507909002
4458,euler_ramsey,0.5,1.5% Ramsey,risk_aversion,combined,0,780.3974338469385,1.2424124484054484
4458,euler_ramsey,0.5,2.0% Ramsey,risk_aversion,combined,0,561.4932368629946,1.2415982274184523
4458,euler_ramsey,0.5,2.5% Ramsey,risk_aversion,combined,0,388.81626363924073,1.2272673782325614
4459,euler_ramsey,0.5,1.5% Ramsey,risk_aversion,combined,0,237.20159071580284,1.6823852143450406
4459,euler_ramsey,0.5,2.0% Ramsey,risk_aversion,combined,0,189.30077545520243,1.7992766167693395
4459,euler_ramsey,0.5,2.5% Ramsey,risk_aversion,combined,0,140.54277964324885,1.8741910070395438
4460,euler_ramsey,0.5,1.5% Ramsey,risk_aversion,combined,0,752.4010562926206,0.47614105234739873
4460,euler_ramsey,0.5,2.0% Ramsey,risk_aversion,combined,0,627.6118707160231,0.3829999359396569
4460,euler_ramsey,0.5,2.5% Ramsey,risk_aversion,combined,0,480.48699079372216,0.3200203611264499
4461,euler_ramsey,0.5,1.5% Ramsey,risk_aversion,combined,0,115.62974655813204,1.3242368291045128
4461,euler_ramsey,0.5,2.0% Ramsey,risk_aversion,combined,0,67.45027449471687,1.3415242735140918
4461,euler_ramsey,0.5,2.5% Ramsey,risk_aversion,combined,0,43.35057654702905,1.3399413383166339
4462,euler_ramsey,0.5,1.5% Ramsey,risk_aversion,combined,0,-84.54545719470283,0.8361652722610382
4462,euler_ramsey,0.5,2.0% Ramsey,risk_aversion,combined,0,-45.95729227926749,0.7643692149972544
4462,euler_ramsey,0.5,2.5% Ramsey,risk_aversion,combined,0,-21.35225392308132,0.7051659984704288
4463,euler_ramsey,0.5,1.5% Ramsey,risk_aversion,combined,0,322.52635975915086,1.3130696696436852
4463,euler_ramsey,0.5,2.0% Ramsey,risk_aversion,combined,0,226.63809449887802,1.328850896933764
4463,euler_ramsey,0.5,2.5% Ramsey,risk_aversion,combined,0,160.30619713025976,1.3264758926937381
4464,euler_ramsey,0.5,1.5% Ramsey,risk_aversion,combined,0,1831.1730291374743,0.7990597532586957
4464,euler_ramsey,0.5,2.0% Ramsey,risk_aversion,combined,0,1741.0101468268244,0.7230977485592256
4464,euler_ramsey,0.5,2.5% Ramsey,risk_aversion,combined,0,1432.712878357602,0.6619789803107367
4465,euler_ramsey,0.5,1.5% Ramsey,risk_aversion,combined,0,2576.305187161633,0.6297049064949861
4465,euler_ramsey,0.5,2.0% Ramsey,risk_aversion,combined,0,1909.6940770735584,0.5402642602332826
4465,euler_ramsey,0.5,2.5% Ramsey,risk_aversion,combined,0,1284.7818877643208,0.47458950640968056
4466,euler_ramsey,0.5,1.5% Ramsey,risk_aversion,combined,0,4726.434375463888,0.4169298619761323
4466,euler_ramsey,0.5,2.0% Ramsey,risk_aversion,combined,0,3682.2310563232854,0.326899409933692
4466,euler_ramsey,0.5,2.5% Ramsey,risk_aversion,combined,0,2728.4476015482433,0.2679015272091108
4467,euler_ramsey,0.5,1.5% Ramsey,risk_aversion,combined,0,545.6347932970073,0.8599834058189483
4467,euler_ramsey,0.5,2.0% Ramsey,risk_aversion,combined,0,373.2711044737386,0.7902155060354314
4467,euler_ramsey,0.5,2.5% Ramsey,risk_aversion,combined,0,227.05714369584112,0.7318718590574774
4468,euler_ramsey,0.5,1.5% Ramsey,risk_aversion,combined,0,-449.1467403044224,1.0203998517715023
4468,euler_ramsey,0.5,2.0% Ramsey,risk_aversion,combined,0,-405.3981903116291,0.9756496367607855
4468,euler_ramsey,0.5,2.5% Ramsey,risk_aversion,combined,0,-319.0277505741692,0.9319365782905972
4469,euler_ramsey,0.5,1.5% Ramsey,risk_aversion,combined,0,-54.70741928431803,0.9035338339307204
4469,euler_ramsey,0.5,2.0% Ramsey,risk_aversion,combined,0,-63.44050023222835,0.8402636378498047
4469,euler_ramsey,0.5,2.5% Ramsey,risk_aversion,combined,0,-47.85947726115657,0.7855338276366232
4470,euler_ramsey,0.5,1.5% Ramsey,risk_aversion,combined,0,-258.7866218872951,1.07891372382691
4470,euler_ramsey,0.5,2.0% Ramsey,risk_aversion,combined,0,-204.8990419745501,1.044612846983322
4470,euler_ramsey,0.5,2.5% Ramsey,risk_aversion,combined,0,-138.8959250823948,1.0075599182429331
4471,euler_ramsey,0.5,1.5% Ramsey,risk_aversion,combined,0,1109.7976951413436,0.6721438699885398
4471,euler_ramsey,0.5,2.0% Ramsey,risk_aversion,combined,0,921.4799878967242,0.5849132444721432
4471,euler_ramsey,0.5,2.5% Ramsey,risk_aversion,combined,0,711.056619777443,0.5194484951628074
4472,euler_ramsey,0.5,1.5% Ramsey,risk_aversion,combined,0,229.48017479885698,1.3062406039136452
4472,euler_ramsey,0.5,2.0% Ramsey,risk_aversion,combined,0,160.31175063653563,1.3206585925391017
4472,euler_ramsey,0.5,2.5% Ramsey,risk_aversion,combined,0,112.89301309163315,1.3173139932214548
4473,euler_ramsey,0.5,1.5% Ramsey,risk_aversion,combined,0,609.5629997987481,0.8227216633791077
4473,euler_ramsey,0.5,2.0% Ramsey,risk_aversion,combined,0,404.9984458996441,0.7487326432484509
4473,euler_ramsey,0.5,2.5% Ramsey,risk_aversion,combined,0,264.8843259421759,0.6883225889824307
4474,euler_ramsey,0.5,1.5% Ramsey,risk_aversion,combined,0,3796.565371000432,1.2998330472226842
4474,euler_ramsey,0.5,2.0% Ramsey,risk_aversion,combined,0,2750.4916031293405,1.3167539142852425
4474,euler_ramsey,0.5,2.5% Ramsey,risk_aversion,combined,0,1959.7065659788068,1.315815216144466
4475,euler_ramsey,0.5,1.5% Ramsey,risk_aversion,combined,0,382.622016667349,0.8022970504564694
4475,euler_ramsey,0.5,2.0% Ramsey,risk_aversion,combined,0,345.08771856477836,0.7271605083420472
4475,euler_ramsey,0.5,2.5% Ramsey,risk_aversion,combined,0,275.3486944836531,0.6665131957080103
4476,euler_ramsey,0.5,1.5% Ramsey,risk_aversion,combined,0,484.83078618290256,0.4711168862060063
4476,euler_ramsey,0.5,2.0% Ramsey,risk_aversion,combined,0,425.8201388980511,0.37805391765162777
4476,euler_ramsey,0.5,2.5% Ramsey,risk_aversion,combined,0,337.3706947704734,0.3153031919660804
4477,euler_ramsey,0.5,1.5% Ramsey,risk_aversion,combined,0,311.3679411026845,1.327579308786875
4477,euler_ramsey,0.5,2.0% Ramsey,risk_aversion,combined,0,252.45309213042788,1.3466452528328843
4477,euler_ramsey,0.5,2.5% Ramsey,risk_aversion,combined,0,197.26829041928298,1.3465313141498292
4478,euler_ramsey,0.5,1.5% Ramsey,risk_aversion,combined,0,337.83861071586,1.986282923589617
4478,euler_ramsey,0.5,2.0% Ramsey,risk_aversion,combined,0,255.77377544966342,2.2060919340651037
4478,euler_ramsey,0.5,2.5% Ramsey,risk_aversion,combined,0,189.47580575524356,2.3662713198389733
4479,euler_ramsey,0.5,1.5% Ramsey,risk_aversion,combined,0,1139.7478052729612,0.7098078786854191
4479,euler_ramsey,0.5,2.0% Ramsey,risk_aversion,combined,0,1079.2165231142224,0.6248548015702003
4479,euler_ramsey,0.5,2.5% Ramsey,risk_aversion,combined,0,877.3945992574916,0.5598575430105006
4480,euler_ramsey,0.5,1.5% Ramsey,risk_aversion,combined,0,986.7645108639285,0.5099554305971916
4480,euler_ramsey,0.5,2.0% Ramsey,risk_aversion,combined,0,821.0292944955054,0.4169599255160582
4480,euler_ramsey,0.5,2.5% Ramsey,risk_aversion,combined,0,625.3411862321407,0.35286233389050226
4481,euler_ramsey,0.5,1.5% Ramsey,risk_aversion,combined,0,537.6997479263175,1.3191232079028967
4481,euler_ramsey,0.5,2.0% Ramsey,risk_aversion,combined,0,314.4737382946672,1.3357902104814592
4481,euler_ramsey,0.5,2.5% Ramsey,risk_aversion,combined,0,201.78599087332643,1.3339442413826155
4482,euler_ramsey,0.5,1.5% Ramsey,risk_aversion,combined,0,888.4061079969161,1.2529999747025062
4482,euler_ramsey,0.5,2.0% Ramsey,risk_aversion,combined,0,789.4471764204491,1.2551879966918944
4482,euler_ramsey,0.5,2.5% Ramsey,risk_aversion,combined,0,620.4285863709601,1.2431547292877232
4483,euler_ramsey,0.5,1.5% Ramsey,risk_aversion,combined,0,3377.241420478648,0.9018341849980511
4483,euler_ramsey,0.5,2.0% Ramsey,risk_aversion,combined,0,2159.5847388156644,0.8402257518706838
4483,euler_ramsey,0.5,2.5% Ramsey,risk_aversion,combined,0,1428.8613321255732,0.7868465737868862
4484,euler_ramsey,0.5,1.5% Ramsey,risk_aversion,combined,0,406.8852164501566,1.6347467713459622
4484,euler_ramsey,0.5,2.0% Ramsey,risk_aversion,combined,0,290.6948947695287,1.7376673019174202
4484,euler_ramsey,0.5,2.5% Ramsey,risk_aversion,combined,0,194.3995729923314,1.8015639028190933
4485,euler_ramsey,0.5,1.5% Ramsey,risk_aversion,combined,0,1380.3359088280845,0.8250731682887259
4485,euler_ramsey,0.5,2.0% Ramsey,risk_aversion,combined,0,1198.135889040395,0.7525252153110454
4485,euler_ramsey,0.5,2.5% Ramsey,risk_aversion,combined,0,962.3542801688666,0.6931178901781431
4486,euler_ramsey,0.5,1.5% Ramsey,risk_aversion,combined,0,7482.907329772445,0.1339963557671295
4486,euler_ramsey,0.5,2.0% Ramsey,risk_aversion,combined,0,6119.6120035055255,0.08109065183361615
4486,euler_ramsey,0.5,2.5% Ramsey,risk_aversion,combined,0,4282.395172126344,0.05437316949549567
4487,euler_ramsey,0.5,1.5% Ramsey,risk_aversion,combined,0,128.1043039773224,1.9206437635483482
4487,euler_ramsey,0.5,2.0% Ramsey,risk_aversion,combined,0,102.72827746814762,2.1167615984352026
4487,euler_ramsey,0.5,2.5% Ramsey,risk_aversion,combined,0,79.30842899506494,2.2567762874176633
4488,euler_ramsey,0.5,1.5% Ramsey,risk_aversion,combined,0,974.2736464478064,0.7482970942493115
4488,euler_ramsey,0.5,2.0% Ramsey,risk_aversion,combined,0,881.3525079839169,0.6669183107970719
4488,euler_ramsey,0.5,2.5% Ramsey,risk_aversion,combined,0,691.3243790260349,0.6033025248926444
4489,euler_ramsey,0.5,1.5% Ramsey,risk_aversion,combined,0,1326.6312639987127,0.801606927457477
4489,euler_ramsey,0.5,2.0% Ramsey,risk_aversion,combined,0,1259.889235457563,0.7260307815801367
4489,euler_ramsey,0.5,2.5% Ramsey,risk_aversion,combined,0,1054.3834179011392,0.6651197330264457
4490,euler_ramsey,0.5,1.5% Ramsey,risk_aversion,combined,0,637.3697413880861,0.2581401560858837
4490,euler_ramsey,0.5,2.0% Ramsey,risk_aversion,combined,0,160.15276908738235,0.1809442977198626
4490,euler_ramsey,0.5,2.5% Ramsey,risk_aversion,combined,0,44.0384868998477,0.1359216784094962
4491,euler_ramsey,0.5,1.5% Ramsey,risk_aversion,combined,0,960.657902457993,1.6933503511558863
4491,euler_ramsey,0.5,2.0% Ramsey,risk_aversion,combined,0,714.6527230982044,1.8146931343571024
4491,euler_ramsey,0.5,2.5% Ramsey,risk_aversion,combined,0,493.1486647356505,1.8934268083897416
4492,euler_ramsey,0.5,1.5% Ramsey,risk_aversion,combined,0,799.9488357788792,1.3161108122547083
4492,euler_ramsey,0.5,2.0% Ramsey,risk_aversion,combined,0,643.5627713374279,1.3349534396991087
4492,euler_ramsey,0.5,2.5% Ramsey,risk_aversion,combined,0,490.6058471883247,1.3351597423879702
4493,euler_ramsey,0.5,1.5% Ramsey,risk_aversion,combined,0,977.6196495760238,0.8706870905483864
4493,euler_ramsey,0.5,2.0% Ramsey,risk_aversion,combined,0,564.2725344781144,0.8042916648526156
4493,euler_ramsey,0.5,2.5% Ramsey,risk_aversion,combined,0,356.09836312908436,0.7482447592871354
4494,euler_ramsey,0.5,1.5% Ramsey,risk_aversion,combined,0,315.77215772116386,0.6660753257317876
4494,euler_ramsey,0.5,2.0% Ramsey,risk_aversion,combined,0,155.1230560175445,0.5777857664485254
4494,euler_ramsey,0.5,2.5% Ramsey,risk_aversion,combined,0,88.90374034511755,0.5118003414244805
4495,euler_ramsey,0.5,1.5% Ramsey,risk_aversion,combined,0,554.7490377711894,1.142292651417416
4495,euler_ramsey,0.5,2.0% Ramsey,risk_aversion,combined,0,392.92728706944774,1.1196724240380065
4495,euler_ramsey,0.5,2.5% Ramsey,risk_aversion,combined,0,287.8028326056951,1.0902429916474372
4496,euler_ramsey,0.5,1.5% Ramsey,risk_aversion,combined,0,4320.913852255387,0.3796803032990019
4496,euler_ramsey,0.5,2.0% Ramsey,risk_aversion,combined,0,2727.559649241697,0.29036030674099617
4496,euler_ramsey,0.5,2.5% Ramsey,risk_aversion,combined,0,1730.691987051308,0.2333252354044292
4497,euler_ramsey,0.5,1.5% Ramsey,risk_aversion,combined,0,127.94541047214157,1.7898218454131911
4497,euler_ramsey,0.5,2.0% Ramsey,risk_aversion,combined,0,86.73630067194333,1.9416184864765078
4497,euler_ramsey,0.5,2.5% Ramsey,risk_aversion,combined,0,59.38542123743581,2.0449188115504287
4498,euler_ramsey,0.5,1.5% Ramsey,risk_aversion,combined,0,461.7460484144905,3.8217216594676944
4498,euler_ramsey,0.5,2.0% Ramsey,risk_aversion,combined,0,264.87603268938096,4.92036369318873
4498,euler_ramsey,0.5,2.5% Ramsey,risk_aversion,combined,0,171.90963786687436,5.9167838489174125
4499,euler_ramsey,0.5,1.5% Ramsey,risk_aversion,combined,0,-1145.3899783268555,0.3210575768745906
4499,euler_ramsey,0.5,2.0% Ramsey,risk_aversion,combined,0,-1037.3770754895752,0.2364067340021967
4499,euler_ramsey,0.5,2.5% Ramsey,risk_aversion,combined,0,-801.3866606080926,0.18448053626036465
4500,euler_ramsey,0.5,1.5% Ramsey,risk_aversion,combined,0,101.4821911157605,4.9228546637075485
4500,euler_ramsey,0.5,2.0% Ramsey,risk_aversion,combined,0,113.07438645260702,6.703753414178765
4500,euler_ramsey,0.5,2.5% Ramsey,risk_aversion,combined,0,106.26213189026902,8.417270030288483
4501,euler_ramsey,0.5,1.5% Ramsey,risk_aversion,combined,0,386.96070591455907,0.5608856948361645
4501,euler_ramsey,0.5,2.0% Ramsey,risk_aversion,combined,0,271.48636042764906,0.46810848862870424
4501,euler_ramsey,0.5,2.5% Ramsey,risk_aversion,combined,0,185.09061281319973,0.402448433431659
4502,euler_ramsey,0.5,1.5% Ramsey,risk_aversion,combined,0,146.08197542327372,1.6027092225634745
4502,euler_ramsey,0.5,2.0% Ramsey,risk_aversion,combined,0,102.91275368652613,1.695983383642951
4502,euler_ramsey,0.5,2.5% Ramsey,risk_aversion,combined,0,72.32400040566417,1.7522152796740007
4503,euler_ramsey,0.5,1.5% Ramsey,risk_aversion,combined,0,783.6931723154695,1.1803064150598699
4503,euler_ramsey,0.5,2.0% Ramsey,risk_aversion,combined,0,520.1882577036048,1.165427545111777
4503,euler_ramsey,0.5,2.5% Ramsey,risk_aversion,combined,0,343.23818088194867,1.1412603588353416
4504,euler_ramsey,0.5,1.5% Ramsey,risk_aversion,combined,0,-534.1128242486411,1.01844364522097
4504,euler_ramsey,0.5,2.0% Ramsey,risk_aversion,combined,0,-474.41389552772813,0.9730506657325118
4504,euler_ramsey,0.5,2.5% Ramsey,risk_aversion,combined,0,-362.6282355867046,0.9289513269063635
4505,euler_ramsey,0.5,1.5% Ramsey,risk_aversion,combined,0,159.1221951947791,1.5145232902459318
4505,euler_ramsey,0.5,2.0% Ramsey,risk_aversion,combined,0,97.51554901116634,1.582405439474376
4505,euler_ramsey,0.5,2.5% Ramsey,risk_aversion,combined,0,64.20072538332556,1.6188903794629739
4506,euler_ramsey,0.5,1.5% Ramsey,risk_aversion,combined,0,833.2221998540454,0.7066220057135334
4506,euler_ramsey,0.5,2.0% Ramsey,risk_aversion,combined,0,657.2295362949519,0.6213767213717674
4506,euler_ramsey,0.5,2.5% Ramsey,risk_aversion,combined,0,508.99897664299783,0.5562738935324871
4507,euler_ramsey,0.5,1.5% Ramsey,risk_aversion,combined,0,62.79693172568494,1.5805935539737535
4507,euler_ramsey,0.5,2.0% Ramsey,risk_aversion,combined,0,43.24483595897351,1.667473019163723
4507,euler_ramsey,0.5,2.5% Ramsey,risk_aversion,combined,0,30.887731613450047,1.7187031989813992
4508,euler_ramsey,0.5,1.5% Ramsey,risk_aversion,combined,0,-410.67648765468124,0.9771661753541723
4508,euler_ramsey,0.5,2.0% Ramsey,risk_aversion,combined,0,-238.1163918004748,0.9248955378522112
4508,euler_ramsey,0.5,2.5% Ramsey,risk_aversion,combined,0,-135.78827184294127,0.87651744152413
4509,euler_ramsey,0.5,1.5% Ramsey,risk_aversion,combined,0,2472.698547453249,1.3117830662779593
4509,euler_ramsey,0.5,2.0% Ramsey,risk_aversion,combined,0,1931.6756797927553,1.3290050437363206
4509,euler_ramsey,0.5,2.5% Ramsey,risk_aversion,combined,0,1322.4511410906348,1.3278978051957497
4510,euler_ramsey,0.5,1.5% Ramsey,risk_aversion,combined,0,219.77866087161848,1.3941264017292736
4510,euler_ramsey,0.5,2.0% Ramsey,risk_aversion,combined,0,156.39238289655458,1.4295858068129583
4510,euler_ramsey,0.5,2.5% Ramsey,risk_aversion,combined,0,104.64013701533467,1.4414886957230522
4511,euler_ramsey,0.5,1.5% Ramsey,risk_aversion,combined,0,2486.536792222725,0.3759919863989505
4511,euler_ramsey,0.5,2.0% Ramsey,risk_aversion,combined,0,1181.662225744109,0.28708710666413534
4511,euler_ramsey,0.5,2.5% Ramsey,risk_aversion,combined,0,646.6002795533041,0.23042786534153936
4512,euler_ramsey,0.5,1.5% Ramsey,risk_aversion,combined,0,103.717067487595,1.0493132837833399
4512,euler_ramsey,0.5,2.0% Ramsey,risk_aversion,combined,0,86.81204798659726,1.0097826526009641
4512,euler_ramsey,0.5,2.5% Ramsey,risk_aversion,combined,0,69.84637718499913,0.9693964166733027
4513,euler_ramsey,0.5,1.5% Ramsey,risk_aversion,combined,0,1681.8928681252992,0.5300555173846868
4513,euler_ramsey,0.5,2.0% Ramsey,risk_aversion,combined,0,813.7097254255312,0.43706522867129444
4513,euler_ramsey,0.5,2.5% Ramsey,risk_aversion,combined,0,489.59433189172114,0.37228876010125944
4514,euler_ramsey,0.5,1.5% Ramsey,risk_aversion,combined,0,8696.53710960094,0.13484956310255797
4514,euler_ramsey,0.5,2.0% Ramsey,risk_aversion,combined,0,5841.621450097687,0.0818033250574865
4514,euler_ramsey,0.5,2.5% Ramsey,risk_aversion,combined,0,3871.3072743630646,0.05495813913004752
4515,euler_ramsey,0.5,1.5% Ramsey,risk_aversion,combined,0,2279.9484340600147,0.2645579996843977
4515,euler_ramsey,0.5,2.0% Ramsey,risk_aversion,combined,0,841.319371013714,0.18657304376701372
4515,euler_ramsey,0.5,2.5% Ramsey,risk_aversion,combined,0,409.6103695852777,0.14081796353591605
4516,euler_ramsey,0.5,1.5% Ramsey,risk_aversion,combined,0,314.4030751769891,1.132803347526736
4516,euler_ramsey,0.5,2.0% Ramsey,risk_aversion,combined,0,249.67223805835988,1.108244137115534
4516,euler_ramsey,0.5,2.5% Ramsey,risk_aversion,combined,0,180.9069697755424,1.0775467981592393
4517,euler_ramsey,0.5,1.5% Ramsey,risk_aversion,combined,0,537.2095867267719,1.6588374387552125
4517,euler_ramsey,0.5,2.0% Ramsey,risk_aversion,combined,0,382.8519271129916,1.7692814870269495
4517,euler_ramsey,0.5,2.5% Ramsey,risk_aversion,combined,0,263.3077059492384,1.8392027450499961
4518,euler_ramsey,0.5,1.5% Ramsey,risk_aversion,combined,0,92.11002567439819,1.0924366555333858
4518,euler_ramsey,0.5,2.0% Ramsey,risk_aversion,combined,0,85.60927281828981,1.0598174394036566
4518,euler_ramsey,0.5,2.5% Ramsey,risk_aversion,combined,0,81.09073676360273,1.0236974685742974
4519,euler_ramsey,0.5,1.5% Ramsey,risk_aversion,combined,0,837.6476120974913,1.0929893027467916
4519,euler_ramsey,0.5,2.0% Ramsey,risk_aversion,combined,0,663.4252864932653,1.0609267813559728
4519,euler_ramsey,0.5,2.5% Ramsey,risk_aversion,combined,0,497.38993872709034,1.0252811925816092
4520,euler_ramsey,0.5,1.5% Ramsey,risk_aversion,combined,0,401.1815588599004,0.8315200658485549
4520,euler_ramsey,0.5,2.0% Ramsey,risk_aversion,combined,0,369.57794990450185,0.7603219231759929
4520,euler_ramsey,0.5,2.5% Ramsey,risk_aversion,combined,0,320.0012584169196,0.7016893195804073
4521,euler_ramsey,0.5,1.5% Ramsey,risk_aversion,combined,0,942.0391513547318,0.13364657372682526
4521,euler_ramsey,0.5,2.0% Ramsey,risk_aversion,combined,0,555.1405168597488,0.0807891963718599
4521,euler_ramsey,0.5,2.5% Ramsey,risk_aversion,combined,0,338.9521520822978,0.054121228727314036
4522,euler_ramsey,0.5,1.5% Ramsey,risk_aversion,combined,0,136.60630880040907,1.6050202622776193
4522,euler_ramsey,0.5,2.0% Ramsey,risk_aversion,combined,0,97.96658591161197,1.698995746532161
4522,euler_ramsey,0.5,2.5% Ramsey,risk_aversion,combined,0,68.71008569773669,1.755781238299046
4523,euler_ramsey,0.5,1.5% Ramsey,risk_aversion,combined,0,904.8900140331068,1.9186624194665436
4523,euler_ramsey,0.5,2.0% Ramsey,risk_aversion,combined,0,562.6273152212585,2.114422684660786
4523,euler_ramsey,0.5,2.5% Ramsey,risk_aversion,combined,0,357.36908263917843,2.254361715682327
4524,euler_ramsey,0.5,1.5% Ramsey,risk_aversion,combined,0,-270.9951746970347,0.5714773290188009
4524,euler_ramsey,0.5,2.0% Ramsey,risk_aversion,combined,0,-224.88532385878779,0.47926536930247243
4524,euler_ramsey,0.5,2.5% Ramsey,risk_aversion,combined,0,-179.08515255351443,0.4136004901095365
4525,euler_ramsey,0.5,1.5% Ramsey,risk_aversion,combined,0,-256.7793078682585,0.3592714398082183
4525,euler_ramsey,0.5,2.0% Ramsey,risk_aversion,combined,0,-161.2706343374807,0.27126951363324403
4525,euler_ramsey,0.5,2.5% Ramsey,risk_aversion,combined,0,-104.73576387078795,0.21583389555780935
4526,euler_ramsey,0.5,1.5% Ramsey,risk_aversion,combined,0,526.178024140036,1.5319501040705892
4526,euler_ramsey,0.5,2.0% Ramsey,risk_aversion,combined,0,343.34226470464864,1.6060746100611447
4526,euler_ramsey,0.5,2.5% Ramsey,risk_aversion,combined,0,215.7951839991437,1.6476785566562098
4527,euler_ramsey,0.5,1.5% Ramsey,risk_aversion,combined,0,785.5142032931284,1.3289336799436025
4527,euler_ramsey,0.5,2.0% Ramsey,risk_aversion,combined,0,637.3536239245025,1.3507008764819823
4527,euler_ramsey,0.5,2.5% Ramsey,risk_aversion,combined,0,470.15311241643883,1.3529199200149096
4528,euler_ramsey,0.5,1.5% Ramsey,risk_aversion,combined,0,271.1078294544384,0.5019095382901924
4528,euler_ramsey,0.5,2.0% Ramsey,risk_aversion,combined,0,230.69933677276933,0.40877921498821257
4528,euler_ramsey,0.5,2.5% Ramsey,risk_aversion,combined,0,190.86534541816624,0.3448881538538786
4529,euler_ramsey,0.5,1.5% Ramsey,risk_aversion,combined,0,-135.5771050616752,1.2647955019205537
4529,euler_ramsey,0.5,2.0% Ramsey,risk_aversion,combined,0,-111.46467759528119,1.2687218596468168
4529,euler_ramsey,0.5,2.5% Ramsey,risk_aversion,combined,0,-81.11994698934062,1.2576240028371415
4530,euler_ramsey,0.5,1.5% Ramsey,risk_aversion,combined,0,443.72153975455245,1.4573568050029992
4530,euler_ramsey,0.5,2.0% Ramsey,risk_aversion,combined,0,293.92904855943715,1.5098960438886184
4530,euler_ramsey,0.5,2.5% Ramsey,risk_aversion,combined,0,198.86481881533786,1.5347785193019594
4531,euler_ramsey,0.5,1.5% Ramsey,risk_aversion,combined,0,1004.0805304784152,0.9944489142935773
4531,euler_ramsey,0.5,2.0% Ramsey,risk_aversion,combined,0,799.5840310392563,0.947042022332919
4531,euler_ramsey,0.5,2.5% Ramsey,risk_aversion,combined,0,580.3039155174371,0.90200943372232
4532,euler_ramsey,0.5,1.5% Ramsey,risk_aversion,combined,0,11725.874814256667,0.19433695410352286
4532,euler_ramsey,0.5,2.0% Ramsey,risk_aversion,combined,0,6152.541029314509,0.12815060514762894
4532,euler_ramsey,0.5,2.5% Ramsey,risk_aversion,combined,0,3464.460279239499,0.09184735777530453
4533,euler_ramsey,0.5,1.5% Ramsey,risk_aversion,combined,0,2171.1643921849795,0.6362095138655652
4533,euler_ramsey,0.5,2.0% Ramsey,risk_aversion,combined,0,1882.3803743909457,0.5466683336473268
4533,euler_ramsey,0.5,2.5% Ramsey,risk_aversion,combined,0,1421.2840519359638,0.4807364130293991
4534,euler_ramsey,0.5,1.5% Ramsey,risk_aversion,combined,0,107.8814744177354,0.49875576171726727
4534,euler_ramsey,0.5,2.0% Ramsey,risk_aversion,combined,0,103.96459249603717,0.40564052441577764
4534,euler_ramsey,0.5,2.5% Ramsey,risk_aversion,combined,0,93.94569745141415,0.34185795270121444
4535,euler_ramsey,0.5,1.5% Ramsey,risk_aversion,combined,0,6709.407195815679,0.3364006107765828
4535,euler_ramsey,0.5,2.0% Ramsey,risk_aversion,combined,0,3943.5622762449916,0.25085063950964687
4535,euler_ramsey,0.5,2.5% Ramsey,risk_aversion,combined,0,2300.5032752822995,0.19771615714213178
4536,euler_ramsey,0.5,1.5% Ramsey,risk_aversion,combined,0,736.7145581995803,1.345301320800446
4536,euler_ramsey,0.5,2.0% Ramsey,risk_aversion,combined,0,545.4704889902274,1.3689712103338672
4536,euler_ramsey,0.5,2.5% Ramsey,risk_aversion,combined,0,388.5010595784205,1.3723022201556807
4537,euler_ramsey,0.5,1.5% Ramsey,risk_aversion,combined,0,675.6745416321412,1.705248792741347
4537,euler_ramsey,0.5,2.0% Ramsey,risk_aversion,combined,0,518.1917761947999,1.8309032042325606
4537,euler_ramsey,0.5,2.5% Ramsey,risk_aversion,combined,0,369.5174975164828,1.9131903483504646
4538,euler_ramsey,0.5,1.5% Ramsey,risk_aversion,combined,0,-722.7842767955784,0.36687691627457947
4538,euler_ramsey,0.5,2.0% Ramsey,risk_aversion,combined,0,-666.9325805198093,0.27836177716771543
4538,euler_ramsey,0.5,2.5% Ramsey,risk_aversion,combined,0,-506.034458664617,0.22231395288064823
4539,euler_ramsey,0.5,1.5% Ramsey,risk_aversion,combined,0,838.8429969041717,0.7166424107447221
4539,euler_ramsey,0.5,2.0% Ramsey,risk_aversion,combined,0,744.0538372691614,0.632127812625582
4539,euler_ramsey,0.5,2.5% Ramsey,risk_aversion,combined,0,576.5566183059765,0.567239829557004
4540,euler_ramsey,0.5,1.5% Ramsey,risk_aversion,combined,0,198.19494955111836,1.0580957442689092
4540,euler_ramsey,0.5,2.0% Ramsey,risk_aversion,combined,0,160.77980405266547,1.0191463157370984
4540,euler_ramsey,0.5,2.5% Ramsey,risk_aversion,combined,0,126.87421158481581,0.9789739972478786
4541,euler_ramsey,0.5,1.5% Ramsey,risk_aversion,combined,0,160.2724313838477,1.6823347796265056
4541,euler_ramsey,0.5,2.0% Ramsey,risk_aversion,combined,0,133.3776643335913,1.7997381887693882
4541,euler_ramsey,0.5,2.5% Ramsey,risk_aversion,combined,0,110.32156518159596,1.87516590561811
4542,euler_ramsey,0.5,1.5% Ramsey,risk_aversion,combined,0,-74.5150488431208,0.4647050720133621
4542,euler_ramsey,0.5,2.0% Ramsey,risk_aversion,combined,0,-60.070098360452484,0.3717765568044336
4542,euler_ramsey,0.5,2.5% Ramsey,risk_aversion,combined,0,-47.20507740880753,0.30933932377943824
4543,euler_ramsey,0.5,1.5% Ramsey,risk_aversion,combined,0,-7.658073188506908,1.2939891151579506
4543,euler_ramsey,0.5,2.0% Ramsey,risk_aversion,combined,0,-0.9789510541762557,1.3045847442610994
4543,euler_ramsey,0.5,2.5% Ramsey,risk_aversion,combined,0,4.308510255024825,1.2983011325063596
4544,euler_ramsey,0.5,1.5% Ramsey,risk_aversion,combined,0,649.3075885274068,0.9562258592132571
4544,euler_ramsey,0.5,2.0% Ramsey,risk_aversion,combined,0,496.7278840457721,0.9003717437509687
4544,euler_ramsey,0.5,2.5% Ramsey,risk_aversion,combined,0,358.3310975205113,0.8498562507869207
4545,euler_ramsey,0.5,1.5% Ramsey,risk_aversion,combined,0,-238.9562827597641,0.6780265090958024
4545,euler_ramsey,0.5,2.0% Ramsey,risk_aversion,combined,0,-169.310955502718,0.5909331574913712
4545,euler_ramsey,0.5,2.5% Ramsey,risk_aversion,combined,0,-103.32100763115822,0.5253862475691161
4546,euler_ramsey,0.5,1.5% Ramsey,risk_aversion,combined,0,1092.4711269523098,0.4717905602203659
4546,euler_ramsey,0.5,2.0% Ramsey,risk_aversion,combined,0,635.5203035908656,0.3787420783833877
4546,euler_ramsey,0.5,2.5% Ramsey,risk_aversion,combined,0,380.30014611693656,0.31597632494676337
4547,euler_ramsey,0.5,1.5% Ramsey,risk_aversion,combined,0,1535.8021433829558,0.8247172125239229
4547,euler_ramsey,0.5,2.0% Ramsey,risk_aversion,combined,0,1301.6794651155785,0.7521648123109121
4547,euler_ramsey,0.5,2.5% Ramsey,risk_aversion,combined,0,980.9524899618854,0.6927469626123708
4548,euler_ramsey,0.5,1.5% Ramsey,risk_aversion,combined,0,97.8082650932653,1.973745261253057
4548,euler_ramsey,0.5,2.0% Ramsey,risk_aversion,combined,0,72.03933559887936,2.188345155412055
4548,euler_ramsey,0.5,2.5% Ramsey,risk_aversion,combined,0,54.5354342950481,2.3439705914797373
4549,euler_ramsey,0.5,1.5% Ramsey,risk_aversion,combined,0,125.94269487656868,0.3958861458168977
4549,euler_ramsey,0.5,2.0% Ramsey,risk_aversion,combined,0,92.32326580215612,0.3054958969522163
4549,euler_ramsey,0.5,2.5% Ramsey,risk_aversion,combined,0,75.0038045522228,0.24719472796119185
4550,euler_ramsey,0.5,1.5% Ramsey,risk_aversion,combined,0,2424.342784355721,1.0975198355433602
4550,euler_ramsey,0.5,2.0% Ramsey,risk_aversion,combined,0,1640.5969705887771,1.0668548633503523
4550,euler_ramsey,0.5,2.5% Ramsey,risk_aversion,combined,0,1058.7444929684877,1.0321843223633231
4551,euler_ramsey,0.5,1.5% Ramsey,risk_aversion,combined,0,764.1682102949258,2.0282216376370545
4551,euler_ramsey,0.5,2.0% Ramsey,risk_aversion,combined,0,572.2845640560573,2.2644902606885635
4551,euler_ramsey,0.5,2.5% Ramsey,risk_aversion,combined,0,420.80977414421915,2.438925927968571
4552,euler_ramsey,0.5,1.5% Ramsey,risk_aversion,combined,0,1690.4616058526287,0.8666506023301797
4552,euler_ramsey,0.5,2.0% Ramsey,risk_aversion,combined,0,1442.7944977807947,0.7994592926168406
4552,euler_ramsey,0.5,2.5% Ramsey,risk_aversion,combined,0,1115.7789761170313,0.7428313886820047
4553,euler_ramsey,0.5,1.5% Ramsey,risk_aversion,combined,0,683.0183715675437,1.678297640767776
4553,euler_ramsey,0.5,2.0% Ramsey,risk_aversion,combined,0,510.8772908694605,1.7950905342630301
4553,euler_ramsey,0.5,2.5% Ramsey,risk_aversion,combined,0,356.98730347052003,1.8701722741365578
4554,euler_ramsey,0.5,1.5% Ramsey,risk_aversion,combined,0,878.3450476735347,0.829835319312008
4554,euler_ramsey,0.5,2.0% Ramsey,risk_aversion,combined,0,729.1382715972668,0.7578181460064638
4554,euler_ramsey,0.5,2.5% Ramsey,risk_aversion,combined,0,554.0668651424221,0.6987222523574239
4555,euler_ramsey,0.5,1.5% Ramsey,risk_aversion,combined,0,572.6260831552283,0.942231487146154
4555,euler_ramsey,0.5,2.0% Ramsey,risk_aversion,combined,0,444.05323460661447,0.8843358253421553
4555,euler_ramsey,0.5,2.5% Ramsey,risk_aversion,combined,0,349.7754066754161,0.8326435442398157
4556,euler_ramsey,0.5,1.5% Ramsey,risk_aversion,combined,0,-419.2394991136557,1.0706092493395154
4556,euler_ramsey,0.5,2.0% Ramsey,risk_aversion,combined,0,-245.70619361029114,1.0347440880619385
4556,euler_ramsey,0.5,2.5% Ramsey,risk_aversion,combined,0,-134.49799054162972,0.9966126439771724
4557,euler_ramsey,0.5,1.5% Ramsey,risk_aversion,combined,0,303.9847456644535,1.9553683494003709
4557,euler_ramsey,0.5,2.0% Ramsey,risk_aversion,combined,0,234.03582358546626,2.1638368617093433
4557,euler_ramsey,0.5,2.5% Ramsey,risk_aversion,combined,0,175.98472676776862,2.314308805074841
4558,euler_ramsey,0.5,1.5% Ramsey,risk_aversion,combined,0,76.21200499640646,1.5319458000614488
4558,euler_ramsey,0.5,2.0% Ramsey,risk_aversion,combined,0,45.99908788724115,1.6047105457666793
4558,euler_ramsey,0.5,2.5% Ramsey,risk_aversion,combined,0,33.70278484331836,1.6449490800121962
4559,euler_ramsey,0.5,1.5% Ramsey,risk_aversion,combined,0,782.8012160919576,0.5038534794207625
4559,euler_ramsey,0.5,2.0% Ramsey,risk_aversion,combined,0,484.77027135565214,0.4107937723027635
4559,euler_ramsey,0.5,2.5% Ramsey,risk_aversion,combined,0,313.76697808156746,0.34686752815325106
4560,euler_ramsey,0.5,1.5% Ramsey,risk_aversion,combined,0,1485.8307664198535,0.7066366591270807
4560,euler_ramsey,0.5,2.0% Ramsey,risk_aversion,combined,0,1256.7921067801437,0.6214680070605161
4560,euler_ramsey,0.5,2.5% Ramsey,risk_aversion,combined,0,927.3435678877493,0.5564166407287621
4561,euler_ramsey,0.5,1.5% Ramsey,risk_aversion,combined,0,1704.8684450586857,1.081273040999647
4561,euler_ramsey,0.5,2.0% Ramsey,risk_aversion,combined,0,1621.8346321215824,1.049616942166506
4561,euler_ramsey,0.5,2.5% Ramsey,risk_aversion,combined,0,1344.1135611478123,1.0147379032815245
4562,euler_ramsey,0.5,1.5% Ramsey,risk_aversion,combined,0,5628.343399623742,0.29260740683637565
4562,euler_ramsey,0.5,2.0% Ramsey,risk_aversion,combined,0,2220.866599492102,0.2116205205048317
4562,euler_ramsey,0.5,2.5% Ramsey,risk_aversion,combined,0,1305.0781617236148,0.1629066637731639
4563,euler_ramsey,0.5,1.5% Ramsey,risk_aversion,combined,0,84.90738122746184,1.139242074792551
4563,euler_ramsey,0.5,2.0% Ramsey,risk_aversion,combined,0,65.30664477459283,1.1166128391704795
4563,euler_ramsey,0.5,2.5% Ramsey,risk_aversion,combined,0,45.164764981677756,1.0872794129802066
4564,euler_ramsey,0.5,1.5% Ramsey,risk_aversion,combined,0,166.7389961805461,0.4452771095213072
4564,euler_ramsey,0.5,2.0% Ramsey,risk_aversion,combined,0,123.56714302148941,0.35281503645824425
4564,euler_ramsey,0.5,2.5% Ramsey,risk_aversion,combined,0,84.16589235508371,0.2913809341080131
4565,euler_ramsey,0.5,1.5% Ramsey,risk_aversion,combined,0,2592.6007778079065,0.8798423816466887
4565,euler_ramsey,0.5,2.0% Ramsey,risk_aversion,combined,0,2198.220443265703,0.8148634360069447
4565,euler_ramsey,0.5,2.5% Ramsey,risk_aversion,combined,0,1652.7351956196828,0.7595240469548883
4566,euler_ramsey,0.5,1.5% Ramsey,risk_aversion,combined,0,3130.1441802639,0.3989899614797178
4566,euler_ramsey,0.5,2.0% Ramsey,risk_aversion,combined,0,2394.3375586068055,0.3091988917169015
4566,euler_ramsey,0.5,2.5% Ramsey,risk_aversion,combined,0,1760.5005965923815,0.25107326643664096
4567,euler_ramsey,0.5,1.5% Ramsey,risk_aversion,combined,0,5145.658315477433,1.5636904473565079
4567,euler_ramsey,0.5,2.0% Ramsey,risk_aversion,combined,0,3649.2262740285883,1.6469790851398471
4567,euler_ramsey,0.5,2.5% Ramsey,risk_aversion,combined,0,2336.363582071798,1.6956913977405719
4568,euler_ramsey,0.5,1.5% Ramsey,risk_aversion,combined,0,306.9236267572322,1.2089916289022185
4568,euler_ramsey,0.5,2.0% Ramsey,risk_aversion,combined,0,256.8321011680326,1.199778853508849
4568,euler_ramsey,0.5,2.5% Ramsey,risk_aversion,combined,0,210.71057891086278,1.1793948882181018
4569,euler_ramsey,0.5,1.5% Ramsey,risk_aversion,combined,0,1409.0301945927636,0.29066352905677895
4569,euler_ramsey,0.5,2.0% Ramsey,risk_aversion,combined,0,519.5235235397002,0.20934479371199427
4569,euler_ramsey,0.5,2.5% Ramsey,risk_aversion,combined,0,265.25027639572914,0.16059654148012428
4570,euler_ramsey,0.5,1.5% Ramsey,risk_aversion,combined,0,1051.2255069201576,2.0717256987640202
4570,euler_ramsey,0.5,2.0% Ramsey,risk_aversion,combined,0,688.9204090624105,2.324103265537681
4570,euler_ramsey,0.5,2.5% Ramsey,risk_aversion,combined,0,458.8393724169598,2.512369032116117
4571,euler_ramsey,0.5,1.5% Ramsey,risk_aversion,combined,0,-60.98624581475397,0.7601478024007083
4571,euler_ramsey,0.5,2.0% Ramsey,risk_aversion,combined,0,-43.027612948708416,0.6804151094565583
4571,euler_ramsey,0.5,2.5% Ramsey,risk_aversion,combined,0,-30.332662993053837,0.6176221600613923
4572,euler_ramsey,0.5,1.5% Ramsey,risk_aversion,combined,0,274.4686302975963,0.7492488700012108
4572,euler_ramsey,0.5,2.0% Ramsey,risk_aversion,combined,0,253.70657903234454,0.6675970682608562
4572,euler_ramsey,0.5,2.5% Ramsey,risk_aversion,combined,0,211.29887983379243,0.6037766169350632
4573,euler_ramsey,0.5,1.5% Ramsey,risk_aversion,combined,0,3937.585387366812,0.8743230745271281
4573,euler_ramsey,0.5,2.0% Ramsey,risk_aversion,combined,0,3240.3753730472927,0.8107584562300758
4573,euler_ramsey,0.5,2.5% Ramsey,risk_aversion,combined,0,2377.5153453718062,0.756663429051768
4574,euler_ramsey,0.5,1.5% Ramsey,risk_aversion,combined,0,1092.9970332318799,0.8622432492981859
4574,euler_ramsey,0.5,2.0% Ramsey,risk_aversion,combined,0,857.9198108468955,0.7935590831852175
4574,euler_ramsey,0.5,2.5% Ramsey,risk_aversion,combined,0,620.5161597524625,0.7359642321482203
4575,euler_ramsey,0.5,1.5% Ramsey,risk_aversion,combined,0,148.2273174412784,0.2902889370777839
4575,euler_ramsey,0.5,2.0% Ramsey,risk_aversion,combined,0,220.57753888494236,0.2089631240161073
4575,euler_ramsey,0.5,2.5% Ramsey,risk_aversion,combined,0,206.5874290500133,0.16023615715538259
4576,euler_ramsey,0.5,1.5% Ramsey,risk_aversion,combined,0,283.5315681716081,0.8788466941974739
4576,euler_ramsey,0.5,2.0% Ramsey,risk_aversion,combined,0,222.53904227002135,0.8120092514449462
4576,euler_ramsey,0.5,2.5% Ramsey,risk_aversion,combined,0,164.04726728821177,0.7553364198763236
4577,euler_ramsey,0.5,1.5% Ramsey,risk_aversion,combined,0,318.3802810940476,1.122783523421291
4577,euler_ramsey,0.5,2.0% Ramsey,risk_aversion,combined,0,241.2168933579544,1.0965941570623048
4577,euler_ramsey,0.5,2.5% Ramsey,risk_aversion,combined,0,163.24486005018227,1.0648641951116655
4578,euler_ramsey,0.5,1.5% Ramsey,risk_aversion,combined,0,5061.351128658551,0.127991016431591
4578,euler_ramsey,0.5,2.0% Ramsey,risk_aversion,combined,0,4087.2402651294838,0.07666056725526281
4578,euler_ramsey,0.5,2.5% Ramsey,risk_aversion,combined,0,2944.1898938067525,0.050993626815974746
4579,euler_ramsey,0.5,1.5% Ramsey,risk_aversion,combined,0,-1099.9466547666125,0.3444191138705398
4579,euler_ramsey,0.5,2.0% Ramsey,risk_aversion,combined,0,-910.9423099565646,0.2577479546843014
4579,euler_ramsey,0.5,2.5% Ramsey,risk_aversion,combined,0,-730.3803471246447,0.203673894785239
4580,euler_ramsey,0.5,1.5% Ramsey,risk_aversion,combined,0,159.28134124214318,2.713026030621803
4580,euler_ramsey,0.5,2.0% Ramsey,risk_aversion,combined,0,96.72877276824315,3.2315888808293574
4580,euler_ramsey,0.5,2.5% Ramsey,risk_aversion,combined,0,61.20755905713284,3.6587199097610124
4581,euler_ramsey,0.5,1.5% Ramsey,risk_aversion,combined,0,434.32153520282174,1.1785305177331318
4581,euler_ramsey,0.5,2.0% Ramsey,risk_aversion,combined,0,326.9531210966981,1.1632465866517399
4581,euler_ramsey,0.5,2.5% Ramsey,risk_aversion,combined,0,236.01473748160333,1.1388424766886291
4582,euler_ramsey,0.5,1.5% Ramsey,risk_aversion,combined,0,750.8953079344835,0.8888637792808878
4582,euler_ramsey,0.5,2.0% Ramsey,risk_aversion,combined,0,590.357720489155,0.8237433222038184
4582,euler_ramsey,0.5,2.5% Ramsey,risk_aversion,combined,0,432.15374388089015,0.7680363343900222
4583,euler_ramsey,0.5,1.5% Ramsey,risk_aversion,combined,0,574.0342624157544,0.6716965239770737
4583,euler_ramsey,0.5,2.0% Ramsey,risk_aversion,combined,0,431.6745092229553,0.5841947959982607
4583,euler_ramsey,0.5,2.5% Ramsey,risk_aversion,combined,0,313.0783904741717,0.5185629883044518
4584,euler_ramsey,0.5,1.5% Ramsey,risk_aversion,combined,0,2393.737692545886,0.3268722472518143
4584,euler_ramsey,0.5,2.0% Ramsey,risk_aversion,combined,0,2161.645256469537,0.24165406325843922
4584,euler_ramsey,0.5,2.5% Ramsey,risk_aversion,combined,0,1644.0763261325983,0.18916376359889284
4585,euler_ramsey,0.5,1.5% Ramsey,risk_aversion,combined,0,318.00547212274626,1.3282191582991865
4585,euler_ramsey,0.5,2.0% Ramsey,risk_aversion,combined,0,259.19602181192624,1.3474513693587291
4585,euler_ramsey,0.5,2.5% Ramsey,risk_aversion,combined,0,203.48542241853414,1.3474624197021121
4586,euler_ramsey,0.5,1.5% Ramsey,risk_aversion,combined,0,280.84638284561436,2.003306005023602
4586,euler_ramsey,0.5,2.0% Ramsey,risk_aversion,combined,0,204.33964423932977,2.2290475524459428
4586,euler_ramsey,0.5,2.5% Ramsey,risk_aversion,combined,0,147.5783827365428,2.3942020054890536
4587,euler_ramsey,0.5,1.5% Ramsey,risk_aversion,combined,0,888.6936107208394,0.7237084255652226
4587,euler_ramsey,0.5,2.0% Ramsey,risk_aversion,combined,0,637.7444518458439,0.6397593581679282
4587,euler_ramsey,0.5,2.5% Ramsey,risk_aversion,combined,0,419.0704412843845,0.5750728526125705
4588,euler_ramsey,0.5,1.5% Ramsey,risk_aversion,combined,0,470.27940663777406,1.3821187188069706
4588,euler_ramsey,0.5,2.0% Ramsey,risk_aversion,combined,0,301.59943624776906,1.4153069701931327
4588,euler_ramsey,0.5,2.5% Ramsey,risk_aversion,combined,0,200.27413437501698,1.4256547189834994
4589,euler_ramsey,0.5,1.5% Ramsey,risk_aversion,combined,0,371.1927647224248,0.698011481776782
4589,euler_ramsey,0.5,2.0% Ramsey,risk_aversion,combined,0,277.7253307791835,0.6123986195921757
4589,euler_ramsey,0.5,2.5% Ramsey,risk_aversion,combined,0,204.3131008959244,0.5473110095538725
4590,euler_ramsey,0.5,1.5% Ramsey,risk_aversion,combined,0,547.1612206329435,1.3798536461687703
4590,euler_ramsey,0.5,2.0% Ramsey,risk_aversion,combined,0,380.04826252702287,1.4119178509857877
4590,euler_ramsey,0.5,2.5% Ramsey,risk_aversion,combined,0,252.49893880849277,1.4213664538431023
4591,euler_ramsey,0.5,1.5% Ramsey,risk_aversion,combined,0,985.3184865874557,1.1120449853230205
4591,euler_ramsey,0.5,2.0% Ramsey,risk_aversion,combined,0,791.6802753763371,1.0842331596362442
4591,euler_ramsey,0.5,2.5% Ramsey,risk_aversion,combined,0,578.2794634672133,1.051535265480259
4592,euler_ramsey,0.5,1.5% Ramsey,risk_aversion,combined,0,66.37703896436214,0.8193679241497462
4592,euler_ramsey,0.5,2.0% Ramsey,risk_aversion,combined,0,51.06756931113898,0.7455600656082672
4592,euler_ramsey,0.5,2.5% Ramsey,risk_aversion,combined,0,37.340124881534194,0.6853449729083441
4593,euler_ramsey,0.5,1.5% Ramsey,risk_aversion,combined,0,3334.05445557471,0.1915737264424093
4593,euler_ramsey,0.5,2.0% Ramsey,risk_aversion,combined,0,1909.586922412073,0.12559773919172482
4593,euler_ramsey,0.5,2.5% Ramsey,risk_aversion,combined,0,1058.7078746052666,0.0895929580757081
4594,euler_ramsey,0.5,1.5% Ramsey,risk_aversion,combined,0,1334.7787955513288,0.6409051798052326
4594,euler_ramsey,0.5,2.0% Ramsey,risk_aversion,combined,0,1176.7875363014768,0.5515354849848716
4594,euler_ramsey,0.5,2.5% Ramsey,risk_aversion,combined,0,912.7334731928341,0.4855760421678135
4595,euler_ramsey,0.5,1.5% Ramsey,risk_aversion,combined,0,-83.18339040865891,1.4985960418465136
4595,euler_ramsey,0.5,2.0% Ramsey,risk_aversion,combined,0,-52.88175430128736,1.5621548642975451
4595,euler_ramsey,0.5,2.5% Ramsey,risk_aversion,combined,0,-34.0907550851794,1.5952888884910439
4596,euler_ramsey,0.5,1.5% Ramsey,risk_aversion,combined,0,400.1587687056533,0.664193129327558
4596,euler_ramsey,0.5,2.0% Ramsey,risk_aversion,combined,0,282.44287006187346,0.5764964407791886
4596,euler_ramsey,0.5,2.5% Ramsey,risk_aversion,combined,0,191.70244972637272,0.5109419433200801
4597,euler_ramsey,0.5,1.5% Ramsey,risk_aversion,combined,0,217.6423386163144,1.6619067503967013
4597,euler_ramsey,0.5,2.0% Ramsey,risk_aversion,combined,0,163.30914282308464,1.7730971922257126
4597,euler_ramsey,0.5,2.5% Ramsey,risk_aversion,combined,0,119.82515919670637,1.8435944283938333
4598,euler_ramsey,0.5,1.5% Ramsey,risk_aversion,combined,0,470.62875209262984,1.5755278621917792
4598,euler_ramsey,0.5,2.0% Ramsey,risk_aversion,combined,0,356.72881537365123,1.6612510371103353
4598,euler_ramsey,0.5,2.5% Ramsey,risk_aversion,combined,0,257.161992535908,1.7117380882523978
4599,euler_ramsey,0.5,1.5% Ramsey,risk_aversion,combined,0,1383.3809048987562,0.437227027962933
4599,euler_ramsey,0.5,2.0% Ramsey,risk_aversion,combined,0,946.0747821912489,0.3451331837423938
4599,euler_ramsey,0.5,2.5% Ramsey,risk_aversion,combined,0,658.8698232867703,0.28421863847217754
4600,euler_ramsey,0.5,1.5% Ramsey,risk_aversion,combined,0,447.73971768399264,0.3244434495459899
4600,euler_ramsey,0.5,2.0% Ramsey,risk_aversion,combined,0,158.20737805639246,0.23950881776802807
4600,euler_ramsey,0.5,2.5% Ramsey,risk_aversion,combined,0,84.46219514612739,0.18727408030969406
4601,euler_ramsey,0.5,1.5% Ramsey,risk_aversion,combined,0,8095.1349260098195,0.15571313992712357
4601,euler_ramsey,0.5,2.0% Ramsey,risk_aversion,combined,0,4729.198856741365,0.09755116476460432
4601,euler_ramsey,0.5,2.5% Ramsey,risk_aversion,combined,0,2900.670960853288,0.06719012145384048
4602,euler_ramsey,0.5,1.5% Ramsey,risk_aversion,combined,0,736.1682347899509,0.5901634372478705
4602,euler_ramsey,0.5,2.0% Ramsey,risk_aversion,combined,0,566.3409241085388,0.4987379039836417
4602,euler_ramsey,0.5,2.5% Ramsey,risk_aversion,combined,0,396.64990581087835,0.43298455286265536
4603,euler_ramsey,0.5,1.5% Ramsey,risk_aversion,combined,0,79.61650266498873,0.37549891656319445
4603,euler_ramsey,0.5,2.0% Ramsey,risk_aversion,combined,0,40.63592493665228,0.2863503139659657
4603,euler_ramsey,0.5,2.5% Ramsey,risk_aversion,combined,0,18.476325686750844,0.22958865886868848
4604,euler_ramsey,0.5,1.5% Ramsey,risk_aversion,combined,0,8766.379524382703,0.17966095189320044
4604,euler_ramsey,0.5,2.0% Ramsey,risk_aversion,combined,0,5273.081726710784,0.11624250937065551
4604,euler_ramsey,0.5,2.5% Ramsey,risk_aversion,combined,0,3053.64232579001,0.08208672625296351
4605,euler_ramsey,0.5,1.5% Ramsey,risk_aversion,combined,0,1567.6510732051493,0.7845354252833314
4605,euler_ramsey,0.5,2.0% Ramsey,risk_aversion,combined,0,1291.7392309235124,0.7073482407387327
4605,euler_ramsey,0.5,2.5% Ramsey,risk_aversion,combined,0,923.9247407024542,0.6457167866767777
4606,euler_ramsey,0.5,1.5% Ramsey,risk_aversion,combined,0,380.0016463411518,0.6828537043306042
4606,euler_ramsey,0.5,2.0% Ramsey,risk_aversion,combined,0,330.5042061997269,0.5965448565922875
4606,euler_ramsey,0.5,2.5% Ramsey,risk_aversion,combined,0,254.9401100258515,0.5314068662348591
4607,euler_ramsey,0.5,1.5% Ramsey,risk_aversion,combined,0,395.059412187633,0.2963683147832687
4607,euler_ramsey,0.5,2.0% Ramsey,risk_aversion,combined,0,304.22015466883533,0.21428960231586913
4607,euler_ramsey,0.5,2.5% Ramsey,risk_aversion,combined,0,232.55529978645615,0.1648821751072486
4608,euler_ramsey,0.5,1.5% Ramsey,risk_aversion,combined,0,1447.8383300297025,0.6057194661293579
4608,euler_ramsey,0.5,2.0% Ramsey,risk_aversion,combined,0,1318.0277526755615,0.5146131138613431
4608,euler_ramsey,0.5,2.5% Ramsey,risk_aversion,combined,0,1036.634821213278,0.4486035441918863
4609,euler_ramsey,0.5,1.5% Ramsey,risk_aversion,combined,0,339.6129336393189,0.9396117079792884
4609,euler_ramsey,0.5,2.0% Ramsey,risk_aversion,combined,0,253.33646449367092,0.881097630506021
4609,euler_ramsey,0.5,2.5% Ramsey,risk_aversion,combined,0,195.40860947946385,0.8290020293015382
4610,euler_ramsey,0.5,1.5% Ramsey,risk_aversion,combined,0,1322.5191394275148,0.8989591368055336
4610,euler_ramsey,0.5,2.0% Ramsey,risk_aversion,combined,0,1018.5296978151615,0.8356827237272919
4610,euler_ramsey,0.5,2.5% Ramsey,risk_aversion,combined,0,723.7960602215312,0.7811232370050497
4611,euler_ramsey,0.5,1.5% Ramsey,risk_aversion,combined,0,989.9974715396967,1.1108515575295523
4611,euler_ramsey,0.5,2.0% Ramsey,risk_aversion,combined,0,795.8305013044563,1.0830054862713545
4611,euler_ramsey,0.5,2.5% Ramsey,risk_aversion,combined,0,590.6979015107337,1.0502924730738428
4612,euler_ramsey,0.5,1.5% Ramsey,risk_aversion,combined,0,50.563155133247385,1.2146644405335638
4612,euler_ramsey,0.5,2.0% Ramsey,risk_aversion,combined,0,38.80854937157405,1.2079661313839256
4612,euler_ramsey,0.5,2.5% Ramsey,risk_aversion,combined,0,30.336972497617047,1.1895313495098647
4613,euler_ramsey,0.5,1.5% Ramsey,risk_aversion,combined,0,349.1214733001356,3.971567323305426
4613,euler_ramsey,0.5,2.0% Ramsey,risk_aversion,combined,0,250.69190195022085,5.154057745943884
4613,euler_ramsey,0.5,2.5% Ramsey,risk_aversion,combined,0,172.17816685016638,6.235137930106333
4614,euler_ramsey,0.5,1.5% Ramsey,risk_aversion,combined,0,955.1184369595791,0.8129062672436838
4614,euler_ramsey,0.5,2.0% Ramsey,risk_aversion,combined,0,631.8249956110584,0.7382588229866155
4614,euler_ramsey,0.5,2.5% Ramsey,risk_aversion,combined,0,426.65599999305266,0.6776390777976042
4615,euler_ramsey,0.5,1.5% Ramsey,risk_aversion,combined,0,590.7252077045669,0.9542741132570922
4615,euler_ramsey,0.5,2.0% Ramsey,risk_aversion,combined,0,511.7601118190617,0.8991135622319633
4615,euler_ramsey,0.5,2.5% Ramsey,risk_aversion,combined,0,389.55583655388523,0.8491939354701074
4616,euler_ramsey,0.5,1.5% Ramsey,risk_aversion,combined,0,-1285.0285884195853,0.13748401427460694
4616,euler_ramsey,0.5,2.0% Ramsey,risk_aversion,combined,0,-1005.4408153111974,0.08366684337733493
4616,euler_ramsey,0.5,2.5% Ramsey,risk_aversion,combined,0,-710.0133012264353,0.05634065348594726
4617,euler_ramsey,0.5,1.5% Ramsey,risk_aversion,combined,0,-753.6505011486022,0.5008611459108981
4617,euler_ramsey,0.5,2.0% Ramsey,risk_aversion,combined,0,-326.83108036526835,0.4077973700597426
4617,euler_ramsey,0.5,2.5% Ramsey,risk_aversion,combined,0,-184.68573449515662,0.34396397922605254
4618,euler_ramsey,0.5,1.5% Ramsey,risk_aversion,combined,0,-1269.3148135091583,0.37005184288702014
4618,euler_ramsey,0.5,2.0% Ramsey,risk_aversion,combined,0,-1227.4544810239606,0.28136943153075294
4618,euler_ramsey,0.5,2.5% Ramsey,risk_aversion,combined,0,-977.1885873467439,0.225088551865003
4619,euler_ramsey,0.5,1.5% Ramsey,risk_aversion,combined,0,2327.7627199293697,0.39044905977950034
4619,euler_ramsey,0.5,2.0% Ramsey,risk_aversion,combined,0,2116.4657643989913,0.30090343682184334
4619,euler_ramsey,0.5,2.5% Ramsey,risk_aversion,combined,0,1664.1817095534595,0.2432745849851516
4620,euler_ramsey,0.5,1.5% Ramsey,risk_aversion,combined,0,181.5538874374639,1.022951146896513
4620,euler_ramsey,0.5,2.0% Ramsey,risk_aversion,combined,0,138.1526406913242,0.9786436113530939
4620,euler_ramsey,0.5,2.5% Ramsey,risk_aversion,combined,0,96.53241748402917,0.9352065786821492
4621,euler_ramsey,0.5,1.5% Ramsey,risk_aversion,combined,0,654.5986398597349,1.1339251428154695
4621,euler_ramsey,0.5,2.0% Ramsey,risk_aversion,combined,0,639.9809722639876,1.1095444347845014
4621,euler_ramsey,0.5,2.5% Ramsey,risk_aversion,combined,0,542.7605429338631,1.0789141118964294
4622,euler_ramsey,0.5,1.5% Ramsey,risk_aversion,combined,0,506.61222933457435,0.6460399919610781
4622,euler_ramsey,0.5,2.0% Ramsey,risk_aversion,combined,0,377.3111155249361,0.5568480445204821
4622,euler_ramsey,0.5,2.5% Ramsey,risk_aversion,combined,0,257.31885447928846,0.49084775291660354
4623,euler_ramsey,0.5,1.5% Ramsey,risk_aversion,combined,0,859.6977221578954,1.1054032075862574
4623,euler_ramsey,0.5,2.0% Ramsey,risk_aversion,combined,0,656.927500920068,1.0759160499717988
4623,euler_ramsey,0.5,2.5% Ramsey,risk_aversion,combined,0,468.0117595910075,1.0420188542532245
4624,euler_ramsey,0.5,1.5% Ramsey,risk_aversion,combined,0,2535.449729695361,0.6961900648016661
4624,euler_ramsey,0.5,2.0% Ramsey,risk_aversion,combined,0,1728.9680914011626,0.6118094273177254
4624,euler_ramsey,0.5,2.5% Ramsey,risk_aversion,combined,0,1193.2646157314437,0.5476637941244312
4625,euler_ramsey,0.5,1.5% Ramsey,risk_aversion,combined,0,344.1547946657841,2.0270578930333554
4625,euler_ramsey,0.5,2.0% Ramsey,risk_aversion,combined,0,267.8399351208036,2.2611614623588374
4625,euler_ramsey,0.5,2.5% Ramsey,risk_aversion,combined,0,200.17096613947672,2.4334951421363407
4626,euler_ramsey,0.5,1.5% Ramsey,risk_aversion,combined,0,341.9751320025734,1.0659860883908112
4626,euler_ramsey,0.5,2.0% Ramsey,risk_aversion,combined,0,284.10247936596886,1.0295680550896305
4626,euler_ramsey,0.5,2.5% Ramsey,risk_aversion,combined,0,216.63462080367032,0.9911895055714972
4627,euler_ramsey,0.5,1.5% Ramsey,risk_aversion,combined,0,8796.184426511694,0.14180902140133403
4627,euler_ramsey,0.5,2.0% Ramsey,risk_aversion,combined,0,6198.4941074093,0.08698683933122134
4627,euler_ramsey,0.5,2.5% Ramsey,risk_aversion,combined,0,4430.380655226295,0.05894421899445559
4628,euler_ramsey,0.5,1.5% Ramsey,risk_aversion,combined,0,1102.669355109644,0.36037286636482635
4628,euler_ramsey,0.5,2.0% Ramsey,risk_aversion,combined,0,663.6361932428981,0.27237451987759353
4628,euler_ramsey,0.5,2.5% Ramsey,risk_aversion,combined,0,429.41829867657316,0.21689107817719414
4629,euler_ramsey,0.5,1.5% Ramsey,risk_aversion,combined,0,224.60604978656053,0.6708488977912631
4629,euler_ramsey,0.5,2.0% Ramsey,risk_aversion,combined,0,170.2309663369197,0.5837553157194281
4629,euler_ramsey,0.5,2.5% Ramsey,risk_aversion,combined,0,135.59481905375046,0.518474866048138
4630,euler_ramsey,0.5,1.5% Ramsey,risk_aversion,combined,0,2656.1665955249778,0.6186895014728562
4630,euler_ramsey,0.5,2.0% Ramsey,risk_aversion,combined,0,2081.11773021873,0.5299934489267424
4630,euler_ramsey,0.5,2.5% Ramsey,risk_aversion,combined,0,1504.9888229148737,0.4651358356858736
4631,euler_ramsey,0.5,1.5% Ramsey,risk_aversion,combined,0,4442.780700521126,0.511067510937327
4631,euler_ramsey,0.5,2.0% Ramsey,risk_aversion,combined,0,3770.6118921549746,0.41886111042889
4631,euler_ramsey,0.5,2.5% Ramsey,risk_aversion,combined,0,2834.976503858522,0.35518374600710045
4632,euler_ramsey,0.5,1.5% Ramsey,risk_aversion,combined,0,655.2282689921097,0.5611705675615148
4632,euler_ramsey,0.5,2.0% Ramsey,risk_aversion,combined,0,450.4108870075554,0.4684239603506634
4632,euler_ramsey,0.5,2.5% Ramsey,risk_aversion,combined,0,297.66759432952773,0.4027740010264856
4633,euler_ramsey,0.5,1.5% Ramsey,risk_aversion,combined,0,357.9392198317153,1.1718240005072738
4633,euler_ramsey,0.5,2.0% Ramsey,risk_aversion,combined,0,229.52388810317368,1.1569678372808194
4633,euler_ramsey,0.5,2.5% Ramsey,risk_aversion,combined,0,156.02057569974346,1.1331219992681265
4634,euler_ramsey,0.5,1.5% Ramsey,risk_aversion,combined,0,346.8221029847959,1.0618032533927289
4634,euler_ramsey,0.5,2.0% Ramsey,risk_aversion,combined,0,290.5936697030403,1.0237551089394323
4634,euler_ramsey,0.5,2.5% Ramsey,risk_aversion,combined,0,233.97511570889083,0.9842061499806617
4635,euler_ramsey,0.5,1.5% Ramsey,risk_aversion,combined,0,1339.4353862928872,0.5978779492300423
4635,euler_ramsey,0.5,2.0% Ramsey,risk_aversion,combined,0,1700.1448089217183,0.5070989609924936
4635,euler_ramsey,0.5,2.5% Ramsey,risk_aversion,combined,0,1718.4318589008778,0.44152319722118916
4636,euler_ramsey,0.5,1.5% Ramsey,risk_aversion,combined,0,79.05499859227508,1.3743192256575887
4636,euler_ramsey,0.5,2.0% Ramsey,risk_aversion,combined,0,47.52360001685512,1.4051959502111802
4636,euler_ramsey,0.5,2.5% Ramsey,risk_aversion,combined,0,31.593324349306624,1.413751682060807
4637,euler_ramsey,0.5,1.5% Ramsey,risk_aversion,combined,0,2904.8503164231033,0.6212379788605752
4637,euler_ramsey,0.5,2.0% Ramsey,risk_aversion,combined,0,5446.706288084822,0.53203190458132
4637,euler_ramsey,0.5,2.5% Ramsey,risk_aversion,combined,0,7316.635974793496,0.46677066884108037
4638,euler_ramsey,0.5,1.5% Ramsey,risk_aversion,combined,0,601.837793550722,1.182595534529943
4638,euler_ramsey,0.5,2.0% Ramsey,risk_aversion,combined,0,547.2910732288842,1.169295686650758
4638,euler_ramsey,0.5,2.5% Ramsey,risk_aversion,combined,0,451.795617783335,1.146345627180595
4639,euler_ramsey,0.5,1.5% Ramsey,risk_aversion,combined,0,126.07985809151816,1.7449271585919253
4639,euler_ramsey,0.5,2.0% Ramsey,risk_aversion,combined,0,79.06559477192276,1.8821473688646115
4639,euler_ramsey,0.5,2.5% Ramsey,risk_aversion,combined,0,53.63473134916429,1.9735781273032846
4640,euler_ramsey,0.5,1.5% Ramsey,risk_aversion,combined,0,352.4604764897569,1.7360765877138573
4640,euler_ramsey,0.5,2.0% Ramsey,risk_aversion,combined,0,264.15608484805165,1.8705857981502225
4640,euler_ramsey,0.5,2.5% Ramsey,risk_aversion,combined,0,184.71463379476353,1.9598459200958451
4641,euler_ramsey,0.5,1.5% Ramsey,risk_aversion,combined,0,1094.8534007641158,2.0615412947031877
4641,euler_ramsey,0.5,2.0% Ramsey,risk_aversion,combined,0,785.904073989245,2.3111186053283745
4641,euler_ramsey,0.5,2.5% Ramsey,risk_aversion,combined,0,534.9736907910807,2.4971483688622746
4642,euler_ramsey,0.5,1.5% Ramsey,risk_aversion,combined,0,1421.106725032658,1.291253841528511
4642,euler_ramsey,0.5,2.0% Ramsey,risk_aversion,combined,0,989.8217115293614,1.301731285857288
4642,euler_ramsey,0.5,2.5% Ramsey,risk_aversion,combined,0,660.2130724533462,1.295443294160547
4643,euler_ramsey,0.5,1.5% Ramsey,risk_aversion,combined,0,1126.3266570459393,0.5048943228314587
4643,euler_ramsey,0.5,2.0% Ramsey,risk_aversion,combined,0,933.1066449443072,0.4121136098354729
4643,euler_ramsey,0.5,2.5% Ramsey,risk_aversion,combined,0,728.8565273143657,0.3483158585224026
4644,euler_ramsey,0.5,1.5% Ramsey,risk_aversion,combined,0,255.19937994252066,0.40920085099380865
4644,euler_ramsey,0.5,2.0% Ramsey,risk_aversion,combined,0,263.47004195259433,0.31823304704125926
4644,euler_ramsey,0.5,2.5% Ramsey,risk_aversion,combined,0,234.46237956300314,0.2590632403929167
4645,euler_ramsey,0.5,1.5% Ramsey,risk_aversion,combined,0,546.2925185374312,1.9491428634817023
4645,euler_ramsey,0.5,2.0% Ramsey,risk_aversion,combined,0,367.1044213217407,2.15606408924789
4645,euler_ramsey,0.5,2.5% Ramsey,risk_aversion,combined,0,249.83864780569252,2.3054232130727064
4646,euler_ramsey,0.5,1.5% Ramsey,risk_aversion,combined,0,31.139504946153984,1.4043555839115098
4646,euler_ramsey,0.5,2.0% Ramsey,risk_aversion,combined,0,24.683487403271272,1.4432600256001846
4646,euler_ramsey,0.5,2.5% Ramsey,risk_aversion,combined,0,19.439512440766553,1.4578785285296745
4647,euler_ramsey,0.5,1.5% Ramsey,risk_aversion,combined,0,355.91315543965726,1.3820543405514352
4647,euler_ramsey,0.5,2.0% Ramsey,risk_aversion,combined,0,199.18342963286622,1.4147206613109422
4647,euler_ramsey,0.5,2.5% Ramsey,risk_aversion,combined,0,127.9580372046114,1.4245861699883546
4648,euler_ramsey,0.5,1.5% Ramsey,risk_aversion,combined,0,-372.6838499149532,0.6934991990902143
4648,euler_ramsey,0.5,2.0% Ramsey,risk_aversion,combined,0,-261.25015084901867,0.6075294117024189
4648,euler_ramsey,0.5,2.5% Ramsey,risk_aversion,combined,0,-177.86132581575393,0.5423111626493353
4649,euler_ramsey,0.5,1.5% Ramsey,risk_aversion,combined,0,2542.5594766163204,0.5364750388534322
4649,euler_ramsey,0.5,2.0% Ramsey,risk_aversion,combined,0,2063.038790814037,0.44402424222396675
4649,euler_ramsey,0.5,2.5% Ramsey,risk_aversion,combined,0,1486.0403784044133,0.37935541135156864
4650,euler_ramsey,0.5,1.5% Ramsey,risk_aversion,combined,0,337.1403074364944,1.0838016304106497
4650,euler_ramsey,0.5,2.0% Ramsey,risk_aversion,combined,0,257.17267620252227,1.0499276288990003
4650,euler_ramsey,0.5,2.5% Ramsey,risk_aversion,combined,0,197.31341576769165,1.01310371230428
4651,euler_ramsey,0.5,1.5% Ramsey,risk_aversion,combined,0,175.7783817635293,1.0910203962004148
4651,euler_ramsey,0.5,2.0% Ramsey,risk_aversion,combined,0,149.9093232745315,1.0581962236437281
4651,euler_ramsey,0.5,2.5% Ramsey,risk_aversion,combined,0,119.81216252004873,1.0220387640526059
4652,euler_ramsey,0.5,1.5% Ramsey,risk_aversion,combined,0,505.1074522222254,0.4654042203640056
4652,euler_ramsey,0.5,2.0% Ramsey,risk_aversion,combined,0,385.0559040110929,0.37255426176834455
4652,euler_ramsey,0.5,2.5% Ramsey,risk_aversion,combined,0,297.9726018789524,0.31013854304516464
4653,euler_ramsey,0.5,1.5% Ramsey,risk_aversion,combined,0,720.8362660349958,0.7141424393899012
4653,euler_ramsey,0.5,2.0% Ramsey,risk_aversion,combined,0,555.128649765212,0.6304022526049214
4653,euler_ramsey,0.5,2.5% Ramsey,risk_aversion,combined,0,411.50939662221595,0.5660864771809411
4654,euler_ramsey,0.5,1.5% Ramsey,risk_aversion,combined,0,417.82238897172255,1.1971716699751664
4654,euler_ramsey,0.5,2.0% Ramsey,risk_aversion,combined,0,291.53041204999437,1.1865304291430017
4654,euler_ramsey,0.5,2.5% Ramsey,risk_aversion,combined,0,218.62691526365796,1.1653263725064333
4655,euler_ramsey,0.5,1.5% Ramsey,risk_aversion,combined,0,-91.17045606465916,0.947408470554438
4655,euler_ramsey,0.5,2.0% Ramsey,risk_aversion,combined,0,-83.04668486863393,0.8901151840233547
4655,euler_ramsey,0.5,2.5% Ramsey,risk_aversion,combined,0,-65.8896472809551,0.838723973207697
4656,euler_ramsey,0.5,1.5% Ramsey,risk_aversion,combined,0,1126.8350929851783,0.48737324594496606
4656,euler_ramsey,0.5,2.0% Ramsey,risk_aversion,combined,0,1043.033879101621,0.39418125386388403
4656,euler_ramsey,0.5,2.5% Ramsey,risk_aversion,combined,0,872.7440391205131,0.3307657191238119
4657,euler_ramsey,0.5,1.5% Ramsey,risk_aversion,combined,0,-747.7228626537043,0.4434893850659313
4657,euler_ramsey,0.5,2.0% Ramsey,risk_aversion,combined,0,-595.6527241361874,0.3510801207414917
4657,euler_ramsey,0.5,2.5% Ramsey,risk_aversion,combined,0,-415.9817152478106,0.2897450523561437
4658,euler_ramsey,0.5,1.5% Ramsey,risk_aversion,combined,0,1312.082189603421,1.31834827008492
4658,euler_ramsey,0.5,2.0% Ramsey,risk_aversion,combined,0,1047.9857732987484,1.3348532329309788
4658,euler_ramsey,0.5,2.5% Ramsey,risk_aversion,combined,0,752.903706343939,1.332826246228402
4659,euler_ramsey,0.5,1.5% Ramsey,risk_aversion,combined,0,-719.5868798895599,0.1340870008750554
4659,euler_ramsey,0.5,2.0% Ramsey,risk_aversion,combined,0,-508.6877026367359,0.08111572708987443
4659,euler_ramsey,0.5,2.5% Ramsey,risk_aversion,combined,0,-319.8147581068516,0.054371225138390954
4660,euler_ramsey,0.5,1.5% Ramsey,risk_aversion,combined,0,54.17299886349808,0.9172959418594433
4660,euler_ramsey,0.5,2.0% Ramsey,risk_aversion,combined,0,50.79997098080186,0.8564139806040053
4660,euler_ramsey,0.5,2.5% Ramsey,risk_aversion,combined,0,43.71130451651911,0.8031358975781749
4661,euler_ramsey,0.5,1.5% Ramsey,risk_aversion,combined,0,-316.7460629761496,0.612866273609177
4661,euler_ramsey,0.5,2.0% Ramsey,risk_aversion,combined,0,-177.1612589501202,0.5217821420464546
4661,euler_ramsey,0.5,2.5% Ramsey,risk_aversion,combined,0,-110.21855947766431,0.4555547829807349
4662,euler_ramsey,0.5,1.5% Ramsey,risk_aversion,combined,0,52.34598556354296,1.6610866978675938
4662,euler_ramsey,0.5,2.0% Ramsey,risk_aversion,combined,0,28.953167886052377,1.7720161072579228
4662,euler_ramsey,0.5,2.5% Ramsey,risk_aversion,combined,0,19.453779158740925,1.8422267723511534
4663,euler_ramsey,0.5,1.5% Ramsey,risk_aversion,combined,0,-275.6322864664455,0.8404996188446839
4663,euler_ramsey,0.5,2.0% Ramsey,risk_aversion,combined,0,-172.19213120652,0.7685648677482501
4663,euler_ramsey,0.5,2.5% Ramsey,risk_aversion,combined,0,-110.45510550334986,0.7091502774718016
4664,euler_ramsey,0.5,1.5% Ramsey,risk_aversion,combined,0,277.78542522797693,1.148943508701809
4664,euler_ramsey,0.5,2.0% Ramsey,risk_aversion,combined,0,198.96191740901935,1.1271359565035515
4664,euler_ramsey,0.5,2.5% Ramsey,risk_aversion,combined,0,139.66855715720428,1.0982193954822113
4665,euler_ramsey,0.5,1.5% Ramsey,risk_aversion,combined,0,28.58291391906603,0.5781667875980947
4665,euler_ramsey,0.5,2.0% Ramsey,risk_aversion,combined,0,25.336139301391025,0.4862220514750004
4665,euler_ramsey,0.5,2.5% Ramsey,risk_aversion,combined,0,21.52054561903601,0.4205137719328698
4666,euler_ramsey,0.5,1.5% Ramsey,risk_aversion,combined,0,-31.81814386673646,0.7537223915851637
4666,euler_ramsey,0.5,2.0% Ramsey,risk_aversion,combined,0,-26.143484466959237,0.672653081718298
4666,euler_ramsey,0.5,2.5% Ramsey,risk_aversion,combined,0,-20.112426342015983,0.6090895863734529
4667,euler_ramsey,0.5,1.5% Ramsey,risk_aversion,combined,0,132.48259678580627,1.654574513855968
4667,euler_ramsey,0.5,2.0% Ramsey,risk_aversion,combined,0,99.3652466442112,1.7634989309512028
4667,euler_ramsey,0.5,2.5% Ramsey,risk_aversion,combined,0,74.11617148105661,1.83215080500133
4668,euler_ramsey,0.5,1.5% Ramsey,risk_aversion,combined,0,-2181.8043392566415,0.3971451206323087
4668,euler_ramsey,0.5,2.0% Ramsey,risk_aversion,combined,0,-1198.0236835992666,0.30672547421991286
4668,euler_ramsey,0.5,2.5% Ramsey,risk_aversion,combined,0,-699.1900756187218,0.2483518017148245
4669,euler_ramsey,0.5,1.5% Ramsey,risk_aversion,combined,0,469.7328333300853,1.2515145360453708
4669,euler_ramsey,0.5,2.0% Ramsey,risk_aversion,combined,0,400.0416158501884,1.2528345818099305
4669,euler_ramsey,0.5,2.5% Ramsey,risk_aversion,combined,0,312.58262085239926,1.240051692667758
4670,euler_ramsey,0.5,1.5% Ramsey,risk_aversion,combined,0,-815.954988582348,0.542794504445632
4670,euler_ramsey,0.5,2.0% Ramsey,risk_aversion,combined,0,-628.1765690960639,0.4497885320151279
4670,euler_ramsey,0.5,2.5% Ramsey,risk_aversion,combined,0,-460.2600207594781,0.3845707916479745
4671,euler_ramsey,0.5,1.5% Ramsey,risk_aversion,combined,0,-61.25087141415578,1.2489114988531005
4671,euler_ramsey,0.5,2.0% Ramsey,risk_aversion,combined,0,-86.5810258600775,1.248773813702739
4671,euler_ramsey,0.5,2.5% Ramsey,risk_aversion,combined,0,-79.94996812778164,1.2347397461787681
4672,euler_ramsey,0.5,1.5% Ramsey,risk_aversion,combined,0,-401.74130354397386,0.5181449377733711
4672,euler_ramsey,0.5,2.0% Ramsey,risk_aversion,combined,0,-254.72337674273874,0.42488233234304706
4672,euler_ramsey,0.5,2.5% Ramsey,risk_aversion,combined,0,-164.32582917026434,0.3603396011645263
4673,euler_ramsey,0.5,1.5% Ramsey,risk_aversion,combined,0,278.0089133869376,0.6553472084933658
4673,euler_ramsey,0.5,2.0% Ramsey,risk_aversion,combined,0,258.06644181981983,0.5669516985527976
4673,euler_ramsey,0.5,2.5% Ramsey,risk_aversion,combined,0,229.23309970430003,0.5012048697215097
4674,euler_ramsey,0.5,1.5% Ramsey,risk_aversion,combined,0,5982.011988720213,0.49874448906145635
4674,euler_ramsey,0.5,2.0% Ramsey,risk_aversion,combined,0,4653.323154788356,0.4069867011851107
4674,euler_ramsey,0.5,2.5% Ramsey,risk_aversion,combined,0,3341.511727429901,0.3439907411201014
4675,euler_ramsey,0.5,1.5% Ramsey,risk_aversion,combined,0,247.1086563602883,1.2858204943835714
4675,euler_ramsey,0.5,2.0% Ramsey,risk_aversion,combined,0,196.17273750868506,1.2950925048936253
4675,euler_ramsey,0.5,2.5% Ramsey,risk_aversion,combined,0,155.31309196591144,1.2878849166142599
4676,euler_ramsey,0.5,1.5% Ramsey,risk_aversion,combined,0,-167.4853442906828,0.4080657032116125
4676,euler_ramsey,0.5,2.0% Ramsey,risk_aversion,combined,0,-56.14423259442099,0.31704728725668985
4676,euler_ramsey,0.5,2.5% Ramsey,risk_aversion,combined,0,-18.191515986870073,0.2578970723374589
4677,euler_ramsey,0.5,1.5% Ramsey,risk_aversion,combined,0,101.285248078131,1.5321378285878051
4677,euler_ramsey,0.5,2.0% Ramsey,risk_aversion,combined,0,66.66768951637876,1.6051156878090187
4677,euler_ramsey,0.5,2.5% Ramsey,risk_aversion,combined,0,47.95733634897957,1.6455472122430415
4678,euler_ramsey,0.5,1.5% Ramsey,risk_aversion,combined,0,292.6071100323188,0.627430325735999
4678,euler_ramsey,0.5,2.0% Ramsey,risk_aversion,combined,0,235.77285016601425,0.5377830108347075
4678,euler_ramsey,0.5,2.5% Ramsey,risk_aversion,combined,0,185.44789574864902,0.4720334127208817
4679,euler_ramsey,0.5,1.5% Ramsey,risk_aversion,combined,0,905.2922636182894,0.8087032689094594
4679,euler_ramsey,0.5,2.0% Ramsey,risk_aversion,combined,0,601.3185835791367,0.7337073938170087
4679,euler_ramsey,0.5,2.5% Ramsey,risk_aversion,combined,0,412.30943429913043,0.6729526955934766
4680,euler_ramsey,0.5,1.5% Ramsey,risk_aversion,combined,0,2674.8428058531167,0.5726189448647816
4680,euler_ramsey,0.5,2.0% Ramsey,risk_aversion,combined,0,1761.5654104873774,0.4809198282918878
4680,euler_ramsey,0.5,2.5% Ramsey,risk_aversion,combined,0,1097.6455727246932,0.41554907159612786
4681,euler_ramsey,0.5,1.5% Ramsey,risk_aversion,combined,0,3509.4247528779756,0.38237383249258594
4681,euler_ramsey,0.5,2.0% Ramsey,risk_aversion,combined,0,2830.3799437665207,0.29306406393787826
4681,euler_ramsey,0.5,2.5% Ramsey,risk_aversion,combined,0,2068.540097876749,0.23591266587002294
4682,euler_ramsey,0.5,1.5% Ramsey,risk_aversion,combined,0,97.97943502976484,1.8282647254577384
4682,euler_ramsey,0.5,2.0% Ramsey,risk_aversion,combined,0,79.89517120502732,1.9928344439260504
4682,euler_ramsey,0.5,2.5% Ramsey,risk_aversion,combined,0,67.03508395920807,2.106613437204883
4683,euler_ramsey,0.5,1.5% Ramsey,risk_aversion,combined,0,617.6170410831512,1.0633589321111356
4683,euler_ramsey,0.5,2.0% Ramsey,risk_aversion,combined,0,476.17331184598555,1.025500550571461
4683,euler_ramsey,0.5,2.5% Ramsey,risk_aversion,combined,0,342.90098237597374,0.9860555394820958
4684,euler_ramsey,0.5,1.5% Ramsey,risk_aversion,combined,0,687.2980350256,1.5335096331702307
4684,euler_ramsey,0.5,2.0% Ramsey,risk_aversion,combined,0,510.7971687476969,1.608271152284808
4684,euler_ramsey,0.5,2.5% Ramsey,risk_aversion,combined,0,370.45816366437055,1.65037981807487
4685,euler_ramsey,0.5,1.5% Ramsey,risk_aversion,combined,0,903.9107647145249,0.944335812365672
4685,euler_ramsey,0.5,2.0% Ramsey,risk_aversion,combined,0,649.1966457836451,0.8871237503340303
4685,euler_ramsey,0.5,2.5% Ramsey,risk_aversion,combined,0,437.47921264492186,0.8359667507632892
4686,euler_ramsey,0.5,1.5% Ramsey,risk_aversion,combined,0,1571.0925691451014,0.9411739895851675
4686,euler_ramsey,0.5,2.0% Ramsey,risk_aversion,combined,0,1215.0482051501801,0.8843670627623393
4686,euler_ramsey,0.5,2.5% Ramsey,risk_aversion,combined,0,894.5399601243731,0.8335911827404462
4687,euler_ramsey,0.5,1.5% Ramsey,risk_aversion,combined,0,120.92558310050237,2.366078638609066
4687,euler_ramsey,0.5,2.0% Ramsey,risk_aversion,combined,0,70.30483539386634,2.73283228701316
4687,euler_ramsey,0.5,2.5% Ramsey,risk_aversion,combined,0,44.5268789587172,3.021098305343396
4688,euler_ramsey,0.5,1.5% Ramsey,risk_aversion,combined,0,401.4813759331122,1.0833757512714928
4688,euler_ramsey,0.5,2.0% Ramsey,risk_aversion,combined,0,314.73963060481896,1.0499456052014577
4688,euler_ramsey,0.5,2.5% Ramsey,risk_aversion,combined,0,227.09682503825232,1.0134804282659555
4689,euler_ramsey,0.5,1.5% Ramsey,risk_aversion,combined,0,-396.4470093329842,0.48586574024166007
4689,euler_ramsey,0.5,2.0% Ramsey,risk_aversion,combined,0,-208.99429282938982,0.3928446215107631
4689,euler_ramsey,0.5,2.5% Ramsey,risk_aversion,combined,0,-129.26689146972024,0.3295704043150215
4690,euler_ramsey,0.5,1.5% Ramsey,risk_aversion,combined,0,834.4468281094485,1.185549554519842
4690,euler_ramsey,0.5,2.0% Ramsey,risk_aversion,combined,0,627.6641825588711,1.1720615333276008
4690,euler_ramsey,0.5,2.5% Ramsey,risk_aversion,combined,0,439.19346856863245,1.1488467176311759
4691,euler_ramsey,0.5,1.5% Ramsey,risk_aversion,combined,0,666.2646758482578,0.9691521844593163
4691,euler_ramsey,0.5,2.0% Ramsey,risk_aversion,combined,0,531.2040829444817,0.916483809551676
4691,euler_ramsey,0.5,2.5% Ramsey,risk_aversion,combined,0,391.55806488882536,0.868073326361639
4692,euler_ramsey,0.5,1.5% Ramsey,risk_aversion,combined,0,226.9121938871087,1.2998120968819276
4692,euler_ramsey,0.5,2.0% Ramsey,risk_aversion,combined,0,183.2929594138038,1.3121725709320646
4692,euler_ramsey,0.5,2.5% Ramsey,risk_aversion,combined,0,137.85361201141262,1.3072062705975906
4693,euler_ramsey,0.5,1.5% Ramsey,risk_aversion,combined,0,2022.435495284874,0.5130722261963259
4693,euler_ramsey,0.5,2.0% Ramsey,risk_aversion,combined,0,662.2222456574897,0.4199869958055792
4693,euler_ramsey,0.5,2.5% Ramsey,risk_aversion,combined,0,330.3616886383239,0.35572567576917763
4694,euler_ramsey,0.5,1.5% Ramsey,risk_aversion,combined,0,285.1122807124342,2.78596661532488
4694,euler_ramsey,0.5,2.0% Ramsey,risk_aversion,combined,0,164.30901293359835,3.33839401577282
4694,euler_ramsey,0.5,2.5% Ramsey,risk_aversion,combined,0,98.22443179177314,3.797204373970414
4695,euler_ramsey,0.5,1.5% Ramsey,risk_aversion,combined,0,879.3992766106853,1.3234072562919892
4695,euler_ramsey,0.5,2.0% Ramsey,risk_aversion,combined,0,573.5414379778101,1.3423394384351741
4695,euler_ramsey,0.5,2.5% Ramsey,risk_aversion,combined,0,409.0325066523147,1.3423658879968552
4696,euler_ramsey,0.5,1.5% Ramsey,risk_aversion,combined,0,5617.445253588976,0.5787781095614636
4696,euler_ramsey,0.5,2.0% Ramsey,risk_aversion,combined,0,4734.208569100432,0.48772131346640907
4696,euler_ramsey,0.5,2.5% Ramsey,risk_aversion,combined,0,3385.5038240477106,0.4225533027283682
4697,euler_ramsey,0.5,1.5% Ramsey,risk_aversion,combined,0,647.5122304437995,1.0523574378762586
4697,euler_ramsey,0.5,2.0% Ramsey,risk_aversion,combined,0,541.4200779961249,1.0141066699731702
4697,euler_ramsey,0.5,2.5% Ramsey,risk_aversion,combined,0,416.4262419749715,0.9747048717390893
4698,euler_ramsey,0.5,1.5% Ramsey,risk_aversion,combined,0,21.5889210358192,0.3363367512264919
4698,euler_ramsey,0.5,2.0% Ramsey,risk_aversion,combined,0,1.9489185789686616,0.25020214297984217
4698,euler_ramsey,0.5,2.5% Ramsey,risk_aversion,combined,0,0.8258090900124018,0.1967941103676319
4699,euler_ramsey,0.5,1.5% Ramsey,risk_aversion,combined,0,257.43786885227655,0.8262716576172391
4699,euler_ramsey,0.5,2.0% Ramsey,risk_aversion,combined,0,204.43412941936938,0.752905290253291
4699,euler_ramsey,0.5,2.5% Ramsey,risk_aversion,combined,0,149.67093665853417,0.6928817452270389
4700,euler_ramsey,0.5,1.5% Ramsey,risk_aversion,combined,0,844.1858666441855,1.0745302335479978
4700,euler_ramsey,0.5,2.0% Ramsey,risk_aversion,combined,0,654.8805708674156,1.038901361975916
4700,euler_ramsey,0.5,2.5% Ramsey,risk_aversion,combined,0,465.485196066624,1.000922018356808
4701,euler_ramsey,0.5,1.5% Ramsey,risk_aversion,combined,0,1191.3663762402944,0.782666918271816
4701,euler_ramsey,0.5,2.0% Ramsey,risk_aversion,combined,0,1203.7878347409298,0.7043484754881252
4701,euler_ramsey,0.5,2.5% Ramsey,risk_aversion,combined,0,1007.8639246165368,0.641941190497003
4702,euler_ramsey,0.5,1.5% Ramsey,risk_aversion,combined,0,996.6897373667447,0.31697624714719835
4702,euler_ramsey,0.5,2.0% Ramsey,risk_aversion,combined,0,405.7633633533168,0.23270750302173426
4702,euler_ramsey,0.5,2.5% Ramsey,risk_aversion,combined,0,235.88854680114002,0.1811779854218156
4703,euler_ramsey,0.5,1.5% Ramsey,risk_aversion,combined,0,515.9090743827041,1.0815861696269153
4703,euler_ramsey,0.5,2.0% Ramsey,risk_aversion,combined,0,370.6725977427666,1.0466288646391737
4703,euler_ramsey,0.5,2.5% Ramsey,risk_aversion,combined,0,261.6668827102497,1.008963845371794
4704,euler_ramsey,0.5,1.5% Ramsey,risk_aversion,combined,0,314.0641184570134,1.005741283966321
4704,euler_ramsey,0.5,2.0% Ramsey,risk_aversion,combined,0,217.6093746312749,0.9582725639097339
4704,euler_ramsey,0.5,2.5% Ramsey,risk_aversion,combined,0,154.4874138446236,0.9129080558762186
4705,euler_ramsey,0.5,1.5% Ramsey,risk_aversion,combined,0,2096.6286013284953,0.3299285322108567
4705,euler_ramsey,0.5,2.0% Ramsey,risk_aversion,combined,0,998.9246538363656,0.24443958476353794
4705,euler_ramsey,0.5,2.5% Ramsey,risk_aversion,combined,0,538.7194992767872,0.19166458559451383
4706,euler_ramsey,0.5,1.5% Ramsey,risk_aversion,combined,0,688.2336276769752,2.5554383497278956
4706,euler_ramsey,0.5,2.0% Ramsey,risk_aversion,combined,0,588.8443367002172,3.0048279623276586
4706,euler_ramsey,0.5,2.5% Ramsey,risk_aversion,combined,0,462.19463222746185,3.368538487096598
4707,euler_ramsey,0.5,1.5% Ramsey,risk_aversion,combined,0,211.587174866485,0.7802250696075475
4707,euler_ramsey,0.5,2.0% Ramsey,risk_aversion,combined,0,114.55573905515969,0.7020147870976997
4707,euler_ramsey,0.5,2.5% Ramsey,risk_aversion,combined,0,65.96189334260298,0.6397897990549115
4708,euler_ramsey,0.5,1.5% Ramsey,risk_aversion,combined,0,1952.3997916713854,1.615821521186784
4708,euler_ramsey,0.5,2.0% Ramsey,risk_aversion,combined,0,862.7072278943923,1.7140589298658888
4708,euler_ramsey,0.5,2.5% Ramsey,risk_aversion,combined,0,444.08953460792253,1.7745270592751008
4709,euler_ramsey,0.5,1.5% Ramsey,risk_aversion,combined,0,738.1131285937628,1.9875436242046778
4709,euler_ramsey,0.5,2.0% Ramsey,risk_aversion,combined,0,508.0015783114225,2.2085625550384727
4709,euler_ramsey,0.5,2.5% Ramsey,risk_aversion,combined,0,349.0405295296352,2.36993252916642
4710,euler_ramsey,0.5,1.5% Ramsey,risk_aversion,combined,0,510.1412698838239,1.3125383289515864
4710,euler_ramsey,0.5,2.0% Ramsey,risk_aversion,combined,0,328.6812917397614,1.3281095377979557
4710,euler_ramsey,0.5,2.5% Ramsey,risk_aversion,combined,0,233.0734058963094,1.3255576387606143
4711,euler_ramsey,0.5,1.5% Ramsey,risk_aversion,combined,0,584.2731802228751,0.49428242081766033
4711,euler_ramsey,0.5,2.0% Ramsey,risk_aversion,combined,0,488.86353727558827,0.40098620181484806
4711,euler_ramsey,0.5,2.5% Ramsey,risk_aversion,combined,0,389.35661278837904,0.3372630732789595
4712,euler_ramsey,0.5,1.5% Ramsey,risk_aversion,combined,0,416.3352583734779,0.4970189268477018
4712,euler_ramsey,0.5,2.0% Ramsey,risk_aversion,combined,0,368.71517791445586,0.4042185313884514
4712,euler_ramsey,0.5,2.5% Ramsey,risk_aversion,combined,0,292.15762373678376,0.340683612152939
4713,euler_ramsey,0.5,1.5% Ramsey,risk_aversion,combined,0,1538.6183022078592,0.5042946108845437
4713,euler_ramsey,0.5,2.0% Ramsey,risk_aversion,combined,0,1336.38346330029,0.41187245560145963
4713,euler_ramsey,0.5,2.5% Ramsey,risk_aversion,combined,0,1035.8006352236007,0.348313752593779
4714,euler_ramsey,0.5,1.5% Ramsey,risk_aversion,combined,0,-133.80901895505878,0.9439962902846112
4714,euler_ramsey,0.5,2.0% Ramsey,risk_aversion,combined,0,-102.12555479284194,0.8864529650654996
4714,euler_ramsey,0.5,2.5% Ramsey,risk_aversion,combined,0,-70.02031803222229,0.8349684838302451
4715,euler_ramsey,0.5,1.5% Ramsey,risk_aversion,combined,0,492.6105502598289,0.7198837800679754
4715,euler_ramsey,0.5,2.0% Ramsey,risk_aversion,combined,0,358.0153541671723,0.6357198384809523
4715,euler_ramsey,0.5,2.5% Ramsey,risk_aversion,combined,0,258.19264565103924,0.5710013063431688
4716,euler_ramsey,0.5,1.5% Ramsey,risk_aversion,combined,0,417.20073375485305,2.6493683454321064
4716,euler_ramsey,0.5,2.0% Ramsey,risk_aversion,combined,0,340.1947233324017,3.1392731909397495
4716,euler_ramsey,0.5,2.5% Ramsey,risk_aversion,combined,0,256.1242978815147,3.5398988210308535
4717,euler_ramsey,0.5,1.5% Ramsey,risk_aversion,combined,0,994.2017115712031,1.685072007301278
4717,euler_ramsey,0.5,2.0% Ramsey,risk_aversion,combined,0,698.7064923230197,1.8037017459585136
4717,euler_ramsey,0.5,2.5% Ramsey,risk_aversion,combined,0,449.04320509463093,1.8801959774502794
4718,euler_ramsey,0.5,1.5% Ramsey,risk_aversion,combined,0,215.96156631736974,2.191969499221357
4718,euler_ramsey,0.5,2.0% Ramsey,risk_aversion,combined,0,171.8880894409831,2.4887268943434853
4718,euler_ramsey,0.5,2.5% Ramsey,risk_aversion,combined,0,129.55506506116532,2.715146867257493
4719,euler_ramsey,0.5,1.5% Ramsey,risk_aversion,combined,0,127.96064263605524,1.6727424872018628
4719,euler_ramsey,0.5,2.0% Ramsey,risk_aversion,combined,0,94.9358064100265,1.78726130444106
4719,euler_ramsey,0.5,2.5% Ramsey,risk_aversion,combined,0,74.7485289837366,1.8603950407825982
4720,euler_ramsey,0.5,1.5% Ramsey,risk_aversion,combined,0,-678.7356281107863,0.40124769673699995
4720,euler_ramsey,0.5,2.0% Ramsey,risk_aversion,combined,0,-360.9215703700787,0.3106191451719189
4720,euler_ramsey,0.5,2.5% Ramsey,risk_aversion,combined,0,-139.8706718254874,0.2519643436705623
4721,euler_ramsey,0.5,1.5% Ramsey,risk_aversion,combined,0,5.4110914013514995,4.188475045949338
4721,euler_ramsey,0.5,2.0% Ramsey,risk_aversion,combined,0,8.511495876354799,5.500515314363686
4721,euler_ramsey,0.5,2.5% Ramsey,risk_aversion,combined,0,9.638079764130033,6.715522125725714
4722,euler_ramsey,0.5,1.5% Ramsey,risk_aversion,combined,0,353.8833669645344,0.9318297211880971
4722,euler_ramsey,0.5,2.0% Ramsey,risk_aversion,combined,0,257.56915073504877,0.8720511686268542
4722,euler_ramsey,0.5,2.5% Ramsey,risk_aversion,combined,0,170.8082421237334,0.8191940808503212
4723,euler_ramsey,0.5,1.5% Ramsey,risk_aversion,combined,0,1928.3584401491416,0.6122423472869569
4723,euler_ramsey,0.5,2.0% Ramsey,risk_aversion,combined,0,436.9710894235346,0.5212270685741369
4723,euler_ramsey,0.5,2.5% Ramsey,risk_aversion,combined,0,197.04945198503512,0.4550673981087846
4724,euler_ramsey,0.5,1.5% Ramsey,risk_aversion,combined,0,1670.9973981270975,0.491937226487038
4724,euler_ramsey,0.5,2.0% Ramsey,risk_aversion,combined,0,1392.213253238171,0.39890696855991076
4724,euler_ramsey,0.5,2.5% Ramsey,risk_aversion,combined,0,1021.8007667790499,0.33541856629598604
4725,euler_ramsey,0.5,1.5% Ramsey,risk_aversion,combined,0,5217.744902652335,0.435775006141796
4725,euler_ramsey,0.5,2.0% Ramsey,risk_aversion,combined,0,4417.457847074719,0.34469750835271834
4725,euler_ramsey,0.5,2.5% Ramsey,risk_aversion,combined,0,3372.6059749148244,0.2843911924124073
4726,euler_ramsey,0.5,1.5% Ramsey,risk_aversion,combined,0,507.7178620956528,1.4295839183029115
4726,euler_ramsey,0.5,2.0% Ramsey,risk_aversion,combined,0,400.48322219632047,1.4745028739015578
4726,euler_ramsey,0.5,2.5% Ramsey,risk_aversion,combined,0,301.6729508194866,1.4935267044087108
4727,euler_ramsey,0.5,1.5% Ramsey,risk_aversion,combined,0,858.7018053529463,0.9396333096690456
4727,euler_ramsey,0.5,2.0% Ramsey,risk_aversion,combined,0,635.2606773218246,0.8818498077039888
4727,euler_ramsey,0.5,2.5% Ramsey,risk_aversion,combined,0,436.3481979924923,0.8303210694791764
4728,euler_ramsey,0.5,1.5% Ramsey,risk_aversion,combined,0,894.0337135186828,0.7224405455470415
4728,euler_ramsey,0.5,2.0% Ramsey,risk_aversion,combined,0,640.6518269640882,0.6397172122153262
4728,euler_ramsey,0.5,2.5% Ramsey,risk_aversion,combined,0,436.6459782368971,0.5758766465031376
4729,euler_ramsey,0.5,1.5% Ramsey,risk_aversion,combined,0,216.5584236326534,1.2524703040541691
4729,euler_ramsey,0.5,2.0% Ramsey,risk_aversion,combined,0,191.1033213931361,1.2541430014197241
4729,euler_ramsey,0.5,2.5% Ramsey,risk_aversion,combined,0,156.2028719573782,1.2415241108441584
4730,euler_ramsey,0.5,1.5% Ramsey,risk_aversion,combined,0,92.82845329839857,1.147374676843984
4730,euler_ramsey,0.5,2.0% Ramsey,risk_aversion,combined,0,78.78772829158183,1.1253883693448374
4730,euler_ramsey,0.5,2.5% Ramsey,risk_aversion,combined,0,66.88846936958525,1.096273764882389
4731,euler_ramsey,0.5,1.5% Ramsey,risk_aversion,combined,0,10372.223002123299,0.6425825810206323
4731,euler_ramsey,0.5,2.0% Ramsey,risk_aversion,combined,0,8229.817312424655,0.5579803993744301
4731,euler_ramsey,0.5,2.5% Ramsey,risk_aversion,combined,0,5851.432812089155,0.49513142822192285
4732,euler_ramsey,0.5,1.5% Ramsey,risk_aversion,combined,0,32.71692974965793,0.990296557070862
4732,euler_ramsey,0.5,2.0% Ramsey,risk_aversion,combined,0,23.039702885376343,0.9408849936297383
4732,euler_ramsey,0.5,2.5% Ramsey,risk_aversion,combined,0,15.126116006183246,0.8943772989614894
4733,euler_ramsey,0.5,1.5% Ramsey,risk_aversion,combined,0,1494.3137715707646,1.4961361794115953
4733,euler_ramsey,0.5,2.0% Ramsey,risk_aversion,combined,0,1109.6581453490637,1.559834740263962
4733,euler_ramsey,0.5,2.5% Ramsey,risk_aversion,combined,0,764.8034673945867,1.5932979767592845
4734,euler_ramsey,0.5,1.5% Ramsey,risk_aversion,combined,0,-119.94356911102707,1.0952825830735122
4734,euler_ramsey,0.5,2.0% Ramsey,risk_aversion,combined,0,-99.0799438240307,1.0630967974131753
4734,euler_ramsey,0.5,2.5% Ramsey,risk_aversion,combined,0,-75.17088740866413,1.0272323647043498
4735,euler_ramsey,0.5,1.5% Ramsey,risk_aversion,combined,0,272.37962050819,0.5696428798830855
4735,euler_ramsey,0.5,2.0% Ramsey,risk_aversion,combined,0,168.8195036404205,0.47706345943106093
4735,euler_ramsey,0.5,2.5% Ramsey,risk_aversion,combined,0,105.2276626831044,0.41124374527061025
4736,euler_ramsey,0.5,1.5% Ramsey,risk_aversion,combined,0,-1962.6870652883638,0.3493908772156623
4736,euler_ramsey,0.5,2.0% Ramsey,risk_aversion,combined,0,-1960.3610053956793,0.2624102189694522
4736,euler_ramsey,0.5,2.5% Ramsey,risk_aversion,combined,0,-1622.4741595139099,0.20794082405704095
4737,euler_ramsey,0.5,1.5% Ramsey,risk_aversion,combined,0,18903.37261433284,0.5785987413564977
4737,euler_ramsey,0.5,2.0% Ramsey,risk_aversion,combined,0,14983.00520938033,0.48806010595531146
4737,euler_ramsey,0.5,2.5% Ramsey,risk_aversion,combined,0,10031.661023645405,0.4232274494404112
4738,euler_ramsey,0.5,1.5% Ramsey,risk_aversion,combined,0,3033.5130746502696,0.2639562191544166
4738,euler_ramsey,0.5,2.0% Ramsey,risk_aversion,combined,0,1475.3562790356257,0.1860304566601734
4738,euler_ramsey,0.5,2.5% Ramsey,risk_aversion,combined,0,879.1464802489879,0.14033922107891061
4739,euler_ramsey,0.5,1.5% Ramsey,risk_aversion,combined,0,-48.26124784336297,0.5181023723407429
4739,euler_ramsey,0.5,2.0% Ramsey,risk_aversion,combined,0,-5.460220001117808,0.42483259143528723
4739,euler_ramsey,0.5,2.5% Ramsey,risk_aversion,combined,0,19.6295664084622,0.3602910767201888
4740,euler_ramsey,0.5,1.5% Ramsey,risk_aversion,combined,0,705.3325020552973,0.9377145725903752
4740,euler_ramsey,0.5,2.0% Ramsey,risk_aversion,combined,0,519.9922192585018,0.8791195054802946
4740,euler_ramsey,0.5,2.5% Ramsey,risk_aversion,combined,0,367.20043500751194,0.8270367696246328
4741,euler_ramsey,0.5,1.5% Ramsey,risk_aversion,combined,0,1033.0576363253808,0.4969029594221833
4741,euler_ramsey,0.5,2.0% Ramsey,risk_aversion,combined,0,873.9984151127849,0.4037817277581664
4741,euler_ramsey,0.5,2.5% Ramsey,risk_aversion,combined,0,652.050525120584,0.34006232744496884
4742,euler_ramsey,0.5,1.5% Ramsey,risk_aversion,combined,0,110.99870917401924,0.7480380758111596
4742,euler_ramsey,0.5,2.0% Ramsey,risk_aversion,combined,0,107.45898296158101,0.6672736033253257
4742,euler_ramsey,0.5,2.5% Ramsey,risk_aversion,combined,0,91.71631341546976,0.6041142401060515
4743,euler_ramsey,0.5,1.5% Ramsey,risk_aversion,combined,0,1415.7322166240876,0.7304652262856279
4743,euler_ramsey,0.5,2.0% Ramsey,risk_aversion,combined,0,1165.0737106237586,0.6490628395723426
4743,euler_ramsey,0.5,2.5% Ramsey,risk_aversion,combined,0,869.7553409580065,0.5859842405272457
4744,euler_ramsey,0.5,1.5% Ramsey,risk_aversion,combined,0,270.53302559270435,1.8147413026815784
4744,euler_ramsey,0.5,2.0% Ramsey,risk_aversion,combined,0,214.20385903155048,1.974783153584
4744,euler_ramsey,0.5,2.5% Ramsey,risk_aversion,combined,0,173.2119206299933,2.0848593565230824
4745,euler_ramsey,0.5,1.5% Ramsey,risk_aversion,combined,0,188.87702139173334,0.436692067769407
4745,euler_ramsey,0.5,2.0% Ramsey,risk_aversion,combined,0,159.76935548172503,0.3446450843811602
4745,euler_ramsey,0.5,2.5% Ramsey,risk_aversion,combined,0,112.84787683141879,0.28377004844002074
4746,euler_ramsey,0.5,1.5% Ramsey,risk_aversion,combined,0,165.40897763464136,0.986462520397889
4746,euler_ramsey,0.5,2.0% Ramsey,risk_aversion,combined,0,174.34406738417235,0.9357180024451189
4746,euler_ramsey,0.5,2.5% Ramsey,risk_aversion,combined,0,160.34725577082335,0.8883310799224612
4747,euler_ramsey,0.5,1.5% Ramsey,risk_aversion,combined,0,322.50342300779596,1.1133752536902528
4747,euler_ramsey,0.5,2.0% Ramsey,risk_aversion,combined,0,258.76986459904816,1.0844505575965229
4747,euler_ramsey,0.5,2.5% Ramsey,risk_aversion,combined,0,184.84137943322241,1.0507731572822334
4748,euler_ramsey,0.5,1.5% Ramsey,risk_aversion,combined,0,419.9200854102462,0.18970080815592302
4748,euler_ramsey,0.5,2.0% Ramsey,risk_aversion,combined,0,108.64761562809959,0.12406950303803901
4748,euler_ramsey,0.5,2.5% Ramsey,risk_aversion,combined,0,45.97418145956995,0.08833499076779287
4749,euler_ramsey,0.5,1.5% Ramsey,risk_aversion,combined,0,359.0803197401159,1.356745567649005
4749,euler_ramsey,0.5,2.0% Ramsey,risk_aversion,combined,0,302.5100262411663,1.3828449316184463
4749,euler_ramsey,0.5,2.5% Ramsey,risk_aversion,combined,0,244.01684097201877,1.3878528240507355
4750,euler_ramsey,0.5,1.5% Ramsey,risk_aversion,combined,0,1002.5457141203233,2.264697027513826
4750,euler_ramsey,0.5,2.0% Ramsey,risk_aversion,combined,0,528.4028054874478,2.5906342714011816
4750,euler_ramsey,0.5,2.5% Ramsey,risk_aversion,combined,0,300.8592520645589,2.8428580731798285
4751,euler_ramsey,0.5,1.5% Ramsey,risk_aversion,combined,0,482.88988851401285,1.0214541954277527
4751,euler_ramsey,0.5,2.0% Ramsey,risk_aversion,combined,0,443.07499068979246,0.9768722110286793
4751,euler_ramsey,0.5,2.5% Ramsey,risk_aversion,combined,0,351.27194966273225,0.9333368952115251
4752,euler_ramsey,0.5,1.5% Ramsey,risk_aversion,combined,0,231.36687112514332,1.2424807411789727
4752,euler_ramsey,0.5,2.0% Ramsey,risk_aversion,combined,0,175.34427869644367,1.2428934539625969
4752,euler_ramsey,0.5,2.5% Ramsey,risk_aversion,combined,0,127.39714339340107,1.2295751581946743
4753,euler_ramsey,0.5,1.5% Ramsey,risk_aversion,combined,0,1844.618766572002,0.8476849536823917
4753,euler_ramsey,0.5,2.0% Ramsey,risk_aversion,combined,0,1009.5601288110779,0.777774384869207
4753,euler_ramsey,0.5,2.5% Ramsey,risk_aversion,combined,0,578.3546602303574,0.7197135302793036
4754,euler_ramsey,0.5,1.5% Ramsey,risk_aversion,combined,0,331.6033859958914,1.1552611278951743
4754,euler_ramsey,0.5,2.0% Ramsey,risk_aversion,combined,0,228.3989272338294,1.1344930269978486
4754,euler_ramsey,0.5,2.5% Ramsey,risk_aversion,combined,0,163.04884685114826,1.106179111565679
4755,euler_ramsey,0.5,1.5% Ramsey,risk_aversion,combined,0,344.13297754124886,0.9046914700630819
4755,euler_ramsey,0.5,2.0% Ramsey,risk_aversion,combined,0,220.1333863691979,0.8425336033941367
4755,euler_ramsey,0.5,2.5% Ramsey,risk_aversion,combined,0,134.87171444949405,0.7886556990633061
4756,euler_ramsey,0.5,1.5% Ramsey,risk_aversion,combined,0,744.3107734746071,0.9373098540855866
4756,euler_ramsey,0.5,2.0% Ramsey,risk_aversion,combined,0,533.1953438565715,0.8783816689073459
4756,euler_ramsey,0.5,2.5% Ramsey,risk_aversion,combined,0,361.90044744044644,0.8260297416954199
4757,euler_ramsey,0.5,1.5% Ramsey,risk_aversion,combined,0,860.6121031823385,1.0674617426535709
4757,euler_ramsey,0.5,2.0% Ramsey,risk_aversion,combined,0,839.5033531959167,1.0314539992947225
4757,euler_ramsey,0.5,2.5% Ramsey,risk_aversion,combined,0,724.5508394459517,0.9934700703051558
4758,euler_ramsey,0.5,1.5% Ramsey,risk_aversion,combined,0,34.692999642019785,0.5146617376442115
4758,euler_ramsey,0.5,2.0% Ramsey,risk_aversion,combined,0,20.148187027913433,0.42134813928317316
4758,euler_ramsey,0.5,2.5% Ramsey,risk_aversion,combined,0,12.913016102595837,0.356898504139477
4759,euler_ramsey,0.5,1.5% Ramsey,risk_aversion,combined,0,438.5923996505193,1.182675531129326
4759,euler_ramsey,0.5,2.0% Ramsey,risk_aversion,combined,0,320.17162836304635,1.1701460905007706
4759,euler_ramsey,0.5,2.5% Ramsey,risk_aversion,combined,0,225.55754541135474,1.1478356173370723
4760,euler_ramsey,0.5,1.5% Ramsey,risk_aversion,combined,0,1035.3614595257463,1.9639534273877752
4760,euler_ramsey,0.5,2.0% Ramsey,risk_aversion,combined,0,733.2965686349582,2.177518776592458
4760,euler_ramsey,0.5,2.5% Ramsey,risk_aversion,combined,0,503.3470678911282,2.3327203603909967
4761,euler_ramsey,0.5,1.5% Ramsey,risk_aversion,combined,0,2438.525764396797,0.3676653705887531
4761,euler_ramsey,0.5,2.0% Ramsey,risk_aversion,combined,0,1937.905842045174,0.2792893397057632
4761,euler_ramsey,0.5,2.5% Ramsey,risk_aversion,combined,0,1520.8459315842172,0.22327687400291024
4762,euler_ramsey,0.5,1.5% Ramsey,risk_aversion,combined,0,1158.743753864332,0.5076319340874657
4762,euler_ramsey,0.5,2.0% Ramsey,risk_aversion,combined,0,637.9832981438848,0.41427227956686696
4762,euler_ramsey,0.5,2.5% Ramsey,risk_aversion,combined,0,351.8366379876717,0.350042306413194
4763,euler_ramsey,0.5,1.5% Ramsey,risk_aversion,combined,0,541.1069138593576,1.2802372800018365
4763,euler_ramsey,0.5,2.0% Ramsey,risk_aversion,combined,0,420.9552320314245,1.287433581498192
4763,euler_ramsey,0.5,2.5% Ramsey,risk_aversion,combined,0,312.043181404549,1.278665636657619
4764,euler_ramsey,0.5,1.5% Ramsey,risk_aversion,combined,0,-28.28334086214098,0.5994691456912712
4764,euler_ramsey,0.5,2.0% Ramsey,risk_aversion,combined,0,-6.863832688951813,0.5082756598770198
4764,euler_ramsey,0.5,2.5% Ramsey,risk_aversion,combined,0,4.759669545469604,0.44238541664267683
4765,euler_ramsey,0.5,1.5% Ramsey,risk_aversion,combined,0,-291.7580067535102,0.7175337629143146
4765,euler_ramsey,0.5,2.0% Ramsey,risk_aversion,combined,0,-250.63382941185904,0.6334138858663685
4765,euler_ramsey,0.5,2.5% Ramsey,risk_aversion,combined,0,-189.4909792970607,0.5687476766527741
4766,euler_ramsey,0.5,1.5% Ramsey,risk_aversion,combined,0,-205.52592029249118,1.0226135898921398
4766,euler_ramsey,0.5,2.0% Ramsey,risk_aversion,combined,0,-181.75219145296882,0.9780980685773559
4766,euler_ramsey,0.5,2.5% Ramsey,risk_aversion,combined,0,-141.61420304100406,0.9345222088953712
4767,euler_ramsey,0.5,1.5% Ramsey,risk_aversion,combined,0,160.81233361879714,1.0531055229200512
4767,euler_ramsey,0.5,2.0% Ramsey,risk_aversion,combined,0,119.36964371713843,1.0132694059771155
4767,euler_ramsey,0.5,2.5% Ramsey,risk_aversion,combined,0,88.45162746265949,0.9725804626118288
4768,euler_ramsey,0.5,1.5% Ramsey,risk_aversion,combined,0,261.29318785718914,2.0061804590160692
4768,euler_ramsey,0.5,2.0% Ramsey,risk_aversion,combined,0,160.92488129603814,2.232899344150076
4768,euler_ramsey,0.5,2.5% Ramsey,risk_aversion,combined,0,107.81865488061926,2.398851223332459
4769,euler_ramsey,0.5,1.5% Ramsey,risk_aversion,combined,0,779.67769676987,1.8106303995916564
4769,euler_ramsey,0.5,2.0% Ramsey,risk_aversion,combined,0,609.8077392498328,1.9696086227919756
4769,euler_ramsey,0.5,2.5% Ramsey,risk_aversion,combined,0,444.0135133989503,2.079035081435082
4770,euler_ramsey,0.5,1.5% Ramsey,risk_aversion,combined,0,2994.0269883676197,0.3286266657979098
4770,euler_ramsey,0.5,2.0% Ramsey,risk_aversion,combined,0,1882.3316628031134,0.24330360441310042
4770,euler_ramsey,0.5,2.5% Ramsey,risk_aversion,combined,0,1157.2295532404055,0.1906735177459351
4771,euler_ramsey,0.5,1.5% Ramsey,risk_aversion,combined,0,2110.8346202126327,0.40275884078986374
4771,euler_ramsey,0.5,2.0% Ramsey,risk_aversion,combined,0,1916.2822176731374,0.3123110667087896
4771,euler_ramsey,0.5,2.5% Ramsey,risk_aversion,combined,0,1520.4476622471136,0.25368476996280515
4772,euler_ramsey,0.5,1.5% Ramsey,risk_aversion,combined,0,206.32124621626863,1.9406980375060119
4772,euler_ramsey,0.5,2.0% Ramsey,risk_aversion,combined,0,153.92946849436856,2.144041355992607
4772,euler_ramsey,0.5,2.5% Ramsey,risk_aversion,combined,0,115.04347098577674,2.2902929355744948
4773,euler_ramsey,0.5,1.5% Ramsey,risk_aversion,combined,0,445.3323989470424,1.236145498979875
4773,euler_ramsey,0.5,2.0% Ramsey,risk_aversion,combined,0,309.2435541974763,1.2336210861453552
4773,euler_ramsey,0.5,2.5% Ramsey,risk_aversion,combined,0,207.70863440482339,1.2180145574573675
4774,euler_ramsey,0.5,1.5% Ramsey,risk_aversion,combined,0,797.4130417623165,1.3344107262811502
4774,euler_ramsey,0.5,2.0% Ramsey,risk_aversion,combined,0,587.8560095184208,1.3557964891208094
4774,euler_ramsey,0.5,2.5% Ramsey,risk_aversion,combined,0,439.6400128776096,1.3574999466090811
4775,euler_ramsey,0.5,1.5% Ramsey,risk_aversion,combined,0,1651.1591006037017,1.031004620843718
4775,euler_ramsey,0.5,2.0% Ramsey,risk_aversion,combined,0,1434.1566070932568,0.989567967920197
4775,euler_ramsey,0.5,2.5% Ramsey,risk_aversion,combined,0,1079.3190521815866,0.9483477016943964
4776,euler_ramsey,0.5,1.5% Ramsey,risk_aversion,combined,0,400.25614726416836,0.5609123846608833
4776,euler_ramsey,0.5,2.0% Ramsey,risk_aversion,combined,0,332.22482761952415,0.46818648352352965
4776,euler_ramsey,0.5,2.5% Ramsey,risk_aversion,combined,0,264.6962213981277,0.40255781233939725
4777,euler_ramsey,0.5,1.5% Ramsey,risk_aversion,combined,0,-217.5961270172233,0.6535631343336745
4777,euler_ramsey,0.5,2.0% Ramsey,risk_aversion,combined,0,-160.38964099585445,0.5648882547567375
4777,euler_ramsey,0.5,2.5% Ramsey,risk_aversion,combined,0,-111.33384510991067,0.4989981944926601
4778,euler_ramsey,0.5,1.5% Ramsey,risk_aversion,combined,0,-217.75821731204903,0.7943135688247828
4778,euler_ramsey,0.5,2.0% Ramsey,risk_aversion,combined,0,-120.01875116067743,0.7172977220200389
4778,euler_ramsey,0.5,2.5% Ramsey,risk_aversion,combined,0,-67.89662194836663,0.6554779802009214
4779,euler_ramsey,0.5,1.5% Ramsey,risk_aversion,combined,0,1871.306014740809,0.29693121643981035
4779,euler_ramsey,0.5,2.0% Ramsey,risk_aversion,combined,0,1433.657996478193,0.21491423425615955
4779,euler_ramsey,0.5,2.5% Ramsey,risk_aversion,combined,0,1039.39324125509,0.16550282891960974
4780,euler_ramsey,0.5,1.5% Ramsey,risk_aversion,combined,0,79.0821331042861,0.6892576107008067
4780,euler_ramsey,0.5,2.0% Ramsey,risk_aversion,combined,0,44.22865281099868,0.6025117689205737
4780,euler_ramsey,0.5,2.5% Ramsey,risk_aversion,combined,0,27.43664071152678,0.5368851358226346
4781,euler_ramsey,0.5,1.5% Ramsey,risk_aversion,combined,0,135.69430503340263,1.2701777207919733
4781,euler_ramsey,0.5,2.0% Ramsey,risk_aversion,combined,0,99.09410917612072,1.2755840262140345
4781,euler_ramsey,0.5,2.5% Ramsey,risk_aversion,combined,0,71.82654695630139,1.2656431315777654
4782,euler_ramsey,0.5,1.5% Ramsey,risk_aversion,combined,0,548.3432702388961,1.2343865775496963
4782,euler_ramsey,0.5,2.0% Ramsey,risk_aversion,combined,0,499.27862334557426,1.2314742463803596
4782,euler_ramsey,0.5,2.5% Ramsey,risk_aversion,combined,0,392.9245555181068,1.2157140817625038
4783,euler_ramsey,0.5,1.5% Ramsey,risk_aversion,combined,0,923.9393388582478,1.439061139589533
4783,euler_ramsey,0.5,2.0% Ramsey,risk_aversion,combined,0,743.1864386603966,1.4868486898271864
4783,euler_ramsey,0.5,2.5% Ramsey,risk_aversion,combined,0,565.9424097860816,1.508119026030885
4784,euler_ramsey,0.5,1.5% Ramsey,risk_aversion,combined,0,1065.7110541489692,1.4380037040653786
4784,euler_ramsey,0.5,2.0% Ramsey,risk_aversion,combined,0,894.2402267205518,1.4886568049909548
4784,euler_ramsey,0.5,2.5% Ramsey,risk_aversion,combined,0,678.7031518405803,1.5126953687756066
4785,euler_ramsey,0.5,1.5% Ramsey,risk_aversion,combined,0,1781.8494509504926,0.7250491487069166
4785,euler_ramsey,0.5,2.0% Ramsey,risk_aversion,combined,0,1366.8703231528061,0.6423174717848866
4785,euler_ramsey,0.5,2.5% Ramsey,risk_aversion,combined,0,957.6939590889591,0.5784160265803796
4786,euler_ramsey,0.5,1.5% Ramsey,risk_aversion,combined,0,-465.2469764415795,0.3261460616270077
4786,euler_ramsey,0.5,2.0% Ramsey,risk_aversion,combined,0,-446.7374766180125,0.2409540581613164
4786,euler_ramsey,0.5,2.5% Ramsey,risk_aversion,combined,0,-336.56153556148405,0.188511820314848
4787,euler_ramsey,0.5,1.5% Ramsey,risk_aversion,combined,0,1177.4045944759198,1.9650526783192168
4787,euler_ramsey,0.5,2.0% Ramsey,risk_aversion,combined,0,881.8401123473511,2.1785449374473154
4787,euler_ramsey,0.5,2.5% Ramsey,risk_aversion,combined,0,617.9632003558515,2.3336073535031177
4788,euler_ramsey,0.5,1.5% Ramsey,risk_aversion,combined,0,585.0707950469455,0.9700833676620213
4788,euler_ramsey,0.5,2.0% Ramsey,risk_aversion,combined,0,480.7770771318603,0.9176934904230978
4788,euler_ramsey,0.5,2.5% Ramsey,risk_aversion,combined,0,367.2827324922636,0.869477275330572
4789,euler_ramsey,0.5,1.5% Ramsey,risk_aversion,combined,0,371.90389970606935,0.382256979145617
4789,euler_ramsey,0.5,2.0% Ramsey,risk_aversion,combined,0,270.480051549516,0.29266749999249014
4789,euler_ramsey,0.5,2.5% Ramsey,risk_aversion,combined,0,186.76061493688312,0.2353788732533249
4790,euler_ramsey,0.5,1.5% Ramsey,risk_aversion,combined,0,1136.5978575752174,0.9959378991688416
4790,euler_ramsey,0.5,2.0% Ramsey,risk_aversion,combined,0,1046.040772091218,0.9472222059588179
4790,euler_ramsey,0.5,2.5% Ramsey,risk_aversion,combined,0,848.2043060291707,0.9012146930782412
4791,euler_ramsey,0.5,1.5% Ramsey,risk_aversion,combined,0,213.6288736420402,2.0875591949773598
4791,euler_ramsey,0.5,2.0% Ramsey,risk_aversion,combined,0,172.91403737406804,2.3442988012898183
4791,euler_ramsey,0.5,2.5% Ramsey,risk_aversion,combined,0,136.42587807464372,2.5359395467338586
4792,euler_ramsey,0.5,1.5% Ramsey,risk_aversion,combined,0,732.7703780346146,1.1349005776895285
4792,euler_ramsey,0.5,2.0% Ramsey,risk_aversion,combined,0,597.300915292924,1.1114601414862053
4792,euler_ramsey,0.5,2.5% Ramsey,risk_aversion,combined,0,462.1146699871552,1.0816453580811958
4793,euler_ramsey,0.5,1.5% Ramsey,risk_aversion,combined,0,408.93973926476554,1.2947109322466994
4793,euler_ramsey,0.5,2.0% Ramsey,risk_aversion,combined,0,316.99041403091576,1.3049578589059159
4793,euler_ramsey,0.5,2.5% Ramsey,risk_aversion,combined,0,229.490561552361,1.2983155197370946
4794,euler_ramsey,0.5,1.5% Ramsey,risk_aversion,combined,0,1096.34041526082,1.644799366879764
4794,euler_ramsey,0.5,2.0% Ramsey,risk_aversion,combined,0,1177.861634426504,1.7517981953544481
4794,euler_ramsey,0.5,2.5% Ramsey,risk_aversion,combined,0,1072.1452444340325,1.819162617153925
4795,euler_ramsey,0.5,1.5% Ramsey,risk_aversion,combined,0,1202.9672278541525,0.9512310582868722
4795,euler_ramsey,0.5,2.0% Ramsey,risk_aversion,combined,0,1177.2129768686846,0.895121882658718
4795,euler_ramsey,0.5,2.5% Ramsey,risk_aversion,combined,0,955.0247047721033,0.8445446850371874
4796,euler_ramsey,0.5,1.5% Ramsey,risk_aversion,combined,0,-2704.1252194173726,0.13866264864167105
4796,euler_ramsey,0.5,2.0% Ramsey,risk_aversion,combined,0,-2192.400897312932,0.08455903005051829
4796,euler_ramsey,0.5,2.5% Ramsey,risk_aversion,combined,0,-1596.0796896114075,0.057033276053792735
4797,euler_ramsey,0.5,1.5% Ramsey,risk_aversion,combined,0,9358.868254593404,0.39116193098189905
4797,euler_ramsey,0.5,2.0% Ramsey,risk_aversion,combined,0,8882.83280482826,0.30205757133771455
4797,euler_ramsey,0.5,2.5% Ramsey,risk_aversion,combined,0,6988.228903960419,0.24462469249641955
4798,euler_ramsey,0.5,1.5% Ramsey,risk_aversion,combined,0,575.4773705174283,0.6778829282492977
4798,euler_ramsey,0.5,2.0% Ramsey,risk_aversion,combined,0,429.88446037475177,0.5906924708389565
4798,euler_ramsey,0.5,2.5% Ramsey,risk_aversion,combined,0,301.8302276001631,0.5250908427001226
4799,euler_ramsey,0.5,1.5% Ramsey,risk_aversion,combined,0,-530.2516524915563,0.4416964832562589
4799,euler_ramsey,0.5,2.0% Ramsey,risk_aversion,combined,0,-473.7327728487917,0.3494482355506056
4799,euler_ramsey,0.5,2.5% Ramsey,risk_aversion,combined,0,-379.5079235256837,0.28826629982910895
4800,euler_ramsey,0.5,1.5% Ramsey,risk_aversion,combined,0,517.8426884946534,0.7916438267754755
4800,euler_ramsey,0.5,2.0% Ramsey,risk_aversion,combined,0,410.1973806238198,0.7150269193920514
4800,euler_ramsey,0.5,2.5% Ramsey,risk_aversion,combined,0,296.1261996320446,0.653610439859176
4801,euler_ramsey,0.5,1.5% Ramsey,risk_aversion,combined,0,353.21586174465523,1.2280282686326927
4801,euler_ramsey,0.5,2.0% Ramsey,risk_aversion,combined,0,244.77789941124985,1.2244424516349004
4801,euler_ramsey,0.5,2.5% Ramsey,risk_aversion,combined,0,175.97994562070681,1.2082056458781774
4802,euler_ramsey,0.5,1.5% Ramsey,risk_aversion,combined,0,450.5165899664752,1.1620753966473212
4802,euler_ramsey,0.5,2.0% Ramsey,risk_aversion,combined,0,298.59305621382026,1.1444930609099837
4802,euler_ramsey,0.5,2.5% Ramsey,risk_aversion,combined,0,202.97638403240728,1.1186961737107641
4803,euler_ramsey,0.5,1.5% Ramsey,risk_aversion,combined,0,439.57981433787637,1.7597395932956634
4803,euler_ramsey,0.5,2.0% Ramsey,risk_aversion,combined,0,374.93352864981756,1.9029062464849988
4803,euler_ramsey,0.5,2.5% Ramsey,risk_aversion,combined,0,298.3710275568413,1.9994885068817077
4804,euler_ramsey,0.5,1.5% Ramsey,risk_aversion,combined,0,437.06364997991074,2.0880329339089596
4804,euler_ramsey,0.5,2.0% Ramsey,risk_aversion,combined,0,290.17910852353907,2.3450094789646787
4804,euler_ramsey,0.5,2.5% Ramsey,risk_aversion,combined,0,197.79290000744462,2.536886925800186
4805,euler_ramsey,0.5,1.5% Ramsey,risk_aversion,combined,0,-53.59907385969585,0.840215492196615
4805,euler_ramsey,0.5,2.0% Ramsey,risk_aversion,combined,0,-43.16887005237247,0.7683509869570371
4805,euler_ramsey,0.5,2.5% Ramsey,risk_aversion,combined,0,-27.757364614544304,0.7090208316914605
4806,euler_ramsey,0.5,1.5% Ramsey,risk_aversion,combined,0,-469.32433701553003,0.46249520043288156
4806,euler_ramsey,0.5,2.0% Ramsey,risk_aversion,combined,0,-329.99330304324945,0.36961537027199803
4806,euler_ramsey,0.5,2.5% Ramsey,risk_aversion,combined,0,-213.70348615340615,0.3072883368188652
4807,euler_ramsey,0.5,1.5% Ramsey,risk_aversion,combined,0,1247.1157322318677,1.3662779631051563
4807,euler_ramsey,0.5,2.0% Ramsey,risk_aversion,combined,0,1278.700499676316,1.3964680533307976
4807,euler_ramsey,0.5,2.5% Ramsey,risk_aversion,combined,0,1098.9366922695444,1.4048367603342855
4808,euler_ramsey,0.5,1.5% Ramsey,risk_aversion,combined,0,34.737077177174214,0.9632284811901142
4808,euler_ramsey,0.5,2.0% Ramsey,risk_aversion,combined,0,51.1206952919268,0.9093010608216381
4808,euler_ramsey,0.5,2.5% Ramsey,risk_aversion,combined,0,55.219010572389564,0.860124633448477
4809,euler_ramsey,0.5,1.5% Ramsey,risk_aversion,combined,0,304.7404108608238,0.8817993065016821
4809,euler_ramsey,0.5,2.0% Ramsey,risk_aversion,combined,0,225.60680451113316,0.8147719858326236
4809,euler_ramsey,0.5,2.5% Ramsey,risk_aversion,combined,0,155.58687418114687,0.7578521086246838
4810,euler_ramsey,0.5,1.5% Ramsey,risk_aversion,combined,0,4145.431924687378,0.3872420758181461
4810,euler_ramsey,0.5,2.0% Ramsey,risk_aversion,combined,0,2752.7059242991695,0.2979917532715639
4810,euler_ramsey,0.5,2.5% Ramsey,risk_aversion,combined,0,1798.080131824777,0.24065449819703033
4811,euler_ramsey,0.5,1.5% Ramsey,risk_aversion,combined,0,-304.29599853153644,1.150363670845558
4811,euler_ramsey,0.5,2.0% Ramsey,risk_aversion,combined,0,-221.10932113334428,1.1299894782938007
4811,euler_ramsey,0.5,2.5% Ramsey,risk_aversion,combined,0,-141.94155861093648,1.1021136136334195
4812,euler_ramsey,0.5,1.5% Ramsey,risk_aversion,combined,0,255.8734647808101,0.5088581904135803
4812,euler_ramsey,0.5,2.0% Ramsey,risk_aversion,combined,0,102.1003529262678,0.4155234605938913
4812,euler_ramsey,0.5,2.5% Ramsey,risk_aversion,combined,0,34.38015884071141,0.35126052240099276
4813,euler_ramsey,0.5,1.5% Ramsey,risk_aversion,combined,0,297.37591012073494,0.41908529886154083
4813,euler_ramsey,0.5,2.0% Ramsey,risk_aversion,combined,0,216.52223396667756,0.32760378896280945
4813,euler_ramsey,0.5,2.5% Ramsey,risk_aversion,combined,0,163.65914923437134,0.2677505363750315
4814,euler_ramsey,0.5,1.5% Ramsey,risk_aversion,combined,0,2.2576082515847355,1.6330940631766626
4814,euler_ramsey,0.5,2.0% Ramsey,risk_aversion,combined,0,1.2485090956240703,1.7354626305350116
4814,euler_ramsey,0.5,2.5% Ramsey,risk_aversion,combined,0,2.547414464746194,1.7988767881310268
4815,euler_ramsey,0.5,1.5% Ramsey,risk_aversion,combined,0,2116.163884885165,0.6376155958954811
4815,euler_ramsey,0.5,2.0% Ramsey,risk_aversion,combined,0,1886.3168318279486,0.5487896268469494
4815,euler_ramsey,0.5,2.5% Ramsey,risk_aversion,combined,0,1381.2620677623295,0.48331090635834073
4816,euler_ramsey,0.5,1.5% Ramsey,risk_aversion,combined,0,-1031.9067088884517,0.6107140246862229
4816,euler_ramsey,0.5,2.0% Ramsey,risk_aversion,combined,0,-784.8010162170781,0.5196176777545766
4816,euler_ramsey,0.5,2.5% Ramsey,risk_aversion,combined,0,-536.4778388462204,0.45344398799298524
4817,euler_ramsey,0.5,1.5% Ramsey,risk_aversion,combined,0,93.75650790174177,4.838297986412083
4817,euler_ramsey,0.5,2.0% Ramsey,risk_aversion,combined,0,65.52959535716056,6.56314151275708
4817,euler_ramsey,0.5,2.5% Ramsey,risk_aversion,combined,0,49.15188841433065,8.216174736709158
4818,euler_ramsey,0.5,1.5% Ramsey,risk_aversion,combined,0,2091.0610740322495,0.37932868215957505
4818,euler_ramsey,0.5,2.0% Ramsey,risk_aversion,combined,0,1824.3103354147381,0.2904002394548965
4818,euler_ramsey,0.5,2.5% Ramsey,risk_aversion,combined,0,1464.2936935399841,0.23357791386342036
4819,euler_ramsey,0.5,1.5% Ramsey,risk_aversion,combined,0,812.6089266651663,0.3837906485035259
4819,euler_ramsey,0.5,2.0% Ramsey,risk_aversion,combined,0,661.3627475252342,0.2941775781155477
4819,euler_ramsey,0.5,2.5% Ramsey,risk_aversion,combined,0,495.3026155203094,0.23680828416608715
4820,euler_ramsey,0.5,1.5% Ramsey,risk_aversion,combined,0,63.36916313480288,2.957451890211134
4820,euler_ramsey,0.5,2.0% Ramsey,risk_aversion,combined,0,35.015169806667295,3.5916137299545756
4820,euler_ramsey,0.5,2.5% Ramsey,risk_aversion,combined,0,22.624806706371043,4.127520032167631
4821,euler_ramsey,0.5,1.5% Ramsey,risk_aversion,combined,0,6860.05338284357,0.6237959669087796
4821,euler_ramsey,0.5,2.0% Ramsey,risk_aversion,combined,0,1911.2518904999272,0.5348404912454696
4821,euler_ramsey,0.5,2.5% Ramsey,risk_aversion,combined,0,781.326875195218,0.4696736901095404
4822,euler_ramsey,0.5,1.5% Ramsey,risk_aversion,combined,0,225.38302609085247,1.1363411899484503
4822,euler_ramsey,0.5,2.0% Ramsey,risk_aversion,combined,0,196.73071932478646,1.1125641084262552
4822,euler_ramsey,0.5,2.5% Ramsey,risk_aversion,combined,0,161.83823042856287,1.082376774251817
4823,euler_ramsey,0.5,1.5% Ramsey,risk_aversion,combined,0,162.78348419111208,3.7976909633452474
4823,euler_ramsey,0.5,2.0% Ramsey,risk_aversion,combined,0,131.0982135357555,4.87860705183802
4823,euler_ramsey,0.5,2.5% Ramsey,risk_aversion,combined,0,104.18456651589489,5.855604506312472
4824,euler_ramsey,0.5,1.5% Ramsey,risk_aversion,combined,0,975.578384050727,1.1268643409235708
4824,euler_ramsey,0.5,2.0% Ramsey,risk_aversion,combined,0,660.5552107505989,1.1038434612435062
4824,euler_ramsey,0.5,2.5% Ramsey,risk_aversion,combined,0,443.6924631577043,1.0746066239512229
4825,euler_ramsey,0.5,1.5% Ramsey,risk_aversion,combined,0,574.6795078889717,1.1053170778683266
4825,euler_ramsey,0.5,2.0% Ramsey,risk_aversion,combined,0,444.1374887215038,1.0755095615195196
4825,euler_ramsey,0.5,2.5% Ramsey,risk_aversion,combined,0,315.1448370897573,1.0413725684666406
4826,euler_ramsey,0.5,1.5% Ramsey,risk_aversion,combined,0,708.4408997863788,0.7726782161759368
4826,euler_ramsey,0.5,2.0% Ramsey,risk_aversion,combined,0,647.7783265790213,0.6934757252274549
4826,euler_ramsey,0.5,2.5% Ramsey,risk_aversion,combined,0,535.0706517773897,0.6307373448559096
4827,euler_ramsey,0.5,1.5% Ramsey,risk_aversion,combined,0,113.38616942629199,1.0174726170184498
4827,euler_ramsey,0.5,2.0% Ramsey,risk_aversion,combined,0,89.8490104958608,0.9722815465359316
4827,euler_ramsey,0.5,2.5% Ramsey,risk_aversion,combined,0,65.17619727316603,0.9283114430717255
4828,euler_ramsey,0.5,1.5% Ramsey,risk_aversion,combined,0,703.6874735531725,0.9673801751330627
4828,euler_ramsey,0.5,2.0% Ramsey,risk_aversion,combined,0,558.1738217659564,0.9133301927778344
4828,euler_ramsey,0.5,2.5% Ramsey,risk_aversion,combined,0,420.764219970133,0.8638902910487591
4829,euler_ramsey,0.5,1.5% Ramsey,risk_aversion,combined,0,442.84345092945296,1.4197776740630914
4829,euler_ramsey,0.5,2.0% Ramsey,risk_aversion,combined,0,338.7089485095812,1.4622251234046209
4829,euler_ramsey,0.5,2.5% Ramsey,risk_aversion,combined,0,244.95305526341758,1.4794323905485018
4830,euler_ramsey,0.5,1.5% Ramsey,risk_aversion,combined,0,1500.7603002029637,0.8193079129878829
4830,euler_ramsey,0.5,2.0% Ramsey,risk_aversion,combined,0,1229.5035533005446,0.7463618432548583
4830,euler_ramsey,0.5,2.5% Ramsey,risk_aversion,combined,0,965.8053000369572,0.6868344904479585
4831,euler_ramsey,0.5,1.5% Ramsey,risk_aversion,combined,0,112.12061362129735,1.4044759952016763
4831,euler_ramsey,0.5,2.0% Ramsey,risk_aversion,combined,0,82.1357316878564,1.4425983847406625
4831,euler_ramsey,0.5,2.5% Ramsey,risk_aversion,combined,0,58.67641397435634,1.4564853218674583
4832,euler_ramsey,0.5,1.5% Ramsey,risk_aversion,combined,0,512.3442182585279,2.0378039727390402
4832,euler_ramsey,0.5,2.0% Ramsey,risk_aversion,combined,0,365.988612547325,2.2764493254222766
4832,euler_ramsey,0.5,2.5% Ramsey,risk_aversion,combined,0,244.5326815112121,2.4527032687655685
4833,euler_ramsey,0.5,1.5% Ramsey,risk_aversion,combined,0,314.6936709585341,0.36636223880167845
4833,euler_ramsey,0.5,2.0% Ramsey,risk_aversion,combined,0,209.17844638212517,0.27783080546164773
4833,euler_ramsey,0.5,2.5% Ramsey,risk_aversion,combined,0,128.95862849260533,0.22180017752928907
4834,euler_ramsey,0.5,1.5% Ramsey,risk_aversion,combined,0,1529.1690449643331,0.33075842342762224
4834,euler_ramsey,0.5,2.0% Ramsey,risk_aversion,combined,0,896.1243420712586,0.24526979574625055
4834,euler_ramsey,0.5,2.5% Ramsey,risk_aversion,combined,0,557.8435132319014,0.19245229575581632
4835,euler_ramsey,0.5,1.5% Ramsey,risk_aversion,combined,0,-154.0250412322407,0.4941931101914208
4835,euler_ramsey,0.5,2.0% Ramsey,risk_aversion,combined,0,-130.00066536761787,0.4012952458311325
4835,euler_ramsey,0.5,2.5% Ramsey,risk_aversion,combined,0,-101.63721334061728,0.3377900440442077
4836,euler_ramsey,0.5,1.5% Ramsey,risk_aversion,combined,0,196.40991997939486,1.3158937326714981
4836,euler_ramsey,0.5,2.0% Ramsey,risk_aversion,combined,0,199.6260517205213,1.3326219146834986
4836,euler_ramsey,0.5,2.5% Ramsey,risk_aversion,combined,0,169.3034692148036,1.3308193898338558
4837,euler_ramsey,0.5,1.5% Ramsey,risk_aversion,combined,0,516.6542290902021,0.44171177445841603
4837,euler_ramsey,0.5,2.0% Ramsey,risk_aversion,combined,0,444.52540090195095,0.3493874701908367
4837,euler_ramsey,0.5,2.5% Ramsey,risk_aversion,combined,0,354.5889869594995,0.288170065739091
4838,euler_ramsey,0.5,1.5% Ramsey,risk_aversion,combined,0,847.4051657132458,1.751936210892526
4838,euler_ramsey,0.5,2.0% Ramsey,risk_aversion,combined,0,621.2287977960086,1.8916952669488405
4838,euler_ramsey,0.5,2.5% Ramsey,risk_aversion,combined,0,423.56676349931297,1.9852832946004373
4839,euler_ramsey,0.5,1.5% Ramsey,risk_aversion,combined,0,2423.753914580237,0.4847528956785326
4839,euler_ramsey,0.5,2.0% Ramsey,risk_aversion,combined,0,1046.8340115438955,0.3920926488415197
4839,euler_ramsey,0.5,2.5% Ramsey,risk_aversion,combined,0,564.1568600122927,0.3290737845277409
4840,euler_ramsey,0.5,1.5% Ramsey,risk_aversion,combined,0,683.0090087937072,0.2612504510456506
4840,euler_ramsey,0.5,2.0% Ramsey,risk_aversion,combined,0,388.96504313507353,0.18363062523908535
4840,euler_ramsey,0.5,2.5% Ramsey,risk_aversion,combined,0,250.2465838626897,0.13823663714473308
4841,euler_ramsey,0.5,1.5% Ramsey,risk_aversion,combined,0,627.2550348120664,1.108643206422516
4841,euler_ramsey,0.5,2.0% Ramsey,risk_aversion,combined,0,500.0106256058719,1.0796823629340937
4841,euler_ramsey,0.5,2.5% Ramsey,risk_aversion,combined,0,371.3496020038673,1.0460989153532234
4842,euler_ramsey,0.5,1.5% Ramsey,risk_aversion,combined,0,375.1228313180873,1.8324463912962707
4842,euler_ramsey,0.5,2.0% Ramsey,risk_aversion,combined,0,242.03602165358527,1.9985528579780096
4842,euler_ramsey,0.5,2.5% Ramsey,risk_aversion,combined,0,173.12148435688655,2.113683867036722
4843,euler_ramsey,0.5,1.5% Ramsey,risk_aversion,combined,0,460.98694965933555,0.6945891930533209
4843,euler_ramsey,0.5,2.0% Ramsey,risk_aversion,combined,0,355.7855125642592,0.6088138701433377
4843,euler_ramsey,0.5,2.5% Ramsey,risk_aversion,combined,0,262.9372247002519,0.5436810168899685
4844,euler_ramsey,0.5,1.5% Ramsey,risk_aversion,combined,0,506.8286060068394,3.0230179764819924
4844,euler_ramsey,0.5,2.0% Ramsey,risk_aversion,combined,0,430.24729317038924,3.6910729700483342
4844,euler_ramsey,0.5,2.5% Ramsey,risk_aversion,combined,0,342.2080059406572,4.260016769150879
4845,euler_ramsey,0.5,1.5% Ramsey,risk_aversion,combined,0,894.6624347963299,0.8420383446703712
4845,euler_ramsey,0.5,2.0% Ramsey,risk_aversion,combined,0,691.1422424802408,0.7702740531614446
4845,euler_ramsey,0.5,2.5% Ramsey,risk_aversion,combined,0,477.8388567603151,0.7109664307849111
4846,euler_ramsey,0.5,1.5% Ramsey,risk_aversion,combined,0,53.25294026819371,0.2858518745100112
4846,euler_ramsey,0.5,2.0% Ramsey,risk_aversion,combined,0,36.19086639966698,0.20501046312342625
4846,euler_ramsey,0.5,2.5% Ramsey,risk_aversion,combined,0,28.82463621755801,0.15675194848332533
4847,euler_ramsey,0.5,1.5% Ramsey,risk_aversion,combined,0,840.6388330554776,1.5848145682041679
4847,euler_ramsey,0.5,2.0% Ramsey,risk_aversion,combined,0,656.4048627733667,1.6742375649178731
4847,euler_ramsey,0.5,2.5% Ramsey,risk_aversion,combined,0,495.3940656871593,1.727785152553164
4848,euler_ramsey,0.5,1.5% Ramsey,risk_aversion,combined,0,-255.08466010481123,0.5179313128535149
4848,euler_ramsey,0.5,2.0% Ramsey,risk_aversion,combined,0,-197.26465503046293,0.42484471221222614
4848,euler_ramsey,0.5,2.5% Ramsey,risk_aversion,combined,0,-138.73344597657882,0.36040954479403264
4849,euler_ramsey,0.5,1.5% Ramsey,risk_aversion,combined,0,2873.85479686383,0.8867804151094973
4849,euler_ramsey,0.5,2.0% Ramsey,risk_aversion,combined,0,2152.354490075053,0.8211594647178164
4849,euler_ramsey,0.5,2.5% Ramsey,risk_aversion,combined,0,1461.2421488169527,0.7651839250897269
4850,euler_ramsey,0.5,1.5% Ramsey,risk_aversion,combined,0,-69.18145953250317,1.402121870543212
4850,euler_ramsey,0.5,2.0% Ramsey,risk_aversion,combined,0,-46.73741989678885,1.439980414047508
4850,euler_ramsey,0.5,2.5% Ramsey,risk_aversion,combined,0,-30.739821956556817,1.4536530918320663
4851,euler_ramsey,0.5,1.5% Ramsey,risk_aversion,combined,0,987.6082009355204,0.6273170280516742
4851,euler_ramsey,0.5,2.0% Ramsey,risk_aversion,combined,0,568.387410223246,0.5371763605628171
4851,euler_ramsey,0.5,2.5% Ramsey,risk_aversion,combined,0,353.30429603836575,0.4711314616623169
4852,euler_ramsey,0.5,1.5% Ramsey,risk_aversion,combined,0,412.0021743743604,0.9908175138956307
4852,euler_ramsey,0.5,2.0% Ramsey,risk_aversion,combined,0,370.13224521912196,0.9415679208729479
4852,euler_ramsey,0.5,2.5% Ramsey,risk_aversion,combined,0,293.0396958836797,0.8951716814148117
4853,euler_ramsey,0.5,1.5% Ramsey,risk_aversion,combined,0,809.4170052745759,0.7884905427142256
4853,euler_ramsey,0.5,2.0% Ramsey,risk_aversion,combined,0,583.785963262361,0.7110944850395764
4853,euler_ramsey,0.5,2.5% Ramsey,risk_aversion,combined,0,417.6836504368821,0.6491963862957072
4854,euler_ramsey,0.5,1.5% Ramsey,risk_aversion,combined,0,-18.347396506525065,0.41818453173533726
4854,euler_ramsey,0.5,2.0% Ramsey,risk_aversion,combined,0,51.815993160037905,0.32673607936086335
4854,euler_ramsey,0.5,2.5% Ramsey,risk_aversion,combined,0,70.33620171803494,0.2669374835847956
4855,euler_ramsey,0.5,1.5% Ramsey,risk_aversion,combined,0,-628.7141547224899,0.37324088216058343
4855,euler_ramsey,0.5,2.0% Ramsey,risk_aversion,combined,0,-563.1798027939467,0.2844560511457119
4855,euler_ramsey,0.5,2.5% Ramsey,risk_aversion,combined,0,-438.5061272446433,0.22797395079501961
4856,euler_ramsey,0.5,1.5% Ramsey,risk_aversion,combined,0,810.6785197172752,1.161574221862597
4856,euler_ramsey,0.5,2.0% Ramsey,risk_aversion,combined,0,619.292273687642,1.1432257255257
4856,euler_ramsey,0.5,2.5% Ramsey,risk_aversion,combined,0,465.0188694637063,1.1167952408520192
4857,euler_ramsey,0.5,1.5% Ramsey,risk_aversion,combined,0,3323.332886075308,0.45078522699802265
4857,euler_ramsey,0.5,2.0% Ramsey,risk_aversion,combined,0,2888.1881351294796,0.3589585277633703
4857,euler_ramsey,0.5,2.5% Ramsey,risk_aversion,combined,0,2190.2790482632367,0.2976608786124459
4858,euler_ramsey,0.5,1.5% Ramsey,risk_aversion,combined,0,1379.0650815357387,0.7969292917771661
4858,euler_ramsey,0.5,2.0% Ramsey,risk_aversion,combined,0,1301.8783721208447,0.7205180454116311
4858,euler_ramsey,0.5,2.5% Ramsey,risk_aversion,combined,0,1067.4088358101706,0.6591320900821909
4859,euler_ramsey,0.5,1.5% Ramsey,risk_aversion,combined,0,518.1797651507036,0.4593433136377482
4859,euler_ramsey,0.5,2.0% Ramsey,risk_aversion,combined,0,230.60547657549307,0.366530626138304
4859,euler_ramsey,0.5,2.5% Ramsey,risk_aversion,combined,0,130.40167024623415,0.3043632990735378
4860,euler_ramsey,0.5,1.5% Ramsey,risk_aversion,combined,0,-319.9464957146875,0.4671174993238004
4860,euler_ramsey,0.5,2.0% Ramsey,risk_aversion,combined,0,-203.85010758490208,0.3741976776669188
4860,euler_ramsey,0.5,2.5% Ramsey,risk_aversion,combined,0,-138.91286316639489,0.3116724500301781
4861,euler_ramsey,0.5,1.5% Ramsey,risk_aversion,combined,0,211.23927347480316,2.000827488716151
4861,euler_ramsey,0.5,2.0% Ramsey,risk_aversion,combined,0,161.68555645469345,2.2253087832454352
4861,euler_ramsey,0.5,2.5% Ramsey,risk_aversion,combined,0,119.64320179015508,2.3894166882231236
4862,euler_ramsey,0.5,1.5% Ramsey,risk_aversion,combined,0,1017.9751426988273,1.1405728954617562
4862,euler_ramsey,0.5,2.0% Ramsey,risk_aversion,combined,0,713.6759491873272,1.1177720179867112
4862,euler_ramsey,0.5,2.5% Ramsey,risk_aversion,combined,0,477.13590547557277,1.0883284724084206
4863,euler_ramsey,0.5,1.5% Ramsey,risk_aversion,combined,0,180.65111723882367,1.0531179128885173
4863,euler_ramsey,0.5,2.0% Ramsey,risk_aversion,combined,0,115.77548498524037,1.0145669265213344
4863,euler_ramsey,0.5,2.5% Ramsey,risk_aversion,combined,0,75.77176088377162,0.9748207594992737
4864,euler_ramsey,0.5,1.5% Ramsey,risk_aversion,combined,0,2702.33883871411,0.8466086746088838
4864,euler_ramsey,0.5,2.0% Ramsey,risk_aversion,combined,0,1792.3686186304387,0.7785517765282223
4864,euler_ramsey,0.5,2.5% Ramsey,risk_aversion,combined,0,1111.558395474807,0.7219349769705499
4865,euler_ramsey,0.5,1.5% Ramsey,risk_aversion,combined,0,4407.531694139805,0.24753597154296805
4865,euler_ramsey,0.5,2.0% Ramsey,risk_aversion,combined,0,2499.2914461043665,0.17195949286954237
4865,euler_ramsey,0.5,2.5% Ramsey,risk_aversion,combined,0,1529.2389193974602,0.12828522316365573
4866,euler_ramsey,0.5,1.5% Ramsey,risk_aversion,combined,0,1482.1432701011531,0.807019846936716
4866,euler_ramsey,0.5,2.0% Ramsey,risk_aversion,combined,0,1326.9083789887854,0.7317196573992587
4866,euler_ramsey,0.5,2.5% Ramsey,risk_aversion,combined,0,1017.4301609697357,0.6708232457325455
4867,euler_ramsey,0.5,1.5% Ramsey,risk_aversion,combined,0,64.1815902314078,1.7902723474283362
4867,euler_ramsey,0.5,2.0% Ramsey,risk_aversion,combined,0,43.10885337163898,1.9422989747870196
4867,euler_ramsey,0.5,2.5% Ramsey,risk_aversion,combined,0,30.151421905985277,2.045752173895638
4868,euler_ramsey,0.5,1.5% Ramsey,risk_aversion,combined,0,1511.443216270237,0.48980486500328047
4868,euler_ramsey,0.5,2.0% Ramsey,risk_aversion,combined,0,1185.4122634095174,0.39673876743985576
4868,euler_ramsey,0.5,2.5% Ramsey,risk_aversion,combined,0,848.3739670363916,0.3333075400094689
4869,euler_ramsey,0.5,1.5% Ramsey,risk_aversion,combined,0,353.53787026165975,1.5667647455652198
4869,euler_ramsey,0.5,2.0% Ramsey,risk_aversion,combined,0,242.33888243706537,1.6498189131123593
4869,euler_ramsey,0.5,2.5% Ramsey,risk_aversion,combined,0,177.3677409670208,1.6981453467553824
4870,euler_ramsey,0.5,1.5% Ramsey,risk_aversion,combined,0,175.3878265249084,1.3352735592281624
4870,euler_ramsey,0.5,2.0% Ramsey,risk_aversion,combined,0,150.72806769776713,1.3561981635010802
4870,euler_ramsey,0.5,2.5% Ramsey,risk_aversion,combined,0,124.55265315646469,1.357440175563553
4871,euler_ramsey,0.5,1.5% Ramsey,risk_aversion,combined,0,124.82987347712354,0.9557984389758972
4871,euler_ramsey,0.5,2.0% Ramsey,risk_aversion,combined,0,120.9658793647181,0.9010798190172546
4871,euler_ramsey,0.5,2.5% Ramsey,risk_aversion,combined,0,100.94612347050577,0.8513806687418118
4872,euler_ramsey,0.5,1.5% Ramsey,risk_aversion,combined,0,561.2604999547419,1.6003960357360438
4872,euler_ramsey,0.5,2.0% Ramsey,risk_aversion,combined,0,404.00193482911254,1.6934274022708393
4872,euler_ramsey,0.5,2.5% Ramsey,risk_aversion,combined,0,288.255953601857,1.7496824877131922
4873,euler_ramsey,0.5,1.5% Ramsey,risk_aversion,combined,0,-175.61381758805274,0.79452057197103
4873,euler_ramsey,0.5,2.0% Ramsey,risk_aversion,combined,0,-165.9959864086165,0.7176180007289045
4873,euler_ramsey,0.5,2.5% Ramsey,risk_aversion,combined,0,-129.28966598625618,0.6559109281513048
4874,euler_ramsey,0.5,1.5% Ramsey,risk_aversion,combined,0,722.572273917946,1.083640626350915
4874,euler_ramsey,0.5,2.0% Ramsey,risk_aversion,combined,0,546.8890588964324,1.0499234945860823
4874,euler_ramsey,0.5,2.5% Ramsey,risk_aversion,combined,0,402.2784440875201,1.0132236320784636
4875,euler_ramsey,0.5,1.5% Ramsey,risk_aversion,combined,0,71.33791273693183,1.2485424680620123
4875,euler_ramsey,0.5,2.0% Ramsey,risk_aversion,combined,0,56.68134240064074,1.2481048975202398
4875,euler_ramsey,0.5,2.5% Ramsey,risk_aversion,combined,0,54.15745916897021,1.2338535361592926
4876,euler_ramsey,0.5,1.5% Ramsey,risk_aversion,combined,0,504.55980743991427,1.2104426469512615
4876,euler_ramsey,0.5,2.0% Ramsey,risk_aversion,combined,0,339.0771786653708,1.2028894562474777
4876,euler_ramsey,0.5,2.5% Ramsey,risk_aversion,combined,0,220.7224977525036,1.183882932941067
4877,euler_ramsey,0.5,1.5% Ramsey,risk_aversion,combined,0,1816.1738229683497,0.9415034953460643
4877,euler_ramsey,0.5,2.0% Ramsey,risk_aversion,combined,0,1239.8079521593604,0.8842275352727578
4877,euler_ramsey,0.5,2.5% Ramsey,risk_aversion,combined,0,780.5356022535215,0.8330106414045558
4878,euler_ramsey,0.5,1.5% Ramsey,risk_aversion,combined,0,-165.46323848476004,0.1910099293011544
4878,euler_ramsey,0.5,2.0% Ramsey,risk_aversion,combined,0,-60.15422821948927,0.12512049293593142
4878,euler_ramsey,0.5,2.5% Ramsey,risk_aversion,combined,0,2.581680331853671,0.08919105790725136
4879,euler_ramsey,0.5,1.5% Ramsey,risk_aversion,combined,0,40.38016695241114,1.1265865970805657
4879,euler_ramsey,0.5,2.0% Ramsey,risk_aversion,combined,0,50.52912863181157,1.1005684948957997
4879,euler_ramsey,0.5,2.5% Ramsey,risk_aversion,combined,0,53.25917327483698,1.0688113114863675
4880,euler_ramsey,0.5,1.5% Ramsey,risk_aversion,combined,0,259.21064061210336,2.0832820394755456
4880,euler_ramsey,0.5,2.0% Ramsey,risk_aversion,combined,0,166.74719888110903,2.3384100117495663
4880,euler_ramsey,0.5,2.5% Ramsey,risk_aversion,combined,0,110.85225789025857,2.5286476910629068
4881,euler_ramsey,0.5,1.5% Ramsey,risk_aversion,combined,0,472.43721272367605,1.4128319494511756
4881,euler_ramsey,0.5,2.0% Ramsey,risk_aversion,combined,0,419.91202968497123,1.4519536204698724
4881,euler_ramsey,0.5,2.5% Ramsey,risk_aversion,combined,0,336.01613956127215,1.4664807863583122
4882,euler_ramsey,0.5,1.5% Ramsey,risk_aversion,combined,0,668.5926294889706,0.49024257124678455
4882,euler_ramsey,0.5,2.0% Ramsey,risk_aversion,combined,0,551.7311293834179,0.3970960946419997
4882,euler_ramsey,0.5,2.5% Ramsey,risk_aversion,combined,0,419.25915908213295,0.3336028161398859
4883,euler_ramsey,0.5,1.5% Ramsey,risk_aversion,combined,0,4827.4133164995255,0.4054679384195263
4883,euler_ramsey,0.5,2.0% Ramsey,risk_aversion,combined,0,3781.666762412096,0.3154090187522737
4883,euler_ramsey,0.5,2.5% Ramsey,risk_aversion,combined,0,2684.162534891468,0.25686959825352357
4884,euler_ramsey,0.5,1.5% Ramsey,risk_aversion,combined,0,441.4821223940955,1.9954785354456661
4884,euler_ramsey,0.5,2.0% Ramsey,risk_aversion,combined,0,439.61744116766425,2.218546353135616
4884,euler_ramsey,0.5,2.5% Ramsey,risk_aversion,combined,0,376.6597794457709,2.3814425409487723
4885,euler_ramsey,0.5,1.5% Ramsey,risk_aversion,combined,0,874.4171561826572,1.847926563247065
4885,euler_ramsey,0.5,2.0% Ramsey,risk_aversion,combined,0,549.3106149116617,2.021193456828232
4885,euler_ramsey,0.5,2.5% Ramsey,risk_aversion,combined,0,367.3265233750808,2.1426387017186945
4886,euler_ramsey,0.5,1.5% Ramsey,risk_aversion,combined,0,450.3928240248163,0.9466922862153154
4886,euler_ramsey,0.5,2.0% Ramsey,risk_aversion,combined,0,279.6296392253378,0.8897004719165624
4886,euler_ramsey,0.5,2.5% Ramsey,risk_aversion,combined,0,194.68058099501428,0.8386031009086191
4887,euler_ramsey,0.5,1.5% Ramsey,risk_aversion,combined,0,1160.7328852572177,1.1860610560483074
4887,euler_ramsey,0.5,2.0% Ramsey,risk_aversion,combined,0,736.0740436008455,1.1735692827233541
4887,euler_ramsey,0.5,2.5% Ramsey,risk_aversion,combined,0,480.11438948013097,1.1511778798334644
4888,euler_ramsey,0.5,1.5% Ramsey,risk_aversion,combined,0,997.7175831165479,0.7598793771237299
4888,euler_ramsey,0.5,2.0% Ramsey,risk_aversion,combined,0,777.8319812315843,0.6802134912415592
4888,euler_ramsey,0.5,2.5% Ramsey,risk_aversion,combined,0,567.9413479436605,0.617463842789403
4889,euler_ramsey,0.5,1.5% Ramsey,risk_aversion,combined,0,1255.6738238236196,1.5500085758471007
4889,euler_ramsey,0.5,2.0% Ramsey,risk_aversion,combined,0,989.1855513037495,1.6301728617034592
4889,euler_ramsey,0.5,2.5% Ramsey,risk_aversion,combined,0,731.3551862845425,1.6766008196672006
4890,euler_ramsey,0.5,1.5% Ramsey,risk_aversion,combined,0,771.5910523139439,1.0776318065573651
4890,euler_ramsey,0.5,2.0% Ramsey,risk_aversion,combined,0,612.6689195255453,1.0430659327848992
4890,euler_ramsey,0.5,2.5% Ramsey,risk_aversion,combined,0,459.75122343340195,1.0058660309036127
4891,euler_ramsey,0.5,1.5% Ramsey,risk_aversion,combined,0,123.4011578251895,1.644261793921146
4891,euler_ramsey,0.5,2.0% Ramsey,risk_aversion,combined,0,103.74302051872664,1.7497915018829888
4891,euler_ramsey,0.5,2.5% Ramsey,risk_aversion,combined,0,88.30014362756974,1.8156993140300435
4892,euler_ramsey,0.5,1.5% Ramsey,risk_aversion,combined,0,69.91897435640385,1.0892729873234692
4892,euler_ramsey,0.5,2.0% Ramsey,risk_aversion,combined,0,65.1858858301781,1.0563677841181771
4892,euler_ramsey,0.5,2.5% Ramsey,risk_aversion,combined,0,54.619795494183236,1.0201208469349288
4893,euler_ramsey,0.5,1.5% Ramsey,risk_aversion,combined,0,522.4140865774904,1.4022823986867585
4893,euler_ramsey,0.5,2.0% Ramsey,risk_aversion,combined,0,341.5786963295397,1.439905657919083
4893,euler_ramsey,0.5,2.5% Ramsey,risk_aversion,combined,0,232.2301045886102,1.453443163637871
4894,euler_ramsey,0.5,1.5% Ramsey,risk_aversion,combined,0,215.67574300698104,2.824265089283295
4894,euler_ramsey,0.5,2.0% Ramsey,risk_aversion,combined,0,145.59841543932671,3.3952086184609045
4894,euler_ramsey,0.5,2.5% Ramsey,risk_aversion,combined,0,108.64994686442301,3.8715745916847375
4895,euler_ramsey,0.5,1.5% Ramsey,risk_aversion,combined,0,578.3417062934412,1.1678507854713556
4895,euler_ramsey,0.5,2.0% Ramsey,risk_aversion,combined,0,515.5175048184751,1.1524568567723041
4895,euler_ramsey,0.5,2.5% Ramsey,risk_aversion,combined,0,416.2147683642412,1.1283593196765593
4896,euler_ramsey,0.5,1.5% Ramsey,risk_aversion,combined,0,-946.4082954658924,0.48724607286979993
4896,euler_ramsey,0.5,2.0% Ramsey,risk_aversion,combined,0,-590.4519865360801,0.39428842993250013
4896,euler_ramsey,0.5,2.5% Ramsey,risk_aversion,combined,0,-371.1252466749443,0.33099925776830225
4897,euler_ramsey,0.5,1.5% Ramsey,risk_aversion,combined,0,170.4216089339218,0.39375510594647084
4897,euler_ramsey,0.5,2.0% Ramsey,risk_aversion,combined,0,153.03622110604323,0.30366820940302613
4897,euler_ramsey,0.5,2.5% Ramsey,risk_aversion,combined,0,126.33547898607328,0.24561334612904184
4898,euler_ramsey,0.5,1.5% Ramsey,risk_aversion,combined,0,235.6873537138366,1.1987788783531828
4898,euler_ramsey,0.5,2.0% Ramsey,risk_aversion,combined,0,161.2052341127399,1.187783016196968
4898,euler_ramsey,0.5,2.5% Ramsey,risk_aversion,combined,0,106.52055847908828,1.166221748986714
4899,euler_ramsey,0.5,1.5% Ramsey,risk_aversion,combined,0,423.77739918304326,1.4333576849546956
4899,euler_ramsey,0.5,2.0% Ramsey,risk_aversion,combined,0,371.154486191627,1.478851525400071
4899,euler_ramsey,0.5,2.5% Ramsey,risk_aversion,combined,0,295.5404993034273,1.498247272346339
4900,euler_ramsey,0.5,1.5% Ramsey,risk_aversion,combined,0,4676.873461746807,0.4511416956614546
4900,euler_ramsey,0.5,2.0% Ramsey,risk_aversion,combined,0,4155.642067060753,0.3593658447897937
4900,euler_ramsey,0.5,2.5% Ramsey,risk_aversion,combined,0,3190.830178483389,0.29808237960498546
4901,euler_ramsey,0.5,1.5% Ramsey,risk_aversion,combined,0,86.40429964903056,1.690814108069807
4901,euler_ramsey,0.5,2.0% Ramsey,risk_aversion,combined,0,59.83574614705689,1.8108899176928916
4901,euler_ramsey,0.5,2.5% Ramsey,risk_aversion,combined,0,40.74872630975056,1.888411132063957
4902,euler_ramsey,0.5,1.5% Ramsey,risk_aversion,combined,0,224.6648372675804,1.8534337456130263
4902,euler_ramsey,0.5,2.0% Ramsey,risk_aversion,combined,0,158.1071969541979,2.0263932839594334
4902,euler_ramsey,0.5,2.5% Ramsey,risk_aversion,combined,0,112.23713334845831,2.1471025110574535
4903,euler_ramsey,0.5,1.5% Ramsey,risk_aversion,combined,0,1176.1499130815116,1.5220527975429676
4903,euler_ramsey,0.5,2.0% Ramsey,risk_aversion,combined,0,892.2047154636439,1.592541301291134
4903,euler_ramsey,0.5,2.5% Ramsey,risk_aversion,combined,0,643.191082724506,1.6312100151653894
4904,euler_ramsey,0.5,1.5% Ramsey,risk_aversion,combined,0,742.8232228347404,1.755644867797457
4904,euler_ramsey,0.5,2.0% Ramsey,risk_aversion,combined,0,566.6906314402668,1.8969719335745758
4904,euler_ramsey,0.5,2.5% Ramsey,risk_aversion,combined,0,404.1417898988243,1.9919176718482847
4905,euler_ramsey,0.5,1.5% Ramsey,risk_aversion,combined,0,181.7084357745388,1.8108521504880422
4905,euler_ramsey,0.5,2.0% Ramsey,risk_aversion,combined,0,138.3702824865201,1.9695937376003811
4905,euler_ramsey,0.5,2.5% Ramsey,risk_aversion,combined,0,108.02853745398843,2.0785719756172947
4906,euler_ramsey,0.5,1.5% Ramsey,risk_aversion,combined,0,3986.3207038387545,2.0411085266759526
4906,euler_ramsey,0.5,2.0% Ramsey,risk_aversion,combined,0,2482.872341483713,2.283538985456418
4906,euler_ramsey,0.5,2.5% Ramsey,risk_aversion,combined,0,1508.8196147203894,2.463517221875019
4907,euler_ramsey,0.5,1.5% Ramsey,risk_aversion,combined,0,76.73135602787636,0.7322094000413302
4907,euler_ramsey,0.5,2.0% Ramsey,risk_aversion,combined,0,78.84857129926705,0.6490681572874146
4907,euler_ramsey,0.5,2.5% Ramsey,risk_aversion,combined,0,70.20574368472522,0.5846859994421688
4908,euler_ramsey,0.5,1.5% Ramsey,risk_aversion,combined,0,841.0232278320846,1.0232512849009037
4908,euler_ramsey,0.5,2.0% Ramsey,risk_aversion,combined,0,578.1226127617874,0.9789071536034967
4908,euler_ramsey,0.5,2.5% Ramsey,risk_aversion,combined,0,400.3648837375482,0.9354997846947462
4909,euler_ramsey,0.5,1.5% Ramsey,risk_aversion,combined,0,964.6183760429731,0.8987225732066765
4909,euler_ramsey,0.5,2.0% Ramsey,risk_aversion,combined,0,697.1617476443603,0.8354992235280809
4909,euler_ramsey,0.5,2.5% Ramsey,risk_aversion,combined,0,509.8508837889268,0.7809751758457192
4910,euler_ramsey,0.5,1.5% Ramsey,risk_aversion,combined,0,223.38954442778487,0.8724434142556469
4910,euler_ramsey,0.5,2.0% Ramsey,risk_aversion,combined,0,163.38107746989172,0.8049054462083554
4910,euler_ramsey,0.5,2.5% Ramsey,risk_aversion,combined,0,120.44902344309209,0.7478683767602418
4911,euler_ramsey,0.5,1.5% Ramsey,risk_aversion,combined,0,685.3610512755171,1.012847246441581
4911,euler_ramsey,0.5,2.0% Ramsey,risk_aversion,combined,0,517.9088083927026,0.9671493136766157
4911,euler_ramsey,0.5,2.5% Ramsey,risk_aversion,combined,0,394.52244931642156,0.9229802678067865
4912,euler_ramsey,0.5,1.5% Ramsey,risk_aversion,combined,0,45.15234136653497,3.066039199413749
4912,euler_ramsey,0.5,2.0% Ramsey,risk_aversion,combined,0,36.455863164950735,3.7538352759322775
4912,euler_ramsey,0.5,2.5% Ramsey,risk_aversion,combined,0,30.66653160403223,4.341199064812782
4913,euler_ramsey,0.5,1.5% Ramsey,risk_aversion,combined,0,-1007.0043171518334,0.5289095501620099
4913,euler_ramsey,0.5,2.0% Ramsey,risk_aversion,combined,0,-779.6688561567659,0.4357235054290156
4913,euler_ramsey,0.5,2.5% Ramsey,risk_aversion,combined,0,-532.8924643226878,0.37086154862183135
4914,euler_ramsey,0.5,1.5% Ramsey,risk_aversion,combined,0,355.8021323023121,0.787621340760014
4914,euler_ramsey,0.5,2.0% Ramsey,risk_aversion,combined,0,238.41289525607834,0.7099799070048066
4914,euler_ramsey,0.5,2.5% Ramsey,risk_aversion,combined,0,164.5975955766855,0.6479252054904948
4915,euler_ramsey,0.5,1.5% Ramsey,risk_aversion,combined,0,211.06881375740863,0.6173422103376729
4915,euler_ramsey,0.5,2.0% Ramsey,risk_aversion,combined,0,170.88880933583027,0.5269111117346553
4915,euler_ramsey,0.5,2.5% Ramsey,risk_aversion,combined,0,129.10350113799024,0.4609580912670971
4916,euler_ramsey,0.5,1.5% Ramsey,risk_aversion,combined,0,-214.30778378925652,0.8635828225610138
4916,euler_ramsey,0.5,2.0% Ramsey,risk_aversion,combined,0,-184.25113325051325,0.794689367694065
4916,euler_ramsey,0.5,2.5% Ramsey,risk_aversion,combined,0,-142.7314533072939,0.7368869251391449
4917,euler_ramsey,0.5,1.5% Ramsey,risk_aversion,combined,0,-2321.735615412619,0.1307892851805592
4917,euler_ramsey,0.5,2.0% Ramsey,risk_aversion,combined,0,-1752.6526588478498,0.07869117533525594
4917,euler_ramsey,0.5,2.5% Ramsey,risk_aversion,combined,0,-1278.4995145519931,0.05252470656475565
4918,euler_ramsey,0.5,1.5% Ramsey,risk_aversion,combined,0,2942.8177025260047,0.48929969601106216
4918,euler_ramsey,0.5,2.0% Ramsey,risk_aversion,combined,0,2302.7210786517758,0.39617179134619107
4918,euler_ramsey,0.5,2.5% Ramsey,risk_aversion,combined,0,1615.0988640178173,0.3327239421061585
4919,euler_ramsey,0.5,1.5% Ramsey,risk_aversion,combined,0,329.83904167123586,0.8112263638615747
4919,euler_ramsey,0.5,2.0% Ramsey,risk_aversion,combined,0,288.6489696356147,0.7364647181062074
4919,euler_ramsey,0.5,2.5% Ramsey,risk_aversion,combined,0,232.7205035233719,0.6758107261464864
4920,euler_ramsey,0.5,1.5% Ramsey,risk_aversion,combined,0,-278.87139175354844,0.716691691226806
4920,euler_ramsey,0.5,2.0% Ramsey,risk_aversion,combined,0,-249.54727094036662,0.6322129374647057
4920,euler_ramsey,0.5,2.5% Ramsey,risk_aversion,combined,0,-190.70863498075568,0.5673419926011553
4921,euler_ramsey,0.5,1.5% Ramsey,risk_aversion,combined,0,766.1528806083082,1.5314339394832945
4921,euler_ramsey,0.5,2.0% Ramsey,risk_aversion,combined,0,545.6839677568842,1.6047050357256678
4921,euler_ramsey,0.5,2.5% Ramsey,risk_aversion,combined,0,373.1734232390383,1.6455124650394246
4922,euler_ramsey,0.5,1.5% Ramsey,risk_aversion,combined,0,683.6979266899965,0.973328560596077
4922,euler_ramsey,0.5,2.0% Ramsey,risk_aversion,combined,0,520.2783604580311,0.9216321999306452
4922,euler_ramsey,0.5,2.5% Ramsey,risk_aversion,combined,0,358.03435636249145,0.8738112366912703
4923,euler_ramsey,0.5,1.5% Ramsey,risk_aversion,combined,0,-472.0154866846819,0.8737619008636465
4923,euler_ramsey,0.5,2.0% Ramsey,risk_aversion,combined,0,-386.24035921280495,0.8063064234631054
4923,euler_ramsey,0.5,2.5% Ramsey,risk_aversion,combined,0,-270.6540480797096,0.7492705604860919
4924,euler_ramsey,0.5,1.5% Ramsey,risk_aversion,combined,0,135.75584633124123,1.3390382783148809
4924,euler_ramsey,0.5,2.0% Ramsey,risk_aversion,combined,0,114.8588664827251,1.360583083011252
4924,euler_ramsey,0.5,2.5% Ramsey,risk_aversion,combined,0,102.02703991847952,1.3622194270031276
4925,euler_ramsey,0.5,1.5% Ramsey,risk_aversion,combined,0,239.5421098568393,1.037634270205569
4925,euler_ramsey,0.5,2.0% Ramsey,risk_aversion,combined,0,151.70227103133556,0.9951548147108173
4925,euler_ramsey,0.5,2.5% Ramsey,risk_aversion,combined,0,100.36746332336656,0.952756086727619
4926,euler_ramsey,0.5,1.5% Ramsey,risk_aversion,combined,0,43.90460669330948,2.0706574057714815
4926,euler_ramsey,0.5,2.0% Ramsey,risk_aversion,combined,0,30.61341656911643,2.3211950308984166
4926,euler_ramsey,0.5,2.5% Ramsey,risk_aversion,combined,0,25.410292714352874,2.5074779355145114
4927,euler_ramsey,0.5,1.5% Ramsey,risk_aversion,combined,0,944.7837405006115,0.6067948895633025
4927,euler_ramsey,0.5,2.0% Ramsey,risk_aversion,combined,0,791.065474461091,0.5161963291418217
4927,euler_ramsey,0.5,2.5% Ramsey,risk_aversion,combined,0,614.1201690561275,0.4504607567218092
4928,euler_ramsey,0.5,1.5% Ramsey,risk_aversion,combined,0,5986.374411342794,0.21195684605776002
4928,euler_ramsey,0.5,2.0% Ramsey,risk_aversion,combined,0,2288.9637470133334,0.14232591081206097
4928,euler_ramsey,0.5,2.5% Ramsey,risk_aversion,combined,0,1292.4317175103847,0.10343386527842134
4929,euler_ramsey,0.5,1.5% Ramsey,risk_aversion,combined,0,621.2473995170363,0.8414389478710815
4929,euler_ramsey,0.5,2.0% Ramsey,risk_aversion,combined,0,445.15555161037634,0.7714795922843671
4929,euler_ramsey,0.5,2.5% Ramsey,risk_aversion,combined,0,318.064567740248,0.7134615711892152
4930,euler_ramsey,0.5,1.5% Ramsey,risk_aversion,combined,0,441.38223760406015,1.2142676536611527
4930,euler_ramsey,0.5,2.0% Ramsey,risk_aversion,combined,0,292.9877575558584,1.2074417727674702
4930,euler_ramsey,0.5,2.5% Ramsey,risk_aversion,combined,0,204.11334795191442,1.188915721824841
4931,euler_ramsey,0.5,1.5% Ramsey,risk_aversion,combined,0,322.8915902990989,1.678418096317223
4931,euler_ramsey,0.5,2.0% Ramsey,risk_aversion,combined,0,228.43000496324962,1.7946124293955745
4931,euler_ramsey,0.5,2.5% Ramsey,risk_aversion,combined,0,166.928259854824,1.8690684386508296
4932,euler_ramsey,0.5,1.5% Ramsey,risk_aversion,combined,0,100.73574272077116,0.7615721944381795
4932,euler_ramsey,0.5,2.0% Ramsey,risk_aversion,combined,0,88.58370176691143,0.6810647082864353
4932,euler_ramsey,0.5,2.5% Ramsey,risk_aversion,combined,0,68.9644307932252,0.6176953307311402
4933,euler_ramsey,0.5,1.5% Ramsey,risk_aversion,combined,0,887.6567351650492,0.788305321829388
4933,euler_ramsey,0.5,2.0% Ramsey,risk_aversion,combined,0,842.1623691948794,0.7106853343900769
4933,euler_ramsey,0.5,2.5% Ramsey,risk_aversion,combined,0,716.2628779502729,0.6486324115502989
4934,euler_ramsey,0.5,1.5% Ramsey,risk_aversion,combined,0,459.70043526773776,2.7079064909437807
4934,euler_ramsey,0.5,2.0% Ramsey,risk_aversion,combined,0,265.76459468573506,3.224696327210195
4934,euler_ramsey,0.5,2.5% Ramsey,risk_aversion,combined,0,173.9675198563831,3.6503627002086794
4935,euler_ramsey,0.5,1.5% Ramsey,risk_aversion,combined,0,466.83847692414264,1.793208862963789
4935,euler_ramsey,0.5,2.0% Ramsey,risk_aversion,combined,0,374.9990223360673,1.9460988220209594
4935,euler_ramsey,0.5,2.5% Ramsey,risk_aversion,combined,0,271.73287629103555,2.050281231756454
4936,euler_ramsey,0.5,1.5% Ramsey,risk_aversion,combined,0,2056.5662132507923,0.324427445861206
4936,euler_ramsey,0.5,2.0% Ramsey,risk_aversion,combined,0,1097.7352365528518,0.2394291574295251
4936,euler_ramsey,0.5,2.5% Ramsey,risk_aversion,combined,0,593.9789141621627,0.1871686474020932
4937,euler_ramsey,0.5,1.5% Ramsey,risk_aversion,combined,0,131.83159432495793,4.129476476830764
4937,euler_ramsey,0.5,2.0% Ramsey,risk_aversion,combined,0,104.61568211957751,5.405927507340522
4937,euler_ramsey,0.5,2.5% Ramsey,risk_aversion,combined,0,80.50058329654982,6.584027017521276
4938,euler_ramsey,0.5,1.5% Ramsey,risk_aversion,combined,0,370.3366900453544,1.3715027202106191
4938,euler_ramsey,0.5,2.0% Ramsey,risk_aversion,combined,0,310.67300372217926,1.401575072997178
4938,euler_ramsey,0.5,2.5% Ramsey,risk_aversion,combined,0,245.09927932053267,1.4095730544564076
4939,euler_ramsey,0.5,1.5% Ramsey,risk_aversion,combined,0,352.2789861839165,1.342826345559244
4939,euler_ramsey,0.5,2.0% Ramsey,risk_aversion,combined,0,254.81158968839006,1.3651555775190904
4939,euler_ramsey,0.5,2.5% Ramsey,risk_aversion,combined,0,172.88054923997404,1.3673493913413324
4940,euler_ramsey,0.5,1.5% Ramsey,risk_aversion,combined,0,-167.1274681879984,0.8294489329535361
4940,euler_ramsey,0.5,2.0% Ramsey,risk_aversion,combined,0,-77.81958439536544,0.7567210933180524
4940,euler_ramsey,0.5,2.5% Ramsey,risk_aversion,combined,0,-30.935954632785716,0.6970168589413009
4941,euler_ramsey,0.5,1.5% Ramsey,risk_aversion,combined,0,7.198639046580219,1.7155648659484337
4941,euler_ramsey,0.5,2.0% Ramsey,risk_aversion,combined,0,5.450867158225756,1.8431137131320479
4941,euler_ramsey,0.5,2.5% Ramsey,risk_aversion,combined,0,7.147108382117259,1.9267074645420348
4942,euler_ramsey,0.5,1.5% Ramsey,risk_aversion,combined,0,285.5062818525282,0.9727085563883409
4942,euler_ramsey,0.5,2.0% Ramsey,risk_aversion,combined,0,272.3720280972343,0.9200504366388276
4942,euler_ramsey,0.5,2.5% Ramsey,risk_aversion,combined,0,226.87206990690348,0.871527167601827
4943,euler_ramsey,0.5,1.5% Ramsey,risk_aversion,combined,0,606.6616183181565,0.40711938151838245
4943,euler_ramsey,0.5,2.0% Ramsey,risk_aversion,combined,0,534.0093053212489,0.3163735171222314
4943,euler_ramsey,0.5,2.5% Ramsey,risk_aversion,combined,0,413.91942628882106,0.257403946249981
4944,euler_ramsey,0.5,1.5% Ramsey,risk_aversion,combined,0,330.97106262928213,1.095440270295885
4944,euler_ramsey,0.5,2.0% Ramsey,risk_aversion,combined,0,298.5789619508877,1.0633341489558887
4944,euler_ramsey,0.5,2.5% Ramsey,risk_aversion,combined,0,245.9406007651293,1.0275561244593439
4945,euler_ramsey,0.5,1.5% Ramsey,risk_aversion,combined,0,121.14205851197545,1.2722031173493007
4945,euler_ramsey,0.5,2.0% Ramsey,risk_aversion,combined,0,98.93961535296827,1.2783728507154226
4945,euler_ramsey,0.5,2.5% Ramsey,risk_aversion,combined,0,79.57245967735906,1.2689957020988671
4946,euler_ramsey,0.5,1.5% Ramsey,risk_aversion,combined,0,51.080885080598804,2.0354636176830345
4946,euler_ramsey,0.5,2.0% Ramsey,risk_aversion,combined,0,46.41477976719241,2.2728903968237493
4946,euler_ramsey,0.5,2.5% Ramsey,risk_aversion,combined,0,44.27556540650151,2.4479838182646523
4947,euler_ramsey,0.5,1.5% Ramsey,risk_aversion,combined,0,1607.3331551161725,1.2120501002014286
4947,euler_ramsey,0.5,2.0% Ramsey,risk_aversion,combined,0,1228.6436749128336,1.2059576661780753
4947,euler_ramsey,0.5,2.5% Ramsey,risk_aversion,combined,0,858.8911500309562,1.1881672863615098
4948,euler_ramsey,0.5,1.5% Ramsey,risk_aversion,combined,0,1776.11529609589,0.695812086015068
4948,euler_ramsey,0.5,2.0% Ramsey,risk_aversion,combined,0,1736.9121523518145,0.6105001341111197
4948,euler_ramsey,0.5,2.5% Ramsey,risk_aversion,combined,0,1429.1696061844646,0.5456663702360266
4949,euler_ramsey,0.5,1.5% Ramsey,risk_aversion,combined,0,434.3116545142458,1.695219437511988
4949,euler_ramsey,0.5,2.0% Ramsey,risk_aversion,combined,0,498.3065560835062,1.8150618536244705
4949,euler_ramsey,0.5,2.5% Ramsey,risk_aversion,combined,0,477.87312702549787,1.8921759119122254
4950,euler_ramsey,0.5,1.5% Ramsey,risk_aversion,combined,0,1.0473726329524962,0.5057026719841107
4950,euler_ramsey,0.5,2.0% Ramsey,risk_aversion,combined,0,25.577561201701368,0.41249321666222666
4950,euler_ramsey,0.5,2.5% Ramsey,risk_aversion,combined,0,47.10026394280754,0.34841389452569627
4951,euler_ramsey,0.5,1.5% Ramsey,risk_aversion,combined,0,78.0319552258411,1.6230415111565686
4951,euler_ramsey,0.5,2.0% Ramsey,risk_aversion,combined,0,44.448100324457464,1.7226169392686888
4951,euler_ramsey,0.5,2.5% Ramsey,risk_aversion,combined,0,29.640379010564853,1.7838527451821287
4952,euler_ramsey,0.5,1.5% Ramsey,risk_aversion,combined,0,1418.019216474425,0.7268516576697683
4952,euler_ramsey,0.5,2.0% Ramsey,risk_aversion,combined,0,1311.083508446722,0.6439700294234136
4952,euler_ramsey,0.5,2.5% Ramsey,risk_aversion,combined,0,1077.7852098198305,0.5799422843089937
4953,euler_ramsey,0.5,1.5% Ramsey,risk_aversion,combined,0,98.72726861487683,1.3340692654535817
4953,euler_ramsey,0.5,2.0% Ramsey,risk_aversion,combined,0,71.10565329036127,1.3540906048319625
4953,euler_ramsey,0.5,2.5% Ramsey,risk_aversion,combined,0,47.64721936020862,1.3545504823143608
4954,euler_ramsey,0.5,1.5% Ramsey,risk_aversion,combined,0,270.209354989602,3.205510022824792
4954,euler_ramsey,0.5,2.0% Ramsey,risk_aversion,combined,0,195.9021249502944,3.9644379653849438
4954,euler_ramsey,0.5,2.5% Ramsey,risk_aversion,combined,0,144.64391256108283,4.620811776681869
4955,euler_ramsey,0.5,1.5% Ramsey,risk_aversion,combined,0,415.7656232892084,0.7380583190884039
4955,euler_ramsey,0.5,2.0% Ramsey,risk_aversion,combined,0,426.66115405483316,0.6552570659050765
4955,euler_ramsey,0.5,2.5% Ramsey,risk_aversion,combined,0,373.705580741981,0.590945711229553
4956,euler_ramsey,0.5,1.5% Ramsey,risk_aversion,combined,0,305.856337850236,1.900669048253382
4956,euler_ramsey,0.5,2.0% Ramsey,risk_aversion,combined,0,237.54079472630426,2.090011701116164
4956,euler_ramsey,0.5,2.5% Ramsey,risk_aversion,combined,0,176.25852801843445,2.224453027718957
4957,euler_ramsey,0.5,1.5% Ramsey,risk_aversion,combined,0,-407.87820741000263,0.7470270542144034
4957,euler_ramsey,0.5,2.0% Ramsey,risk_aversion,combined,0,-283.0516218246298,0.6655662016584522
4957,euler_ramsey,0.5,2.5% Ramsey,risk_aversion,combined,0,-191.52249895880936,0.601907527228931
4958,euler_ramsey,0.5,1.5% Ramsey,risk_aversion,combined,0,-447.0438781589295,0.7936521115525408
4958,euler_ramsey,0.5,2.0% Ramsey,risk_aversion,combined,0,-293.4442913692022,0.7168383151536756
4958,euler_ramsey,0.5,2.5% Ramsey,risk_aversion,combined,0,-186.35283192745527,0.6552243852316578
4959,euler_ramsey,0.5,1.5% Ramsey,risk_aversion,combined,0,987.8364085974803,2.2631684407384296
4959,euler_ramsey,0.5,2.0% Ramsey,risk_aversion,combined,0,656.8378631241661,2.5905974082751384
4959,euler_ramsey,0.5,2.5% Ramsey,risk_aversion,combined,0,437.3631802182409,2.844600323652461
4960,euler_ramsey,0.5,1.5% Ramsey,risk_aversion,combined,0,4703.905595626888,0.5288650179327716
4960,euler_ramsey,0.5,2.0% Ramsey,risk_aversion,combined,0,3174.9419788127357,0.43668631398332725
4960,euler_ramsey,0.5,2.5% Ramsey,risk_aversion,combined,0,2064.9746562400555,0.3724333299639854
4961,euler_ramsey,0.5,1.5% Ramsey,risk_aversion,combined,0,618.2911957446917,2.017150704041985
4961,euler_ramsey,0.5,2.0% Ramsey,risk_aversion,combined,0,472.5479895936046,2.248823011618168
4961,euler_ramsey,0.5,2.5% Ramsey,risk_aversion,combined,0,342.5867937116075,2.419221725282341
4962,euler_ramsey,0.5,1.5% Ramsey,risk_aversion,combined,0,149.73840785470279,1.1226459715082393
4962,euler_ramsey,0.5,2.0% Ramsey,risk_aversion,combined,0,116.14804278390585,1.0958629589084474
4962,euler_ramsey,0.5,2.5% Ramsey,risk_aversion,combined,0,83.35329134250358,1.0636304184477041
4963,euler_ramsey,0.5,1.5% Ramsey,risk_aversion,combined,0,73.91258811512475,0.7614856127182618
4963,euler_ramsey,0.5,2.0% Ramsey,risk_aversion,combined,0,65.32244313181995,0.6809611920002435
4963,euler_ramsey,0.5,2.5% Ramsey,risk_aversion,combined,0,51.25720131352464,0.6175831287541509
4964,euler_ramsey,0.5,1.5% Ramsey,risk_aversion,combined,0,1715.5057383350613,0.6630028795163734
4964,euler_ramsey,0.5,2.0% Ramsey,risk_aversion,combined,0,1307.349084474827,0.5752920391952043
4964,euler_ramsey,0.5,2.5% Ramsey,risk_aversion,combined,0,911.8660147422311,0.5097810024718012
4965,euler_ramsey,0.5,1.5% Ramsey,risk_aversion,combined,0,129.4826769119286,1.944535177433923
4965,euler_ramsey,0.5,2.0% Ramsey,risk_aversion,combined,0,94.96049247094291,2.149148813243999
4965,euler_ramsey,0.5,2.5% Ramsey,risk_aversion,combined,0,68.70143933731434,2.2963705253626587
4966,euler_ramsey,0.5,1.5% Ramsey,risk_aversion,combined,0,460.1692204828242,0.6708881773328579
4966,euler_ramsey,0.5,2.0% Ramsey,risk_aversion,combined,0,343.82361459397504,0.5832893337865652
4966,euler_ramsey,0.5,2.5% Ramsey,risk_aversion,combined,0,246.90691918210564,0.5176164162486677
4967,euler_ramsey,0.5,1.5% Ramsey,risk_aversion,combined,0,749.1541645230031,1.1309898331869086
4967,euler_ramsey,0.5,2.0% Ramsey,risk_aversion,combined,0,528.8666674974044,1.106566888525882
4967,euler_ramsey,0.5,2.5% Ramsey,risk_aversion,combined,0,356.15112872371964,1.076008866108365
4968,euler_ramsey,0.5,1.5% Ramsey,risk_aversion,combined,0,-12.184274996245133,0.9128849623419748
4968,euler_ramsey,0.5,2.0% Ramsey,risk_aversion,combined,0,26.449456001601103,0.8506825376375577
4968,euler_ramsey,0.5,2.5% Ramsey,risk_aversion,combined,0,53.59525510680389,0.7965572379837151
4969,euler_ramsey,0.5,1.5% Ramsey,risk_aversion,combined,0,750.8207680035836,0.6188154193189215
4969,euler_ramsey,0.5,2.0% Ramsey,risk_aversion,combined,0,610.4397523098002,0.528793676633134
4969,euler_ramsey,0.5,2.5% Ramsey,risk_aversion,combined,0,468.93698554724364,0.4630891497403489
4970,euler_ramsey,0.5,1.5% Ramsey,risk_aversion,combined,0,944.1188567339938,0.4663947099513344
4970,euler_ramsey,0.5,2.0% Ramsey,risk_aversion,combined,0,580.0589349595517,0.373577664513975
4970,euler_ramsey,0.5,2.5% Ramsey,risk_aversion,combined,0,400.89976210790945,0.31114337969516975
4971,euler_ramsey,0.5,1.5% Ramsey,risk_aversion,combined,0,125.27292833938095,0.9505424404033975
4971,euler_ramsey,0.5,2.0% Ramsey,risk_aversion,combined,0,95.83850438502056,0.8943605875381182
4971,euler_ramsey,0.5,2.5% Ramsey,risk_aversion,combined,0,74.52881618625736,0.84378685463598
4972,euler_ramsey,0.5,1.5% Ramsey,risk_aversion,combined,0,3413.9855433379475,0.8978376660503113
4972,euler_ramsey,0.5,2.0% Ramsey,risk_aversion,combined,0,3021.322966968965,0.8372209240268936
4972,euler_ramsey,0.5,2.5% Ramsey,risk_aversion,combined,0,2400.301272497171,0.7847036988196523
4973,euler_ramsey,0.5,1.5% Ramsey,risk_aversion,combined,0,-51.019009253926704,1.6702352661352766
4973,euler_ramsey,0.5,2.0% Ramsey,risk_aversion,combined,0,-38.49731335936023,1.7836090161379479
4973,euler_ramsey,0.5,2.5% Ramsey,risk_aversion,combined,0,-25.6534806340063,1.8556978519286476
4974,euler_ramsey,0.5,1.5% Ramsey,risk_aversion,combined,0,-352.7639698855441,0.5111029934592336
4974,euler_ramsey,0.5,2.0% Ramsey,risk_aversion,combined,0,-313.5403656925311,0.4180031361803994
4974,euler_ramsey,0.5,2.5% Ramsey,risk_aversion,combined,0,-248.5622678691724,0.3537934950504012
4975,euler_ramsey,0.5,1.5% Ramsey,risk_aversion,combined,0,597.5015231671547,1.2379158408342887
4975,euler_ramsey,0.5,2.0% Ramsey,risk_aversion,combined,0,441.3971091402474,1.2359848960723558
4975,euler_ramsey,0.5,2.5% Ramsey,risk_aversion,combined,0,331.04497037895646,1.2208392412603755
4976,euler_ramsey,0.5,1.5% Ramsey,risk_aversion,combined,0,30.93988198046159,1.691518956948519
4976,euler_ramsey,0.5,2.0% Ramsey,risk_aversion,combined,0,22.119771079628897,1.8119184830196189
4976,euler_ramsey,0.5,2.5% Ramsey,risk_aversion,combined,0,15.153579403670134,1.8896701145929755
4977,euler_ramsey,0.5,1.5% Ramsey,risk_aversion,combined,0,455.06551182238275,0.691694604044295
4977,euler_ramsey,0.5,2.0% Ramsey,risk_aversion,combined,0,412.08119546285576,0.605475810903104
4977,euler_ramsey,0.5,2.5% Ramsey,risk_aversion,combined,0,317.1998111927739,0.540127992874268
4978,euler_ramsey,0.5,1.5% Ramsey,risk_aversion,combined,0,146.4263134011341,1.8520983437179492
4978,euler_ramsey,0.5,2.0% Ramsey,risk_aversion,combined,0,101.91807933322126,2.0246402349199504
4978,euler_ramsey,0.5,2.5% Ramsey,risk_aversion,combined,0,75.62505850670709,2.1449905107779643
4979,euler_ramsey,0.5,1.5% Ramsey,risk_aversion,combined,0,205.12826034795475,0.38406667416907275
4979,euler_ramsey,0.5,2.0% Ramsey,risk_aversion,combined,0,122.18994427756444,0.2943644743739098
4979,euler_ramsey,0.5,2.5% Ramsey,risk_aversion,combined,0,71.92114926650984,0.2369364405855417
4980,euler_ramsey,0.5,1.5% Ramsey,risk_aversion,combined,0,2677.4471656955625,0.5692753759957199
4980,euler_ramsey,0.5,2.0% Ramsey,risk_aversion,combined,0,1149.633504324743,0.4767284980317816
4980,euler_ramsey,0.5,2.5% Ramsey,risk_aversion,combined,0,562.6220464776852,0.4109417638975787
4981,euler_ramsey,0.5,1.5% Ramsey,risk_aversion,combined,0,603.1130140194604,0.6196378769204929
4981,euler_ramsey,0.5,2.0% Ramsey,risk_aversion,combined,0,401.5324156916903,0.5288750037550006
4981,euler_ramsey,0.5,2.5% Ramsey,risk_aversion,combined,0,270.87971119392824,0.4626522087871457
4982,euler_ramsey,0.5,1.5% Ramsey,risk_aversion,combined,0,615.994282068478,0.9179979659106402
4982,euler_ramsey,0.5,2.0% Ramsey,risk_aversion,combined,0,503.0517728064767,0.8570287700130709
4982,euler_ramsey,0.5,2.5% Ramsey,risk_aversion,combined,0,386.7498049126993,0.8037052017063421
4983,euler_ramsey,0.5,1.5% Ramsey,risk_aversion,combined,0,5145.527674006096,0.3027862641609313
4983,euler_ramsey,0.5,2.0% Ramsey,risk_aversion,combined,0,3165.506930001274,0.22012718917146304
4983,euler_ramsey,0.5,2.5% Ramsey,risk_aversion,combined,0,1834.4189165399514,0.1701012094813979
4984,euler_ramsey,0.5,1.5% Ramsey,risk_aversion,combined,0,105.5055350476044,1.1620395578192293
4984,euler_ramsey,0.5,2.0% Ramsey,risk_aversion,combined,0,81.47400857652924,1.1439628980103496
4984,euler_ramsey,0.5,2.5% Ramsey,risk_aversion,combined,0,60.13325263462472,1.1176387940671202
4985,euler_ramsey,0.5,1.5% Ramsey,risk_aversion,combined,0,1746.05383324766,0.4528781473097295
4985,euler_ramsey,0.5,2.0% Ramsey,risk_aversion,combined,0,1651.9688042540467,0.3605208617872917
4985,euler_ramsey,0.5,2.5% Ramsey,risk_aversion,combined,0,1354.2067001766886,0.2988515461265432
4986,euler_ramsey,0.5,1.5% Ramsey,risk_aversion,combined,0,468.2210625943945,2.642449641149346
4986,euler_ramsey,0.5,2.0% Ramsey,risk_aversion,combined,0,359.57316645194516,3.129537784993472
4986,euler_ramsey,0.5,2.5% Ramsey,risk_aversion,combined,0,255.5832453940485,3.5277453759710746
4987,euler_ramsey,0.5,1.5% Ramsey,risk_aversion,combined,0,-950.2452883818502,0.7142337563152303
4987,euler_ramsey,0.5,2.0% Ramsey,risk_aversion,combined,0,-539.6990069843912,0.6298386119850867
4987,euler_ramsey,0.5,2.5% Ramsey,risk_aversion,combined,0,-342.5025163926118,0.5650766946009984
4988,euler_ramsey,0.5,1.5% Ramsey,risk_aversion,combined,0,794.8859372035854,1.012752184730082
4988,euler_ramsey,0.5,2.0% Ramsey,risk_aversion,combined,0,692.9804852473784,0.9666989476257979
4988,euler_ramsey,0.5,2.5% Ramsey,risk_aversion,combined,0,542.7510533987517,0.9223155567976472
4989,euler_ramsey,0.5,1.5% Ramsey,risk_aversion,combined,0,207.05043734664454,1.1671036194145723
4989,euler_ramsey,0.5,2.0% Ramsey,risk_aversion,combined,0,150.71579559669794,1.1494726301673992
4989,euler_ramsey,0.5,2.5% Ramsey,risk_aversion,combined,0,105.27697363361555,1.123373642272565
4990,euler_ramsey,0.5,1.5% Ramsey,risk_aversion,combined,0,1414.9117472259106,0.2102806326842787
4990,euler_ramsey,0.5,2.0% Ramsey,risk_aversion,combined,0,600.2303578803867,0.1407916366943191
4990,euler_ramsey,0.5,2.5% Ramsey,risk_aversion,combined,0,395.2472111361741,0.10207880148027097
4991,euler_ramsey,0.5,1.5% Ramsey,risk_aversion,combined,0,529.7342071392036,2.0604510633285367
4991,euler_ramsey,0.5,2.0% Ramsey,risk_aversion,combined,0,420.90082143100375,2.3077390975169414
4991,euler_ramsey,0.5,2.5% Ramsey,risk_aversion,combined,0,323.0606216801738,2.491465853751171
4992,euler_ramsey,0.5,1.5% Ramsey,risk_aversion,combined,0,267.1094043069153,0.9101353817688406
4992,euler_ramsey,0.5,2.0% Ramsey,risk_aversion,combined,0,208.67087809546473,0.8472319984052235
4992,euler_ramsey,0.5,2.5% Ramsey,risk_aversion,combined,0,153.58402319931537,0.7926210194993696
4993,euler_ramsey,0.5,1.5% Ramsey,risk_aversion,combined,0,80.17445311974943,0.9547592796390885
4993,euler_ramsey,0.5,2.0% Ramsey,risk_aversion,combined,0,41.88795189543555,0.8985123215889541
4993,euler_ramsey,0.5,2.5% Ramsey,risk_aversion,combined,0,23.444964446968953,0.8477253842854309
4994,euler_ramsey,0.5,1.5% Ramsey,risk_aversion,combined,0,314.0312796494819,0.6578241295416802
4994,euler_ramsey,0.5,2.0% Ramsey,risk_aversion,combined,0,294.4129184165378,0.5702588813014158
4994,euler_ramsey,0.5,2.5% Ramsey,risk_aversion,combined,0,259.90874367810505,0.5049781283661162
4995,euler_ramsey,0.5,1.5% Ramsey,risk_aversion,combined,0,1416.2841847693292,0.5895044695435161
4995,euler_ramsey,0.5,2.0% Ramsey,risk_aversion,combined,0,1122.095393804677,0.49767004771051654
4995,euler_ramsey,0.5,2.5% Ramsey,risk_aversion,combined,0,818.7140613393786,0.4316905536719247
4996,euler_ramsey,0.5,1.5% Ramsey,risk_aversion,combined,0,986.4861728790312,0.5999354583078322
4996,euler_ramsey,0.5,2.0% Ramsey,risk_aversion,combined,0,647.9717798040658,0.5084285662509096
4996,euler_ramsey,0.5,2.5% Ramsey,risk_aversion,combined,0,415.12279442816,0.44233278698873757
4997,euler_ramsey,0.5,1.5% Ramsey,risk_aversion,combined,0,-6.763754464893649,1.0550676669491261
4997,euler_ramsey,0.5,2.0% Ramsey,risk_aversion,combined,0,-3.8722394703574183,1.0164429682036098
4997,euler_ramsey,0.5,2.5% Ramsey,risk_aversion,combined,0,-2.6679433826716674,0.97658417011475
4998,euler_ramsey,0.5,1.5% Ramsey,risk_aversion,combined,0,-781.6446971440953,0.44887061828117497
4998,euler_ramsey,0.5,2.0% Ramsey,risk_aversion,combined,0,-615.5879491773569,0.3563257070390815
4998,euler_ramsey,0.5,2.5% Ramsey,risk_aversion,combined,0,-427.4956771712206,0.29470481628447115
4999,euler_ramsey,0.5,1.5% Ramsey,risk_aversion,combined,0,-337.37554817578035,0.9972650766666598
4999,euler_ramsey,0.5,2.0% Ramsey,risk_aversion,combined,0,-246.04420747615882,0.9486235959902687
4999,euler_ramsey,0.5,2.5% Ramsey,risk_aversion,combined,0,-156.773517334024,0.902515656569452
5000,euler_ramsey,0.5,1.5% Ramsey,risk_aversion,combined,0,833.3546059482071,0.7408630362554854
5000,euler_ramsey,0.5,2.0% Ramsey,risk_aversion,combined,0,739.2624080294942,0.6585330915532259
5000,euler_ramsey,0.5,2.5% Ramsey,risk_aversion,combined,0,582.960552263966,0.5944700059205866
5001,euler_ramsey,0.5,1.5% Ramsey,risk_aversion,combined,0,568.1149296573402,0.3584609056306809
5001,euler_ramsey,0.5,2.0% Ramsey,risk_aversion,combined,0,416.04317038449017,0.2705341894291573
5001,euler_ramsey,0.5,2.5% Ramsey,risk_aversion,combined,0,304.4924895454607,0.215176453127481
5002,euler_ramsey,0.5,1.5% Ramsey,risk_aversion,combined,0,616.5386517423585,0.7924516497392738
5002,euler_ramsey,0.5,2.0% Ramsey,risk_aversion,combined,0,458.6457416915282,0.7168072508955609
5002,euler_ramsey,0.5,2.5% Ramsey,risk_aversion,combined,0,334.73444764455564,0.656017924790103
5003,euler_ramsey,0.5,1.5% Ramsey,risk_aversion,combined,0,-190.9615705613242,1.0070276060783383
5003,euler_ramsey,0.5,2.0% Ramsey,risk_aversion,combined,0,-94.6877011921382,0.9596958351630025
5003,euler_ramsey,0.5,2.5% Ramsey,risk_aversion,combined,0,-34.46692714408766,0.9143856191468346
5004,euler_ramsey,0.5,1.5% Ramsey,risk_aversion,combined,0,-876.7718983212359,0.47283665576771033
5004,euler_ramsey,0.5,2.0% Ramsey,risk_aversion,combined,0,-674.7240734390367,0.3798139374377436
5004,euler_ramsey,0.5,2.5% Ramsey,risk_aversion,combined,0,-478.5799265008496,0.31701838255857695
5005,euler_ramsey,0.5,1.5% Ramsey,risk_aversion,combined,0,291.18471399137763,1.64762194528406
5005,euler_ramsey,0.5,2.0% Ramsey,risk_aversion,combined,0,210.83496234478628,1.7544206742618316
5005,euler_ramsey,0.5,2.5% Ramsey,risk_aversion,combined,0,156.2514243410558,1.8213982796831192
5006,euler_ramsey,0.5,1.5% Ramsey,risk_aversion,combined,0,1097.991603806907,0.8610382752305974
5006,euler_ramsey,0.5,2.0% Ramsey,risk_aversion,combined,0,944.7767071198981,0.7925467390773947
5006,euler_ramsey,0.5,2.5% Ramsey,risk_aversion,combined,0,724.6172171556243,0.7351128074711274
5007,euler_ramsey,0.5,1.5% Ramsey,risk_aversion,combined,0,423.23670191319735,0.7537792499315494
5007,euler_ramsey,0.5,2.0% Ramsey,risk_aversion,combined,0,392.2235412337612,0.6726743842868058
5007,euler_ramsey,0.5,2.5% Ramsey,risk_aversion,combined,0,317.0454427855904,0.6090941836950837
5008,euler_ramsey,0.5,1.5% Ramsey,risk_aversion,combined,0,2344.3895037949646,0.5549200849952749
5008,euler_ramsey,0.5,2.0% Ramsey,risk_aversion,combined,0,1851.1402421498494,0.4626688800297182
5008,euler_ramsey,0.5,2.5% Ramsey,risk_aversion,combined,0,1328.6769487617319,0.3975212808808754
5009,euler_ramsey,0.5,1.5% Ramsey,risk_aversion,combined,0,-1830.545773214568,0.13023705937872931
5009,euler_ramsey,0.5,2.0% Ramsey,risk_aversion,combined,0,-1372.691686692198,0.07829440418306821
5009,euler_ramsey,0.5,2.5% Ramsey,risk_aversion,combined,0,-1014.7315688664946,0.05222697308921583
5010,euler_ramsey,0.5,1.5% Ramsey,risk_aversion,combined,0,205.91536040175887,1.9481434156562745
5010,euler_ramsey,0.5,2.0% Ramsey,risk_aversion,combined,0,151.65634519331547,2.1540956259669977
5010,euler_ramsey,0.5,2.5% Ramsey,risk_aversion,combined,0,108.88123703052446,2.302480506320651
5011,euler_ramsey,0.5,1.5% Ramsey,risk_aversion,combined,0,-262.8883372863161,1.217912906903231
5011,euler_ramsey,0.5,2.0% Ramsey,risk_aversion,combined,0,-189.166698947474,1.2114355941453103
5011,euler_ramsey,0.5,2.5% Ramsey,risk_aversion,combined,0,-122.15774271401497,1.1930797973216127
5012,euler_ramsey,0.5,1.5% Ramsey,risk_aversion,combined,0,10349.685981985926,0.3156069337577297
5012,euler_ramsey,0.5,2.0% Ramsey,risk_aversion,combined,0,5118.398651493894,0.23172828567943257
5012,euler_ramsey,0.5,2.5% Ramsey,risk_aversion,combined,0,2705.6727456382328,0.18045047621195567
5013,euler_ramsey,0.5,1.5% Ramsey,risk_aversion,combined,0,1319.4168108804256,1.244648768302474
5013,euler_ramsey,0.5,2.0% Ramsey,risk_aversion,combined,0,1185.18534393881,1.2452674241078765
5013,euler_ramsey,0.5,2.5% Ramsey,risk_aversion,combined,0,926.8397678488838,1.2322286993786917
5014,euler_ramsey,0.5,1.5% Ramsey,risk_aversion,combined,0,1145.4919940603859,0.38510757012867414
5014,euler_ramsey,0.5,2.0% Ramsey,risk_aversion,combined,0,773.5393973954278,0.295677390309313
5014,euler_ramsey,0.5,2.5% Ramsey,risk_aversion,combined,0,515.1743548380127,0.23833722765077503
5015,euler_ramsey,0.5,1.5% Ramsey,risk_aversion,combined,0,-419.6121494851889,0.8840363101739479
5015,euler_ramsey,0.5,2.0% Ramsey,risk_aversion,combined,0,-300.8536621228931,0.817983274529605
5015,euler_ramsey,0.5,2.5% Ramsey,risk_aversion,combined,0,-194.20921288705372,0.7617125731904423
5016,euler_ramsey,0.5,1.5% Ramsey,risk_aversion,combined,0,390.4752143857599,0.633050039411269
5016,euler_ramsey,0.5,2.0% Ramsey,risk_aversion,combined,0,352.77880821941403,0.5434304304879141
5016,euler_ramsey,0.5,2.5% Ramsey,risk_aversion,combined,0,280.94400400137226,0.47753021095619924
5017,euler_ramsey,0.5,1.5% Ramsey,risk_aversion,combined,0,849.2909678783519,2.062889542987079
5017,euler_ramsey,0.5,2.0% Ramsey,risk_aversion,combined,0,943.0941293169582,2.310922898447025
5017,euler_ramsey,0.5,2.5% Ramsey,risk_aversion,combined,0,867.6571994033449,2.495246712795249
5018,euler_ramsey,0.5,1.5% Ramsey,risk_aversion,combined,0,906.8004329791083,0.17501603696727946
5018,euler_ramsey,0.5,2.0% Ramsey,risk_aversion,combined,0,355.0871103730301,0.11241198179908904
5018,euler_ramsey,0.5,2.5% Ramsey,risk_aversion,combined,0,199.8690656920101,0.0789227194574721
5019,euler_ramsey,0.5,1.5% Ramsey,risk_aversion,combined,0,657.8587012991175,0.9324187309015808
5019,euler_ramsey,0.5,2.0% Ramsey,risk_aversion,combined,0,502.9450860854632,0.8730379629977937
5019,euler_ramsey,0.5,2.5% Ramsey,risk_aversion,combined,0,359.6073892339016,0.820487977783677
5020,euler_ramsey,0.5,1.5% Ramsey,risk_aversion,combined,0,3898.528664843232,0.5315064661366473
5020,euler_ramsey,0.5,2.0% Ramsey,risk_aversion,combined,0,2608.6304981886265,0.43879744821646555
5020,euler_ramsey,0.5,2.5% Ramsey,risk_aversion,combined,0,1672.930592169648,0.3741392040444808
5021,euler_ramsey,0.5,1.5% Ramsey,risk_aversion,combined,0,722.5256714473264,0.3991354199230914
5021,euler_ramsey,0.5,2.0% Ramsey,risk_aversion,combined,0,298.21687712361864,0.30857889632299657
5021,euler_ramsey,0.5,2.5% Ramsey,risk_aversion,combined,0,154.20219547942443,0.25005170955287137
5022,euler_ramsey,0.5,1.5% Ramsey,risk_aversion,combined,0,504.20218136753806,0.3303447343474014
5022,euler_ramsey,0.5,2.0% Ramsey,risk_aversion,combined,0,462.1339862564088,0.24477000129112206
5022,euler_ramsey,0.5,2.5% Ramsey,risk_aversion,combined,0,382.9095747718636,0.19193291997755588
5023,euler_ramsey,0.5,1.5% Ramsey,risk_aversion,combined,0,160.08077120071943,1.122468160320077
5023,euler_ramsey,0.5,2.0% Ramsey,risk_aversion,combined,0,113.9379228250555,1.0956490385331952
5023,euler_ramsey,0.5,2.5% Ramsey,risk_aversion,combined,0,83.07387400882183,1.0633734109023063
5024,euler_ramsey,0.5,1.5% Ramsey,risk_aversion,combined,0,-232.0031340627502,0.389946909488191
5024,euler_ramsey,0.5,2.0% Ramsey,risk_aversion,combined,0,-169.35944222365595,0.3000538684831269
5024,euler_ramsey,0.5,2.5% Ramsey,risk_aversion,combined,0,-112.00976109240864,0.2422637579165043
5025,euler_ramsey,0.5,1.5% Ramsey,risk_aversion,combined,0,669.4752973031851,1.265202836629856
5025,euler_ramsey,0.5,2.0% Ramsey,risk_aversion,combined,0,484.9658087488177,1.2694487683564488
5025,euler_ramsey,0.5,2.5% Ramsey,risk_aversion,combined,0,341.52275671670105,1.2586749173336094
5026,euler_ramsey,0.5,1.5% Ramsey,risk_aversion,combined,0,900.1817104361178,1.1431150360319893
5026,euler_ramsey,0.5,2.0% Ramsey,risk_aversion,combined,0,1088.7635789465646,1.121648306279932
5026,euler_ramsey,0.5,2.5% Ramsey,risk_aversion,combined,0,1073.5694818414352,1.0930986471008475
5027,euler_ramsey,0.5,1.5% Ramsey,risk_aversion,combined,0,137.29229130382708,0.7689388727151405
5027,euler_ramsey,0.5,2.0% Ramsey,risk_aversion,combined,0,117.58146596702275,0.690005422673328
5027,euler_ramsey,0.5,2.5% Ramsey,risk_aversion,combined,0,88.63086681151945,0.6275509058760955
5028,euler_ramsey,0.5,1.5% Ramsey,risk_aversion,combined,0,740.781488612204,1.3149141348639577
5028,euler_ramsey,0.5,2.0% Ramsey,risk_aversion,combined,0,571.7850875477268,1.3312091607980174
5028,euler_ramsey,0.5,2.5% Ramsey,risk_aversion,combined,0,403.6450759943065,1.3291721459280765
5029,euler_ramsey,0.5,1.5% Ramsey,risk_aversion,combined,0,1539.0935115868144,0.258525298300445
5029,euler_ramsey,0.5,2.0% Ramsey,risk_aversion,combined,0,642.151104743642,0.181294273881836
5029,euler_ramsey,0.5,2.5% Ramsey,risk_aversion,combined,0,369.99123366446827,0.13623389759558607
5030,euler_ramsey,0.5,1.5% Ramsey,risk_aversion,combined,0,1393.3058894323094,0.45380454181743174
5030,euler_ramsey,0.5,2.0% Ramsey,risk_aversion,combined,0,1076.3445600249227,0.3613134539926524
5030,euler_ramsey,0.5,2.5% Ramsey,risk_aversion,combined,0,772.5774855559653,0.29953626709217157
5031,euler_ramsey,0.5,1.5% Ramsey,risk_aversion,combined,0,380.95029820166116,1.8170693376747828
5031,euler_ramsey,0.5,2.0% Ramsey,risk_aversion,combined,0,294.3965489126776,1.9784697592016962
5031,euler_ramsey,0.5,2.5% Ramsey,risk_aversion,combined,0,227.65440541683944,2.0898276498138197
5032,euler_ramsey,0.5,1.5% Ramsey,risk_aversion,combined,0,-42.90280272963854,0.6769228153729083
5032,euler_ramsey,0.5,2.0% Ramsey,risk_aversion,combined,0,-27.979419931898466,0.5903225888890358
5032,euler_ramsey,0.5,2.5% Ramsey,risk_aversion,combined,0,-13.583715288938212,0.525165973292861
5033,euler_ramsey,0.5,1.5% Ramsey,risk_aversion,combined,0,991.6256378376802,0.9435491927025675
5033,euler_ramsey,0.5,2.0% Ramsey,risk_aversion,combined,0,791.2877968553919,0.886483597502899
5033,euler_ramsey,0.5,2.5% Ramsey,risk_aversion,combined,0,611.2707274837849,0.8354268693164001
5034,euler_ramsey,0.5,1.5% Ramsey,risk_aversion,combined,0,50.819135051303626,0.9231657168422157
5034,euler_ramsey,0.5,2.0% Ramsey,risk_aversion,combined,0,45.87956487357503,0.8625341548432833
5034,euler_ramsey,0.5,2.5% Ramsey,risk_aversion,combined,0,40.572955206193996,0.8092830446548288
5035,euler_ramsey,0.5,1.5% Ramsey,risk_aversion,combined,0,3085.378603460706,0.36707881949210275
5035,euler_ramsey,0.5,2.0% Ramsey,risk_aversion,combined,0,3129.3400775196283,0.27907836119846136
5035,euler_ramsey,0.5,2.5% Ramsey,risk_aversion,combined,0,2709.659342364652,0.22327821386904503
5036,euler_ramsey,0.5,1.5% Ramsey,risk_aversion,combined,0,1945.9559935859052,0.4603644999691003
5036,euler_ramsey,0.5,2.0% Ramsey,risk_aversion,combined,0,1680.2202680385167,0.3677078729515588
5036,euler_ramsey,0.5,2.5% Ramsey,risk_aversion,combined,0,1276.4617843285391,0.30558959613047953
5037,euler_ramsey,0.5,1.5% Ramsey,risk_aversion,combined,0,644.4283736346566,1.139293897655646
5037,euler_ramsey,0.5,2.0% Ramsey,risk_aversion,combined,0,451.4310590245612,1.116977505361282
5037,euler_ramsey,0.5,2.5% Ramsey,risk_aversion,combined,0,295.8552623060348,1.0879852245934623
5038,euler_ramsey,0.5,1.5% Ramsey,risk_aversion,combined,0,-105.83451564068544,0.8284629847300469
5038,euler_ramsey,0.5,2.0% Ramsey,risk_aversion,combined,0,-83.81346913319003,0.7554683567361082
5038,euler_ramsey,0.5,2.5% Ramsey,risk_aversion,combined,0,-57.163893768264224,0.695607246083477
5039,euler_ramsey,0.5,1.5% Ramsey,risk_aversion,combined,0,257.2212019160802,1.050857992135288
5039,euler_ramsey,0.5,2.0% Ramsey,risk_aversion,combined,0,217.80236317314004,1.0113357720700673
5039,euler_ramsey,0.5,2.5% Ramsey,risk_aversion,combined,0,167.0096141379916,0.9710237400706335
5040,euler_ramsey,0.5,1.5% Ramsey,risk_aversion,combined,0,427.2541401775351,0.8123305207724965
5040,euler_ramsey,0.5,2.0% Ramsey,risk_aversion,combined,0,240.87666724495872,0.7383195297511144
5040,euler_ramsey,0.5,2.5% Ramsey,risk_aversion,combined,0,151.0384123891922,0.6782424155777163
5041,euler_ramsey,0.5,1.5% Ramsey,risk_aversion,combined,0,594.2166029979419,0.986370309500929
5041,euler_ramsey,0.5,2.0% Ramsey,risk_aversion,combined,0,583.2858317110001,0.9359953684819897
5041,euler_ramsey,0.5,2.5% Ramsey,risk_aversion,combined,0,507.38272537830255,0.888958948764166
5042,euler_ramsey,0.5,1.5% Ramsey,risk_aversion,combined,0,285.0991942685207,2.003024673992507
5042,euler_ramsey,0.5,2.0% Ramsey,risk_aversion,combined,0,220.91711021799904,2.2284253940370156
5042,euler_ramsey,0.5,2.5% Ramsey,risk_aversion,combined,0,165.33642617801706,2.393356032398795
5043,euler_ramsey,0.5,1.5% Ramsey,risk_aversion,combined,0,2036.6528808045014,0.5246732999844409
5043,euler_ramsey,0.5,2.0% Ramsey,risk_aversion,combined,0,760.4727148503272,0.4321066482441454
5043,euler_ramsey,0.5,2.5% Ramsey,risk_aversion,combined,0,389.496989374714,0.3677591753555313
5044,euler_ramsey,0.5,1.5% Ramsey,risk_aversion,combined,0,93.26496302631219,1.9232665324167315
5044,euler_ramsey,0.5,2.0% Ramsey,risk_aversion,combined,0,76.47859898558431,2.12029698714027
5044,euler_ramsey,0.5,2.5% Ramsey,risk_aversion,combined,0,63.111542563021494,2.2610908806005847
5045,euler_ramsey,0.5,1.5% Ramsey,risk_aversion,combined,0,541.0338498540348,0.6313658582728139
5045,euler_ramsey,0.5,2.0% Ramsey,risk_aversion,combined,0,276.03204570133795,0.5418831237960029
5045,euler_ramsey,0.5,2.5% Ramsey,risk_aversion,combined,0,149.97685585728422,0.4761185853064984
5046,euler_ramsey,0.5,1.5% Ramsey,risk_aversion,combined,0,328.2411117483836,0.9694298450301936
5046,euler_ramsey,0.5,2.0% Ramsey,risk_aversion,combined,0,213.32204952081764,0.9155285340237402
5046,euler_ramsey,0.5,2.5% Ramsey,risk_aversion,combined,0,143.5121364732444,0.8661685883812422
5047,euler_ramsey,0.5,1.5% Ramsey,risk_aversion,combined,0,433.3209563346706,0.8231902949821167
5047,euler_ramsey,0.5,2.0% Ramsey,risk_aversion,combined,0,359.0630586339972,0.7496998798955059
5047,euler_ramsey,0.5,2.5% Ramsey,risk_aversion,combined,0,272.4946922027554,0.6896308435250726
5048,euler_ramsey,0.5,1.5% Ramsey,risk_aversion,combined,0,2974.894554131922,0.4460038636637366
5048,euler_ramsey,0.5,2.0% Ramsey,risk_aversion,combined,0,1731.0055083795721,0.35404075034034577
5048,euler_ramsey,0.5,2.5% Ramsey,risk_aversion,combined,0,1092.9906351983711,0.2928530980586125
5049,euler_ramsey,0.5,1.5% Ramsey,risk_aversion,combined,0,343.0637286762421,1.288477314547022
5049,euler_ramsey,0.5,2.0% Ramsey,risk_aversion,combined,0,284.1140968206197,1.29764045865564
5049,euler_ramsey,0.5,2.5% Ramsey,risk_aversion,combined,0,215.99712263519197,1.2903263644007745
5050,euler_ramsey,0.5,1.5% Ramsey,risk_aversion,combined,0,-263.62169068801296,0.8181280883028502
5050,euler_ramsey,0.5,2.0% Ramsey,risk_aversion,combined,0,-223.61206207353433,0.7440845988931946
5050,euler_ramsey,0.5,2.5% Ramsey,risk_aversion,combined,0,-167.04946955754383,0.6837348526446217
5051,euler_ramsey,0.5,1.5% Ramsey,risk_aversion,combined,0,394.51935061556367,1.7318340032422903
5051,euler_ramsey,0.5,2.0% Ramsey,risk_aversion,combined,0,301.1618298858666,1.8649243757142921
5051,euler_ramsey,0.5,2.5% Ramsey,risk_aversion,combined,0,219.98350084821996,1.9530166816378864
5052,euler_ramsey,0.5,1.5% Ramsey,risk_aversion,combined,0,1625.6570276427035,0.8773033674798312
5052,euler_ramsey,0.5,2.0% Ramsey,risk_aversion,combined,0,1343.2259509235068,0.8113137706863263
5052,euler_ramsey,0.5,2.5% Ramsey,risk_aversion,combined,0,1005.309569731077,0.7553343773186133
5053,euler_ramsey,0.5,1.5% Ramsey,risk_aversion,combined,0,-468.0968244255884,0.44575637681382235
5053,euler_ramsey,0.5,2.0% Ramsey,risk_aversion,combined,0,-399.7977494558831,0.3533515508319919
5053,euler_ramsey,0.5,2.5% Ramsey,risk_aversion,combined,0,-306.23504817460775,0.29192637110455943
5054,euler_ramsey,0.5,1.5% Ramsey,risk_aversion,combined,0,646.1898748291992,0.8508735681162914
5054,euler_ramsey,0.5,2.0% Ramsey,risk_aversion,combined,0,530.7228972962727,0.7807550043186311
5054,euler_ramsey,0.5,2.5% Ramsey,risk_aversion,combined,0,387.6877010608715,0.722393696701493
5055,euler_ramsey,0.5,1.5% Ramsey,risk_aversion,combined,0,1123.9449524909821,0.5332146099847264
5055,euler_ramsey,0.5,2.0% Ramsey,risk_aversion,combined,0,696.6450192559905,0.4402595742968764
5055,euler_ramsey,0.5,2.5% Ramsey,risk_aversion,combined,0,449.5153283416322,0.37539754862006264
5056,euler_ramsey,0.5,1.5% Ramsey,risk_aversion,combined,0,2821.166612320106,0.32527355938730285
5056,euler_ramsey,0.5,2.0% Ramsey,risk_aversion,combined,0,1573.4509106830535,0.24028411845800426
5056,euler_ramsey,0.5,2.5% Ramsey,risk_aversion,combined,0,879.3459012092379,0.18798371462025912
5057,euler_ramsey,0.5,1.5% Ramsey,risk_aversion,combined,0,3325.6360507123622,0.8550055384780193
5057,euler_ramsey,0.5,2.0% Ramsey,risk_aversion,combined,0,2521.3414377680747,0.7858322261571651
5057,euler_ramsey,0.5,2.5% Ramsey,risk_aversion,combined,0,1684.712126271274,0.7280620076203963
5058,euler_ramsey,0.5,1.5% Ramsey,risk_aversion,combined,0,2228.198479387734,0.2901565933915766
5058,euler_ramsey,0.5,2.0% Ramsey,risk_aversion,combined,0,1916.8265328133602,0.2090422137017862
5058,euler_ramsey,0.5,2.5% Ramsey,risk_aversion,combined,0,1574.4369703591772,0.1604148648887191
5059,euler_ramsey,0.5,1.5% Ramsey,risk_aversion,combined,0,270.1518666748088,1.6491444392064507
5059,euler_ramsey,0.5,2.0% Ramsey,risk_aversion,combined,0,204.77068805535416,1.7562246329065705
5059,euler_ramsey,0.5,2.5% Ramsey,risk_aversion,combined,0,152.12657471226905,1.8233775533558496
5060,euler_ramsey,0.5,1.5% Ramsey,risk_aversion,combined,0,1111.6413417759607,0.7065722930132198
5060,euler_ramsey,0.5,2.0% Ramsey,risk_aversion,combined,0,844.9768361685705,0.6211804321724774
5060,euler_ramsey,0.5,2.5% Ramsey,risk_aversion,combined,0,608.2869628891028,0.5559792196051196
5061,euler_ramsey,0.5,1.5% Ramsey,risk_aversion,combined,0,4352.472611596804,0.44919651435997204
5061,euler_ramsey,0.5,2.0% Ramsey,risk_aversion,combined,0,3548.477464311088,0.3573233275552602
5061,euler_ramsey,0.5,2.5% Ramsey,risk_aversion,combined,0,2576.0129947770474,0.2960611997023911
5062,euler_ramsey,0.5,1.5% Ramsey,risk_aversion,combined,0,-468.4533050951501,0.2938900105765914
5062,euler_ramsey,0.5,2.0% Ramsey,risk_aversion,combined,0,-288.2283835333056,0.2121142472407515
5062,euler_ramsey,0.5,2.5% Ramsey,risk_aversion,combined,0,-185.32438769408608,0.1629800643921039
5063,euler_ramsey,0.5,1.5% Ramsey,risk_aversion,combined,0,436.9228100267378,2.6727338462247614
5063,euler_ramsey,0.5,2.0% Ramsey,risk_aversion,combined,0,335.10004652469286,3.1737276009477986
5063,euler_ramsey,0.5,2.5% Ramsey,risk_aversion,combined,0,246.176680198139,3.5848114439347936
5064,euler_ramsey,0.5,1.5% Ramsey,risk_aversion,combined,0,538.3911056520197,1.438820094152029
5064,euler_ramsey,0.5,2.0% Ramsey,risk_aversion,combined,0,368.77488057311183,1.4861311201993919
5064,euler_ramsey,0.5,2.5% Ramsey,risk_aversion,combined,0,254.10494381464954,1.5069662639620047
5065,euler_ramsey,0.5,1.5% Ramsey,risk_aversion,combined,0,201.76904954657047,1.7294094058416238
5065,euler_ramsey,0.5,2.0% Ramsey,risk_aversion,combined,0,152.69782484510625,1.86168908142132
5065,euler_ramsey,0.5,2.5% Ramsey,risk_aversion,combined,0,112.85030513756593,1.9492153880263947
5066,euler_ramsey,0.5,1.5% Ramsey,risk_aversion,combined,0,85.00229452794404,0.6493772415390416
5066,euler_ramsey,0.5,2.0% Ramsey,risk_aversion,combined,0,86.02285412976227,0.5608339686331846
5066,euler_ramsey,0.5,2.5% Ramsey,risk_aversion,combined,0,74.14173334309545,0.4951676588260917
5067,euler_ramsey,0.5,1.5% Ramsey,risk_aversion,combined,0,3549.63596213087,0.497481304397259
5067,euler_ramsey,0.5,2.0% Ramsey,risk_aversion,combined,0,2131.2504233918467,0.40496938068313015
5067,euler_ramsey,0.5,2.5% Ramsey,risk_aversion,combined,0,1273.2572148838383,0.3415857741059779
5068,euler_ramsey,0.5,1.5% Ramsey,risk_aversion,combined,0,209.9942056367268,0.718085525983757
5068,euler_ramsey,0.5,2.0% Ramsey,risk_aversion,combined,0,202.71076495181453,0.6337777252652144
5068,euler_ramsey,0.5,2.5% Ramsey,risk_aversion,combined,0,170.73023755270722,0.5689922650262977
5069,euler_ramsey,0.5,1.5% Ramsey,risk_aversion,combined,0,-1007.8157612254286,0.3257796627226544
5069,euler_ramsey,0.5,2.0% Ramsey,risk_aversion,combined,0,-585.3092670373469,0.2407666364085785
5069,euler_ramsey,0.5,2.5% Ramsey,risk_aversion,combined,0,-381.44976376832165,0.18842214551953543
5070,euler_ramsey,0.5,1.5% Ramsey,risk_aversion,combined,0,398.3677608448009,0.6324428053441162
5070,euler_ramsey,0.5,2.0% Ramsey,risk_aversion,combined,0,525.5568513133748,0.5422531898845625
5070,euler_ramsey,0.5,2.5% Ramsey,risk_aversion,combined,0,544.9428591613674,0.47601331956327536
5071,euler_ramsey,0.5,1.5% Ramsey,risk_aversion,combined,0,1184.99281035524,0.9224270604036877
5071,euler_ramsey,0.5,2.0% Ramsey,risk_aversion,combined,0,990.5559810281527,0.8624807085785358
5071,euler_ramsey,0.5,2.5% Ramsey,risk_aversion,combined,0,726.7660439036912,0.8097717281676691
5072,euler_ramsey,0.5,1.5% Ramsey,risk_aversion,combined,0,1609.7482697974647,0.6079367907133162
5072,euler_ramsey,0.5,2.0% Ramsey,risk_aversion,combined,0,1252.3668235501768,0.518005920332484
5072,euler_ramsey,0.5,2.5% Ramsey,risk_aversion,combined,0,920.5871345830058,0.45266487306729736
5073,euler_ramsey,0.5,1.5% Ramsey,risk_aversion,combined,0,249.8895467652504,2.0067232150100986
5073,euler_ramsey,0.5,2.0% Ramsey,risk_aversion,combined,0,174.93761929510245,2.233721647180509
5073,euler_ramsey,0.5,2.5% Ramsey,risk_aversion,combined,0,121.74457905350721,2.40003769289736
5074,euler_ramsey,0.5,1.5% Ramsey,risk_aversion,combined,0,448.8161481919686,1.4563212188427153
5074,euler_ramsey,0.5,2.0% Ramsey,risk_aversion,combined,0,327.62630011036396,1.5084677771222568
5074,euler_ramsey,0.5,2.5% Ramsey,risk_aversion,combined,0,235.36578065287222,1.5329705988897862
5075,euler_ramsey,0.5,1.5% Ramsey,risk_aversion,combined,0,101.3766216519001,2.923286357463888
5075,euler_ramsey,0.5,2.0% Ramsey,risk_aversion,combined,0,81.8981055300171,3.540970632111921
5075,euler_ramsey,0.5,2.5% Ramsey,risk_aversion,combined,0,64.68114380416252,4.061371312518317
5076,euler_ramsey,0.5,1.5% Ramsey,risk_aversion,combined,0,1232.93547688248,0.5979190363523964
5076,euler_ramsey,0.5,2.0% Ramsey,risk_aversion,combined,0,782.0057076538582,0.5066110732044325
5076,euler_ramsey,0.5,2.5% Ramsey,risk_aversion,combined,0,475.57573345788046,0.4406988143710672
5077,euler_ramsey,0.5,1.5% Ramsey,risk_aversion,combined,0,492.5685166566411,0.7424374893194139
5077,euler_ramsey,0.5,2.0% Ramsey,risk_aversion,combined,0,371.80768013400126,0.6603168111024287
5077,euler_ramsey,0.5,2.5% Ramsey,risk_aversion,combined,0,274.9455155099695,0.5963844570391821
5078,euler_ramsey,0.5,1.5% Ramsey,risk_aversion,combined,0,-16.859598393093112,0.5200830899733887
5078,euler_ramsey,0.5,2.0% Ramsey,risk_aversion,combined,0,-37.17196704938751,0.4269053836920052
5078,euler_ramsey,0.5,2.5% Ramsey,risk_aversion,combined,0,-38.63420679605174,0.3623450527834572
5079,euler_ramsey,0.5,1.5% Ramsey,risk_aversion,combined,0,1018.7231431238916,1.2675945181264014
5079,euler_ramsey,0.5,2.0% Ramsey,risk_aversion,combined,0,677.5167626829559,1.2727458392751463
5079,euler_ramsey,0.5,2.5% Ramsey,risk_aversion,combined,0,451.84483140693914,1.2627473527362632
5080,euler_ramsey,0.5,1.5% Ramsey,risk_aversion,combined,0,-743.0295533290679,0.5374655312143167
5080,euler_ramsey,0.5,2.0% Ramsey,risk_aversion,combined,0,-118.51613192672565,0.44462334739863113
5080,euler_ramsey,0.5,2.5% Ramsey,risk_aversion,combined,0,-32.42750324250253,0.3796789447297027
5081,euler_ramsey,0.5,1.5% Ramsey,risk_aversion,combined,0,-79.57981216285404,1.5674781726201301
5081,euler_ramsey,0.5,2.0% Ramsey,risk_aversion,combined,0,-45.98266762475879,1.6503650876308145
5081,euler_ramsey,0.5,2.5% Ramsey,risk_aversion,combined,0,-10.43923589296597,1.6985086984179496
5082,euler_ramsey,0.5,1.5% Ramsey,risk_aversion,combined,0,5889.8474086865235,0.313256677060849
5082,euler_ramsey,0.5,2.0% Ramsey,risk_aversion,combined,0,3189.4743438900714,0.22945522319567535
5082,euler_ramsey,0.5,2.5% Ramsey,risk_aversion,combined,0,1675.3193928183302,0.1783391040888673
5083,euler_ramsey,0.5,1.5% Ramsey,risk_aversion,combined,0,1457.9322498584388,1.0171324659203547
5083,euler_ramsey,0.5,2.0% Ramsey,risk_aversion,combined,0,1019.452749280117,0.9727905363410327
5083,euler_ramsey,0.5,2.5% Ramsey,risk_aversion,combined,0,718.4049575076166,0.92960497591581
5084,euler_ramsey,0.5,1.5% Ramsey,risk_aversion,combined,0,60.5552775209148,2.542360298071604
5084,euler_ramsey,0.5,2.0% Ramsey,risk_aversion,combined,0,44.96290206155653,2.9845331441670577
5084,euler_ramsey,0.5,2.5% Ramsey,risk_aversion,combined,0,33.325300137557626,3.3411811492431465
5085,euler_ramsey,0.5,1.5% Ramsey,risk_aversion,combined,0,1451.2646932412606,0.7089352213540091
5085,euler_ramsey,0.5,2.0% Ramsey,risk_aversion,combined,0,1213.2858661838518,0.6251974929442031
5085,euler_ramsey,0.5,2.5% Ramsey,risk_aversion,combined,0,907.6550107533784,0.5610859900085428
5086,euler_ramsey,0.5,1.5% Ramsey,risk_aversion,combined,0,58.456690660409485,0.5971156276573888
5086,euler_ramsey,0.5,2.0% Ramsey,risk_aversion,combined,0,12.841567518397131,0.5055130772399089
5086,euler_ramsey,0.5,2.5% Ramsey,risk_aversion,combined,0,-3.5320831742930294,0.4394359896168735
5087,euler_ramsey,0.5,1.5% Ramsey,risk_aversion,combined,0,-69.1621230122932,0.9106498280432902
5087,euler_ramsey,0.5,2.0% Ramsey,risk_aversion,combined,0,-49.02550559652755,0.8488725081183295
5087,euler_ramsey,0.5,2.5% Ramsey,risk_aversion,combined,0,-23.676964956600756,0.795051824454072
5088,euler_ramsey,0.5,1.5% Ramsey,risk_aversion,combined,0,69.24981091232699,3.9027570249926913
5088,euler_ramsey,0.5,2.0% Ramsey,risk_aversion,combined,0,49.97442236075497,5.044346057318337
5088,euler_ramsey,0.5,2.5% Ramsey,risk_aversion,combined,0,37.98004977278137,6.0831623617858845
5089,euler_ramsey,0.5,1.5% Ramsey,risk_aversion,combined,0,510.6480439267743,1.3424772002961374
5089,euler_ramsey,0.5,2.0% Ramsey,risk_aversion,combined,0,421.84891779597314,1.3652064376429947
5089,euler_ramsey,0.5,2.5% Ramsey,risk_aversion,combined,0,328.9831231085978,1.3677676110371635
5090,euler_ramsey,0.5,1.5% Ramsey,risk_aversion,combined,0,184.15502291022645,2.0005585721050503
5090,euler_ramsey,0.5,2.0% Ramsey,risk_aversion,combined,0,144.9845308569314,2.2249338584776543
5090,euler_ramsey,0.5,2.5% Ramsey,risk_aversion,combined,0,111.16809938069747,2.388948272278317
5091,euler_ramsey,0.5,1.5% Ramsey,risk_aversion,combined,0,1179.6485623398426,0.7576291409980718
5091,euler_ramsey,0.5,2.0% Ramsey,risk_aversion,combined,0,1045.6443218342927,0.6768674813463217
5091,euler_ramsey,0.5,2.5% Ramsey,risk_aversion,combined,0,825.4761171512728,0.6134427536286001
5092,euler_ramsey,0.5,1.5% Ramsey,risk_aversion,combined,0,612.1765836229105,0.5842776041367405
5092,euler_ramsey,0.5,2.0% Ramsey,risk_aversion,combined,0,481.2511718785604,0.4923766011756563
5092,euler_ramsey,0.5,2.5% Ramsey,risk_aversion,combined,0,350.0778214266124,0.4265083791265469
5093,euler_ramsey,0.5,1.5% Ramsey,risk_aversion,combined,0,3226.6675724934184,0.2399015523412789
5093,euler_ramsey,0.5,2.0% Ramsey,risk_aversion,combined,0,948.4073222744936,0.16554817791138035
5093,euler_ramsey,0.5,2.5% Ramsey,risk_aversion,combined,0,513.7613257550961,0.12287123194192186
5094,euler_ramsey,0.5,1.5% Ramsey,risk_aversion,combined,0,197.15502898089758,1.1437922024675276
5094,euler_ramsey,0.5,2.0% Ramsey,risk_aversion,combined,0,143.0011408122336,1.121789542825706
5094,euler_ramsey,0.5,2.5% Ramsey,risk_aversion,combined,0,101.10178690156603,1.0928749513814302
5095,euler_ramsey,0.5,1.5% Ramsey,risk_aversion,combined,0,4017.6994607682045,1.144707178178212
5095,euler_ramsey,0.5,2.0% Ramsey,risk_aversion,combined,0,3144.7199535245495,1.123425697793992
5095,euler_ramsey,0.5,2.5% Ramsey,risk_aversion,combined,0,2151.7363741235727,1.095086787161148
5096,euler_ramsey,0.5,1.5% Ramsey,risk_aversion,combined,0,616.1759941116841,1.31741025482955
5096,euler_ramsey,0.5,2.0% Ramsey,risk_aversion,combined,0,510.53308486110484,1.3341402654292354
5096,euler_ramsey,0.5,2.5% Ramsey,risk_aversion,combined,0,397.9394271177694,1.3323693918506074
5097,euler_ramsey,0.5,1.5% Ramsey,risk_aversion,combined,0,418.74180399028165,0.7156339542257159
5097,euler_ramsey,0.5,2.0% Ramsey,risk_aversion,combined,0,375.5079722930172,0.6308845381768344
5097,euler_ramsey,0.5,2.5% Ramsey,risk_aversion,combined,0,292.0645406093757,0.5658628518310166
5098,euler_ramsey,0.5,1.5% Ramsey,risk_aversion,combined,0,204.19249407076526,0.7423567104133252
5098,euler_ramsey,0.5,2.0% Ramsey,risk_aversion,combined,0,163.31130321890774,0.660847454983363
5098,euler_ramsey,0.5,2.5% Ramsey,risk_aversion,combined,0,123.04878977897722,0.5972837399346368
5099,euler_ramsey,0.5,1.5% Ramsey,risk_aversion,combined,0,890.8695863146633,2.1722587914464064
5099,euler_ramsey,0.5,2.0% Ramsey,risk_aversion,combined,0,681.2600937550374,2.461592117635015
5099,euler_ramsey,0.5,2.5% Ramsey,risk_aversion,combined,0,481.6138888557504,2.6816084385142074
5100,euler_ramsey,0.5,1.5% Ramsey,risk_aversion,combined,0,-47.62296417086976,0.8896508718728358
5100,euler_ramsey,0.5,2.0% Ramsey,risk_aversion,combined,0,-50.509521924023375,0.823943488277765
5100,euler_ramsey,0.5,2.5% Ramsey,risk_aversion,combined,0,-44.53129905135165,0.7677996756720038
5101,euler_ramsey,0.5,1.5% Ramsey,risk_aversion,combined,0,419.1911697854694,0.9188378606775705
5101,euler_ramsey,0.5,2.0% Ramsey,risk_aversion,combined,0,302.57171388673794,0.8572502361063261
5101,euler_ramsey,0.5,2.5% Ramsey,risk_aversion,combined,0,213.12291808229335,0.8034044548215449
5102,euler_ramsey,0.5,1.5% Ramsey,risk_aversion,combined,0,946.6700665693227,2.117246748638726
5102,euler_ramsey,0.5,2.0% Ramsey,risk_aversion,combined,0,685.2420239806208,2.3863801714132644
5102,euler_ramsey,0.5,2.5% Ramsey,risk_aversion,combined,0,474.2274932112596,2.5889916091448257
5103,euler_ramsey,0.5,1.5% Ramsey,risk_aversion,combined,0,3029.955801452053,0.9228671396484893
5103,euler_ramsey,0.5,2.0% Ramsey,risk_aversion,combined,0,2488.5003945891913,0.8634799137750081
5103,euler_ramsey,0.5,2.5% Ramsey,risk_aversion,combined,0,1806.3002069054771,0.8111747973012118
5104,euler_ramsey,0.5,1.5% Ramsey,risk_aversion,combined,0,61.03803793560733,1.0845117824585853
5104,euler_ramsey,0.5,2.0% Ramsey,risk_aversion,combined,0,28.13397954673422,1.0506036473140263
5104,euler_ramsey,0.5,2.5% Ramsey,risk_aversion,combined,0,10.680543159975072,1.0137059173236658
5105,euler_ramsey,0.5,1.5% Ramsey,risk_aversion,combined,0,3365.455407025865,0.5071744136952742
5105,euler_ramsey,0.5,2.0% Ramsey,risk_aversion,combined,0,2241.510821210465,0.41455557233676366
5105,euler_ramsey,0.5,2.5% Ramsey,risk_aversion,combined,0,1389.431702260316,0.35077037418364554
5106,euler_ramsey,0.5,1.5% Ramsey,risk_aversion,combined,0,1585.6776879923914,0.783740920416631
5106,euler_ramsey,0.5,2.0% Ramsey,risk_aversion,combined,0,775.5505324075809,0.705712418255318
5106,euler_ramsey,0.5,2.5% Ramsey,risk_aversion,combined,0,423.90433062516513,0.643480442385148
5107,euler_ramsey,0.5,1.5% Ramsey,risk_aversion,combined,0,587.6973559368138,0.6943939764328197
5107,euler_ramsey,0.5,2.0% Ramsey,risk_aversion,combined,0,352.996534102525,0.6085112613063736
5107,euler_ramsey,0.5,2.5% Ramsey,risk_aversion,combined,0,216.9509883514162,0.5433127601025307
5108,euler_ramsey,0.5,1.5% Ramsey,risk_aversion,combined,0,-764.214930450777,0.5811012665097909
5108,euler_ramsey,0.5,2.0% Ramsey,risk_aversion,combined,0,-511.0309057499577,0.48898410878645177
5108,euler_ramsey,0.5,2.5% Ramsey,risk_aversion,combined,0,-343.89916254929955,0.42307988429106663
5109,euler_ramsey,0.5,1.5% Ramsey,risk_aversion,combined,0,1280.7741223248797,1.542394794328508
5109,euler_ramsey,0.5,2.0% Ramsey,risk_aversion,combined,0,1181.6317973210491,1.6188886744429352
5109,euler_ramsey,0.5,2.5% Ramsey,risk_aversion,combined,0,939.2388779924884,1.6621937600186778
5110,euler_ramsey,0.5,1.5% Ramsey,risk_aversion,combined,0,-7.002868625217656,0.8093329170611692
5110,euler_ramsey,0.5,2.0% Ramsey,risk_aversion,combined,0,26.000582919006824,0.7351859551820831
5110,euler_ramsey,0.5,2.5% Ramsey,risk_aversion,combined,0,42.101453514347625,0.6749912914471712
5111,euler_ramsey,0.5,1.5% Ramsey,risk_aversion,combined,0,-88.07325988972545,0.8886173772595429
5111,euler_ramsey,0.5,2.0% Ramsey,risk_aversion,combined,0,-84.18471182652867,0.8230304833271656
5111,euler_ramsey,0.5,2.5% Ramsey,risk_aversion,combined,0,-71.00647274984483,0.7669973695440321
5112,euler_ramsey,0.5,1.5% Ramsey,risk_aversion,combined,0,109.15541575724693,2.575913372111555
5112,euler_ramsey,0.5,2.0% Ramsey,risk_aversion,combined,0,86.31309984315656,3.0326751797851617
5112,euler_ramsey,0.5,2.5% Ramsey,risk_aversion,combined,0,69.75881551793553,3.4026658227098228
5113,euler_ramsey,0.5,1.5% Ramsey,risk_aversion,combined,0,740.9957073886633,0.5045954603878474
5113,euler_ramsey,0.5,2.0% Ramsey,risk_aversion,combined,0,502.56231721543617,0.4116221190129051
5113,euler_ramsey,0.5,2.5% Ramsey,risk_aversion,combined,0,352.6769895478587,0.3477211455801367
5114,euler_ramsey,0.5,1.5% Ramsey,risk_aversion,combined,0,-615.8349418294096,0.9465618939275888
5114,euler_ramsey,0.5,2.0% Ramsey,risk_aversion,combined,0,-618.7735131431995,0.8892660903148982
5114,euler_ramsey,0.5,2.5% Ramsey,risk_aversion,combined,0,-498.0039814830993,0.837883781198539
5115,euler_ramsey,0.5,1.5% Ramsey,risk_aversion,combined,0,1283.785683280308,1.9672497387282866
5115,euler_ramsey,0.5,2.0% Ramsey,risk_aversion,combined,0,978.3241240610117,2.1816154819455877
5115,euler_ramsey,0.5,2.5% Ramsey,risk_aversion,combined,0,690.8125489064109,2.337561604146133
5116,euler_ramsey,0.5,1.5% Ramsey,risk_aversion,combined,0,247.59409186595107,1.242032502828952
5116,euler_ramsey,0.5,2.0% Ramsey,risk_aversion,combined,0,176.34678731585777,1.2406092035609104
5116,euler_ramsey,0.5,2.5% Ramsey,risk_aversion,combined,0,125.21766681152764,1.2258416492024116
5117,euler_ramsey,0.5,1.5% Ramsey,risk_aversion,combined,0,-1644.230666057365,0.3751003443201144
5117,euler_ramsey,0.5,2.0% Ramsey,risk_aversion,combined,0,-1527.2700982745093,0.28613990861263217
5117,euler_ramsey,0.5,2.5% Ramsey,risk_aversion,combined,0,-1185.11148799979,0.22948575732817103
5118,euler_ramsey,0.5,1.5% Ramsey,risk_aversion,combined,0,76.79860331073166,1.6351091465034817
5118,euler_ramsey,0.5,2.0% Ramsey,risk_aversion,combined,0,70.10226922986368,1.7382747427153038
5118,euler_ramsey,0.5,2.5% Ramsey,risk_aversion,combined,0,63.954964639128875,1.8023429317354398
5119,euler_ramsey,0.5,1.5% Ramsey,risk_aversion,combined,0,-45.13637968921056,1.620555692487215
5119,euler_ramsey,0.5,2.0% Ramsey,risk_aversion,combined,0,-31.984944749226106,1.719199619740048
5119,euler_ramsey,0.5,2.5% Ramsey,risk_aversion,combined,0,-19.3076361661272,1.7796760135601342
5120,euler_ramsey,0.5,1.5% Ramsey,risk_aversion,combined,0,-2217.4044258498966,0.45093859280333
5120,euler_ramsey,0.5,2.0% Ramsey,risk_aversion,combined,0,-1401.5326397958265,0.3587555267034498
5120,euler_ramsey,0.5,2.5% Ramsey,risk_aversion,combined,0,-925.0313938820925,0.29724237210241083
5121,euler_ramsey,0.5,1.5% Ramsey,risk_aversion,combined,0,2407.7436710926218,0.13890761597324172
5121,euler_ramsey,0.5,2.0% Ramsey,risk_aversion,combined,0,1961.3321376029935,0.08472535823964553
5121,euler_ramsey,0.5,2.5% Ramsey,risk_aversion,combined,0,1458.535316240777,0.057154957975294136
5122,euler_ramsey,0.5,1.5% Ramsey,risk_aversion,combined,0,723.5937207272482,0.3818623015833814
5122,euler_ramsey,0.5,2.0% Ramsey,risk_aversion,combined,0,627.6451734738312,0.292389415583934
5122,euler_ramsey,0.5,2.5% Ramsey,risk_aversion,combined,0,500.49912389883985,0.23517791074811767
5123,euler_ramsey,0.5,1.5% Ramsey,risk_aversion,combined,0,2987.818706419429,0.4101230003787462
5123,euler_ramsey,0.5,2.0% Ramsey,risk_aversion,combined,0,2658.5634160330665,0.31957945024968976
5123,euler_ramsey,0.5,2.5% Ramsey,risk_aversion,combined,0,2046.521758945494,0.26059307774093765
5124,euler_ramsey,0.5,1.5% Ramsey,risk_aversion,combined,0,311.3782942500698,0.5897555224152603
5124,euler_ramsey,0.5,2.0% Ramsey,risk_aversion,combined,0,164.55788614481514,0.4977768928034949
5124,euler_ramsey,0.5,2.5% Ramsey,risk_aversion,combined,0,87.53827743755596,0.43169523182100605
5125,euler_ramsey,0.5,1.5% Ramsey,risk_aversion,combined,0,1352.0187777423448,1.4757875660481423
5125,euler_ramsey,0.5,2.0% Ramsey,risk_aversion,combined,0,1013.2565874100072,1.5335158392364974
5125,euler_ramsey,0.5,2.5% Ramsey,risk_aversion,combined,0,695.3170902000667,1.5623533324412515
5126,euler_ramsey,0.5,1.5% Ramsey,risk_aversion,combined,0,1069.2711255469467,0.7507208221238113
5126,euler_ramsey,0.5,2.0% Ramsey,risk_aversion,combined,0,696.2090010586663,0.67043655834151
5126,euler_ramsey,0.5,2.5% Ramsey,risk_aversion,combined,0,464.33728575746164,0.6075473038350288
5127,euler_ramsey,0.5,1.5% Ramsey,risk_aversion,combined,0,24787.00177007148,0.3480130006526875
5127,euler_ramsey,0.5,2.0% Ramsey,risk_aversion,combined,0,15356.66738571838,0.2630579473983122
5127,euler_ramsey,0.5,2.5% Ramsey,risk_aversion,combined,0,9318.65326626959,0.20964189225906624
5128,euler_ramsey,0.5,1.5% Ramsey,risk_aversion,combined,0,359.0116494287426,1.0179418737897097
5128,euler_ramsey,0.5,2.0% Ramsey,risk_aversion,combined,0,291.753856411652,0.9736676990368104
5128,euler_ramsey,0.5,2.5% Ramsey,risk_aversion,combined,0,217.97422632564982,0.9303961569642778
5129,euler_ramsey,0.5,1.5% Ramsey,risk_aversion,combined,0,-218.793043491269,0.741370669440253
5129,euler_ramsey,0.5,2.0% Ramsey,risk_aversion,combined,0,-124.23451083306261,0.6588317051919825
5129,euler_ramsey,0.5,2.5% Ramsey,risk_aversion,combined,0,-51.30391720186885,0.5946092283840055
5130,euler_ramsey,0.5,1.5% Ramsey,risk_aversion,combined,0,150.9157260080612,0.8853813466838663
5130,euler_ramsey,0.5,2.0% Ramsey,risk_aversion,combined,0,109.54101691441707,0.819025081616639
5130,euler_ramsey,0.5,2.5% Ramsey,risk_aversion,combined,0,76.30039787093807,0.762529862678767
5131,euler_ramsey,0.5,1.5% Ramsey,risk_aversion,combined,0,-179.0702619920134,0.6655983339889984
5131,euler_ramsey,0.5,2.0% Ramsey,risk_aversion,combined,0,-123.20717681052706,0.577756340144527
5131,euler_ramsey,0.5,2.5% Ramsey,risk_aversion,combined,0,-74.24617811877803,0.5120633504133282
5132,euler_ramsey,0.5,1.5% Ramsey,risk_aversion,combined,0,5254.58391787305,0.3621937247521566
5132,euler_ramsey,0.5,2.0% Ramsey,risk_aversion,combined,0,4319.433945115211,0.27445836716436506
5132,euler_ramsey,0.5,2.5% Ramsey,risk_aversion,combined,0,3149.4763691866024,0.21901761478071557
5133,euler_ramsey,0.5,1.5% Ramsey,risk_aversion,combined,0,-591.8767799777175,0.7426727784786634
5133,euler_ramsey,0.5,2.0% Ramsey,risk_aversion,combined,0,-523.9399676669212,0.6607005793606426
5133,euler_ramsey,0.5,2.5% Ramsey,risk_aversion,combined,0,-407.0548040871456,0.5968111555152775
5134,euler_ramsey,0.5,1.5% Ramsey,risk_aversion,combined,0,-136.50559777978685,0.4939789273084842
5134,euler_ramsey,0.5,2.0% Ramsey,risk_aversion,combined,0,-43.011118944153765,0.4010682869132538
5134,euler_ramsey,0.5,2.5% Ramsey,risk_aversion,combined,0,-0.8791229562917446,0.3375682284213992
5135,euler_ramsey,0.5,1.5% Ramsey,risk_aversion,combined,0,-118.02900251175998,0.29794498109118633
5135,euler_ramsey,0.5,2.0% Ramsey,risk_aversion,combined,0,-17.141124409966277,0.21569005029079902
5135,euler_ramsey,0.5,2.5% Ramsey,risk_aversion,combined,0,26.41588070571944,0.1661152914747592
5136,euler_ramsey,0.5,1.5% Ramsey,risk_aversion,combined,0,1729.4609501993355,1.101515035369556
5136,euler_ramsey,0.5,2.0% Ramsey,risk_aversion,combined,0,1563.3858120843336,1.071225901075336
5136,euler_ramsey,0.5,2.5% Ramsey,risk_aversion,combined,0,1248.6799351171703,1.0367515660789905
5137,euler_ramsey,0.5,1.5% Ramsey,risk_aversion,combined,0,1020.4653172886703,0.7381637469568482
5137,euler_ramsey,0.5,2.0% Ramsey,risk_aversion,combined,0,866.3844699616507,0.6557724852273703
5137,euler_ramsey,0.5,2.5% Ramsey,risk_aversion,combined,0,663.0631198268348,0.5917539845774016
5138,euler_ramsey,0.5,1.5% Ramsey,risk_aversion,combined,0,572.1041559253428,1.652964164519174
5138,euler_ramsey,0.5,2.0% Ramsey,risk_aversion,combined,0,445.58480474740014,1.7614203598454308
5138,euler_ramsey,0.5,2.5% Ramsey,risk_aversion,combined,0,326.54143992914385,1.8297381119900011
5139,euler_ramsey,0.5,1.5% Ramsey,risk_aversion,combined,0,-321.5037737224663,0.26032072332571743
5139,euler_ramsey,0.5,2.0% Ramsey,risk_aversion,combined,0,-103.72717491855428,0.18281540042341837
5139,euler_ramsey,0.5,2.5% Ramsey,risk_aversion,combined,0,-43.72916896864195,0.13752661439761357
5140,euler_ramsey,0.5,1.5% Ramsey,risk_aversion,combined,0,424.0231377752225,0.9915467705503512
5140,euler_ramsey,0.5,2.0% Ramsey,risk_aversion,combined,0,341.78187911450493,0.9422703265546126
5140,euler_ramsey,0.5,2.5% Ramsey,risk_aversion,combined,0,252.84498514382892,0.8958751376161582
5141,euler_ramsey,0.5,1.5% Ramsey,risk_aversion,combined,0,3137.913938790523,0.5753682902534686
5141,euler_ramsey,0.5,2.0% Ramsey,risk_aversion,combined,0,2353.9365430630232,0.48351025156148986
5141,euler_ramsey,0.5,2.5% Ramsey,risk_aversion,combined,0,1631.5279615401785,0.4179555051325479
5142,euler_ramsey,0.5,1.5% Ramsey,risk_aversion,combined,0,71.8195403383995,1.6358382510381875
5142,euler_ramsey,0.5,2.0% Ramsey,risk_aversion,combined,0,55.43991714944115,1.7390281884827419
5142,euler_ramsey,0.5,2.5% Ramsey,risk_aversion,combined,0,43.77392828825967,1.803125504822324
5143,euler_ramsey,0.5,1.5% Ramsey,risk_aversion,combined,0,222.99072695474734,0.44818117064203383
5143,euler_ramsey,0.5,2.0% Ramsey,risk_aversion,combined,0,157.9681620117597,0.35565776588382686
5143,euler_ramsey,0.5,2.5% Ramsey,risk_aversion,combined,0,95.13166770819046,0.2940753036179819
5144,euler_ramsey,0.5,1.5% Ramsey,risk_aversion,combined,0,814.1596476299738,1.2050266057673222
5144,euler_ramsey,0.5,2.0% Ramsey,risk_aversion,combined,0,756.9110865978843,1.1964945011963812
5144,euler_ramsey,0.5,2.5% Ramsey,risk_aversion,combined,0,626.8487278665102,1.176831802077393
5145,euler_ramsey,0.5,1.5% Ramsey,risk_aversion,combined,0,1215.549493474955,0.9143112358914754
5145,euler_ramsey,0.5,2.0% Ramsey,risk_aversion,combined,0,942.1978249977498,0.8534333077325943
5145,euler_ramsey,0.5,2.5% Ramsey,risk_aversion,combined,0,674.9558091761639,0.8002312858650594
5146,euler_ramsey,0.5,1.5% Ramsey,risk_aversion,combined,0,-189.9864943214325,0.7538517728153192
5146,euler_ramsey,0.5,2.0% Ramsey,risk_aversion,combined,0,-146.2508876063208,0.6729695299465434
5146,euler_ramsey,0.5,2.5% Ramsey,risk_aversion,combined,0,-109.69634113787886,0.6095281884854036
5147,euler_ramsey,0.5,1.5% Ramsey,risk_aversion,combined,0,426.79167096448856,1.0930612654651521
5147,euler_ramsey,0.5,2.0% Ramsey,risk_aversion,combined,0,306.12002469996185,1.06053717734604
5147,euler_ramsey,0.5,2.5% Ramsey,risk_aversion,combined,0,204.66943305695645,1.024488822575823
5148,euler_ramsey,0.5,1.5% Ramsey,risk_aversion,combined,0,6671.881563359089,0.3140165433880539
5148,euler_ramsey,0.5,2.0% Ramsey,risk_aversion,combined,0,4470.268600394234,0.23070609506892023
5148,euler_ramsey,0.5,2.5% Ramsey,risk_aversion,combined,0,2984.4677604502044,0.17977136386757372
5149,euler_ramsey,0.5,1.5% Ramsey,risk_aversion,combined,0,-115.65718747123533,0.9061934109969151
5149,euler_ramsey,0.5,2.0% Ramsey,risk_aversion,combined,0,-99.19394096443818,0.8436435120171853
5149,euler_ramsey,0.5,2.5% Ramsey,risk_aversion,combined,0,-75.20045693810053,0.7893926502321668
5150,euler_ramsey,0.5,1.5% Ramsey,risk_aversion,combined,0,6478.687017299975,0.10394089000636539
5150,euler_ramsey,0.5,2.0% Ramsey,risk_aversion,combined,0,2345.044470817406,0.05941268134564382
5150,euler_ramsey,0.5,2.5% Ramsey,risk_aversion,combined,0,1210.0138591223588,0.03811747260111051
5151,euler_ramsey,0.5,1.5% Ramsey,risk_aversion,combined,0,-18.99209109288276,1.7121681055482318
5151,euler_ramsey,0.5,2.0% Ramsey,risk_aversion,combined,0,-10.30530391809623,1.8389180879922964
5151,euler_ramsey,0.5,2.5% Ramsey,risk_aversion,combined,0,2.192993011623509,1.9218206553272603
5152,euler_ramsey,0.5,1.5% Ramsey,risk_aversion,combined,0,295.1460977178462,1.88178095613551
5152,euler_ramsey,0.5,2.0% Ramsey,risk_aversion,combined,0,207.65783928165328,2.064653207119454
5152,euler_ramsey,0.5,2.5% Ramsey,risk_aversion,combined,0,144.073117881026,2.1937728951256537
5153,euler_ramsey,0.5,1.5% Ramsey,risk_aversion,combined,0,154.18107882903507,1.1347078934525916
5153,euler_ramsey,0.5,2.0% Ramsey,risk_aversion,combined,0,117.10709487865287,1.1112536115422469
5153,euler_ramsey,0.5,2.5% Ramsey,risk_aversion,combined,0,87.89608298397005,1.0814249854140765
5154,euler_ramsey,0.5,1.5% Ramsey,risk_aversion,combined,0,-0.6002878008665476,0.8948008584213195
5154,euler_ramsey,0.5,2.0% Ramsey,risk_aversion,combined,0,-6.800858989822912,0.8305874289717639
5154,euler_ramsey,0.5,2.5% Ramsey,risk_aversion,combined,0,-7.872480024894468,0.7753692668233519
5155,euler_ramsey,0.5,1.5% Ramsey,risk_aversion,combined,0,1539.9136932778806,0.5577148245871195
5155,euler_ramsey,0.5,2.0% Ramsey,risk_aversion,combined,0,880.402810183414,0.4651194700301988
5155,euler_ramsey,0.5,2.5% Ramsey,risk_aversion,combined,0,514.5222789440301,0.3996726685600812
5156,euler_ramsey,0.5,1.5% Ramsey,risk_aversion,combined,0,528.426354986543,0.8061660359751388
5156,euler_ramsey,0.5,2.0% Ramsey,risk_aversion,combined,0,397.99435338595083,0.7323303481782156
5156,euler_ramsey,0.5,2.5% Ramsey,risk_aversion,combined,0,296.5821784757819,0.6724609287400884
5157,euler_ramsey,0.5,1.5% Ramsey,risk_aversion,combined,0,-304.322132811299,1.306507300018246
5157,euler_ramsey,0.5,2.0% Ramsey,risk_aversion,combined,0,-224.07351603151943,1.3199255515157153
5157,euler_ramsey,0.5,2.5% Ramsey,risk_aversion,combined,0,-143.42873838420996,1.315600940431404
5158,euler_ramsey,0.5,1.5% Ramsey,risk_aversion,combined,0,402.42741749807044,1.3040672238162994
5158,euler_ramsey,0.5,2.0% Ramsey,risk_aversion,combined,0,305.86811110794673,1.3169833226060654
5158,euler_ramsey,0.5,2.5% Ramsey,risk_aversion,combined,0,210.14253669424735,1.3123384290805622
5159,euler_ramsey,0.5,1.5% Ramsey,risk_aversion,combined,0,-995.632992415076,0.12877321585683257
5159,euler_ramsey,0.5,2.0% Ramsey,risk_aversion,combined,0,-673.9985551424181,0.07719576520785108
5159,euler_ramsey,0.5,2.5% Ramsey,risk_aversion,combined,0,-438.10869496867264,0.051380943981022886
5160,euler_ramsey,0.5,1.5% Ramsey,risk_aversion,combined,0,1281.902286737797,1.8299027266309922
5160,euler_ramsey,0.5,2.0% Ramsey,risk_aversion,combined,0,1148.9215801451926,2.0028322850015523
5160,euler_ramsey,0.5,2.5% Ramsey,risk_aversion,combined,0,942.5753303613168,2.1249810296194998
5161,euler_ramsey,0.5,1.5% Ramsey,risk_aversion,combined,0,469.99656051984397,1.8824293616018535
5161,euler_ramsey,0.5,2.0% Ramsey,risk_aversion,combined,0,385.1370494399326,2.065539430866111
5161,euler_ramsey,0.5,2.5% Ramsey,risk_aversion,combined,0,293.11113482954795,2.1949087488739285
5162,euler_ramsey,0.5,1.5% Ramsey,risk_aversion,combined,0,232.16504754487093,0.23465684942056397
5162,euler_ramsey,0.5,2.0% Ramsey,risk_aversion,combined,0,87.86819211484142,0.16098939722949945
5162,euler_ramsey,0.5,2.5% Ramsey,risk_aversion,combined,0,46.31948614295983,0.11894017547132495
5163,euler_ramsey,0.5,1.5% Ramsey,risk_aversion,combined,0,60.220888637448766,1.632055409824723
5163,euler_ramsey,0.5,2.0% Ramsey,risk_aversion,combined,0,43.969232771698415,1.7341672283221536
5163,euler_ramsey,0.5,2.5% Ramsey,risk_aversion,combined,0,32.14493597373473,1.7973637198319699
5164,euler_ramsey,0.5,1.5% Ramsey,risk_aversion,combined,0,1017.2836484409669,0.12429714106430909
5164,euler_ramsey,0.5,2.0% Ramsey,risk_aversion,combined,0,396.52744627524874,0.0739224299247821
5164,euler_ramsey,0.5,2.5% Ramsey,risk_aversion,combined,0,217.40566123518605,0.04890078443312774
5165,euler_ramsey,0.5,1.5% Ramsey,risk_aversion,combined,0,453.1232271978173,1.3918404659709664
5165,euler_ramsey,0.5,2.0% Ramsey,risk_aversion,combined,0,361.53944950019894,1.4284191696336463
5165,euler_ramsey,0.5,2.5% Ramsey,risk_aversion,combined,0,262.82810121264663,1.4414558219684883
5166,euler_ramsey,0.5,1.5% Ramsey,risk_aversion,combined,0,212.00607880863663,2.4343723382886706
5166,euler_ramsey,0.5,2.0% Ramsey,risk_aversion,combined,0,186.7876515026558,2.8298436334441464
5166,euler_ramsey,0.5,2.5% Ramsey,risk_aversion,combined,0,158.18151168814347,3.144001461814174
5167,euler_ramsey,0.5,1.5% Ramsey,risk_aversion,combined,0,2568.6506997696383,0.1354064501050101
5167,euler_ramsey,0.5,2.0% Ramsey,risk_aversion,combined,0,1990.7348949179302,0.08210965473988195
5167,euler_ramsey,0.5,2.5% Ramsey,risk_aversion,combined,0,1407.6498739157248,0.05514063235435969
5168,euler_ramsey,0.5,1.5% Ramsey,risk_aversion,combined,0,524.627903625257,0.960033570010436
5168,euler_ramsey,0.5,2.0% Ramsey,risk_aversion,combined,0,371.11469808405786,0.9052720703644279
5168,euler_ramsey,0.5,2.5% Ramsey,risk_aversion,combined,0,261.369918254857,0.8555392952154353
5169,euler_ramsey,0.5,1.5% Ramsey,risk_aversion,combined,0,390.32414995033525,1.3204130865756374
5169,euler_ramsey,0.5,2.0% Ramsey,risk_aversion,combined,0,296.25201075626063,1.3377626557708922
5169,euler_ramsey,0.5,2.5% Ramsey,risk_aversion,combined,0,209.2015400287841,1.336447434868979
5170,euler_ramsey,0.5,1.5% Ramsey,risk_aversion,combined,0,323.44754628409515,1.3552490171623528
5170,euler_ramsey,0.5,2.0% Ramsey,risk_aversion,combined,0,233.21069161768483,1.381543342038162
5170,euler_ramsey,0.5,2.5% Ramsey,risk_aversion,combined,0,169.3677494620364,1.3868320043201525
5171,euler_ramsey,0.5,1.5% Ramsey,risk_aversion,combined,0,618.0241878783058,0.7290530675426473
5171,euler_ramsey,0.5,2.0% Ramsey,risk_aversion,combined,0,535.4596527862018,0.6458479000859783
5171,euler_ramsey,0.5,2.5% Ramsey,risk_aversion,combined,0,409.7518302033507,0.5815012321906406
5172,euler_ramsey,0.5,1.5% Ramsey,risk_aversion,combined,0,289.0515488049294,1.9729805159990903
5172,euler_ramsey,0.5,2.0% Ramsey,risk_aversion,combined,0,229.15656584344052,2.187802187634893
5172,euler_ramsey,0.5,2.5% Ramsey,risk_aversion,combined,0,173.73199318838206,2.3436423473110817
5173,euler_ramsey,0.5,1.5% Ramsey,risk_aversion,combined,0,1023.8947581947973,0.5698388303117502
5173,euler_ramsey,0.5,2.0% Ramsey,risk_aversion,combined,0,816.0625982749664,0.4774913997638677
5173,euler_ramsey,0.5,2.5% Ramsey,risk_aversion,combined,0,608.7021016548807,0.4118101855472034
5174,euler_ramsey,0.5,1.5% Ramsey,risk_aversion,combined,0,488.4525922225559,1.197644078730922
5174,euler_ramsey,0.5,2.0% Ramsey,risk_aversion,combined,0,346.8567212249487,1.1867637462602203
5174,euler_ramsey,0.5,2.5% Ramsey,risk_aversion,combined,0,241.48499544077936,1.1653581440352196
5175,euler_ramsey,0.5,1.5% Ramsey,risk_aversion,combined,0,488.3121427237019,1.6183582194461843
5175,euler_ramsey,0.5,2.0% Ramsey,risk_aversion,combined,0,400.4831559623244,1.7173037082244387
5175,euler_ramsey,0.5,2.5% Ramsey,risk_aversion,combined,0,318.19614808992264,1.7783698936136378
5176,euler_ramsey,0.5,1.5% Ramsey,risk_aversion,combined,0,41.787616550415215,0.8273607817071715
5176,euler_ramsey,0.5,2.0% Ramsey,risk_aversion,combined,0,22.90356486926084,0.7544803939376934
5176,euler_ramsey,0.5,2.5% Ramsey,risk_aversion,combined,0,10.288261170671797,0.6947163532187888
5177,euler_ramsey,0.5,1.5% Ramsey,risk_aversion,combined,0,-319.00862725060284,0.6276400529311168
5177,euler_ramsey,0.5,2.0% Ramsey,risk_aversion,combined,0,-236.55160371303512,0.5377022727122206
5177,euler_ramsey,0.5,2.5% Ramsey,risk_aversion,combined,0,-155.86049506467663,0.47175258955870747
5178,euler_ramsey,0.5,1.5% Ramsey,risk_aversion,combined,0,1899.4405671051459,0.42053866739046825
5178,euler_ramsey,0.5,2.0% Ramsey,risk_aversion,combined,0,1488.8529791014766,0.3292779637929645
5178,euler_ramsey,0.5,2.5% Ramsey,risk_aversion,combined,0,1097.300590846497,0.2694813904888066
5179,euler_ramsey,0.5,1.5% Ramsey,risk_aversion,combined,0,2200.53495898561,0.885913647306148
5179,euler_ramsey,0.5,2.0% Ramsey,risk_aversion,combined,0,1740.5938668294657,0.8205084269185644
5179,euler_ramsey,0.5,2.5% Ramsey,risk_aversion,combined,0,1223.9737797101939,0.7647218728524505
5180,euler_ramsey,0.5,1.5% Ramsey,risk_aversion,combined,0,264.2112811492596,2.1764363240654374
5180,euler_ramsey,0.5,2.0% Ramsey,risk_aversion,combined,0,153.69023324389508,2.467186747043426
5180,euler_ramsey,0.5,2.5% Ramsey,risk_aversion,combined,0,103.5758388818813,2.688389940127563
5181,euler_ramsey,0.5,1.5% Ramsey,risk_aversion,combined,0,538.7005817169654,0.4410159100571882
5181,euler_ramsey,0.5,2.0% Ramsey,risk_aversion,combined,0,472.6429576654965,0.3486832523538492
5181,euler_ramsey,0.5,2.5% Ramsey,risk_aversion,combined,0,373.03839137208394,0.2874872304534027
5182,euler_ramsey,0.5,1.5% Ramsey,risk_aversion,combined,0,148.51771920381844,1.0816091368672367
5182,euler_ramsey,0.5,2.0% Ramsey,risk_aversion,combined,0,111.54706701450418,1.047233379350112
5182,euler_ramsey,0.5,2.5% Ramsey,risk_aversion,combined,0,81.18677987770167,1.0100370322701762
5183,euler_ramsey,0.5,1.5% Ramsey,risk_aversion,combined,0,508.8230859789412,0.5292667309065151
5183,euler_ramsey,0.5,2.0% Ramsey,risk_aversion,combined,0,402.2540428366404,0.43602374386336196
5183,euler_ramsey,0.5,2.5% Ramsey,risk_aversion,combined,0,289.5178654550404,0.37112153266388903
5184,euler_ramsey,0.5,1.5% Ramsey,risk_aversion,combined,0,893.8066468370201,0.782918526971526
5184,euler_ramsey,0.5,2.0% Ramsey,risk_aversion,combined,0,557.6068561557855,0.7049242353552919
5184,euler_ramsey,0.5,2.5% Ramsey,risk_aversion,combined,0,361.86849176527255,0.6427333707572143
5185,euler_ramsey,0.5,1.5% Ramsey,risk_aversion,combined,0,705.6606067089136,0.7717246246059088
5185,euler_ramsey,0.5,2.0% Ramsey,risk_aversion,combined,0,629.352154189861,0.6923136300664606
5185,euler_ramsey,0.5,2.5% Ramsey,risk_aversion,combined,0,506.43487814661995,0.6294520776625412
5186,euler_ramsey,0.5,1.5% Ramsey,risk_aversion,combined,0,184.0473110628866,1.3299578550320585
5186,euler_ramsey,0.5,2.0% Ramsey,risk_aversion,combined,0,136.6144480008896,1.3489781638958764
5186,euler_ramsey,0.5,2.5% Ramsey,risk_aversion,combined,0,92.83455285620441,1.3487205843126249
5187,euler_ramsey,0.5,1.5% Ramsey,risk_aversion,combined,0,760.6209618205263,1.1055579569044292
5187,euler_ramsey,0.5,2.0% Ramsey,risk_aversion,combined,0,551.3814145347882,1.0754467436168582
5187,euler_ramsey,0.5,2.5% Ramsey,risk_aversion,combined,0,389.69049865979133,1.0409886127204433
5188,euler_ramsey,0.5,1.5% Ramsey,risk_aversion,combined,0,398.0521264857228,1.5100868138083259
5188,euler_ramsey,0.5,2.0% Ramsey,risk_aversion,combined,0,298.3678768842089,1.5767870136842375
5188,euler_ramsey,0.5,2.5% Ramsey,risk_aversion,combined,0,208.3083252415816,1.6124034174153656
5189,euler_ramsey,0.5,1.5% Ramsey,risk_aversion,combined,0,61.71473133139588,2.050084088455694
5189,euler_ramsey,0.5,2.0% Ramsey,risk_aversion,combined,0,33.60870554405761,2.293148764524936
5189,euler_ramsey,0.5,2.5% Ramsey,risk_aversion,combined,0,20.23579773524656,2.4730041594355234
5190,euler_ramsey,0.5,1.5% Ramsey,risk_aversion,combined,0,994.1874564499518,1.8702034840706538
5190,euler_ramsey,0.5,2.0% Ramsey,risk_aversion,combined,0,831.2716865954388,2.050436077793289
5190,euler_ramsey,0.5,2.5% Ramsey,risk_aversion,combined,0,642.3612239140374,2.1775927703599103
5191,euler_ramsey,0.5,1.5% Ramsey,risk_aversion,combined,0,1017.729185415793,0.6976448071921735
5191,euler_ramsey,0.5,2.0% Ramsey,risk_aversion,combined,0,760.6756905384116,0.6115817800436114
5191,euler_ramsey,0.5,2.5% Ramsey,risk_aversion,combined,0,538.6693400328704,0.5461795188605744
5192,euler_ramsey,0.5,1.5% Ramsey,risk_aversion,combined,0,80.38874588773946,1.0519863730403183
5192,euler_ramsey,0.5,2.0% Ramsey,risk_aversion,combined,0,50.29223792355445,1.0118657959743798
5192,euler_ramsey,0.5,2.5% Ramsey,risk_aversion,combined,0,34.18951962364764,0.9709220785899559
5193,euler_ramsey,0.5,1.5% Ramsey,risk_aversion,combined,0,-117.74091480492693,0.9393661481425559
5193,euler_ramsey,0.5,2.0% Ramsey,risk_aversion,combined,0,-109.70745892728607,0.8808389254262444
5193,euler_ramsey,0.5,2.5% Ramsey,risk_aversion,combined,0,-85.79707897216201,0.8287158076364204
5194,euler_ramsey,0.5,1.5% Ramsey,risk_aversion,combined,0,-5.381235418094933,3.624325332599991
5194,euler_ramsey,0.5,2.0% Ramsey,risk_aversion,combined,0,-2.5426791277877347,4.607718033265625
5194,euler_ramsey,0.5,2.5% Ramsey,risk_aversion,combined,0,-0.4936110603467656,5.486163615138773
5195,euler_ramsey,0.5,1.5% Ramsey,risk_aversion,combined,0,85.62659799502482,2.045486846505316
5195,euler_ramsey,0.5,2.0% Ramsey,risk_aversion,combined,0,58.540231327830526,2.286567571111294
5195,euler_ramsey,0.5,2.5% Ramsey,risk_aversion,combined,0,43.53635394852649,2.4647243464307382
5196,euler_ramsey,0.5,1.5% Ramsey,risk_aversion,combined,0,-141.86288689602785,0.7524957974845625
5196,euler_ramsey,0.5,2.0% Ramsey,risk_aversion,combined,0,-69.52735499693766,0.6715934284073823
5196,euler_ramsey,0.5,2.5% Ramsey,risk_aversion,combined,0,-28.612195304081045,0.6081764041859167
5197,euler_ramsey,0.5,1.5% Ramsey,risk_aversion,combined,0,755.4162283704741,1.3210236052339939
5197,euler_ramsey,0.5,2.0% Ramsey,risk_aversion,combined,0,627.451969599094,1.3388083535151771
5197,euler_ramsey,0.5,2.5% Ramsey,risk_aversion,combined,0,488.82254372637277,1.3378376412112796
5198,euler_ramsey,0.5,1.5% Ramsey,risk_aversion,combined,0,708.1371154345601,1.9467212599937809
5198,euler_ramsey,0.5,2.0% Ramsey,risk_aversion,combined,0,554.513976704795,2.153159673111026
5198,euler_ramsey,0.5,2.5% Ramsey,risk_aversion,combined,0,407.24594379975304,2.3021895555671685
5199,euler_ramsey,0.5,1.5% Ramsey,risk_aversion,combined,0,18.13197949432508,1.1063071582827644
5199,euler_ramsey,0.5,2.0% Ramsey,risk_aversion,combined,0,21.656310281835836,1.0772213707425853
5199,euler_ramsey,0.5,2.5% Ramsey,risk_aversion,combined,0,21.26200308110468,1.0435475429195917
5200,euler_ramsey,0.5,1.5% Ramsey,risk_aversion,combined,0,383.78979358875284,1.3228960298531072
5200,euler_ramsey,0.5,2.0% Ramsey,risk_aversion,combined,0,313.0487616040389,1.342353107847157
5200,euler_ramsey,0.5,2.5% Ramsey,risk_aversion,combined,0,234.48993957976649,1.3427270380558152
5201,euler_ramsey,0.5,1.5% Ramsey,risk_aversion,combined,0,690.7489450700357,1.1054806448106724
5201,euler_ramsey,0.5,2.0% Ramsey,risk_aversion,combined,0,541.3060454832936,1.076095645560062
5201,euler_ramsey,0.5,2.5% Ramsey,risk_aversion,combined,0,412.5891724385061,1.0422392621217322
5202,euler_ramsey,0.5,1.5% Ramsey,risk_aversion,combined,0,-115.00808652975675,0.4821057257766575
5202,euler_ramsey,0.5,2.0% Ramsey,risk_aversion,combined,0,-93.44998228121828,0.38926000070769473
5202,euler_ramsey,0.5,2.5% Ramsey,risk_aversion,combined,0,-70.25956695131093,0.32622391753332153
5203,euler_ramsey,0.5,1.5% Ramsey,risk_aversion,combined,0,1499.310457771367,0.8959641765874194
5203,euler_ramsey,0.5,2.0% Ramsey,risk_aversion,combined,0,1280.9229865845216,0.8327029491322319
5203,euler_ramsey,0.5,2.5% Ramsey,risk_aversion,combined,0,965.2161255614313,0.7782261430518845
5204,euler_ramsey,0.5,1.5% Ramsey,risk_aversion,combined,0,560.2226905651588,1.4306488661715902
5204,euler_ramsey,0.5,2.0% Ramsey,risk_aversion,combined,0,453.9486012535274,1.477258468274714
5204,euler_ramsey,0.5,2.5% Ramsey,risk_aversion,combined,0,334.8232522478312,1.497851566242719
5205,euler_ramsey,0.5,1.5% Ramsey,risk_aversion,combined,0,365.2426056921389,0.7446207185149835
5205,euler_ramsey,0.5,2.0% Ramsey,risk_aversion,combined,0,328.1543460290501,0.6626728092499911
5205,euler_ramsey,0.5,2.5% Ramsey,risk_aversion,combined,0,255.70642846679914,0.5987606139916314
5206,euler_ramsey,0.5,1.5% Ramsey,risk_aversion,combined,0,382.2737919295787,0.7319183024805115
5206,euler_ramsey,0.5,2.0% Ramsey,risk_aversion,combined,0,318.0729814103255,0.65009472090426
5206,euler_ramsey,0.5,2.5% Ramsey,risk_aversion,combined,0,239.28481749933704,0.5865974133470937
5207,euler_ramsey,0.5,1.5% Ramsey,risk_aversion,combined,0,-133.64464453419464,0.47203874497278164
5207,euler_ramsey,0.5,2.0% Ramsey,risk_aversion,combined,0,-85.39312974247399,0.37903411790036345
5207,euler_ramsey,0.5,2.5% Ramsey,risk_aversion,combined,0,-60.80612256339209,0.3162780971016286
5208,euler_ramsey,0.5,1.5% Ramsey,risk_aversion,combined,0,128.32259531895286,1.0772672578984963
5208,euler_ramsey,0.5,2.0% Ramsey,risk_aversion,combined,0,121.178607420155,1.0418541178116862
5208,euler_ramsey,0.5,2.5% Ramsey,risk_aversion,combined,0,111.85048889602352,1.0039583843338529
5209,euler_ramsey,0.5,1.5% Ramsey,risk_aversion,combined,0,11.134995373349618,1.1060703621467025
5209,euler_ramsey,0.5,2.0% Ramsey,risk_aversion,combined,0,-11.457394394819966,1.0763581096626325
5209,euler_ramsey,0.5,2.5% Ramsey,risk_aversion,combined,0,-0.2519036252973257,1.0422263522016246
5210,euler_ramsey,0.5,1.5% Ramsey,risk_aversion,combined,0,954.4252586354941,0.4615368420454666
5210,euler_ramsey,0.5,2.0% Ramsey,risk_aversion,combined,0,575.2402381953908,0.3688175448489965
5210,euler_ramsey,0.5,2.5% Ramsey,risk_aversion,combined,0,360.40860149565253,0.30661595796601493
5211,euler_ramsey,0.5,1.5% Ramsey,risk_aversion,combined,0,7546.170307323266,0.3038026308111344
5211,euler_ramsey,0.5,2.0% Ramsey,risk_aversion,combined,0,3764.876657506748,0.22141451286509226
5211,euler_ramsey,0.5,2.5% Ramsey,risk_aversion,combined,0,2261.334219083615,0.17145337990222986
5212,euler_ramsey,0.5,1.5% Ramsey,risk_aversion,combined,0,3854.899692790073,0.3124927254681074
5212,euler_ramsey,0.5,2.0% Ramsey,risk_aversion,combined,0,2483.397188424626,0.22886244923517848
5212,euler_ramsey,0.5,2.5% Ramsey,risk_aversion,combined,0,1588.7770596371736,0.17786569236741767
5213,euler_ramsey,0.5,1.5% Ramsey,risk_aversion,combined,0,989.8273700166424,1.20866130269065
5213,euler_ramsey,0.5,2.0% Ramsey,risk_aversion,combined,0,910.9453301696025,1.2009928255787718
5213,euler_ramsey,0.5,2.5% Ramsey,risk_aversion,combined,0,721.801602678212,1.182055929463898
5214,euler_ramsey,0.5,1.5% Ramsey,risk_aversion,combined,0,-1550.7508128212457,0.4440872446258887
5214,euler_ramsey,0.5,2.0% Ramsey,risk_aversion,combined,0,-1255.3684322776467,0.35170637798737137
5214,euler_ramsey,0.5,2.5% Ramsey,risk_aversion,combined,0,-896.3330480303267,0.2903604290791257
5215,euler_ramsey,0.5,1.5% Ramsey,risk_aversion,combined,0,632.7270121624696,0.9701339345191057
5215,euler_ramsey,0.5,2.0% Ramsey,risk_aversion,combined,0,469.1301337229369,0.9165676951965086
5215,euler_ramsey,0.5,2.5% Ramsey,risk_aversion,combined,0,344.4433642998799,0.8674533836783914
5216,euler_ramsey,0.5,1.5% Ramsey,risk_aversion,combined,0,863.7210770547364,0.6444918954888793
5216,euler_ramsey,0.5,2.0% Ramsey,risk_aversion,combined,0,721.7638019441474,0.5562796931636916
5216,euler_ramsey,0.5,2.5% Ramsey,risk_aversion,combined,0,578.7256942900876,0.49096541552265205
5217,euler_ramsey,0.5,1.5% Ramsey,risk_aversion,combined,0,171.86303737552223,2.6774104960048857
5217,euler_ramsey,0.5,2.0% Ramsey,risk_aversion,combined,0,118.07493478895039,3.1797734686042136
5217,euler_ramsey,0.5,2.5% Ramsey,risk_aversion,combined,0,81.30993143839024,3.5919053444556197
5218,euler_ramsey,0.5,1.5% Ramsey,risk_aversion,combined,0,428.7363265107491,0.6010104433374152
5218,euler_ramsey,0.5,2.0% Ramsey,risk_aversion,combined,0,761.3922435438683,0.5098186299857727
5218,euler_ramsey,0.5,2.5% Ramsey,risk_aversion,combined,0,1020.7731114310633,0.4438795264690352
5219,euler_ramsey,0.5,1.5% Ramsey,risk_aversion,combined,0,603.092215545638,1.3787155105620668
5219,euler_ramsey,0.5,2.0% Ramsey,risk_aversion,combined,0,456.36225536873997,1.4117020014664303
5219,euler_ramsey,0.5,2.5% Ramsey,risk_aversion,combined,0,339.47568222243063,1.4221124080736225
5220,euler_ramsey,0.5,1.5% Ramsey,risk_aversion,combined,0,268.3201960145093,1.343005996540338
5220,euler_ramsey,0.5,2.0% Ramsey,risk_aversion,combined,0,200.8167838819425,1.3665749075118216
5220,euler_ramsey,0.5,2.5% Ramsey,risk_aversion,combined,0,150.1185928067327,1.3698135665341777
5221,euler_ramsey,0.5,1.5% Ramsey,risk_aversion,combined,0,596.354315582045,0.6846960480283766
5221,euler_ramsey,0.5,2.0% Ramsey,risk_aversion,combined,0,514.9252396485817,0.5988653444041341
5221,euler_ramsey,0.5,2.5% Ramsey,risk_aversion,combined,0,390.73629379417343,0.53401591234725
5222,euler_ramsey,0.5,1.5% Ramsey,risk_aversion,combined,0,1871.9404743134276,0.6273389757305877
5222,euler_ramsey,0.5,2.0% Ramsey,risk_aversion,combined,0,1610.1633352719775,0.5372807853692503
5222,euler_ramsey,0.5,2.5% Ramsey,risk_aversion,combined,0,1199.6234330419827,0.47128350215378273
5223,euler_ramsey,0.5,1.5% Ramsey,risk_aversion,combined,0,62.1057394775271,1.6774830993258703
5223,euler_ramsey,0.5,2.0% Ramsey,risk_aversion,combined,0,43.54082150497746,1.7933962179776324
5223,euler_ramsey,0.5,2.5% Ramsey,risk_aversion,combined,0,34.24233254971489,1.8675952363497679
5224,euler_ramsey,0.5,1.5% Ramsey,risk_aversion,combined,0,-1221.4718212440227,0.19207131076226858
5224,euler_ramsey,0.5,2.0% Ramsey,risk_aversion,combined,0,-449.8305754186636,0.12597102506824193
5224,euler_ramsey,0.5,2.5% Ramsey,risk_aversion,combined,0,-168.98426053617987,0.0898827446382118
5225,euler_ramsey,0.5,1.5% Ramsey,risk_aversion,combined,0,298.4472630395087,1.5785665438754024
5225,euler_ramsey,0.5,2.0% Ramsey,risk_aversion,combined,0,214.5539059144849,1.6646786460108347
5225,euler_ramsey,0.5,2.5% Ramsey,risk_aversion,combined,0,146.27937594604953,1.7153779533606668
5226,euler_ramsey,0.5,1.5% Ramsey,risk_aversion,combined,0,451.48882309006433,1.9903447790143467
5226,euler_ramsey,0.5,2.0% Ramsey,risk_aversion,combined,0,339.15368019044644,2.211796693804202
5226,euler_ramsey,0.5,2.5% Ramsey,risk_aversion,combined,0,247.46549899236993,2.3734142763447066
5227,euler_ramsey,0.5,1.5% Ramsey,risk_aversion,combined,0,304.34165000990794,2.507382836455937
5227,euler_ramsey,0.5,2.0% Ramsey,risk_aversion,combined,0,200.67314387309173,2.9343929743564714
5227,euler_ramsey,0.5,2.5% Ramsey,risk_aversion,combined,0,143.3019342714369,3.2773099999374558
5228,euler_ramsey,0.5,1.5% Ramsey,risk_aversion,combined,0,466.54642193654064,1.2799548096123847
5228,euler_ramsey,0.5,2.0% Ramsey,risk_aversion,combined,0,326.10227234788783,1.2876761477270084
5228,euler_ramsey,0.5,2.5% Ramsey,risk_aversion,combined,0,236.18922325386384,1.2793913748469885
5229,euler_ramsey,0.5,1.5% Ramsey,risk_aversion,combined,0,298.22941808958996,1.127199546513856
5229,euler_ramsey,0.5,2.0% Ramsey,risk_aversion,combined,0,240.00177625795433,1.1015089565809448
5229,euler_ramsey,0.5,2.5% Ramsey,risk_aversion,combined,0,187.7967209125601,1.0700374800783272
5230,euler_ramsey,0.5,1.5% Ramsey,risk_aversion,combined,0,94.52973058444542,1.4050965374187212
5230,euler_ramsey,0.5,2.0% Ramsey,risk_aversion,combined,0,76.80754373330785,1.4431864871840185
5230,euler_ramsey,0.5,2.5% Ramsey,risk_aversion,combined,0,64.782839875093,1.4571207739058847
5231,euler_ramsey,0.5,1.5% Ramsey,risk_aversion,combined,0,1062.0983425058023,0.8699952159256445
5231,euler_ramsey,0.5,2.0% Ramsey,risk_aversion,combined,0,912.6797305364929,0.8026871940489066
5231,euler_ramsey,0.5,2.5% Ramsey,risk_aversion,combined,0,704.7889255308064,0.7459241541981947
5232,euler_ramsey,0.5,1.5% Ramsey,risk_aversion,combined,0,688.5842436283082,1.1935092540759125
5232,euler_ramsey,0.5,2.0% Ramsey,risk_aversion,combined,0,650.6588663133701,1.1827709569462292
5232,euler_ramsey,0.5,2.5% Ramsey,risk_aversion,combined,0,550.5448561933305,1.1616342445888508
5233,euler_ramsey,0.5,1.5% Ramsey,risk_aversion,combined,0,274.29039771618676,0.758378367304206
5233,euler_ramsey,0.5,2.0% Ramsey,risk_aversion,combined,0,262.56994098563706,0.677762936007788
5233,euler_ramsey,0.5,2.5% Ramsey,risk_aversion,combined,0,221.6460917329276,0.6143997401561815
5234,euler_ramsey,0.5,1.5% Ramsey,risk_aversion,combined,0,357.47212223422247,1.2576035102592262
5234,euler_ramsey,0.5,2.0% Ramsey,risk_aversion,combined,0,279.53611673296416,1.2592683904894364
5234,euler_ramsey,0.5,2.5% Ramsey,risk_aversion,combined,0,204.76284876825724,1.2465132206422025
5235,euler_ramsey,0.5,1.5% Ramsey,risk_aversion,combined,0,38.931468879369355,1.3740669153044645
5235,euler_ramsey,0.5,2.0% Ramsey,risk_aversion,combined,0,18.856833575186457,1.4049052820111967
5235,euler_ramsey,0.5,2.5% Ramsey,risk_aversion,combined,0,10.976374527886222,1.4134190147209011
5236,euler_ramsey,0.5,1.5% Ramsey,risk_aversion,combined,0,-579.373192251504,0.39635536522243386
5236,euler_ramsey,0.5,2.0% Ramsey,risk_aversion,combined,0,-372.20694378690763,0.30605290672825375
5236,euler_ramsey,0.5,2.5% Ramsey,risk_aversion,combined,0,-253.9921265169395,0.24777155575782844
5237,euler_ramsey,0.5,1.5% Ramsey,risk_aversion,combined,0,1158.4294595554838,0.7998768935477122
5237,euler_ramsey,0.5,2.0% Ramsey,risk_aversion,combined,0,897.9505281655906,0.7236425866803331
5237,euler_ramsey,0.5,2.5% Ramsey,risk_aversion,combined,0,672.9570666441784,0.6622926204489241
5238,euler_ramsey,0.5,1.5% Ramsey,risk_aversion,combined,0,23.186683353944854,0.7326147710939509
5238,euler_ramsey,0.5,2.0% Ramsey,risk_aversion,combined,0,19.672608094235613,0.6492594773277882
5238,euler_ramsey,0.5,2.5% Ramsey,risk_aversion,combined,0,16.63574222007566,0.5847132577658288
5239,euler_ramsey,0.5,1.5% Ramsey,risk_aversion,combined,0,1412.0905388904416,0.9066119396334771
5239,euler_ramsey,0.5,2.0% Ramsey,risk_aversion,combined,0,964.3407715194938,0.8445021179820319
5239,euler_ramsey,0.5,2.5% Ramsey,risk_aversion,combined,0,645.2676071232967,0.7905920572175456
5240,euler_ramsey,0.5,1.5% Ramsey,risk_aversion,combined,0,2786.8825024199014,0.7565932205769359
5240,euler_ramsey,0.5,2.0% Ramsey,risk_aversion,combined,0,1752.1922246858971,0.6775837284311477
5240,euler_ramsey,0.5,2.5% Ramsey,risk_aversion,combined,0,1091.6151820831017,0.6154350832968837
5241,euler_ramsey,0.5,1.5% Ramsey,risk_aversion,combined,0,51.375575191715484,0.6442530340520454
5241,euler_ramsey,0.5,2.0% Ramsey,risk_aversion,combined,0,31.28873639337427,0.5550095071340889
5241,euler_ramsey,0.5,2.5% Ramsey,risk_aversion,combined,0,16.665166881976337,0.4890242767221531
5242,euler_ramsey,0.5,1.5% Ramsey,risk_aversion,combined,0,276.89728997347504,1.3540081730919253
5242,euler_ramsey,0.5,2.0% Ramsey,risk_aversion,combined,0,234.04355291294823,1.3805871024762717
5242,euler_ramsey,0.5,2.5% Ramsey,risk_aversion,combined,0,180.59184500173282,1.3861382414365913
5243,euler_ramsey,0.5,1.5% Ramsey,risk_aversion,combined,0,0.6606099398514809,0.7366766230124727
5243,euler_ramsey,0.5,2.0% Ramsey,risk_aversion,combined,0,17.918500243381263,0.6545852162338966
5243,euler_ramsey,0.5,2.5% Ramsey,risk_aversion,combined,0,26.323774544970043,0.5907849686517449
5244,euler_ramsey,0.5,1.5% Ramsey,risk_aversion,combined,0,275.83570156958626,0.7384176587186713
5244,euler_ramsey,0.5,2.0% Ramsey,risk_aversion,combined,0,272.08442510148075,0.656983831887554
5244,euler_ramsey,0.5,2.5% Ramsey,risk_aversion,combined,0,234.7912193572944,0.5936379427475834
5245,euler_ramsey,0.5,1.5% Ramsey,risk_aversion,combined,0,547.3035574140124,0.758115966804668
5245,euler_ramsey,0.5,2.0% Ramsey,risk_aversion,combined,0,340.36993855705526,0.6771178133921153
5245,euler_ramsey,0.5,2.5% Ramsey,risk_aversion,combined,0,222.51692299185035,0.6135016894795465
5246,euler_ramsey,0.5,1.5% Ramsey,risk_aversion,combined,0,-535.5819670651176,0.5546443503851735
5246,euler_ramsey,0.5,2.0% Ramsey,risk_aversion,combined,0,-392.0124661243719,0.4618342332624838
5246,euler_ramsey,0.5,2.5% Ramsey,risk_aversion,combined,0,-243.5581515591823,0.39635256370473376
5247,euler_ramsey,0.5,1.5% Ramsey,risk_aversion,combined,0,-39.61795852521674,1.7680642560094497
5247,euler_ramsey,0.5,2.0% Ramsey,risk_aversion,combined,0,-34.8974763598101,1.9128843838302367
5247,euler_ramsey,0.5,2.5% Ramsey,risk_aversion,combined,0,-24.26584957329205,2.0104417679531053
5248,euler_ramsey,0.5,1.5% Ramsey,risk_aversion,combined,0,1409.8811610104951,0.6496217368672472
5248,euler_ramsey,0.5,2.0% Ramsey,risk_aversion,combined,0,1098.743734935039,0.5610700393177658
5248,euler_ramsey,0.5,2.5% Ramsey,risk_aversion,combined,0,787.1053997940015,0.49538917069461214
5249,euler_ramsey,0.5,1.5% Ramsey,risk_aversion,combined,0,3862.3481546368644,0.48017421046065173
5249,euler_ramsey,0.5,2.0% Ramsey,risk_aversion,combined,0,3191.8078719901805,0.38815469984046874
5249,euler_ramsey,0.5,2.5% Ramsey,risk_aversion,combined,0,2317.4576171790377,0.3256680868903479
5250,euler_ramsey,0.5,1.5% Ramsey,risk_aversion,combined,0,-63.8575709859378,0.8186542410916448
5250,euler_ramsey,0.5,2.0% Ramsey,risk_aversion,combined,0,-52.64485392980444,0.7441539877727312
5250,euler_ramsey,0.5,2.5% Ramsey,risk_aversion,combined,0,-40.31647343705265,0.683481393564108
5251,euler_ramsey,0.5,1.5% Ramsey,risk_aversion,combined,0,845.0740197525248,0.37637652703173324
5251,euler_ramsey,0.5,2.0% Ramsey,risk_aversion,combined,0,842.9132005008756,0.28732742361344815
5251,euler_ramsey,0.5,2.5% Ramsey,risk_aversion,combined,0,697.008086030338,0.23057465720930473
5252,euler_ramsey,0.5,1.5% Ramsey,risk_aversion,combined,0,482.40468748534664,1.9744512618431427
5252,euler_ramsey,0.5,2.0% Ramsey,risk_aversion,combined,0,338.6053558988987,2.190225462776956
5252,euler_ramsey,0.5,2.5% Ramsey,risk_aversion,combined,0,233.5965927630349,2.3470076373341895
5253,euler_ramsey,0.5,1.5% Ramsey,risk_aversion,combined,0,1812.1264943904512,0.7452041608980844
5253,euler_ramsey,0.5,2.0% Ramsey,risk_aversion,combined,0,1243.7291174883585,0.6635218615900177
5253,euler_ramsey,0.5,2.5% Ramsey,risk_aversion,combined,0,812.3586397633658,0.5998183078172953
5254,euler_ramsey,0.5,1.5% Ramsey,risk_aversion,combined,0,1463.8717875924337,0.6731981358405208
5254,euler_ramsey,0.5,2.0% Ramsey,risk_aversion,combined,0,1060.549384269855,0.5858433065063984
5254,euler_ramsey,0.5,2.5% Ramsey,risk_aversion,combined,0,725.817527446939,0.5202734107082884
5255,euler_ramsey,0.5,1.5% Ramsey,risk_aversion,combined,0,-1861.9949704003957,0.23915532184319535
5255,euler_ramsey,0.5,2.0% Ramsey,risk_aversion,combined,0,-1287.5475981127308,0.16477764508143422
5255,euler_ramsey,0.5,2.5% Ramsey,risk_aversion,combined,0,-773.1787330716107,0.1221416516268054
5256,euler_ramsey,0.5,1.5% Ramsey,risk_aversion,combined,0,244.35994464026496,1.827280093397579
5256,euler_ramsey,0.5,2.0% Ramsey,risk_aversion,combined,0,193.97546765251923,1.9915027779033245
5256,euler_ramsey,0.5,2.5% Ramsey,risk_aversion,combined,0,150.88562386383146,2.105043993657566
5257,euler_ramsey,0.5,1.5% Ramsey,risk_aversion,combined,0,281.87742000829684,0.7437862391739439
5257,euler_ramsey,0.5,2.0% Ramsey,risk_aversion,combined,0,218.12434919369437,0.6621469971247754
5257,euler_ramsey,0.5,2.5% Ramsey,risk_aversion,combined,0,161.62999499176652,0.598468619308255
5258,euler_ramsey,0.5,1.5% Ramsey,risk_aversion,combined,0,1195.0409795587616,0.6277968439811225
5258,euler_ramsey,0.5,2.0% Ramsey,risk_aversion,combined,0,946.6974371701909,0.5385511150017641
5258,euler_ramsey,0.5,2.5% Ramsey,risk_aversion,combined,0,703.2090929087836,0.4730659564242586
5259,euler_ramsey,0.5,1.5% Ramsey,risk_aversion,combined,0,857.9707891894075,2.0623120566981195
5259,euler_ramsey,0.5,2.0% Ramsey,risk_aversion,combined,0,559.6043957547741,2.311054931461125
5259,euler_ramsey,0.5,2.5% Ramsey,risk_aversion,combined,0,371.4172241398167,2.4961627680654406
5260,euler_ramsey,0.5,1.5% Ramsey,risk_aversion,combined,0,94.98357520321295,2.6308087747938513
5260,euler_ramsey,0.5,2.0% Ramsey,risk_aversion,combined,0,68.45321185643509,3.1120198206225793
5260,euler_ramsey,0.5,2.5% Ramsey,risk_aversion,combined,0,49.92323044851943,3.5045111311602124
5261,euler_ramsey,0.5,1.5% Ramsey,risk_aversion,combined,0,89.53833703082162,1.980755905863341
5261,euler_ramsey,0.5,2.0% Ramsey,risk_aversion,combined,0,51.02146151581361,2.198280076921799
5261,euler_ramsey,0.5,2.5% Ramsey,risk_aversion,combined,0,31.747636069357196,2.3562901735514235
5262,euler_ramsey,0.5,1.5% Ramsey,risk_aversion,combined,0,1972.9524123400347,0.576844643534842
5262,euler_ramsey,0.5,2.0% Ramsey,risk_aversion,combined,0,1284.1208220950812,0.4854457161553251
5262,euler_ramsey,0.5,2.5% Ramsey,risk_aversion,combined,0,822.5265031754653,0.4201265138629235
5263,euler_ramsey,0.5,1.5% Ramsey,risk_aversion,combined,0,125.52360090717856,1.0846529940084784
5263,euler_ramsey,0.5,2.0% Ramsey,risk_aversion,combined,0,102.74302565495178,1.050488996105667
5263,euler_ramsey,0.5,2.5% Ramsey,risk_aversion,combined,0,77.31685825197977,1.0134154541562344
5264,euler_ramsey,0.5,1.5% Ramsey,risk_aversion,combined,0,-42.03574156926435,0.4511216385617355
5264,euler_ramsey,0.5,2.0% Ramsey,risk_aversion,combined,0,-42.32000009527184,0.3586379094198768
5264,euler_ramsey,0.5,2.5% Ramsey,risk_aversion,combined,0,-37.2186750768391,0.29696072856515043
5265,euler_ramsey,0.5,1.5% Ramsey,risk_aversion,combined,0,752.6423358704143,0.9335327722878966
5265,euler_ramsey,0.5,2.0% Ramsey,risk_aversion,combined,0,646.0256693527789,0.8748433593167861
5265,euler_ramsey,0.5,2.5% Ramsey,risk_aversion,combined,0,511.6745662020564,0.8228237013187285
5266,euler_ramsey,0.5,1.5% Ramsey,risk_aversion,combined,0,45.1432517205423,1.9143285010714708
5266,euler_ramsey,0.5,2.0% Ramsey,risk_aversion,combined,0,36.856093850834014,2.108435555431535
5266,euler_ramsey,0.5,2.5% Ramsey,risk_aversion,combined,0,29.38699433179623,2.246781543155326
5267,euler_ramsey,0.5,1.5% Ramsey,risk_aversion,combined,0,-205.41799967160594,0.5546066801962535
5267,euler_ramsey,0.5,2.0% Ramsey,risk_aversion,combined,0,-141.65365405003138,0.4617942658971968
5267,euler_ramsey,0.5,2.5% Ramsey,risk_aversion,combined,0,-76.37780241115271,0.39631228113117817
5268,euler_ramsey,0.5,1.5% Ramsey,risk_aversion,combined,0,2290.456269644117,0.4689090445271411
5268,euler_ramsey,0.5,2.0% Ramsey,risk_aversion,combined,0,1629.9841300895791,0.3764165860414022
5268,euler_ramsey,0.5,2.5% Ramsey,risk_aversion,combined,0,1104.4599450122407,0.31406979117801703
5269,euler_ramsey,0.5,1.5% Ramsey,risk_aversion,combined,0,866.4519064988142,0.6189453387830808
5269,euler_ramsey,0.5,2.0% Ramsey,risk_aversion,combined,0,542.3899963404474,0.5289805819513634
5269,euler_ramsey,0.5,2.5% Ramsey,risk_aversion,combined,0,361.8745556105092,0.463279389288511
5270,euler_ramsey,0.5,1.5% Ramsey,risk_aversion,combined,0,2067.4803977749516,2.629674438065532
5270,euler_ramsey,0.5,2.0% Ramsey,risk_aversion,combined,0,835.3943504319283,3.112787760650669
5270,euler_ramsey,0.5,2.5% Ramsey,risk_aversion,combined,0,422.4971789528524,3.507674710406944
5271,euler_ramsey,0.5,1.5% Ramsey,risk_aversion,combined,0,3544.5868404387147,0.19205178248777852
5271,euler_ramsey,0.5,2.0% Ramsey,risk_aversion,combined,0,1165.5807893638475,0.1260054212266973
5271,euler_ramsey,0.5,2.5% Ramsey,risk_aversion,combined,0,604.6599846244557,0.08993755315706811
5272,euler_ramsey,0.5,1.5% Ramsey,risk_aversion,combined,0,227.02083458251127,0.97399290341583
5272,euler_ramsey,0.5,2.0% Ramsey,risk_aversion,combined,0,139.28065941232657,0.9213344910739966
5272,euler_ramsey,0.5,2.5% Ramsey,risk_aversion,combined,0,90.12011336774222,0.8727440112530115
5273,euler_ramsey,0.5,1.5% Ramsey,risk_aversion,combined,0,153.74150599523855,3.4378127689066234
5273,euler_ramsey,0.5,2.0% Ramsey,risk_aversion,combined,0,132.61729970005007,4.319738802337381
5273,euler_ramsey,0.5,2.5% Ramsey,risk_aversion,combined,0,111.41903075297618,5.097351737944924
5274,euler_ramsey,0.5,1.5% Ramsey,risk_aversion,combined,0,925.2873044631502,0.4627182619398478
5274,euler_ramsey,0.5,2.0% Ramsey,risk_aversion,combined,0,676.555947410877,0.36990164176975615
5274,euler_ramsey,0.5,2.5% Ramsey,risk_aversion,combined,0,468.17971427328996,0.30760535451774307
5275,euler_ramsey,0.5,1.5% Ramsey,risk_aversion,combined,0,719.1505308302022,0.85050971427096
5275,euler_ramsey,0.5,2.0% Ramsey,risk_aversion,combined,0,507.101818363491,0.7815088706914709
5275,euler_ramsey,0.5,2.5% Ramsey,risk_aversion,combined,0,361.4248752578985,0.7239705051324162
5276,euler_ramsey,0.5,1.5% Ramsey,risk_aversion,combined,0,877.9109506024323,0.6044024687936881
5276,euler_ramsey,0.5,2.0% Ramsey,risk_aversion,combined,0,501.3726668258695,0.5129695683470608
5276,euler_ramsey,0.5,2.5% Ramsey,risk_aversion,combined,0,285.61847424783303,0.4467822646656719
5277,euler_ramsey,0.5,1.5% Ramsey,risk_aversion,combined,0,2849.9344898896657,0.12765969444382722
5277,euler_ramsey,0.5,2.0% Ramsey,risk_aversion,combined,0,2269.0306580679767,0.07638879745048617
5277,euler_ramsey,0.5,2.5% Ramsey,risk_aversion,combined,0,1614.7262420089728,0.05077318685943287
5278,euler_ramsey,0.5,1.5% Ramsey,risk_aversion,combined,0,-619.839922912644,0.4707590511302351
5278,euler_ramsey,0.5,2.0% Ramsey,risk_aversion,combined,0,-404.444547990405,0.37775467389334577
5278,euler_ramsey,0.5,2.5% Ramsey,risk_aversion,combined,0,-265.5491146975405,0.3150470523006104
5279,euler_ramsey,0.5,1.5% Ramsey,risk_aversion,combined,0,152.01679738034642,2.09798664162505
5279,euler_ramsey,0.5,2.0% Ramsey,risk_aversion,combined,0,132.4482700764045,2.3586624847077076
5279,euler_ramsey,0.5,2.5% Ramsey,risk_aversion,combined,0,106.94247056405379,2.5536716903011913
5280,euler_ramsey,0.5,1.5% Ramsey,risk_aversion,combined,0,384.4400918229365,1.234087081729474
5280,euler_ramsey,0.5,2.0% Ramsey,risk_aversion,combined,0,280.28160931983433,1.2312824930074235
5280,euler_ramsey,0.5,2.5% Ramsey,risk_aversion,combined,0,206.61107777872928,1.2154838412936606
5281,euler_ramsey,0.5,1.5% Ramsey,risk_aversion,combined,0,275.180058853586,0.9331986480395811
5281,euler_ramsey,0.5,2.0% Ramsey,risk_aversion,combined,0,222.64879304185337,0.8746413148701239
5281,euler_ramsey,0.5,2.5% Ramsey,risk_aversion,combined,0,165.42613476856152,0.8226857729253394
5282,euler_ramsey,0.5,1.5% Ramsey,risk_aversion,combined,0,936.6670022037225,0.8545863292739498
5282,euler_ramsey,0.5,2.0% Ramsey,risk_aversion,combined,0,766.0114216640886,0.7848308085438653
5282,euler_ramsey,0.5,2.5% Ramsey,risk_aversion,combined,0,564.1438822791409,0.7266496800739307
5283,euler_ramsey,0.5,1.5% Ramsey,risk_aversion,combined,0,144.51970052131873,1.0524700020493913
5283,euler_ramsey,0.5,2.0% Ramsey,risk_aversion,combined,0,107.53387492357095,1.011955709477167
5283,euler_ramsey,0.5,2.5% Ramsey,risk_aversion,combined,0,77.39926104807687,0.9706879402858564
5284,euler_ramsey,0.5,1.5% Ramsey,risk_aversion,combined,0,609.5583309318603,0.902528610443142
5284,euler_ramsey,0.5,2.0% Ramsey,risk_aversion,combined,0,518.3818343373666,0.8397713101210896
5284,euler_ramsey,0.5,2.5% Ramsey,risk_aversion,combined,0,393.0276688848843,0.7854968573674571
5285,euler_ramsey,0.5,1.5% Ramsey,risk_aversion,combined,0,323.2831383678209,2.0629020572207866
5285,euler_ramsey,0.5,2.0% Ramsey,risk_aversion,combined,0,252.840645434264,2.310607378017839
5285,euler_ramsey,0.5,2.5% Ramsey,risk_aversion,combined,0,191.11221531171262,2.4945677671207243
5286,euler_ramsey,0.5,1.5% Ramsey,risk_aversion,combined,0,175.06052967862013,1.3348949849285485
5286,euler_ramsey,0.5,2.0% Ramsey,risk_aversion,combined,0,126.4282127306889,1.3551089471021354
5286,euler_ramsey,0.5,2.5% Ramsey,risk_aversion,combined,0,84.46598690344145,1.3557143433929368
5287,euler_ramsey,0.5,1.5% Ramsey,risk_aversion,combined,0,2518.6539821010642,0.4203029559606845
5287,euler_ramsey,0.5,2.0% Ramsey,risk_aversion,combined,0,1576.094509731173,0.3289242549676032
5287,euler_ramsey,0.5,2.5% Ramsey,risk_aversion,combined,0,1024.7515169253318,0.2690759383255726
5288,euler_ramsey,0.5,1.5% Ramsey,risk_aversion,combined,0,184.7324124703411,1.9769439953693513
5288,euler_ramsey,0.5,2.0% Ramsey,risk_aversion,combined,0,137.3763061450536,2.192906040233415
5288,euler_ramsey,0.5,2.5% Ramsey,risk_aversion,combined,0,102.88880132011306,2.349747591546944
5289,euler_ramsey,0.5,1.5% Ramsey,risk_aversion,combined,0,1558.5095936350876,0.8093669240380028
5289,euler_ramsey,0.5,2.0% Ramsey,risk_aversion,combined,0,1235.7309863707344,0.7343364041086835
5289,euler_ramsey,0.5,2.5% Ramsey,risk_aversion,combined,0,851.3082396207149,0.6735388725359964
5290,euler_ramsey,0.5,1.5% Ramsey,risk_aversion,combined,0,380.23003745047583,1.733683511635612
5290,euler_ramsey,0.5,2.0% Ramsey,risk_aversion,combined,0,396.1839401643529,1.8678821309811648
5290,euler_ramsey,0.5,2.5% Ramsey,risk_aversion,combined,0,345.52840246987006,1.9570273629313442
5291,euler_ramsey,0.5,1.5% Ramsey,risk_aversion,combined,0,109.80986202892576,1.2718213847905522
5291,euler_ramsey,0.5,2.0% Ramsey,risk_aversion,combined,0,58.20103204323775,1.277661580236653
5291,euler_ramsey,0.5,2.5% Ramsey,risk_aversion,combined,0,34.75567471815271,1.2679966459021368
5292,euler_ramsey,0.5,1.5% Ramsey,risk_aversion,combined,0,27899.340800272308,0.23334004756688276
5292,euler_ramsey,0.5,2.0% Ramsey,risk_aversion,combined,0,10266.613608762857,0.16100153011979723
5292,euler_ramsey,0.5,2.5% Ramsey,risk_aversion,combined,0,4693.055888092059,0.11955318520820539
5293,euler_ramsey,0.5,1.5% Ramsey,risk_aversion,combined,0,227.79004721774933,1.3647721576194538
5293,euler_ramsey,0.5,2.0% Ramsey,risk_aversion,combined,0,175.2083290907503,1.3923751140111291
5293,euler_ramsey,0.5,2.5% Ramsey,risk_aversion,combined,0,121.74903830421147,1.3984004831804344
5294,euler_ramsey,0.5,1.5% Ramsey,risk_aversion,combined,0,1511.5498231261645,0.619648734337885
5294,euler_ramsey,0.5,2.0% Ramsey,risk_aversion,combined,0,1179.7609624712754,0.5299494791381855
5294,euler_ramsey,0.5,2.5% Ramsey,risk_aversion,combined,0,879.22904993125,0.464405208261431
5295,euler_ramsey,0.5,1.5% Ramsey,risk_aversion,combined,0,1564.1416038044235,0.501149199500274
5295,euler_ramsey,0.5,2.0% Ramsey,risk_aversion,combined,0,1412.6691544200944,0.4082285489500662
5295,euler_ramsey,0.5,2.5% Ramsey,risk_aversion,combined,0,1129.0458745644537,0.34447936379754296
5296,euler_ramsey,0.5,1.5% Ramsey,risk_aversion,combined,0,1060.8808271507905,0.34362784215877
5296,euler_ramsey,0.5,2.0% Ramsey,risk_aversion,combined,0,1031.0447418939912,0.25712287279098733
5296,euler_ramsey,0.5,2.5% Ramsey,risk_aversion,combined,0,866.2923486852984,0.2031724533083207
5297,euler_ramsey,0.5,1.5% Ramsey,risk_aversion,combined,0,795.3937933879347,0.6203862989191894
5297,euler_ramsey,0.5,2.0% Ramsey,risk_aversion,combined,0,714.0517164586291,0.5302496543863888
5297,euler_ramsey,0.5,2.5% Ramsey,risk_aversion,combined,0,565.844216866542,0.46439634602990504
5298,euler_ramsey,0.5,1.5% Ramsey,risk_aversion,combined,0,702.0569402678182,1.0726096310410949
5298,euler_ramsey,0.5,2.0% Ramsey,risk_aversion,combined,0,529.2964996254104,1.0374424999747367
5298,euler_ramsey,0.5,2.5% Ramsey,risk_aversion,combined,0,362.12643009606063,0.9998912433685148
5299,euler_ramsey,0.5,1.5% Ramsey,risk_aversion,combined,0,1422.444749150405,1.6621418104964008
5299,euler_ramsey,0.5,2.0% Ramsey,risk_aversion,combined,0,1053.1074763394672,1.774707916302669
5299,euler_ramsey,0.5,2.5% Ramsey,risk_aversion,combined,0,715.1380241170378,1.8465508665192931
5300,euler_ramsey,0.5,1.5% Ramsey,risk_aversion,combined,0,-476.09451645405335,0.9562560245128686
5300,euler_ramsey,0.5,2.0% Ramsey,risk_aversion,combined,0,-415.0170732331887,0.9006130240117691
5300,euler_ramsey,0.5,2.5% Ramsey,risk_aversion,combined,0,-321.03481178578005,0.8502113929727064
5301,euler_ramsey,0.5,1.5% Ramsey,risk_aversion,combined,0,276.4031309093688,0.5078273793600634
5301,euler_ramsey,0.5,2.0% Ramsey,risk_aversion,combined,0,265.2954380771008,0.4150201692195527
5301,euler_ramsey,0.5,2.5% Ramsey,risk_aversion,combined,0,230.19439049915354,0.35110901574300285
5302,euler_ramsey,0.5,1.5% Ramsey,risk_aversion,combined,0,482.86229315980245,2.1385073864715496
5302,euler_ramsey,0.5,2.0% Ramsey,risk_aversion,combined,0,318.2601724063611,2.414751794198871
5302,euler_ramsey,0.5,2.5% Ramsey,risk_aversion,combined,0,211.00478257857506,2.623353232928108
5303,euler_ramsey,0.5,1.5% Ramsey,risk_aversion,combined,0,2754.733310238169,0.7252028548482834
5303,euler_ramsey,0.5,2.0% Ramsey,risk_aversion,combined,0,2438.9145234092093,0.6418356496518489
5303,euler_ramsey,0.5,2.5% Ramsey,risk_aversion,combined,0,1857.9460588152785,0.5774918982914637
5304,euler_ramsey,0.5,1.5% Ramsey,risk_aversion,combined,0,1665.4279945530789,0.5854717250164228
5304,euler_ramsey,0.5,2.0% Ramsey,risk_aversion,combined,0,1145.5988149521986,0.4941088337835931
5304,euler_ramsey,0.5,2.5% Ramsey,risk_aversion,combined,0,733.9494711532307,0.4285454411718114
5305,euler_ramsey,0.5,1.5% Ramsey,risk_aversion,combined,0,1121.951871504902,1.684554899451292
5305,euler_ramsey,0.5,2.0% Ramsey,risk_aversion,combined,0,740.3538664797181,1.8038895237169998
5305,euler_ramsey,0.5,2.5% Ramsey,risk_aversion,combined,0,501.18560681899584,1.8811130585158973
5306,euler_ramsey,0.5,1.5% Ramsey,risk_aversion,combined,0,1808.377257618957,0.6723343264472116
5306,euler_ramsey,0.5,2.0% Ramsey,risk_aversion,combined,0,1556.7650319149022,0.586247109809666
5306,euler_ramsey,0.5,2.5% Ramsey,risk_aversion,combined,0,1213.7779006987153,0.5215802978164966
5307,euler_ramsey,0.5,1.5% Ramsey,risk_aversion,combined,0,1215.6015036131096,1.111277026531323
5307,euler_ramsey,0.5,2.0% Ramsey,risk_aversion,combined,0,645.7170718711532,1.0827278696817777
5307,euler_ramsey,0.5,2.5% Ramsey,risk_aversion,combined,0,362.59850724570373,1.049387275411537
5308,euler_ramsey,0.5,1.5% Ramsey,risk_aversion,combined,0,1927.9250665683755,0.29375449598453807
5308,euler_ramsey,0.5,2.0% Ramsey,risk_aversion,combined,0,755.6779711499745,0.21198921225995573
5308,euler_ramsey,0.5,2.5% Ramsey,risk_aversion,combined,0,397.96751168855565,0.16286961256854596
5309,euler_ramsey,0.5,1.5% Ramsey,risk_aversion,combined,0,1063.8899558370242,0.542836440517053
5309,euler_ramsey,0.5,2.0% Ramsey,risk_aversion,combined,0,796.9794599560166,0.44971509123290276
5309,euler_ramsey,0.5,2.5% Ramsey,risk_aversion,combined,0,524.536044847086,0.38443330754714816
5310,euler_ramsey,0.5,1.5% Ramsey,risk_aversion,combined,0,429.4001914081638,1.9417795521177217
5310,euler_ramsey,0.5,2.0% Ramsey,risk_aversion,combined,0,269.09390250764494,2.145532595254334
5310,euler_ramsey,0.5,2.5% Ramsey,risk_aversion,combined,0,171.70246050986117,2.2920828378416274
5311,euler_ramsey,0.5,1.5% Ramsey,risk_aversion,combined,0,729.3850240609391,1.112388903248552
5311,euler_ramsey,0.5,2.0% Ramsey,risk_aversion,combined,0,530.8011930725617,1.0839965712861548
5311,euler_ramsey,0.5,2.5% Ramsey,risk_aversion,combined,0,365.1706658145732,1.050771861381322
5312,euler_ramsey,0.5,1.5% Ramsey,risk_aversion,combined,0,113.35567950887672,3.0897852187292107
5312,euler_ramsey,0.5,2.0% Ramsey,risk_aversion,combined,0,70.63671264737383,3.789505979733959
5312,euler_ramsey,0.5,2.5% Ramsey,risk_aversion,combined,0,50.02577197789761,4.388381465346349
5313,euler_ramsey,0.5,1.5% Ramsey,risk_aversion,combined,0,1788.6155979930872,0.9878338758843401
5313,euler_ramsey,0.5,2.0% Ramsey,risk_aversion,combined,0,1088.0282062786555,0.9388401413390819
5313,euler_ramsey,0.5,2.5% Ramsey,risk_aversion,combined,0,696.566059059279,0.8927817986778562
5314,euler_ramsey,0.5,1.5% Ramsey,risk_aversion,combined,0,221.19588045644778,0.7354339317729396
5314,euler_ramsey,0.5,2.0% Ramsey,risk_aversion,combined,0,210.8692205641228,0.6532417409980088
5314,euler_ramsey,0.5,2.5% Ramsey,risk_aversion,combined,0,186.52250232046433,0.5894234155620212
5315,euler_ramsey,0.5,1.5% Ramsey,risk_aversion,combined,0,7335.76039649842,0.28247963677309185
5315,euler_ramsey,0.5,2.0% Ramsey,risk_aversion,combined,0,2818.9197063142856,0.20229610073443563
5315,euler_ramsey,0.5,2.5% Ramsey,risk_aversion,combined,0,1420.6297164110788,0.15452109826180055
5316,euler_ramsey,0.5,1.5% Ramsey,risk_aversion,combined,0,-559.3335231136734,0.7723331627041393
5316,euler_ramsey,0.5,2.0% Ramsey,risk_aversion,combined,0,-408.79000845029867,0.6929518330118931
5316,euler_ramsey,0.5,2.5% Ramsey,risk_aversion,combined,0,-278.52476286607435,0.6300722494983714
5317,euler_ramsey,0.5,1.5% Ramsey,risk_aversion,combined,0,456.5390456500226,1.7052443571949074
5317,euler_ramsey,0.5,2.0% Ramsey,risk_aversion,combined,0,275.798770704126,1.8295471777562051
5317,euler_ramsey,0.5,2.5% Ramsey,risk_aversion,combined,0,167.46459918909724,1.9104509009097286
5318,euler_ramsey,0.5,1.5% Ramsey,risk_aversion,combined,0,1873.0926228385456,1.2164076983203014
5318,euler_ramsey,0.5,2.0% Ramsey,risk_aversion,combined,0,1457.6839287959288,1.2117019513896758
5318,euler_ramsey,0.5,2.5% Ramsey,risk_aversion,combined,0,1025.4060769366147,1.194944847685031
5319,euler_ramsey,0.5,1.5% Ramsey,risk_aversion,combined,0,-861.5921719976822,0.43882573379796974
5319,euler_ramsey,0.5,2.0% Ramsey,risk_aversion,combined,0,-746.280124234591,0.3466742564537425
5319,euler_ramsey,0.5,2.5% Ramsey,risk_aversion,combined,0,-571.705586285862,0.2856579001966027
5320,euler_ramsey,0.5,1.5% Ramsey,risk_aversion,combined,0,748.3284862210264,1.640666356057163
5320,euler_ramsey,0.5,2.0% Ramsey,risk_aversion,combined,0,539.2782760132778,1.7455620494894892
5320,euler_ramsey,0.5,2.5% Ramsey,risk_aversion,combined,0,360.2942944580093,1.811080190834952
5321,euler_ramsey,0.5,1.5% Ramsey,risk_aversion,combined,0,340.76046481520234,0.8601117995963018
5321,euler_ramsey,0.5,2.0% Ramsey,risk_aversion,combined,0,281.3313988064462,0.7912500848422738
5321,euler_ramsey,0.5,2.5% Ramsey,risk_aversion,combined,0,210.3117985218018,0.7335400978371394
5322,euler_ramsey,0.5,1.5% Ramsey,risk_aversion,combined,0,3888.0201098613943,0.39701460730947163
5322,euler_ramsey,0.5,2.0% Ramsey,risk_aversion,combined,0,2650.856151833356,0.30712307934264693
5322,euler_ramsey,0.5,2.5% Ramsey,risk_aversion,combined,0,1758.751363356556,0.2490309198724952
5323,euler_ramsey,0.5,1.5% Ramsey,risk_aversion,combined,0,-710.0814077949207,0.8842807553345038
5323,euler_ramsey,0.5,2.0% Ramsey,risk_aversion,combined,0,-501.51893281801784,0.8182079882737334
5323,euler_ramsey,0.5,2.5% Ramsey,risk_aversion,combined,0,-317.1830756162502,0.7619225152303859
5324,euler_ramsey,0.5,1.5% Ramsey,risk_aversion,combined,0,784.9134192789696,1.8650842553291622
5324,euler_ramsey,0.5,2.0% Ramsey,risk_aversion,combined,0,649.4021808585766,2.0430621620461302
5324,euler_ramsey,0.5,2.5% Ramsey,risk_aversion,combined,0,509.4577126370732,2.168233182314177
5325,euler_ramsey,0.5,1.5% Ramsey,risk_aversion,combined,0,-104.68956657031585,1.8315313858088373
5325,euler_ramsey,0.5,2.0% Ramsey,risk_aversion,combined,0,-71.10593236305314,1.996839068542465
5325,euler_ramsey,0.5,2.5% Ramsey,risk_aversion,combined,0,-38.330051646233315,2.111275678263194
5326,euler_ramsey,0.5,1.5% Ramsey,risk_aversion,combined,0,-1038.765973220232,0.5388811145952679
5326,euler_ramsey,0.5,2.0% Ramsey,risk_aversion,combined,0,-747.1753792428433,0.4460698029935957
5326,euler_ramsey,0.5,2.5% Ramsey,risk_aversion,combined,0,-499.22142891423584,0.3810940461341464
5327,euler_ramsey,0.5,1.5% Ramsey,risk_aversion,combined,0,393.4714238513688,1.2674233937043466
5327,euler_ramsey,0.5,2.0% Ramsey,risk_aversion,combined,0,283.80448900176395,1.2730868675459837
5327,euler_ramsey,0.5,2.5% Ramsey,risk_aversion,combined,0,201.72174779445166,1.2634223464282162
5328,euler_ramsey,0.5,1.5% Ramsey,risk_aversion,combined,0,982.8610251335342,0.25524388727025127
5328,euler_ramsey,0.5,2.0% Ramsey,risk_aversion,combined,0,228.4589942916918,0.17845812287583387
5328,euler_ramsey,0.5,2.5% Ramsey,risk_aversion,combined,0,67.42753963391681,0.13378975382096808
5329,euler_ramsey,0.5,1.5% Ramsey,risk_aversion,combined,0,1316.994876094094,0.36473888708927016
5329,euler_ramsey,0.5,2.0% Ramsey,risk_aversion,combined,0,1267.6261246133445,0.2764851120541086
5329,euler_ramsey,0.5,2.5% Ramsey,risk_aversion,combined,0,1045.620258636464,0.22066873696854078
5330,euler_ramsey,0.5,1.5% Ramsey,risk_aversion,combined,0,530.5621145193206,1.1145685219685593
5330,euler_ramsey,0.5,2.0% Ramsey,risk_aversion,combined,0,496.15076352103256,1.0864670294917693
5330,euler_ramsey,0.5,2.5% Ramsey,risk_aversion,combined,0,408.484887031946,1.0534151760509103
5331,euler_ramsey,0.5,1.5% Ramsey,risk_aversion,combined,0,-875.2061507877156,0.49980483541708187
5331,euler_ramsey,0.5,2.0% Ramsey,risk_aversion,combined,0,-682.5585642321595,0.4065121427530607
5331,euler_ramsey,0.5,2.5% Ramsey,risk_aversion,combined,0,-470.43956790410317,0.3425906214386488
5332,euler_ramsey,0.5,1.5% Ramsey,risk_aversion,combined,0,1076.2546305570606,0.7258933947541714
5332,euler_ramsey,0.5,2.0% Ramsey,risk_aversion,combined,0,949.7018102331559,0.6425571341440892
5332,euler_ramsey,0.5,2.5% Ramsey,risk_aversion,combined,0,773.1454083801426,0.5782409908723969
5333,euler_ramsey,0.5,1.5% Ramsey,risk_aversion,combined,0,-78.91164530655739,1.2560190078887048
5333,euler_ramsey,0.5,2.0% Ramsey,risk_aversion,combined,0,-68.48189186114382,1.25734993214301
5333,euler_ramsey,0.5,2.5% Ramsey,risk_aversion,combined,0,-48.0022317467712,1.2443356629848794
5334,euler_ramsey,0.5,1.5% Ramsey,risk_aversion,combined,0,-416.00467818980053,0.39239377576434714
5334,euler_ramsey,0.5,2.0% Ramsey,risk_aversion,combined,0,-262.9751245335986,0.3022030581213255
5334,euler_ramsey,0.5,2.5% Ramsey,risk_aversion,combined,0,-151.12508165750725,0.244156323771747
5335,euler_ramsey,0.5,1.5% Ramsey,risk_aversion,combined,0,257.5376651057311,1.527522445836264
5335,euler_ramsey,0.5,2.0% Ramsey,risk_aversion,combined,0,194.0935064914318,1.5994632318896267
5335,euler_ramsey,0.5,2.5% Ramsey,risk_aversion,combined,0,146.8123940386004,1.6391918382027602
5336,euler_ramsey,0.5,1.5% Ramsey,risk_aversion,combined,0,1108.520192540339,2.7337506558614253
5336,euler_ramsey,0.5,2.0% Ramsey,risk_aversion,combined,0,794.5305155409288,3.2646463817956373
5336,euler_ramsey,0.5,2.5% Ramsey,risk_aversion,combined,0,555.3734262710743,3.7040676943817252
5337,euler_ramsey,0.5,1.5% Ramsey,risk_aversion,combined,0,729.6934615395777,0.8287433034535239
5337,euler_ramsey,0.5,2.0% Ramsey,risk_aversion,combined,0,596.1547941656486,0.7562863482660884
5337,euler_ramsey,0.5,2.5% Ramsey,risk_aversion,combined,0,443.2613065675644,0.6968667925850033
5338,euler_ramsey,0.5,1.5% Ramsey,risk_aversion,combined,0,1151.7171528753227,1.0839572672145998
5338,euler_ramsey,0.5,2.0% Ramsey,risk_aversion,combined,0,883.6386840493284,1.0511231006546238
5338,euler_ramsey,0.5,2.5% Ramsey,risk_aversion,combined,0,610.6733378412456,1.0151138584852146
5339,euler_ramsey,0.5,1.5% Ramsey,risk_aversion,combined,0,208.52502039003744,1.6637471855315669
5339,euler_ramsey,0.5,2.0% Ramsey,risk_aversion,combined,0,143.44490401332789,1.7754552469573117
5339,euler_ramsey,0.5,2.5% Ramsey,risk_aversion,combined,0,100.86033122484908,1.8463492598926106
5340,euler_ramsey,0.5,1.5% Ramsey,risk_aversion,combined,0,1066.7934615420297,0.8374115703714313
5340,euler_ramsey,0.5,2.0% Ramsey,risk_aversion,combined,0,702.7845403081493,0.767098387415636
5340,euler_ramsey,0.5,2.5% Ramsey,risk_aversion,combined,0,440.46812580050664,0.7090343552940789
5341,euler_ramsey,0.5,1.5% Ramsey,risk_aversion,combined,0,-26.457210890115483,0.7572372824349236
5341,euler_ramsey,0.5,2.0% Ramsey,risk_aversion,combined,0,-14.93773499557132,0.6767023751418924
5341,euler_ramsey,0.5,2.5% Ramsey,risk_aversion,combined,0,-9.108557062077987,0.6134145397410229
5342,euler_ramsey,0.5,1.5% Ramsey,risk_aversion,combined,0,1426.1749748435602,0.7894741454066594
5342,euler_ramsey,0.5,2.0% Ramsey,risk_aversion,combined,0,992.9594485268316,0.7138387021627441
5342,euler_ramsey,0.5,2.5% Ramsey,risk_aversion,combined,0,665.4383968627642,0.6531413801200799
5343,euler_ramsey,0.5,1.5% Ramsey,risk_aversion,combined,0,165.29170518795001,0.8167641342478102
5343,euler_ramsey,0.5,2.0% Ramsey,risk_aversion,combined,0,128.10103030563843,0.7426350379944495
5343,euler_ramsey,0.5,2.5% Ramsey,risk_aversion,combined,0,93.222169973972,0.6822606997157561
5344,euler_ramsey,0.5,1.5% Ramsey,risk_aversion,combined,0,-668.2966185961983,0.6059167828282123
5344,euler_ramsey,0.5,2.0% Ramsey,risk_aversion,combined,0,-328.03854938055775,0.5146556218691418
5344,euler_ramsey,0.5,2.5% Ramsey,risk_aversion,combined,0,-163.13265987743173,0.44853676207172793
5345,euler_ramsey,0.5,1.5% Ramsey,risk_aversion,combined,0,420.17814728680025,0.8935002374259667
5345,euler_ramsey,0.5,2.0% Ramsey,risk_aversion,combined,0,370.08648780262365,0.8295873531763526
5345,euler_ramsey,0.5,2.5% Ramsey,risk_aversion,combined,0,296.6407204042193,0.774698141144321
5346,euler_ramsey,0.5,1.5% Ramsey,risk_aversion,combined,0,59.474053556793606,0.48680185894845973
5346,euler_ramsey,0.5,2.0% Ramsey,risk_aversion,combined,0,32.377489006911645,0.39393005083119137
5346,euler_ramsey,0.5,2.5% Ramsey,risk_aversion,combined,0,18.494430364380847,0.3307067283980201
5347,euler_ramsey,0.5,1.5% Ramsey,risk_aversion,combined,0,3170.5433853714985,0.45796622426605355
5347,euler_ramsey,0.5,2.0% Ramsey,risk_aversion,combined,0,1977.949457911382,0.3658757892918567
5347,euler_ramsey,0.5,2.5% Ramsey,risk_aversion,combined,0,1293.2893476243562,0.3041606616817175
5348,euler_ramsey,0.5,1.5% Ramsey,risk_aversion,combined,0,1179.458479467622,0.21814908519417237
5348,euler_ramsey,0.5,2.0% Ramsey,risk_aversion,combined,0,461.49446905249823,0.1472415623548571
5348,euler_ramsey,0.5,2.5% Ramsey,risk_aversion,combined,0,281.6196782663589,0.1074202720881481
5349,euler_ramsey,0.5,1.5% Ramsey,risk_aversion,combined,0,301.1573402391587,2.6318747958833693
5349,euler_ramsey,0.5,2.0% Ramsey,risk_aversion,combined,0,225.21071559551788,3.1136485987669755
5349,euler_ramsey,0.5,2.5% Ramsey,risk_aversion,combined,0,159.5917874090692,3.5067239633209635
5350,euler_ramsey,0.5,1.5% Ramsey,risk_aversion,combined,0,-112.74543657932023,0.37005082462898414
5350,euler_ramsey,0.5,2.0% Ramsey,risk_aversion,combined,0,-84.22684619483124,0.2812623552016941
5350,euler_ramsey,0.5,2.5% Ramsey,risk_aversion,combined,0,-57.86925456665247,0.2249321035982311
5351,euler_ramsey,0.5,1.5% Ramsey,risk_aversion,combined,0,1649.462845322177,0.32750561448038196
5351,euler_ramsey,0.5,2.0% Ramsey,risk_aversion,combined,0,1589.5234088369264,0.24230465334564724
5351,euler_ramsey,0.5,2.5% Ramsey,risk_aversion,combined,0,1330.276054431507,0.1897896306753732
5352,euler_ramsey,0.5,1.5% Ramsey,risk_aversion,combined,0,294.93093862588984,0.49233847133124325
5352,euler_ramsey,0.5,2.0% Ramsey,risk_aversion,combined,0,250.73229115243677,0.3991710618124731
5352,euler_ramsey,0.5,2.5% Ramsey,risk_aversion,combined,0,205.96962897657394,0.33559012780078123
5353,euler_ramsey,0.5,1.5% Ramsey,risk_aversion,combined,0,-93.41358337738502,1.1014296728312274
5353,euler_ramsey,0.5,2.0% Ramsey,risk_aversion,combined,0,-82.37797614008596,1.0708253682217812
5353,euler_ramsey,0.5,2.5% Ramsey,risk_aversion,combined,0,-64.13274217971421,1.0360598820499947
5354,euler_ramsey,0.5,1.5% Ramsey,risk_aversion,combined,0,2376.3211109466683,0.5359675996211438
5354,euler_ramsey,0.5,2.0% Ramsey,risk_aversion,combined,0,2091.0386674673027,0.4439191531127075
5354,euler_ramsey,0.5,2.5% Ramsey,risk_aversion,combined,0,1594.4131933147487,0.37952084225954724
5355,euler_ramsey,0.5,1.5% Ramsey,risk_aversion,combined,0,433.1356692018155,1.1134557865284038
5355,euler_ramsey,0.5,2.0% Ramsey,risk_aversion,combined,0,349.9595822743221,1.0858845713688505
5355,euler_ramsey,0.5,2.5% Ramsey,risk_aversion,combined,0,255.57350994018256,1.0532481943494805
5356,euler_ramsey,0.5,1.5% Ramsey,risk_aversion,combined,0,-43.999875287485864,0.9024110715921547
5356,euler_ramsey,0.5,2.0% Ramsey,risk_aversion,combined,0,-35.8598979896624,0.8393393618823703
5356,euler_ramsey,0.5,2.5% Ramsey,risk_aversion,combined,0,-25.654657832143013,0.7848042210324252
5357,euler_ramsey,0.5,1.5% Ramsey,risk_aversion,combined,0,58.55724008255695,1.4941522630265225
5357,euler_ramsey,0.5,2.0% Ramsey,risk_aversion,combined,0,45.39131695800157,1.5563701475186589
5357,euler_ramsey,0.5,2.5% Ramsey,risk_aversion,combined,0,34.62144228862141,1.588473828403645
5358,euler_ramsey,0.5,1.5% Ramsey,risk_aversion,combined,0,187.03398294272816,2.2544027412030343
5358,euler_ramsey,0.5,2.0% Ramsey,risk_aversion,combined,0,111.4913051834183,2.575848267058155
5358,euler_ramsey,0.5,2.5% Ramsey,risk_aversion,combined,0,69.37832371240106,2.8239837676021677
5359,euler_ramsey,0.5,1.5% Ramsey,risk_aversion,combined,0,285.23193489861694,1.8193430259391576
5359,euler_ramsey,0.5,2.0% Ramsey,risk_aversion,combined,0,349.7811927624699,1.9787207597448715
5359,euler_ramsey,0.5,2.5% Ramsey,risk_aversion,combined,0,348.3395865047091,2.0878821734924924
5360,euler_ramsey,0.5,1.5% Ramsey,risk_aversion,combined,0,604.444102737615,0.6100232882203299
5360,euler_ramsey,0.5,2.0% Ramsey,risk_aversion,combined,0,1093.2500995777152,0.5193020685888452
5360,euler_ramsey,0.5,2.5% Ramsey,risk_aversion,combined,0,1492.5568942703674,0.45339008398949543
5361,euler_ramsey,0.5,1.5% Ramsey,risk_aversion,combined,0,284.67734491922613,2.043917496130806
5361,euler_ramsey,0.5,2.0% Ramsey,risk_aversion,combined,0,215.53016596174425,2.2844681960860393
5361,euler_ramsey,0.5,2.5% Ramsey,risk_aversion,combined,0,158.56614098965787,2.4622419485012945
5362,euler_ramsey,0.5,1.5% Ramsey,risk_aversion,combined,0,990.6360345716353,1.6185936046432905
5362,euler_ramsey,0.5,2.0% Ramsey,risk_aversion,combined,0,639.7559779873479,1.7179208228691014
5362,euler_ramsey,0.5,2.5% Ramsey,risk_aversion,combined,0,437.0363537505049,1.7792326350735255
5363,euler_ramsey,0.5,1.5% Ramsey,risk_aversion,combined,0,297.00541799390277,0.953320045227547
5363,euler_ramsey,0.5,2.0% Ramsey,risk_aversion,combined,0,264.4538440670436,0.8978986949025
5363,euler_ramsey,0.5,2.5% Ramsey,risk_aversion,combined,0,220.8952099554593,0.8477774046030487
5364,euler_ramsey,0.5,1.5% Ramsey,risk_aversion,combined,0,594.3125647797207,0.6034712953449928
5364,euler_ramsey,0.5,2.0% Ramsey,risk_aversion,combined,0,449.63555747115214,0.5124458389683416
5364,euler_ramsey,0.5,2.5% Ramsey,risk_aversion,combined,0,310.896811444506,0.4465384329795984
5365,euler_ramsey,0.5,1.5% Ramsey,risk_aversion,combined,0,-849.496790217585,0.3039160516634267
5365,euler_ramsey,0.5,2.0% Ramsey,risk_aversion,combined,0,-327.0904234586454,0.22102908939617075
5365,euler_ramsey,0.5,2.5% Ramsey,risk_aversion,combined,0,-196.94486804063175,0.17083499397698312
5366,euler_ramsey,0.5,1.5% Ramsey,risk_aversion,combined,0,721.7581938688978,0.3911922055574436
5366,euler_ramsey,0.5,2.0% Ramsey,risk_aversion,combined,0,448.3129419406579,0.3010960499632585
5366,euler_ramsey,0.5,2.5% Ramsey,risk_aversion,combined,0,259.8529809892394,0.24314975936617989
5367,euler_ramsey,0.5,1.5% Ramsey,risk_aversion,combined,0,180.66475414158919,1.2320431510560839
5367,euler_ramsey,0.5,2.0% Ramsey,risk_aversion,combined,0,122.48827168287453,1.2280854619005535
5367,euler_ramsey,0.5,2.5% Ramsey,risk_aversion,combined,0,82.34514246573774,1.2113860153648521
5368,euler_ramsey,0.5,1.5% Ramsey,risk_aversion,combined,0,483.1586611222929,1.4888817183237881
5368,euler_ramsey,0.5,2.0% Ramsey,risk_aversion,combined,0,335.187985200446,1.5505832572620901
5368,euler_ramsey,0.5,2.5% Ramsey,risk_aversion,combined,0,228.44335751598786,1.582586942739437
5369,euler_ramsey,0.5,1.5% Ramsey,risk_aversion,combined,0,546.7632353361897,1.4728893284413704
5369,euler_ramsey,0.5,2.0% Ramsey,risk_aversion,combined,0,417.880416512967,1.5292513621837027
5369,euler_ramsey,0.5,2.5% Ramsey,risk_aversion,combined,0,297.81546761725525,1.5569348717494056
5370,euler_ramsey,0.5,1.5% Ramsey,risk_aversion,combined,0,-57.22760429958628,2.064153023677602
5370,euler_ramsey,0.5,2.0% Ramsey,risk_aversion,combined,0,-43.25845292707991,2.3124335071363955
5370,euler_ramsey,0.5,2.5% Ramsey,risk_aversion,combined,0,-29.965503582912138,2.4967651996831686
5371,euler_ramsey,0.5,1.5% Ramsey,risk_aversion,combined,0,1321.2401308096325,0.5058001323961586
5371,euler_ramsey,0.5,2.0% Ramsey,risk_aversion,combined,0,846.3729678036664,0.4129823441420872
5371,euler_ramsey,0.5,2.5% Ramsey,risk_aversion,combined,0,515.093446211475,0.3491248051341328
5372,euler_ramsey,0.5,1.5% Ramsey,risk_aversion,combined,0,568.5438703558633,0.4184274598120823
5372,euler_ramsey,0.5,2.0% Ramsey,risk_aversion,combined,0,336.9719804572699,0.3269363342240727
5372,euler_ramsey,0.5,2.5% Ramsey,risk_aversion,combined,0,209.69902147229914,0.2671038291717168
5373,euler_ramsey,0.5,1.5% Ramsey,risk_aversion,combined,0,1676.71866813094,1.0404226203088551
5373,euler_ramsey,0.5,2.0% Ramsey,risk_aversion,combined,0,1534.8950718299523,0.9996675209331458
5373,euler_ramsey,0.5,2.5% Ramsey,risk_aversion,combined,0,1231.9662953204545,0.9586462319433924
5374,euler_ramsey,0.5,1.5% Ramsey,risk_aversion,combined,0,393.67156446816944,0.775176122136825
5374,euler_ramsey,0.5,2.0% Ramsey,risk_aversion,combined,0,367.71121760387666,0.6959460501580527
5374,euler_ramsey,0.5,2.5% Ramsey,risk_aversion,combined,0,305.145441778847,0.6331072199506672
5375,euler_ramsey,0.5,1.5% Ramsey,risk_aversion,combined,0,194.02787593370675,0.9431980097691849
5375,euler_ramsey,0.5,2.0% Ramsey,risk_aversion,combined,0,166.02159251314487,0.8859482228891115
5375,euler_ramsey,0.5,2.5% Ramsey,risk_aversion,combined,0,127.04969140258804,0.8347022043499995
5376,euler_ramsey,0.5,1.5% Ramsey,risk_aversion,combined,0,37.59218637469529,0.5644613952541168
5376,euler_ramsey,0.5,2.0% Ramsey,risk_aversion,combined,0,38.262149313490845,0.4720740868159448
5376,euler_ramsey,0.5,2.5% Ramsey,risk_aversion,combined,0,39.4342536040165,0.40653006600771474
5377,euler_ramsey,0.5,1.5% Ramsey,risk_aversion,combined,0,191.01743193924395,0.7940953716889796
5377,euler_ramsey,0.5,2.0% Ramsey,risk_aversion,combined,0,153.8535411252157,0.7168672930366223
5377,euler_ramsey,0.5,2.5% Ramsey,risk_aversion,combined,0,113.04327158613694,0.6549162839549092
5378,euler_ramsey,0.5,1.5% Ramsey,risk_aversion,combined,0,870.9887664909188,2.869575492575664
5378,euler_ramsey,0.5,2.0% Ramsey,risk_aversion,combined,0,523.1525568219364,3.4654715623307437
5378,euler_ramsey,0.5,2.5% Ramsey,risk_aversion,combined,0,353.3859306159224,3.966266400229457
5379,euler_ramsey,0.5,1.5% Ramsey,risk_aversion,combined,0,794.3625230011885,1.1696572334847415
5379,euler_ramsey,0.5,2.0% Ramsey,risk_aversion,combined,0,533.7283429448512,1.152628060017587
5379,euler_ramsey,0.5,2.5% Ramsey,risk_aversion,combined,0,350.7627521810136,1.1269756051541266
5380,euler_ramsey,0.5,1.5% Ramsey,risk_aversion,combined,0,-3550.7112034594466,0.13809722807341993
5380,euler_ramsey,0.5,2.0% Ramsey,risk_aversion,combined,0,-2970.666652357253,0.08410125845403098
5380,euler_ramsey,0.5,2.5% Ramsey,risk_aversion,combined,0,-2190.7976090015864,0.0566642649963592
5381,euler_ramsey,0.5,1.5% Ramsey,risk_aversion,combined,0,-423.80431761937444,0.9237738343654243
5381,euler_ramsey,0.5,2.0% Ramsey,risk_aversion,combined,0,-405.9636540114809,0.8630260770504524
5381,euler_ramsey,0.5,2.5% Ramsey,risk_aversion,combined,0,-323.092930455239,0.8096434736794408
5382,euler_ramsey,0.5,1.5% Ramsey,risk_aversion,combined,0,124.81259727684075,0.7506052650849043
5382,euler_ramsey,0.5,2.0% Ramsey,risk_aversion,combined,0,112.25630102438916,0.669166271963412
5382,euler_ramsey,0.5,2.5% Ramsey,risk_aversion,combined,0,88.45503913511426,0.6054372330925198
5383,euler_ramsey,0.5,1.5% Ramsey,risk_aversion,combined,0,2417.1127658411533,0.36339625079450416
5383,euler_ramsey,0.5,2.0% Ramsey,risk_aversion,combined,0,2305.823214053842,0.27532876336787265
5383,euler_ramsey,0.5,2.5% Ramsey,risk_aversion,combined,0,1866.2686675011416,0.21966783081587665
5384,euler_ramsey,0.5,1.5% Ramsey,risk_aversion,combined,0,-260.57509968922193,0.7099519425157764
5384,euler_ramsey,0.5,2.0% Ramsey,risk_aversion,combined,0,-227.31744334233267,0.62542066845174
5384,euler_ramsey,0.5,2.5% Ramsey,risk_aversion,combined,0,-175.8324028786798,0.5606806787704747
5385,euler_ramsey,0.5,1.5% Ramsey,risk_aversion,combined,0,1869.1629351043364,0.33086483491336166
5385,euler_ramsey,0.5,2.0% Ramsey,risk_aversion,combined,0,1076.4097109853967,0.245270004920696
5385,euler_ramsey,0.5,2.5% Ramsey,risk_aversion,combined,0,634.8483058662065,0.19239705574099478
5386,euler_ramsey,0.5,1.5% Ramsey,risk_aversion,combined,0,328.10794478627844,1.4516259489100785
5386,euler_ramsey,0.5,2.0% Ramsey,risk_aversion,combined,0,268.2304961813379,1.5037227238067479
5386,euler_ramsey,0.5,2.5% Ramsey,risk_aversion,combined,0,201.64716825493593,1.5283969597861256
5387,euler_ramsey,0.5,1.5% Ramsey,risk_aversion,combined,0,1588.0249636515691,0.3394390456142197
5387,euler_ramsey,0.5,2.0% Ramsey,risk_aversion,combined,0,1188.0427731885545,0.25318392223292213
5387,euler_ramsey,0.5,2.5% Ramsey,risk_aversion,combined,0,851.6689759724462,0.19956339239101667
5388,euler_ramsey,0.5,1.5% Ramsey,risk_aversion,combined,0,396.7430240034129,1.0365239874317542
5388,euler_ramsey,0.5,2.0% Ramsey,risk_aversion,combined,0,264.8423460451311,0.9938900270756018
5388,euler_ramsey,0.5,2.5% Ramsey,risk_aversion,combined,0,185.4651216168782,0.9514110057794903
5389,euler_ramsey,0.5,1.5% Ramsey,risk_aversion,combined,0,6250.29660570153,0.6206670979265205
5389,euler_ramsey,0.5,2.0% Ramsey,risk_aversion,combined,0,5104.3895900456855,0.5313587400501552
5389,euler_ramsey,0.5,2.5% Ramsey,risk_aversion,combined,0,3654.1564883840792,0.46603137415335205
5390,euler_ramsey,0.5,1.5% Ramsey,risk_aversion,combined,0,1083.4496569690493,0.6667296555736316
5390,euler_ramsey,0.5,2.0% Ramsey,risk_aversion,combined,0,976.4966693002633,0.5795890441007835
5390,euler_ramsey,0.5,2.5% Ramsey,risk_aversion,combined,0,748.8253839662307,0.5143519799897508
5391,euler_ramsey,0.5,1.5% Ramsey,risk_aversion,combined,0,348.8313339759317,1.355209369767723
5391,euler_ramsey,0.5,2.0% Ramsey,risk_aversion,combined,0,265.05828875264996,1.380483588659735
5391,euler_ramsey,0.5,2.5% Ramsey,risk_aversion,combined,0,182.41974925847146,1.3848136125054213
5392,euler_ramsey,0.5,1.5% Ramsey,risk_aversion,combined,0,-22.060196932151808,1.1457771217995605
5392,euler_ramsey,0.5,2.0% Ramsey,risk_aversion,combined,0,-10.340776720388519,1.1242177026604927
5392,euler_ramsey,0.5,2.5% Ramsey,risk_aversion,combined,0,-4.4552632095748494,1.0955467264600105
5393,euler_ramsey,0.5,1.5% Ramsey,risk_aversion,combined,0,1232.9137544757837,0.5741078954812422
5393,euler_ramsey,0.5,2.0% Ramsey,risk_aversion,combined,0,956.715606841927,0.481684478683366
5393,euler_ramsey,0.5,2.5% Ramsey,risk_aversion,combined,0,672.2992199277525,0.41582040416226823
5394,euler_ramsey,0.5,1.5% Ramsey,risk_aversion,combined,0,4569.031803974978,0.44423719410622375
5394,euler_ramsey,0.5,2.0% Ramsey,risk_aversion,combined,0,3643.066798758867,0.35258320366514223
5394,euler_ramsey,0.5,2.5% Ramsey,risk_aversion,combined,0,2640.5005055976753,0.2916317250401877
5395,euler_ramsey,0.5,1.5% Ramsey,risk_aversion,combined,0,3122.8412317868583,0.39139853113401957
5395,euler_ramsey,0.5,2.0% Ramsey,risk_aversion,combined,0,1514.3452701385359,0.30159027091340385
5395,euler_ramsey,0.5,2.5% Ramsey,risk_aversion,combined,0,822.1420200821674,0.2437854817017896
5396,euler_ramsey,0.5,1.5% Ramsey,risk_aversion,combined,0,-134.2586591481971,0.38073717464557477
5396,euler_ramsey,0.5,2.0% Ramsey,risk_aversion,combined,0,-53.77851956763861,0.2912409728938803
5396,euler_ramsey,0.5,2.5% Ramsey,risk_aversion,combined,0,-25.95782550070515,0.234067081285423
5397,euler_ramsey,0.5,1.5% Ramsey,risk_aversion,combined,0,256.9840590110537,1.5470150068475839
5397,euler_ramsey,0.5,2.0% Ramsey,risk_aversion,combined,0,224.16852549354357,1.624139525335865
5397,euler_ramsey,0.5,2.5% Ramsey,risk_aversion,combined,0,184.6381045988605,1.6677798751392114
5398,euler_ramsey,0.5,1.5% Ramsey,risk_aversion,combined,0,237.8246992099346,1.0740768449113702
5398,euler_ramsey,0.5,2.0% Ramsey,risk_aversion,combined,0,190.16504772026104,1.0389419960814432
5398,euler_ramsey,0.5,2.5% Ramsey,risk_aversion,combined,0,137.1256944470556,1.0013378746671227
5399,euler_ramsey,0.5,1.5% Ramsey,risk_aversion,combined,0,425.92127102155746,0.4940813868765327
5399,euler_ramsey,0.5,2.0% Ramsey,risk_aversion,combined,0,360.208226940203,0.4007640471580752
5399,euler_ramsey,0.5,2.5% Ramsey,risk_aversion,combined,0,291.6930893075531,0.33703541169038354
5400,euler_ramsey,0.5,1.5% Ramsey,risk_aversion,combined,0,329.2056312696217,2.06576151682021
5400,euler_ramsey,0.5,2.0% Ramsey,risk_aversion,combined,0,279.1071595536749,2.314768874401662
5400,euler_ramsey,0.5,2.5% Ramsey,risk_aversion,combined,0,221.20190023151835,2.4999138858404764
5401,euler_ramsey,0.5,1.5% Ramsey,risk_aversion,combined,0,662.4515781557003,1.1704874493657171
5401,euler_ramsey,0.5,2.0% Ramsey,risk_aversion,combined,0,542.6331600322331,1.1544455653246195
5401,euler_ramsey,0.5,2.5% Ramsey,risk_aversion,combined,0,393.36039856465425,1.1296633605021018
5402,euler_ramsey,0.5,1.5% Ramsey,risk_aversion,combined,0,-586.402303998706,0.13910204990552147
5402,euler_ramsey,0.5,2.0% Ramsey,risk_aversion,combined,0,-484.9013553495668,0.08484913705904022
5402,euler_ramsey,0.5,2.5% Ramsey,risk_aversion,combined,0,-350.37778223858055,0.057239059907047314
5403,euler_ramsey,0.5,1.5% Ramsey,risk_aversion,combined,0,1725.0548924014754,1.3685900111412348
5403,euler_ramsey,0.5,2.0% Ramsey,risk_aversion,combined,0,1386.2592271466408,1.3981128716299405
5403,euler_ramsey,0.5,2.5% Ramsey,risk_aversion,combined,0,982.3439865311102,1.4057285622276026
5404,euler_ramsey,0.5,1.5% Ramsey,risk_aversion,combined,0,-352.6134917788646,0.9126632865480185
5404,euler_ramsey,0.5,2.0% Ramsey,risk_aversion,combined,0,-311.1406383266892,0.8509431645839288
5404,euler_ramsey,0.5,2.5% Ramsey,risk_aversion,combined,0,-223.16727899166122,0.7971390972448406
5405,euler_ramsey,0.5,1.5% Ramsey,risk_aversion,combined,0,3248.042768586167,0.4293596740181377
5405,euler_ramsey,0.5,2.0% Ramsey,risk_aversion,combined,0,2012.5781334988594,0.3379094901503319
5405,euler_ramsey,0.5,2.5% Ramsey,risk_aversion,combined,0,1246.6004657557792,0.27765490356089406
5406,euler_ramsey,0.5,1.5% Ramsey,risk_aversion,combined,0,275.1537628559017,1.5320158822573229
5406,euler_ramsey,0.5,2.0% Ramsey,risk_aversion,combined,0,202.40036599412142,1.6048120466079336
5406,euler_ramsey,0.5,2.5% Ramsey,risk_aversion,combined,0,143.30481562604533,1.6451689713084028
5407,euler_ramsey,0.5,1.5% Ramsey,risk_aversion,combined,0,-323.5901324433175,0.6935474723573498
5407,euler_ramsey,0.5,2.0% Ramsey,risk_aversion,combined,0,-300.74418022431496,0.6073170801290924
5407,euler_ramsey,0.5,2.5% Ramsey,risk_aversion,combined,0,-246.61927239480187,0.5419045704656947
5408,euler_ramsey,0.5,1.5% Ramsey,risk_aversion,combined,0,4.741197693582316,0.935201741209135
5408,euler_ramsey,0.5,2.0% Ramsey,risk_aversion,combined,0,-6.930849401601973,0.8758043771236618
5408,euler_ramsey,0.5,2.5% Ramsey,risk_aversion,combined,0,-8.854865541152114,0.8231464547064591
5409,euler_ramsey,0.5,1.5% Ramsey,risk_aversion,combined,0,1907.567507114607,0.27623178440932383
5409,euler_ramsey,0.5,2.0% Ramsey,risk_aversion,combined,0,1188.9413234565916,0.19668058671525407
5409,euler_ramsey,0.5,2.5% Ramsey,risk_aversion,combined,0,809.1594572105154,0.1495502290491415
5410,euler_ramsey,0.5,1.5% Ramsey,risk_aversion,combined,0,2773.1494901339584,0.26433954786720876
5410,euler_ramsey,0.5,2.0% Ramsey,risk_aversion,combined,0,939.523204373759,0.18636530948371477
5410,euler_ramsey,0.5,2.5% Ramsey,risk_aversion,combined,0,413.40515520390767,0.1406279978945132
5411,euler_ramsey,0.5,1.5% Ramsey,risk_aversion,combined,0,-51.33787824429458,2.12137141436619
5411,euler_ramsey,0.5,2.0% Ramsey,risk_aversion,combined,0,-47.46552337439448,2.391171316437363
5411,euler_ramsey,0.5,2.5% Ramsey,risk_aversion,combined,0,-38.44190176519423,2.5940717077977036
5412,euler_ramsey,0.5,1.5% Ramsey,risk_aversion,combined,0,2978.8882539231763,0.41470382367358777
5412,euler_ramsey,0.5,2.0% Ramsey,risk_aversion,combined,0,1843.769947073197,0.32382448764335564
5412,euler_ramsey,0.5,2.5% Ramsey,risk_aversion,combined,0,1176.6071573489019,0.2644706950820878
5413,euler_ramsey,0.5,1.5% Ramsey,risk_aversion,combined,0,-867.594500607874,0.376178944374887
5413,euler_ramsey,0.5,2.0% Ramsey,risk_aversion,combined,0,-751.1465199772342,0.2871988478217796
5413,euler_ramsey,0.5,2.5% Ramsey,risk_aversion,combined,0,-588.5066963013827,0.23048431421823543
5414,euler_ramsey,0.5,1.5% Ramsey,risk_aversion,combined,0,1572.592043009892,0.3748477343152504
5414,euler_ramsey,0.5,2.0% Ramsey,risk_aversion,combined,0,1432.4663920301987,0.28582019986969714
5414,euler_ramsey,0.5,2.5% Ramsey,risk_aversion,combined,0,1111.703271279347,0.229150161758578
5415,euler_ramsey,0.5,1.5% Ramsey,risk_aversion,combined,0,-1072.5447595167227,0.1685044098185739
5415,euler_ramsey,0.5,2.0% Ramsey,risk_aversion,combined,0,-377.1113879705344,0.1073161730716467
5415,euler_ramsey,0.5,2.5% Ramsey,risk_aversion,combined,0,-198.62328146005353,0.07485237576832852
5416,euler_ramsey,0.5,1.5% Ramsey,risk_aversion,combined,0,839.5343527091825,0.8515382032703275
5416,euler_ramsey,0.5,2.0% Ramsey,risk_aversion,combined,0,717.9497989071853,0.782037885408318
5416,euler_ramsey,0.5,2.5% Ramsey,risk_aversion,combined,0,566.959292917404,0.7241711504467485
5417,euler_ramsey,0.5,1.5% Ramsey,risk_aversion,combined,0,1001.6671642922836,0.4027558252072977
5417,euler_ramsey,0.5,2.0% Ramsey,risk_aversion,combined,0,712.823474769022,0.3121813956484664
5417,euler_ramsey,0.5,2.5% Ramsey,risk_aversion,combined,0,480.1967819080208,0.2534859621689901
5418,euler_ramsey,0.5,1.5% Ramsey,risk_aversion,combined,0,153.53064557604614,0.8521439462485595
5418,euler_ramsey,0.5,2.0% Ramsey,risk_aversion,combined,0,117.7472634388376,0.7820426704738302
5418,euler_ramsey,0.5,2.5% Ramsey,risk_aversion,combined,0,86.44036343218328,0.7236401803428063
5419,euler_ramsey,0.5,1.5% Ramsey,risk_aversion,combined,0,351.75005128505103,1.073444607013546
5419,euler_ramsey,0.5,2.0% Ramsey,risk_aversion,combined,0,267.6014342394946,1.037937196024809
5419,euler_ramsey,0.5,2.5% Ramsey,risk_aversion,combined,0,195.86385217150794,1.000119193428016
5420,euler_ramsey,0.5,1.5% Ramsey,risk_aversion,combined,0,-706.7225692413958,0.3442098644632341
5420,euler_ramsey,0.5,2.0% Ramsey,risk_aversion,combined,0,-643.790511928722,0.25757682119170183
5420,euler_ramsey,0.5,2.5% Ramsey,risk_aversion,combined,0,-474.9509216963016,0.20353409866221242
5421,euler_ramsey,0.5,1.5% Ramsey,risk_aversion,combined,0,175.25389604656232,0.5464045912441304
5421,euler_ramsey,0.5,2.0% Ramsey,risk_aversion,combined,0,104.31397761788774,0.45334482044217317
5421,euler_ramsey,0.5,2.5% Ramsey,risk_aversion,combined,0,74.7808267942065,0.38798368479279527
5422,euler_ramsey,0.5,1.5% Ramsey,risk_aversion,combined,0,1248.643403678417,0.38843237242749495
5422,euler_ramsey,0.5,2.0% Ramsey,risk_aversion,combined,0,1075.209994049161,0.29857769739184054
5422,euler_ramsey,0.5,2.5% Ramsey,risk_aversion,combined,0,789.0655368975124,0.24087640888636877
5423,euler_ramsey,0.5,1.5% Ramsey,risk_aversion,combined,0,8145.744575812511,0.13778124989118787
5423,euler_ramsey,0.5,2.0% Ramsey,risk_aversion,combined,0,6393.131431930848,0.08390099888593187
5423,euler_ramsey,0.5,2.5% Ramsey,risk_aversion,combined,0,4436.930471416011,0.05652840291663924
5424,euler_ramsey,0.5,1.5% Ramsey,risk_aversion,combined,0,-656.0883692997181,0.8616014492346784
5424,euler_ramsey,0.5,2.0% Ramsey,risk_aversion,combined,0,-517.8161921456038,0.7924497490850462
5424,euler_ramsey,0.5,2.5% Ramsey,risk_aversion,combined,0,-371.4402763175138,0.7345138835916754
5425,euler_ramsey,0.5,1.5% Ramsey,risk_aversion,combined,0,-241.4682584161041,0.9264654738403837
5425,euler_ramsey,0.5,2.0% Ramsey,risk_aversion,combined,0,-221.43243362357944,0.8661657496025453
5425,euler_ramsey,0.5,2.5% Ramsey,risk_aversion,combined,0,-173.49098123909127,0.8130451546324483
5426,euler_ramsey,0.5,1.5% Ramsey,risk_aversion,combined,0,-130.74799124677838,0.5416972767386182
5426,euler_ramsey,0.5,2.0% Ramsey,risk_aversion,combined,0,-89.85233716789637,0.44859072746066797
5426,euler_ramsey,0.5,2.5% Ramsey,risk_aversion,combined,0,-60.741190089386066,0.38335200923988283
5427,euler_ramsey,0.5,1.5% Ramsey,risk_aversion,combined,0,4036.1312490765245,0.5295682775647402
5427,euler_ramsey,0.5,2.0% Ramsey,risk_aversion,combined,0,2154.4197152439533,0.4367660924873655
5427,euler_ramsey,0.5,2.5% Ramsey,risk_aversion,combined,0,1235.0373388551802,0.3721155294079659
5428,euler_ramsey,0.5,1.5% Ramsey,risk_aversion,combined,0,1259.5336980214056,0.5556489911878828
5428,euler_ramsey,0.5,2.0% Ramsey,risk_aversion,combined,0,996.5912835523818,0.46299969297008703
5428,euler_ramsey,0.5,2.5% Ramsey,risk_aversion,combined,0,713.9666481668693,0.3975872439432477
5429,euler_ramsey,0.5,1.5% Ramsey,risk_aversion,combined,0,347.3441070265361,0.61928615740995
5429,euler_ramsey,0.5,2.0% Ramsey,risk_aversion,combined,0,304.5414875076367,0.528669087349666
5429,euler_ramsey,0.5,2.5% Ramsey,risk_aversion,combined,0,237.94443425343735,0.4625450651547836
5430,euler_ramsey,0.5,1.5% Ramsey,risk_aversion,combined,0,198.2391494492451,2.410096043638557
5430,euler_ramsey,0.5,2.0% Ramsey,risk_aversion,combined,0,185.19640403133735,2.79532012110292
5430,euler_ramsey,0.5,2.5% Ramsey,risk_aversion,combined,0,152.4612281159655,3.1002633707854628
5431,euler_ramsey,0.5,1.5% Ramsey,risk_aversion,combined,0,530.9161048643247,2.1839108084765764
5431,euler_ramsey,0.5,2.0% Ramsey,risk_aversion,combined,0,425.0401785159643,2.4788422970992117
5431,euler_ramsey,0.5,2.5% Ramsey,risk_aversion,combined,0,320.5209651680249,2.703997909995337
5432,euler_ramsey,0.5,1.5% Ramsey,risk_aversion,combined,0,-136.08671055186784,1.1087757255340627
5432,euler_ramsey,0.5,2.0% Ramsey,risk_aversion,combined,0,-115.39374109678255,1.079533650046815
5432,euler_ramsey,0.5,2.5% Ramsey,risk_aversion,combined,0,-80.54760914888067,1.0456741746957374
5433,euler_ramsey,0.5,1.5% Ramsey,risk_aversion,combined,0,7.8828699208185675,3.0734141963224872
5433,euler_ramsey,0.5,2.0% Ramsey,risk_aversion,combined,0,1.7122612919437559,3.7654168676439923
5433,euler_ramsey,0.5,2.5% Ramsey,risk_aversion,combined,0,0.14988889098806144,4.356886286077203
5434,euler_ramsey,0.5,1.5% Ramsey,risk_aversion,combined,0,1214.1655342380723,0.5054165372092194
5434,euler_ramsey,0.5,2.0% Ramsey,risk_aversion,combined,0,1059.5970632764831,0.4125460311757391
5434,euler_ramsey,0.5,2.5% Ramsey,risk_aversion,combined,0,833.6572971838963,0.3486766369363446
5435,euler_ramsey,0.5,1.5% Ramsey,risk_aversion,combined,0,359.47822207803966,1.033692567892514
5435,euler_ramsey,0.5,2.0% Ramsey,risk_aversion,combined,0,300.87819354149474,0.991291371267503
5435,euler_ramsey,0.5,2.5% Ramsey,risk_aversion,combined,0,230.45305262568675,0.9491791502214828
5436,euler_ramsey,0.5,1.5% Ramsey,risk_aversion,combined,0,446.3875713890762,3.2826424123854467
5436,euler_ramsey,0.5,2.0% Ramsey,risk_aversion,combined,0,380.9548543855598,4.081605800849716
5436,euler_ramsey,0.5,2.5% Ramsey,risk_aversion,combined,0,291.8253351322703,4.777083937768785
5437,euler_ramsey,0.5,1.5% Ramsey,risk_aversion,combined,0,-12.245142732407162,0.7532508474713044
5437,euler_ramsey,0.5,2.0% Ramsey,risk_aversion,combined,0,7.427308786227726,0.6719159724627882
5437,euler_ramsey,0.5,2.5% Ramsey,risk_aversion,combined,0,22.781551602437347,0.608205801647274
5438,euler_ramsey,0.5,1.5% Ramsey,risk_aversion,combined,0,312.79363826528305,0.7493981103510965
5438,euler_ramsey,0.5,2.0% Ramsey,risk_aversion,combined,0,275.5198083691058,0.6676085993152673
5438,euler_ramsey,0.5,2.5% Ramsey,risk_aversion,combined,0,221.26736535851458,0.603681181259838
5439,euler_ramsey,0.5,1.5% Ramsey,risk_aversion,combined,0,1477.5042519497758,1.4692055924359833
5439,euler_ramsey,0.5,2.0% Ramsey,risk_aversion,combined,0,993.3363060483646,1.5252393754547569
5439,euler_ramsey,0.5,2.5% Ramsey,risk_aversion,combined,0,652.0957312076943,1.552788124248534
5440,euler_ramsey,0.5,1.5% Ramsey,risk_aversion,combined,0,4778.131960594837,0.6947412080476358
5440,euler_ramsey,0.5,2.0% Ramsey,risk_aversion,combined,0,2679.085069017546,0.611230349559061
5440,euler_ramsey,0.5,2.5% Ramsey,risk_aversion,combined,0,1598.57182174202,0.547655454909823
5441,euler_ramsey,0.5,1.5% Ramsey,risk_aversion,combined,0,1151.6990456787564,0.9108579673500385
5441,euler_ramsey,0.5,2.0% Ramsey,risk_aversion,combined,0,999.2691584792618,0.8501807517384519
5441,euler_ramsey,0.5,2.5% Ramsey,risk_aversion,combined,0,767.6464981851731,0.7972227119418442
5442,euler_ramsey,0.5,1.5% Ramsey,risk_aversion,combined,0,1796.543646318635,0.2616281744361939
5442,euler_ramsey,0.5,2.0% Ramsey,risk_aversion,combined,0,1151.7582240185166,0.18415345147584108
5442,euler_ramsey,0.5,2.5% Ramsey,risk_aversion,combined,0,805.2901518960414,0.13879493916906047
5443,euler_ramsey,0.5,1.5% Ramsey,risk_aversion,combined,0,518.2392421617964,0.9134830062196574
5443,euler_ramsey,0.5,2.0% Ramsey,risk_aversion,combined,0,318.8547532334278,0.8513556092924344
5443,euler_ramsey,0.5,2.5% Ramsey,risk_aversion,combined,0,195.17792784600925,0.7972260207644137
5444,euler_ramsey,0.5,1.5% Ramsey,risk_aversion,combined,0,340.9955469603281,0.3948784227079633
5444,euler_ramsey,0.5,2.0% Ramsey,risk_aversion,combined,0,150.73996587294403,0.3045470909384915
5444,euler_ramsey,0.5,2.5% Ramsey,risk_aversion,combined,0,69.75184459581295,0.24631947506351048
5445,euler_ramsey,0.5,1.5% Ramsey,risk_aversion,combined,0,5862.915587697032,0.44514094481093314
5445,euler_ramsey,0.5,2.0% Ramsey,risk_aversion,combined,0,5042.4520281737505,0.35373857075464
5445,euler_ramsey,0.5,2.5% Ramsey,risk_aversion,combined,0,3813.5944369543467,0.29289217678911184
5446,euler_ramsey,0.5,1.5% Ramsey,risk_aversion,combined,0,915.0128085218216,4.105381423899402
5446,euler_ramsey,0.5,2.0% Ramsey,risk_aversion,combined,0,607.3869108640977,5.374544139588433
5446,euler_ramsey,0.5,2.5% Ramsey,risk_aversion,combined,0,430.6273123220876,6.547503675231065
5447,euler_ramsey,0.5,1.5% Ramsey,risk_aversion,combined,0,34.53044344755585,1.8086408963153608
5447,euler_ramsey,0.5,2.0% Ramsey,risk_aversion,combined,0,32.02564494802172,1.96656039592186
5447,euler_ramsey,0.5,2.5% Ramsey,risk_aversion,combined,0,28.851744246863124,2.0748535144851803
5448,euler_ramsey,0.5,1.5% Ramsey,risk_aversion,combined,0,1164.9620837002383,1.2844371390441278
5448,euler_ramsey,0.5,2.0% Ramsey,risk_aversion,combined,0,931.1299187952073,1.2933558524386675
5448,euler_ramsey,0.5,2.5% Ramsey,risk_aversion,combined,0,673.760630654927,1.285924359351711
5449,euler_ramsey,0.5,1.5% Ramsey,risk_aversion,combined,0,1386.1856594069777,1.3922760984569105
5449,euler_ramsey,0.5,2.0% Ramsey,risk_aversion,combined,0,911.0640049086505,1.4289929685270437
5449,euler_ramsey,0.5,2.5% Ramsey,risk_aversion,combined,0,578.4637330610038,1.4421284379968087
5450,euler_ramsey,0.5,1.5% Ramsey,risk_aversion,combined,0,1732.0298606996773,1.0982645373627455
5450,euler_ramsey,0.5,2.0% Ramsey,risk_aversion,combined,0,1295.1103052717895,1.0675070474977444
5450,euler_ramsey,0.5,2.5% Ramsey,risk_aversion,combined,0,930.6457732257024,1.032765018561261
5451,euler_ramsey,0.5,1.5% Ramsey,risk_aversion,combined,0,488.6968334321215,1.8852371941977897
5451,euler_ramsey,0.5,2.0% Ramsey,risk_aversion,combined,0,363.8681266841109,2.0697100384132443
5451,euler_ramsey,0.5,2.5% Ramsey,risk_aversion,combined,0,263.9843793117397,2.200203763312343
5452,euler_ramsey,0.5,1.5% Ramsey,risk_aversion,combined,0,2912.4456782425545,0.3867886224185351
5452,euler_ramsey,0.5,2.0% Ramsey,risk_aversion,combined,0,2262.830143784735,0.2971727621677598
5452,euler_ramsey,0.5,2.5% Ramsey,risk_aversion,combined,0,1597.108168547432,0.23966929898848957
5453,euler_ramsey,0.5,1.5% Ramsey,risk_aversion,combined,0,804.9537165046348,1.5182380901030084
5453,euler_ramsey,0.5,2.0% Ramsey,risk_aversion,combined,0,629.8650364926796,1.5877148899608506
5453,euler_ramsey,0.5,2.5% Ramsey,risk_aversion,combined,0,442.1507475828382,1.6255803254557475
5454,euler_ramsey,0.5,1.5% Ramsey,risk_aversion,combined,0,-117.9872030308673,0.38080017552454914
5454,euler_ramsey,0.5,2.0% Ramsey,risk_aversion,combined,0,-79.30958663237648,0.29145491102788806
5454,euler_ramsey,0.5,2.5% Ramsey,risk_aversion,combined,0,-46.49341569627813,0.23435141429354261
5455,euler_ramsey,0.5,1.5% Ramsey,risk_aversion,combined,0,1318.3919496654669,0.46737168844192856
5455,euler_ramsey,0.5,2.0% Ramsey,risk_aversion,combined,0,958.9093937093421,0.3744328089948882
5455,euler_ramsey,0.5,2.5% Ramsey,risk_aversion,combined,0,648.5336405208452,0.3118934416421332
5456,euler_ramsey,0.5,1.5% Ramsey,risk_aversion,combined,0,-282.4706255166304,0.601168719523607
5456,euler_ramsey,0.5,2.0% Ramsey,risk_aversion,combined,0,-244.1910828250865,0.5096730473970319
5456,euler_ramsey,0.5,2.5% Ramsey,risk_aversion,combined,0,-190.8939217699975,0.4435384484492435
5457,euler_ramsey,0.5,1.5% Ramsey,risk_aversion,combined,0,71.84579438399604,1.2445562414214548
5457,euler_ramsey,0.5,2.0% Ramsey,risk_aversion,combined,0,56.0515297306165,1.244061459000206
5457,euler_ramsey,0.5,2.5% Ramsey,risk_aversion,combined,0,43.1717435596749,1.2299132265923227
5458,euler_ramsey,0.5,1.5% Ramsey,risk_aversion,combined,0,255.7582080705548,0.6212131051068024
5458,euler_ramsey,0.5,2.0% Ramsey,risk_aversion,combined,0,197.56965402015862,0.5310117491882864
5458,euler_ramsey,0.5,2.5% Ramsey,risk_aversion,combined,0,137.14774362014197,0.4650856636305874
5459,euler_ramsey,0.5,1.5% Ramsey,risk_aversion,combined,0,678.0309411668408,1.1177802645572752
5459,euler_ramsey,0.5,2.0% Ramsey,risk_aversion,combined,0,469.0154065053099,1.091348513564558
5459,euler_ramsey,0.5,2.5% Ramsey,risk_aversion,combined,0,325.9033308653095,1.0596158803849838
5460,euler_ramsey,0.5,1.5% Ramsey,risk_aversion,combined,0,311.45311074032685,0.501476701222781
5460,euler_ramsey,0.5,2.0% Ramsey,risk_aversion,combined,0,264.1841775619978,0.4081086365831373
5460,euler_ramsey,0.5,2.5% Ramsey,risk_aversion,combined,0,215.37982582386365,0.3440879063810466
5461,euler_ramsey,0.5,1.5% Ramsey,risk_aversion,combined,0,1880.2720305931296,0.13044388105855453
5461,euler_ramsey,0.5,2.0% Ramsey,risk_aversion,combined,0,1329.710081215419,0.0784290129422276
5461,euler_ramsey,0.5,2.5% Ramsey,risk_aversion,combined,0,949.6429066337649,0.052322033947401154
5462,euler_ramsey,0.5,1.5% Ramsey,risk_aversion,combined,0,3721.861938558674,0.33929745981518017
5462,euler_ramsey,0.5,2.0% Ramsey,risk_aversion,combined,0,1812.091127155873,0.25303895621154227
5462,euler_ramsey,0.5,2.5% Ramsey,risk_aversion,combined,0,1007.4861670468879,0.19942435529405173
5463,euler_ramsey,0.5,1.5% Ramsey,risk_aversion,combined,0,80.01023985530952,1.5038799058656847
5463,euler_ramsey,0.5,2.0% Ramsey,risk_aversion,combined,0,61.068516159506416,1.5690992990773396
5463,euler_ramsey,0.5,2.5% Ramsey,risk_aversion,combined,0,48.6002392270435,1.6035123581500481
5464,euler_ramsey,0.5,1.5% Ramsey,risk_aversion,combined,0,360.443477345413,1.9603539488615804
5464,euler_ramsey,0.5,2.0% Ramsey,risk_aversion,combined,0,266.85060752272926,2.170700468904725
5464,euler_ramsey,0.5,2.5% Ramsey,risk_aversion,combined,0,194.57404053743548,2.322789042453863
5465,euler_ramsey,0.5,1.5% Ramsey,risk_aversion,combined,0,462.58987014080134,1.3414434066783545
5465,euler_ramsey,0.5,2.0% Ramsey,risk_aversion,combined,0,337.8241799191264,1.363287433582017
5465,euler_ramsey,0.5,2.5% Ramsey,risk_aversion,combined,0,224.24375762811184,1.3650961325045186
5466,euler_ramsey,0.5,1.5% Ramsey,risk_aversion,combined,0,546.4684931262799,0.9834586797547096
5466,euler_ramsey,0.5,2.0% Ramsey,risk_aversion,combined,0,374.0308602977952,0.9329131582754949
5466,euler_ramsey,0.5,2.5% Ramsey,risk_aversion,combined,0,259.8423762941743,0.8858099645454051
5467,euler_ramsey,0.5,1.5% Ramsey,risk_aversion,combined,0,43.80733881851256,1.318887215042791
5467,euler_ramsey,0.5,2.0% Ramsey,risk_aversion,combined,0,44.771400647120366,1.336078673258334
5467,euler_ramsey,0.5,2.5% Ramsey,risk_aversion,combined,0,46.076634562740225,1.3346622806088289
5468,euler_ramsey,0.5,1.5% Ramsey,risk_aversion,combined,0,917.924476944848,1.2299306134199495
5468,euler_ramsey,0.5,2.0% Ramsey,risk_aversion,combined,0,851.5337829912821,1.2268374847525338
5468,euler_ramsey,0.5,2.5% Ramsey,risk_aversion,combined,0,693.6654600172534,1.211108786377604
5469,euler_ramsey,0.5,1.5% Ramsey,risk_aversion,combined,0,302.19950803945164,2.223164674379906
5469,euler_ramsey,0.5,2.0% Ramsey,risk_aversion,combined,0,192.0890271758925,2.532382473347404
5469,euler_ramsey,0.5,2.5% Ramsey,risk_aversion,combined,0,134.74231245974914,2.769850905462734
5470,euler_ramsey,0.5,1.5% Ramsey,risk_aversion,combined,0,1045.07649647596,0.31896101772176516
5470,euler_ramsey,0.5,2.0% Ramsey,risk_aversion,combined,0,529.3966021102261,0.23448819357829656
5470,euler_ramsey,0.5,2.5% Ramsey,risk_aversion,combined,0,311.0920737851778,0.18275898817434888
5471,euler_ramsey,0.5,1.5% Ramsey,risk_aversion,combined,0,153.56073756426508,1.7615549479132373
5471,euler_ramsey,0.5,2.0% Ramsey,risk_aversion,combined,0,116.41022343296957,1.904153757755892
5471,euler_ramsey,0.5,2.5% Ramsey,risk_aversion,combined,0,88.13798037019185,1.9999474483849533
5472,euler_ramsey,0.5,1.5% Ramsey,risk_aversion,combined,0,62.95596492192661,1.6672007361720838
5472,euler_ramsey,0.5,2.0% Ramsey,risk_aversion,combined,0,41.35212255159872,1.7799799104215777
5472,euler_ramsey,0.5,2.5% Ramsey,risk_aversion,combined,0,29.820058792089192,1.8516752886581667
5473,euler_ramsey,0.5,1.5% Ramsey,risk_aversion,combined,0,29010.420909768327,0.13669684007332963
5473,euler_ramsey,0.5,2.0% Ramsey,risk_aversion,combined,0,26466.167019232613,0.08335712562478076
5473,euler_ramsey,0.5,2.5% Ramsey,risk_aversion,combined,0,19556.185926808866,0.05623925929706635
5474,euler_ramsey,0.5,1.5% Ramsey,risk_aversion,combined,0,457.33157348650207,0.5104171693423276
5474,euler_ramsey,0.5,2.0% Ramsey,risk_aversion,combined,0,403.322478710214,0.4172129005778437
5474,euler_ramsey,0.5,2.5% Ramsey,risk_aversion,combined,0,316.05481753703094,0.3529732110096922
5475,euler_ramsey,0.5,1.5% Ramsey,risk_aversion,combined,0,149.5432199374031,1.947972154051491
5475,euler_ramsey,0.5,2.0% Ramsey,risk_aversion,combined,0,102.47056168421608,2.1537016459136553
5475,euler_ramsey,0.5,2.5% Ramsey,risk_aversion,combined,0,69.7786920171525,2.3018561199231566
5476,euler_ramsey,0.5,1.5% Ramsey,risk_aversion,combined,0,705.7008611296303,0.5941182267458348
5476,euler_ramsey,0.5,2.0% Ramsey,risk_aversion,combined,0,620.1905850540711,0.50248522172114
5476,euler_ramsey,0.5,2.5% Ramsey,risk_aversion,combined,0,471.13863513148607,0.43648401394173647
5477,euler_ramsey,0.5,1.5% Ramsey,risk_aversion,combined,0,3147.4628231659085,0.2835524782081254
5477,euler_ramsey,0.5,2.0% Ramsey,risk_aversion,combined,0,1259.5013426176558,0.20316548579269242
5477,euler_ramsey,0.5,2.5% Ramsey,risk_aversion,combined,0,677.5534294107542,0.15523780619971314
5478,euler_ramsey,0.5,1.5% Ramsey,risk_aversion,combined,0,292.97273461203076,1.1418075351328074
5478,euler_ramsey,0.5,2.0% Ramsey,risk_aversion,combined,0,181.33867175501533,1.119284671975216
5478,euler_ramsey,0.5,2.5% Ramsey,risk_aversion,combined,0,119.29813222992058,1.0899373119178284
5479,euler_ramsey,0.5,1.5% Ramsey,risk_aversion,combined,0,89.23824184230276,0.5249945365776825
5479,euler_ramsey,0.5,2.0% Ramsey,risk_aversion,combined,0,46.525028093051496,0.4319665583947914
5479,euler_ramsey,0.5,2.5% Ramsey,risk_aversion,combined,0,29.844488425003057,0.3673285833825491
5480,euler_ramsey,0.5,1.5% Ramsey,risk_aversion,combined,0,362.7540454003884,1.8305072189753373
5480,euler_ramsey,0.5,2.0% Ramsey,risk_aversion,combined,0,293.9766019561259,1.9959307123196188
5480,euler_ramsey,0.5,2.5% Ramsey,risk_aversion,combined,0,226.23669196890825,2.1105429706078946
5481,euler_ramsey,0.5,1.5% Ramsey,risk_aversion,combined,0,194.559298300677,1.6214274291193216
5481,euler_ramsey,0.5,2.0% Ramsey,risk_aversion,combined,0,138.85964472919818,1.720567889429253
5481,euler_ramsey,0.5,2.5% Ramsey,risk_aversion,combined,0,100.05022316481147,1.781582965912286
5482,euler_ramsey,0.5,1.5% Ramsey,risk_aversion,combined,0,-1426.5345608533144,0.13591073222042416
5482,euler_ramsey,0.5,2.0% Ramsey,risk_aversion,combined,0,-755.1699932138541,0.0824843355445248
5482,euler_ramsey,0.5,2.5% Ramsey,risk_aversion,combined,0,-468.64708200711544,0.05542695865591339
5483,euler_ramsey,0.5,1.5% Ramsey,risk_aversion,combined,0,291.18628935042045,2.861312010254769
5483,euler_ramsey,0.5,2.0% Ramsey,risk_aversion,combined,0,247.7417536763674,3.449820661563012
5483,euler_ramsey,0.5,2.5% Ramsey,risk_aversion,combined,0,199.18262756873028,3.9427579595794366
5484,euler_ramsey,0.5,1.5% Ramsey,risk_aversion,combined,0,2256.963029618822,0.674119407585477
5484,euler_ramsey,0.5,2.0% Ramsey,risk_aversion,combined,0,1683.980094332791,0.5873369153535166
5484,euler_ramsey,0.5,2.5% Ramsey,risk_aversion,combined,0,1146.685200907911,0.5221182644885659
5485,euler_ramsey,0.5,1.5% Ramsey,risk_aversion,combined,0,184.23432440009398,2.002622782199483
5485,euler_ramsey,0.5,2.0% Ramsey,risk_aversion,combined,0,133.65670644339272,2.2279454269033856
5485,euler_ramsey,0.5,2.5% Ramsey,risk_aversion,combined,0,98.6019951014848,2.392616233684878
5486,euler_ramsey,0.5,1.5% Ramsey,risk_aversion,combined,0,884.4344727112692,0.4992534858721847
5486,euler_ramsey,0.5,2.0% Ramsey,risk_aversion,combined,0,691.1114458921842,0.40600884044981456
5486,euler_ramsey,0.5,2.5% Ramsey,risk_aversion,combined,0,490.07984588433635,0.34213864456266113
5487,euler_ramsey,0.5,1.5% Ramsey,risk_aversion,combined,0,36.19500467179651,0.9311546460233009
5487,euler_ramsey,0.5,2.0% Ramsey,risk_aversion,combined,0,62.400311766567725,0.8713828120267342
5487,euler_ramsey,0.5,2.5% Ramsey,risk_aversion,combined,0,60.5631815005655,0.8186086108581577
5488,euler_ramsey,0.5,1.5% Ramsey,risk_aversion,combined,0,791.0176704780903,1.7944297151260804
5488,euler_ramsey,0.5,2.0% Ramsey,risk_aversion,combined,0,479.93026515536576,1.949624809325758
5488,euler_ramsey,0.5,2.5% Ramsey,risk_aversion,combined,0,315.48657160694034,2.0561424638860566
5489,euler_ramsey,0.5,1.5% Ramsey,risk_aversion,combined,0,3051.9469334244404,0.30967103871287877
5489,euler_ramsey,0.5,2.0% Ramsey,risk_aversion,combined,0,1747.5268647363853,0.22615453851438522
5489,euler_ramsey,0.5,2.5% Ramsey,risk_aversion,combined,0,974.6471002751473,0.1753627693636036
5490,euler_ramsey,0.5,1.5% Ramsey,risk_aversion,combined,0,640.0231206922527,0.8929021811656669
5490,euler_ramsey,0.5,2.0% Ramsey,risk_aversion,combined,0,414.9791317621211,0.8295147364938785
5490,euler_ramsey,0.5,2.5% Ramsey,risk_aversion,combined,0,260.2107687451813,0.7750628231067058
5491,euler_ramsey,0.5,1.5% Ramsey,risk_aversion,combined,0,308.9201513383373,0.7362606499154235
5491,euler_ramsey,0.5,2.0% Ramsey,risk_aversion,combined,0,256.6388448381773,0.6540996715551198
5491,euler_ramsey,0.5,2.5% Ramsey,risk_aversion,combined,0,206.73932124353203,0.5902634613005364
5492,euler_ramsey,0.5,1.5% Ramsey,risk_aversion,combined,0,430.2033351427359,0.41886618356880573
5492,euler_ramsey,0.5,2.0% Ramsey,risk_aversion,combined,0,311.2955670518974,0.3274588639872679
5492,euler_ramsey,0.5,2.5% Ramsey,risk_aversion,combined,0,234.75710278607232,0.26765442650112886
5493,euler_ramsey,0.5,1.5% Ramsey,risk_aversion,combined,0,7015.34049622473,0.13674736836211412
5493,euler_ramsey,0.5,2.0% Ramsey,risk_aversion,combined,0,5590.932189713556,0.0831775389955321
5493,euler_ramsey,0.5,2.5% Ramsey,risk_aversion,combined,0,3982.6080105973015,0.05599512462501944
5494,euler_ramsey,0.5,1.5% Ramsey,risk_aversion,combined,0,361.6733014474856,2.0491616824776577
5494,euler_ramsey,0.5,2.0% Ramsey,risk_aversion,combined,0,239.0986907607833,2.2915583274136
5494,euler_ramsey,0.5,2.5% Ramsey,risk_aversion,combined,0,157.20809360597147,2.470819690261329
5495,euler_ramsey,0.5,1.5% Ramsey,risk_aversion,combined,0,672.0681702697256,0.6314779556679828
5495,euler_ramsey,0.5,2.0% Ramsey,risk_aversion,combined,0,329.44087160951153,0.5414320580848957
5495,euler_ramsey,0.5,2.5% Ramsey,risk_aversion,combined,0,197.51455081764016,0.47531436371882213
5496,euler_ramsey,0.5,1.5% Ramsey,risk_aversion,combined,0,-1843.2089737963183,0.3264128601575987
5496,euler_ramsey,0.5,2.0% Ramsey,risk_aversion,combined,0,-1211.1810559152673,0.24139266718169575
5496,euler_ramsey,0.5,2.5% Ramsey,risk_aversion,combined,0,-814.5675300516544,0.18901066346029652
5497,euler_ramsey,0.5,1.5% Ramsey,risk_aversion,combined,0,126.36675810136762,2.15480740532637
5497,euler_ramsey,0.5,2.0% Ramsey,risk_aversion,combined,0,74.28900978005659,2.437182482498731
5497,euler_ramsey,0.5,2.5% Ramsey,risk_aversion,combined,0,49.40858111043221,2.65107006170092
5498,euler_ramsey,0.5,1.5% Ramsey,risk_aversion,combined,0,1758.5505278538978,2.57358462746581
5498,euler_ramsey,0.5,2.0% Ramsey,risk_aversion,combined,0,2434.0909338385227,3.0358835668356066
5498,euler_ramsey,0.5,2.5% Ramsey,risk_aversion,combined,0,2667.1546823909684,3.4124868580334518
5499,euler_ramsey,0.5,1.5% Ramsey,risk_aversion,combined,0,-225.22776469648258,0.6163644173531599
5499,euler_ramsey,0.5,2.0% Ramsey,risk_aversion,combined,0,-80.40613363364277,0.5258338719565328
5499,euler_ramsey,0.5,2.5% Ramsey,risk_aversion,combined,0,-12.262244262645158,0.4598518045177313
5500,euler_ramsey,0.5,1.5% Ramsey,risk_aversion,combined,0,492.75144991893484,1.1953422040942039
5500,euler_ramsey,0.5,2.0% Ramsey,risk_aversion,combined,0,436.43484767617133,1.184464593357172
5500,euler_ramsey,0.5,2.5% Ramsey,risk_aversion,combined,0,353.3394279764401,1.1631379294927553
5501,euler_ramsey,0.5,1.5% Ramsey,risk_aversion,combined,0,376.6649937025247,0.8958866860206433
5501,euler_ramsey,0.5,2.0% Ramsey,risk_aversion,combined,0,262.79307609281096,0.8320370932252587
5501,euler_ramsey,0.5,2.5% Ramsey,risk_aversion,combined,0,183.88247220648262,0.777184695507555
5502,euler_ramsey,0.5,1.5% Ramsey,risk_aversion,combined,0,3854.845263767382,0.13999555398711974
5502,euler_ramsey,0.5,2.0% Ramsey,risk_aversion,combined,0,3069.1440969049013,0.0855178993839671
5502,euler_ramsey,0.5,2.5% Ramsey,risk_aversion,combined,0,2125.821751613099,0.05775538584074576
5503,euler_ramsey,0.5,1.5% Ramsey,risk_aversion,combined,0,28.91448307942261,2.8442791859356653
5503,euler_ramsey,0.5,2.0% Ramsey,risk_aversion,combined,0,15.991262772368499,3.424100763399791
5503,euler_ramsey,0.5,2.5% Ramsey,risk_aversion,combined,0,11.277551382882613,3.908563866544144
5504,euler_ramsey,0.5,1.5% Ramsey,risk_aversion,combined,0,2950.8044650550905,0.5526964972036643
5504,euler_ramsey,0.5,2.0% Ramsey,risk_aversion,combined,0,2194.6965035465705,0.4610686548237616
5504,euler_ramsey,0.5,2.5% Ramsey,risk_aversion,combined,0,1617.5690290759428,0.3963675713515434
5505,euler_ramsey,0.5,1.5% Ramsey,risk_aversion,combined,0,312.83899565038826,1.2868410361229432
5505,euler_ramsey,0.5,2.0% Ramsey,risk_aversion,combined,0,246.13364349031565,1.2963665374860993
5505,euler_ramsey,0.5,2.5% Ramsey,risk_aversion,combined,0,180.69483915426738,1.2894364089322954
5506,euler_ramsey,0.5,1.5% Ramsey,risk_aversion,combined,0,579.1843553374495,0.515064128282319
5506,euler_ramsey,0.5,2.0% Ramsey,risk_aversion,combined,0,454.8391852365932,0.4217804541979222
5506,euler_ramsey,0.5,2.5% Ramsey,risk_aversion,combined,0,326.51311190231166,0.35733681774800397
5507,euler_ramsey,0.5,1.5% Ramsey,risk_aversion,combined,0,757.6131189796374,0.8713626100076219
5507,euler_ramsey,0.5,2.0% Ramsey,risk_aversion,combined,0,553.042933081722,0.8031805401123105
5507,euler_ramsey,0.5,2.5% Ramsey,risk_aversion,combined,0,371.3555427552855,0.745692677815177
5508,euler_ramsey,0.5,1.5% Ramsey,risk_aversion,combined,0,124.01286629438445,0.4498462774899464
5508,euler_ramsey,0.5,2.0% Ramsey,risk_aversion,combined,0,76.9236628471331,0.35725385986303565
5508,euler_ramsey,0.5,2.5% Ramsey,risk_aversion,combined,0,45.29594873215346,0.2955708853275807
5509,euler_ramsey,0.5,1.5% Ramsey,risk_aversion,combined,0,2305.489316308741,0.16494221606538254
5509,euler_ramsey,0.5,2.0% Ramsey,risk_aversion,combined,0,697.8177003434744,0.10454055071468744
5509,euler_ramsey,0.5,2.5% Ramsey,risk_aversion,combined,0,337.75317565148896,0.07264458672225879
5510,euler_ramsey,0.5,1.5% Ramsey,risk_aversion,combined,0,1120.7431383271553,0.7224987398951623
5510,euler_ramsey,0.5,2.0% Ramsey,risk_aversion,combined,0,860.6262633831785,0.6390719385077287
5510,euler_ramsey,0.5,2.5% Ramsey,risk_aversion,combined,0,599.3575054563785,0.5747589241067114
5511,euler_ramsey,0.5,1.5% Ramsey,risk_aversion,combined,0,492.86163765344907,0.46416486135117024
5511,euler_ramsey,0.5,2.0% Ramsey,risk_aversion,combined,0,335.3160008775152,0.37123887188533206
5511,euler_ramsey,0.5,2.5% Ramsey,risk_aversion,combined,0,234.87129513580777,0.3088259042079817
5512,euler_ramsey,0.5,1.5% Ramsey,risk_aversion,combined,0,1011.5081128728948,0.9557949175942803
5512,euler_ramsey,0.5,2.0% Ramsey,risk_aversion,combined,0,757.9981950722831,0.8997697355817185
5512,euler_ramsey,0.5,2.5% Ramsey,risk_aversion,combined,0,526.9135413593914,0.8491290331504309
5513,euler_ramsey,0.5,1.5% Ramsey,risk_aversion,combined,0,299.116179347472,1.4217328355134515
5513,euler_ramsey,0.5,2.0% Ramsey,risk_aversion,combined,0,247.4304486771915,1.464350783858552
5513,euler_ramsey,0.5,2.5% Ramsey,risk_aversion,combined,0,190.4262013376577,1.4815832756680243
5514,euler_ramsey,0.5,1.5% Ramsey,risk_aversion,combined,0,2783.5593797318666,0.8511384071251347
5514,euler_ramsey,0.5,2.0% Ramsey,risk_aversion,combined,0,2131.0868417197757,0.7824788128176792
5514,euler_ramsey,0.5,2.5% Ramsey,risk_aversion,combined,0,1487.4339336122061,0.7252655778074258
5515,euler_ramsey,0.5,1.5% Ramsey,risk_aversion,combined,0,375.93539390037273,0.5518386998587452
5515,euler_ramsey,0.5,2.0% Ramsey,risk_aversion,combined,0,340.984338886137,0.4592278101706792
5515,euler_ramsey,0.5,2.5% Ramsey,risk_aversion,combined,0,293.42137920018945,0.39395804892411557
5516,euler_ramsey,0.5,1.5% Ramsey,risk_aversion,combined,0,1751.598905962419,0.6688539539968021
5516,euler_ramsey,0.5,2.0% Ramsey,risk_aversion,combined,0,1588.044755732046,0.5821326581038071
5516,euler_ramsey,0.5,2.5% Ramsey,risk_aversion,combined,0,1218.0414774460373,0.5171209717470036
5517,euler_ramsey,0.5,1.5% Ramsey,risk_aversion,combined,0,90.8930122536517,1.96442662179232
5517,euler_ramsey,0.5,2.0% Ramsey,risk_aversion,combined,0,68.79711679108718,2.175672909595229
5517,euler_ramsey,0.5,2.5% Ramsey,risk_aversion,combined,0,48.70849107118631,2.3283907171998677
5518,euler_ramsey,0.5,1.5% Ramsey,risk_aversion,combined,0,139.516898759384,0.9624378602391618
5518,euler_ramsey,0.5,2.0% Ramsey,risk_aversion,combined,0,120.95130335415733,0.9086287868827513
5518,euler_ramsey,0.5,2.5% Ramsey,risk_aversion,combined,0,95.52541141703769,0.8594595513323999
5519,euler_ramsey,0.5,1.5% Ramsey,risk_aversion,combined,0,-35.45167715947831,0.46688708226531267
5519,euler_ramsey,0.5,2.0% Ramsey,risk_aversion,combined,0,-10.990793716484083,0.37390095714232047
5519,euler_ramsey,0.5,2.5% Ramsey,risk_aversion,combined,0,0.875382143064612,0.3113509677615259
5520,euler_ramsey,0.5,1.5% Ramsey,risk_aversion,combined,0,532.3109266424229,1.0874152539281479
5520,euler_ramsey,0.5,2.0% Ramsey,risk_aversion,combined,0,418.92920235354075,1.0547579979564041
5520,euler_ramsey,0.5,2.5% Ramsey,risk_aversion,combined,0,321.9904452325525,1.0188236163527287
5521,euler_ramsey,0.5,1.5% Ramsey,risk_aversion,combined,0,394.9867847961818,1.3381965816177142
5521,euler_ramsey,0.5,2.0% Ramsey,risk_aversion,combined,0,229.29013000674914,1.3593728672541086
5521,euler_ramsey,0.5,2.5% Ramsey,risk_aversion,combined,0,146.53377411601008,1.3607694739339977
5522,euler_ramsey,0.5,1.5% Ramsey,risk_aversion,combined,0,191.70266116501455,1.151547775137814
5522,euler_ramsey,0.5,2.0% Ramsey,risk_aversion,combined,0,119.56430322182094,1.1307061639598355
5522,euler_ramsey,0.5,2.5% Ramsey,risk_aversion,combined,0,78.66173974231425,1.1024837073912452
5523,euler_ramsey,0.5,1.5% Ramsey,risk_aversion,combined,0,-2.7350279505962463,0.9498052222690166
5523,euler_ramsey,0.5,2.0% Ramsey,risk_aversion,combined,0,-1.4061092104125046,0.8932619630664079
5523,euler_ramsey,0.5,2.5% Ramsey,risk_aversion,combined,0,-0.9380562980714093,0.8424005013176199
5524,euler_ramsey,0.5,1.5% Ramsey,risk_aversion,combined,0,348.0932949062731,0.47890509980037294
5524,euler_ramsey,0.5,2.0% Ramsey,risk_aversion,combined,0,393.1247416618139,0.385908216640153
5524,euler_ramsey,0.5,2.5% Ramsey,risk_aversion,combined,0,395.0351701688001,0.32291046686393393
5525,euler_ramsey,0.5,1.5% Ramsey,risk_aversion,combined,0,433.6394643809965,1.7149286127545393
5525,euler_ramsey,0.5,2.0% Ramsey,risk_aversion,combined,0,406.2811799292444,1.8430435114047348
5525,euler_ramsey,0.5,2.5% Ramsey,risk_aversion,combined,0,336.36219293545963,1.9272547446631205
5526,euler_ramsey,0.5,1.5% Ramsey,risk_aversion,combined,0,226.27909312679682,1.3821243690174427
5526,euler_ramsey,0.5,2.0% Ramsey,risk_aversion,combined,0,162.81273690138582,1.414669442078677
5526,euler_ramsey,0.5,2.5% Ramsey,risk_aversion,combined,0,115.04329957493752,1.424483906354882
5527,euler_ramsey,0.5,1.5% Ramsey,risk_aversion,combined,0,-27.329141249009712,1.0643744654091014
5527,euler_ramsey,0.5,2.0% Ramsey,risk_aversion,combined,0,-31.701830021701987,1.0269106253421856
5527,euler_ramsey,0.5,2.5% Ramsey,risk_aversion,combined,0,-26.748445592148258,0.9877276576801551
5528,euler_ramsey,0.5,1.5% Ramsey,risk_aversion,combined,0,62.85366619068104,0.553126171918209
5528,euler_ramsey,0.5,2.0% Ramsey,risk_aversion,combined,0,205.43981697276172,0.4609536963952406
5528,euler_ramsey,0.5,2.5% Ramsey,risk_aversion,combined,0,245.1887222288358,0.39590793771731175
5529,euler_ramsey,0.5,1.5% Ramsey,risk_aversion,combined,0,331.4715711216343,1.1441252077209099
5529,euler_ramsey,0.5,2.0% Ramsey,risk_aversion,combined,0,250.0260971520872,1.1221007695324223
5529,euler_ramsey,0.5,2.5% Ramsey,risk_aversion,combined,0,183.330084365129,1.0931944600996608
5530,euler_ramsey,0.5,1.5% Ramsey,risk_aversion,combined,0,791.2221283909732,1.4627769768800245
5530,euler_ramsey,0.5,2.0% Ramsey,risk_aversion,combined,0,431.80541122004087,1.5164500995922987
5530,euler_ramsey,0.5,2.5% Ramsey,risk_aversion,combined,0,254.54792636073495,1.5420528495625112
5531,euler_ramsey,0.5,1.5% Ramsey,risk_aversion,combined,0,-3.186945717142806,1.6884611028336072
5531,euler_ramsey,0.5,2.0% Ramsey,risk_aversion,combined,0,-5.8116175283571065,1.8079316366448903
5531,euler_ramsey,0.5,2.5% Ramsey,risk_aversion,combined,0,-4.413324762268773,1.8849533947674137
5532,euler_ramsey,0.5,1.5% Ramsey,risk_aversion,combined,0,576.433328806847,1.441751304064098
5532,euler_ramsey,0.5,2.0% Ramsey,risk_aversion,combined,0,447.82316880074745,1.490174488642684
5532,euler_ramsey,0.5,2.5% Ramsey,risk_aversion,combined,0,326.5866005833502,1.5119253304814149
5533,euler_ramsey,0.5,1.5% Ramsey,risk_aversion,combined,0,1037.0831860729093,0.8999135102636566
5533,euler_ramsey,0.5,2.0% Ramsey,risk_aversion,combined,0,776.9313962077835,0.8378244478088626
5533,euler_ramsey,0.5,2.5% Ramsey,risk_aversion,combined,0,561.2331572734538,0.7841066803551068
5534,euler_ramsey,0.5,1.5% Ramsey,risk_aversion,combined,0,1445.2881615574524,0.7220575960502476
5534,euler_ramsey,0.5,2.0% Ramsey,risk_aversion,combined,0,1300.8345141056527,0.6388758250031352
5534,euler_ramsey,0.5,2.5% Ramsey,risk_aversion,combined,0,1061.5891931516423,0.5747746432363877
5535,euler_ramsey,0.5,1.5% Ramsey,risk_aversion,combined,0,2940.815947568584,0.8118560842336644
5535,euler_ramsey,0.5,2.0% Ramsey,risk_aversion,combined,0,2283.996400546754,0.7374294978383878
5535,euler_ramsey,0.5,2.5% Ramsey,risk_aversion,combined,0,1545.2842581471612,0.6770069199063191
5536,euler_ramsey,0.5,1.5% Ramsey,risk_aversion,combined,0,84.29531929620923,0.4718233189812394
5536,euler_ramsey,0.5,2.0% Ramsey,risk_aversion,combined,0,16.839936612908943,0.37879463585293055
5536,euler_ramsey,0.5,2.5% Ramsey,risk_aversion,combined,0,-6.4300726061497,0.31603411719982616
5537,euler_ramsey,0.5,1.5% Ramsey,risk_aversion,combined,0,308.31251757561216,2.1516363560437615
5537,euler_ramsey,0.5,2.0% Ramsey,risk_aversion,combined,0,260.63338813477253,2.433062277594384
5537,euler_ramsey,0.5,2.5% Ramsey,risk_aversion,combined,0,205.18528557105174,2.6462287603160957
5538,euler_ramsey,0.5,1.5% Ramsey,risk_aversion,combined,0,203.34577451504688,2.017918952190569
5538,euler_ramsey,0.5,2.0% Ramsey,risk_aversion,combined,0,151.11031692532617,2.2489031923433758
5538,euler_ramsey,0.5,2.5% Ramsey,risk_aversion,combined,0,108.71183058833648,2.418474594754025
5539,euler_ramsey,0.5,1.5% Ramsey,risk_aversion,combined,0,1209.8934125612911,0.5015928363074746
5539,euler_ramsey,0.5,2.0% Ramsey,risk_aversion,combined,0,1076.7796914371186,0.4091542616369615
5539,euler_ramsey,0.5,2.5% Ramsey,risk_aversion,combined,0,860.9734939110091,0.34567530401329793
5540,euler_ramsey,0.5,1.5% Ramsey,risk_aversion,combined,0,324.53901742814054,0.7953032486128353
5540,euler_ramsey,0.5,2.0% Ramsey,risk_aversion,combined,0,263.27189658037497,0.7186335308506765
5540,euler_ramsey,0.5,2.5% Ramsey,risk_aversion,combined,0,192.94698207894498,0.6570404294845135
5541,euler_ramsey,0.5,1.5% Ramsey,risk_aversion,combined,0,-110.6202552464181,0.7157732658955679
5541,euler_ramsey,0.5,2.0% Ramsey,risk_aversion,combined,0,-84.26525400981036,0.631200575507954
5541,euler_ramsey,0.5,2.5% Ramsey,risk_aversion,combined,0,-61.49214197496253,0.5662837528043819
5542,euler_ramsey,0.5,1.5% Ramsey,risk_aversion,combined,0,-932.4887997744487,0.7762765758477569
5542,euler_ramsey,0.5,2.0% Ramsey,risk_aversion,combined,0,-789.5500118171371,0.6975731813924818
5542,euler_ramsey,0.5,2.5% Ramsey,risk_aversion,combined,0,-583.0993538155167,0.6350558648494988
5543,euler_ramsey,0.5,1.5% Ramsey,risk_aversion,combined,0,524.9080045652312,0.7059408086228451
5543,euler_ramsey,0.5,2.0% Ramsey,risk_aversion,combined,0,396.4246242819339,0.6204426186448517
5543,euler_ramsey,0.5,2.5% Ramsey,risk_aversion,combined,0,285.7545009740846,0.5551851975263203
5544,euler_ramsey,0.5,1.5% Ramsey,risk_aversion,combined,0,141.54997406322434,1.969808084922897
5544,euler_ramsey,0.5,2.0% Ramsey,risk_aversion,combined,0,110.14910427754754,2.183095177826486
5544,euler_ramsey,0.5,2.5% Ramsey,risk_aversion,combined,0,80.88773001128625,2.3375930998256162
5545,euler_ramsey,0.5,1.5% Ramsey,risk_aversion,combined,0,876.5133991040807,0.6457077188965864
5545,euler_ramsey,0.5,2.0% Ramsey,risk_aversion,combined,0,607.2386371191149,0.5565653470711415
5545,euler_ramsey,0.5,2.5% Ramsey,risk_aversion,combined,0,389.9702946062561,0.4906097288279835
5546,euler_ramsey,0.5,1.5% Ramsey,risk_aversion,combined,0,763.7393451757675,0.28631698308037806
5546,euler_ramsey,0.5,2.0% Ramsey,risk_aversion,combined,0,522.5306527917548,0.20545515926926744
5546,euler_ramsey,0.5,2.5% Ramsey,risk_aversion,combined,0,365.9654806244018,0.1571615510694978
5547,euler_ramsey,0.5,1.5% Ramsey,risk_aversion,combined,0,1566.4030372244947,0.4535882463830984
5547,euler_ramsey,0.5,2.0% Ramsey,risk_aversion,combined,0,1344.76148310802,0.3613249431753805
5547,euler_ramsey,0.5,2.5% Ramsey,risk_aversion,combined,0,1020.2856874653659,0.29968120108410023
5548,euler_ramsey,0.5,1.5% Ramsey,risk_aversion,combined,0,373.4597275906906,0.7448770801000376
5548,euler_ramsey,0.5,2.0% Ramsey,risk_aversion,combined,0,352.7446714179133,0.6630421917492659
5548,euler_ramsey,0.5,2.5% Ramsey,risk_aversion,combined,0,300.1592360059457,0.599220137244119
5549,euler_ramsey,0.5,1.5% Ramsey,risk_aversion,combined,0,-527.5166409263804,0.3001701952208236
5549,euler_ramsey,0.5,2.0% Ramsey,risk_aversion,combined,0,-389.0534177440638,0.2176796757839467
5549,euler_ramsey,0.5,2.5% Ramsey,risk_aversion,combined,0,-267.7637791470038,0.16787302998597367
5550,euler_ramsey,0.5,1.5% Ramsey,risk_aversion,combined,0,157.5137485416349,0.35403554115546804
5550,euler_ramsey,0.5,2.0% Ramsey,risk_aversion,combined,0,133.27241085714454,0.26650167546189835
5550,euler_ramsey,0.5,2.5% Ramsey,risk_aversion,combined,0,93.56505917938004,0.2115442939434325
5551,euler_ramsey,0.5,1.5% Ramsey,risk_aversion,combined,0,24.037514143418033,1.5087544532955255
5551,euler_ramsey,0.5,2.0% Ramsey,risk_aversion,combined,0,23.4219205384234,1.5749668919992672
5551,euler_ramsey,0.5,2.5% Ramsey,risk_aversion,combined,0,23.04878746127516,1.6101325871115466
5552,euler_ramsey,0.5,1.5% Ramsey,risk_aversion,combined,0,328.691705855458,1.56303759005025
5552,euler_ramsey,0.5,2.0% Ramsey,risk_aversion,combined,0,288.2063038853051,1.64495993458681
5552,euler_ramsey,0.5,2.5% Ramsey,risk_aversion,combined,0,240.409822498248,1.6923895156434072
5553,euler_ramsey,0.5,1.5% Ramsey,risk_aversion,combined,0,502.3874037783727,0.6446421719252896
5553,euler_ramsey,0.5,2.0% Ramsey,risk_aversion,combined,0,400.26870611954143,0.5555689603548802
5553,euler_ramsey,0.5,2.5% Ramsey,risk_aversion,combined,0,301.6681218342274,0.48969147327206525
5554,euler_ramsey,0.5,1.5% Ramsey,risk_aversion,combined,0,234.78383882054857,0.6164234525584904
5554,euler_ramsey,0.5,2.0% Ramsey,risk_aversion,combined,0,203.467420779442,0.5261038924677316
5554,euler_ramsey,0.5,2.5% Ramsey,risk_aversion,combined,0,163.4562992376652,0.46026393415877825
5555,euler_ramsey,0.5,1.5% Ramsey,risk_aversion,combined,0,2868.1248546560532,0.44885916703735423
5555,euler_ramsey,0.5,2.0% Ramsey,risk_aversion,combined,0,2569.9498699241803,0.3565106065813884
5555,euler_ramsey,0.5,2.5% Ramsey,risk_aversion,combined,0,2016.0846115808165,0.29500200741343496
5556,euler_ramsey,0.5,1.5% Ramsey,risk_aversion,combined,0,252.49262016808132,0.9252711221668751
5556,euler_ramsey,0.5,2.0% Ramsey,risk_aversion,combined,0,198.39125681240807,0.8650635501378273
5556,euler_ramsey,0.5,2.5% Ramsey,risk_aversion,combined,0,148.6781604478451,0.8120837139805518
5557,euler_ramsey,0.5,1.5% Ramsey,risk_aversion,combined,0,184.91106171908956,0.7832532408617694
5557,euler_ramsey,0.5,2.0% Ramsey,risk_aversion,combined,0,118.95762541858731,0.7046461520998817
5557,euler_ramsey,0.5,2.5% Ramsey,risk_aversion,combined,0,82.5593526548192,0.6420155033252265
5558,euler_ramsey,0.5,1.5% Ramsey,risk_aversion,combined,0,289.4508342870614,1.3532469921132342
5558,euler_ramsey,0.5,2.0% Ramsey,risk_aversion,combined,0,175.48091312581096,1.3776261768468017
5558,euler_ramsey,0.5,2.5% Ramsey,risk_aversion,combined,0,113.19094519954601,1.3812271100781905
5559,euler_ramsey,0.5,1.5% Ramsey,risk_aversion,combined,0,4455.2574623031305,0.17009848639711944
5559,euler_ramsey,0.5,2.0% Ramsey,risk_aversion,combined,0,1343.6107645101094,0.10859683241397398
5559,euler_ramsey,0.5,2.5% Ramsey,risk_aversion,combined,0,652.9906762101044,0.07589270657105347
5560,euler_ramsey,0.5,1.5% Ramsey,risk_aversion,combined,0,193.1462914604217,1.071303462764163
5560,euler_ramsey,0.5,2.0% Ramsey,risk_aversion,combined,0,139.33477612006357,1.035137328822337
5560,euler_ramsey,0.5,2.5% Ramsey,risk_aversion,combined,0,96.7724074365415,0.996811197941936
5561,euler_ramsey,0.5,1.5% Ramsey,risk_aversion,combined,0,498.3564313059095,1.9509011216215983
5561,euler_ramsey,0.5,2.0% Ramsey,risk_aversion,combined,0,389.3324324894641,2.15813922864508
5561,euler_ramsey,0.5,2.5% Ramsey,risk_aversion,combined,0,286.97154685843566,2.307665020785546
5562,euler_ramsey,0.5,1.5% Ramsey,risk_aversion,combined,0,2677.352278763346,0.9655012595469699
5562,euler_ramsey,0.5,2.0% Ramsey,risk_aversion,combined,0,2311.213685463458,0.9129326045109367
5562,euler_ramsey,0.5,2.5% Ramsey,risk_aversion,combined,0,1727.7185379821558,0.8646691890250298
5563,euler_ramsey,0.5,1.5% Ramsey,risk_aversion,combined,0,-1963.593329682848,0.15473558329854384
5563,euler_ramsey,0.5,2.0% Ramsey,risk_aversion,combined,0,-1076.8147955263482,0.09669232273053537
5563,euler_ramsey,0.5,2.5% Ramsey,risk_aversion,combined,0,-619.7205200047235,0.06645892620471724
5564,euler_ramsey,0.5,1.5% Ramsey,risk_aversion,combined,0,541.5318111980503,2.0518850897531378
5564,euler_ramsey,0.5,2.0% Ramsey,risk_aversion,combined,0,356.85059166491766,2.295374810090502
5564,euler_ramsey,0.5,2.5% Ramsey,risk_aversion,combined,0,232.50437588109094,2.4756018299694644
5565,euler_ramsey,0.5,1.5% Ramsey,risk_aversion,combined,0,1231.2869589856439,0.768629666284277
5565,euler_ramsey,0.5,2.0% Ramsey,risk_aversion,combined,0,1089.245275049709,0.6891721300794241
5565,euler_ramsey,0.5,2.5% Ramsey,risk_aversion,combined,0,832.7646633469764,0.6263408394884981
5566,euler_ramsey,0.5,1.5% Ramsey,risk_aversion,combined,0,-8.098251432274566,1.380252109641063
5566,euler_ramsey,0.5,2.0% Ramsey,risk_aversion,combined,0,-17.379450175107642,1.4123965819013138
5566,euler_ramsey,0.5,2.5% Ramsey,risk_aversion,combined,0,-17.383572048398424,1.4218431658711759
5567,euler_ramsey,0.5,1.5% Ramsey,risk_aversion,combined,0,248.93547949099735,1.4532462439877099
5567,euler_ramsey,0.5,2.0% Ramsey,risk_aversion,combined,0,185.69190043947592,1.5041930895877198
5567,euler_ramsey,0.5,2.5% Ramsey,risk_aversion,combined,0,130.03286550162042,1.5277151901955137
5568,euler_ramsey,0.5,1.5% Ramsey,risk_aversion,combined,0,1117.4370371063087,0.6304726935158178
5568,euler_ramsey,0.5,2.0% Ramsey,risk_aversion,combined,0,1018.8668935058237,0.5405989328118419
5568,euler_ramsey,0.5,2.5% Ramsey,risk_aversion,combined,0,811.2124626776373,0.4746337957606972
5569,euler_ramsey,0.5,1.5% Ramsey,risk_aversion,combined,0,1237.4990768473538,0.7657538233852259
5569,euler_ramsey,0.5,2.0% Ramsey,risk_aversion,combined,0,906.0304621304133,0.68646684097701
5569,euler_ramsey,0.5,2.5% Ramsey,risk_aversion,combined,0,609.0678158303231,0.6238750398030956
5570,euler_ramsey,0.5,1.5% Ramsey,risk_aversion,combined,0,279.2905487220673,0.9658347516162643
5570,euler_ramsey,0.5,2.0% Ramsey,risk_aversion,combined,0,184.9969526049108,0.9125952017263688
5570,euler_ramsey,0.5,2.5% Ramsey,risk_aversion,combined,0,118.17481332506293,0.8637973358807182
5571,euler_ramsey,0.5,1.5% Ramsey,risk_aversion,combined,0,960.9975432122893,0.30867877920546277
5571,euler_ramsey,0.5,2.0% Ramsey,risk_aversion,combined,0,485.08087768316466,0.2252400333663904
5571,euler_ramsey,0.5,2.5% Ramsey,risk_aversion,combined,0,279.5159863821875,0.17453700999373914
5572,euler_ramsey,0.5,1.5% Ramsey,risk_aversion,combined,0,276.71524754557976,1.0972291227100845
5572,euler_ramsey,0.5,2.0% Ramsey,risk_aversion,combined,0,192.44246109714078,1.06651740692458
5572,euler_ramsey,0.5,2.5% Ramsey,risk_aversion,combined,0,136.47645734387365,1.0317718723041949
5573,euler_ramsey,0.5,1.5% Ramsey,risk_aversion,combined,0,189.00597598085486,0.9825509499005924
5573,euler_ramsey,0.5,2.0% Ramsey,risk_aversion,combined,0,116.64678531478802,0.9318368024119341
5573,euler_ramsey,0.5,2.5% Ramsey,risk_aversion,combined,0,77.45257250947932,0.8845322415001133
5574,euler_ramsey,0.5,1.5% Ramsey,risk_aversion,combined,0,1253.2678266112946,0.7795276074677937
5574,euler_ramsey,0.5,2.0% Ramsey,risk_aversion,combined,0,957.9303988147999,0.7015808870525169
5574,euler_ramsey,0.5,2.5% Ramsey,risk_aversion,combined,0,664.1495804054499,0.6395224109025069
5575,euler_ramsey,0.5,1.5% Ramsey,risk_aversion,combined,0,464.7346448993274,1.9202140888583465
5575,euler_ramsey,0.5,2.0% Ramsey,risk_aversion,combined,0,352.709334222249,2.116187772786402
5575,euler_ramsey,0.5,2.5% Ramsey,risk_aversion,combined,0,253.7247917816207,2.2561325277055633
5576,euler_ramsey,0.5,1.5% Ramsey,risk_aversion,combined,0,34.14569084871194,1.116901524959774
5576,euler_ramsey,0.5,2.0% Ramsey,risk_aversion,combined,0,33.00706308980401,1.0888921838094152
5576,euler_ramsey,0.5,2.5% Ramsey,risk_aversion,combined,0,31.816403493544048,1.0557671263071853
5577,euler_ramsey,0.5,1.5% Ramsey,risk_aversion,combined,0,152.94066347868696,0.5738907001733183
5577,euler_ramsey,0.5,2.0% Ramsey,risk_aversion,combined,0,90.50397616185471,0.48142346746449816
5577,euler_ramsey,0.5,2.5% Ramsey,risk_aversion,combined,0,60.09316865949014,0.41553796289016537
5578,euler_ramsey,0.5,1.5% Ramsey,risk_aversion,combined,0,-306.64689246361974,0.5153821304464046
5578,euler_ramsey,0.5,2.0% Ramsey,risk_aversion,combined,0,-209.24360832574484,0.4220747500287814
5578,euler_ramsey,0.5,2.5% Ramsey,risk_aversion,combined,0,-143.54736734806684,0.35760170087233933
5579,euler_ramsey,0.5,1.5% Ramsey,risk_aversion,combined,0,166.48821013921724,0.8070814602266491
5579,euler_ramsey,0.5,2.0% Ramsey,risk_aversion,combined,0,110.62656756255967,0.731212935982918
5579,euler_ramsey,0.5,2.5% Ramsey,risk_aversion,combined,0,72.68751825490855,0.6698898027438741
5580,euler_ramsey,0.5,1.5% Ramsey,risk_aversion,combined,0,9789.560469783137,0.22216323554613945
5580,euler_ramsey,0.5,2.0% Ramsey,risk_aversion,combined,0,4758.296119202062,0.15079315612565908
5580,euler_ramsey,0.5,2.5% Ramsey,risk_aversion,combined,0,2660.5561178767803,0.11050507815754987
5581,euler_ramsey,0.5,1.5% Ramsey,risk_aversion,combined,0,381.4169007207658,2.097452889450442
5581,euler_ramsey,0.5,2.0% Ramsey,risk_aversion,combined,0,299.0287454357506,2.358336520848157
5581,euler_ramsey,0.5,2.5% Ramsey,risk_aversion,combined,0,221.9639346411999,2.553715711945142
5582,euler_ramsey,0.5,1.5% Ramsey,risk_aversion,combined,0,344.7755926310598,1.0938478284486974
5582,euler_ramsey,0.5,2.0% Ramsey,risk_aversion,combined,0,247.34229413483553,1.0620407876785005
5582,euler_ramsey,0.5,2.5% Ramsey,risk_aversion,combined,0,179.5156241218988,1.026579272621952
5583,euler_ramsey,0.5,1.5% Ramsey,risk_aversion,combined,0,22.11245369109366,2.6441859652999393
5583,euler_ramsey,0.5,2.0% Ramsey,risk_aversion,combined,0,18.9037673217196,3.131449772037363
5583,euler_ramsey,0.5,2.5% Ramsey,risk_aversion,combined,0,20.0511596137525,3.529496684280686
5584,euler_ramsey,0.5,1.5% Ramsey,risk_aversion,combined,0,1298.290779101294,0.9146213673417206
5584,euler_ramsey,0.5,2.0% Ramsey,risk_aversion,combined,0,1080.5192087550433,0.8537062151289134
5584,euler_ramsey,0.5,2.5% Ramsey,risk_aversion,combined,0,786.2388347849354,0.8004822292310381
5585,euler_ramsey,0.5,1.5% Ramsey,risk_aversion,combined,0,3617.592388682921,0.4456743152613787
5585,euler_ramsey,0.5,2.0% Ramsey,risk_aversion,combined,0,1425.457188130616,0.3537489497827279
5585,euler_ramsey,0.5,2.5% Ramsey,risk_aversion,combined,0,740.6424867500634,0.29259439518264785
5586,euler_ramsey,0.5,1.5% Ramsey,risk_aversion,combined,0,118.00603139640337,0.4944815194658922
5586,euler_ramsey,0.5,2.0% Ramsey,risk_aversion,combined,0,36.16616235782414,0.4011475899188414
5586,euler_ramsey,0.5,2.5% Ramsey,risk_aversion,combined,0,11.613056979620792,0.3373932544474188
5587,euler_ramsey,0.5,1.5% Ramsey,risk_aversion,combined,0,454.7240997267731,1.096053579635937
5587,euler_ramsey,0.5,2.0% Ramsey,risk_aversion,combined,0,356.32888461872716,1.0643036344619714
5587,euler_ramsey,0.5,2.5% Ramsey,risk_aversion,combined,0,265.7877877790231,1.0288140107727375
5588,euler_ramsey,0.5,1.5% Ramsey,risk_aversion,combined,0,137.7035272273019,1.3325510417696642
5588,euler_ramsey,0.5,2.0% Ramsey,risk_aversion,combined,0,101.58203154587984,1.3522151367744277
5588,euler_ramsey,0.5,2.5% Ramsey,risk_aversion,combined,0,70.78513896393592,1.3524318311220784
5589,euler_ramsey,0.5,1.5% Ramsey,risk_aversion,combined,0,797.7024640948792,0.5888538127148657
5589,euler_ramsey,0.5,2.0% Ramsey,risk_aversion,combined,0,685.5749851352549,0.49706062595290657
5589,euler_ramsey,0.5,2.5% Ramsey,risk_aversion,combined,0,561.8605438212909,0.4311289040827037
5590,euler_ramsey,0.5,1.5% Ramsey,risk_aversion,combined,0,65.89973046036302,0.36875220102578576
5590,euler_ramsey,0.5,2.0% Ramsey,risk_aversion,combined,0,42.96293930075325,0.28008808192991497
5590,euler_ramsey,0.5,2.5% Ramsey,risk_aversion,combined,0,30.31296652472013,0.22387962925605626
5591,euler_ramsey,0.5,1.5% Ramsey,risk_aversion,combined,0,485.97029622224096,1.1794762107354737
5591,euler_ramsey,0.5,2.0% Ramsey,risk_aversion,combined,0,303.3052879276429,1.1652602275053416
5591,euler_ramsey,0.5,2.5% Ramsey,risk_aversion,combined,0,191.82178720220523,1.141622899746631
5592,euler_ramsey,0.5,1.5% Ramsey,risk_aversion,combined,0,327.1880654577861,1.142925512259617
5592,euler_ramsey,0.5,2.0% Ramsey,risk_aversion,combined,0,208.055624447482,1.1206339571774941
5592,euler_ramsey,0.5,2.5% Ramsey,risk_aversion,combined,0,141.99439265649238,1.0914499118458247
5593,euler_ramsey,0.5,1.5% Ramsey,risk_aversion,combined,0,1312.221446610797,1.3357665189439507
5593,euler_ramsey,0.5,2.0% Ramsey,risk_aversion,combined,0,1035.2464648339298,1.3585151997981513
5593,euler_ramsey,0.5,2.5% Ramsey,risk_aversion,combined,0,764.8256133764021,1.3613884008841668
5594,euler_ramsey,0.5,1.5% Ramsey,risk_aversion,combined,0,322.97085854468617,1.1856679176716312
5594,euler_ramsey,0.5,2.0% Ramsey,risk_aversion,combined,0,243.95337513104514,1.1722865679377092
5594,euler_ramsey,0.5,2.5% Ramsey,risk_aversion,combined,0,180.7011759986332,1.149174525858787
5595,euler_ramsey,0.5,1.5% Ramsey,risk_aversion,combined,0,-176.21690933215513,0.31369871543729283
5595,euler_ramsey,0.5,2.0% Ramsey,risk_aversion,combined,0,-116.32707584257531,0.22974927339416812
5595,euler_ramsey,0.5,2.5% Ramsey,risk_aversion,combined,0,-78.04874483499846,0.17853967297021378
5596,euler_ramsey,0.5,1.5% Ramsey,risk_aversion,combined,0,1018.5204545242128,0.8122138425694096
5596,euler_ramsey,0.5,2.0% Ramsey,risk_aversion,combined,0,843.0169455037312,0.7382839404023592
5596,euler_ramsey,0.5,2.5% Ramsey,risk_aversion,combined,0,634.8089389247389,0.6782839448449453
5597,euler_ramsey,0.5,1.5% Ramsey,risk_aversion,combined,0,2931.77180142804,0.5373124680717091
5597,euler_ramsey,0.5,2.0% Ramsey,risk_aversion,combined,0,1781.6290777087004,0.44500160491451907
5597,euler_ramsey,0.5,2.5% Ramsey,risk_aversion,combined,0,1091.5669518510642,0.3804052635457136
5598,euler_ramsey,0.5,1.5% Ramsey,risk_aversion,combined,0,3136.552440690735,1.3949168764747901
5598,euler_ramsey,0.5,2.0% Ramsey,risk_aversion,combined,0,2786.371902526086,1.4349526940339195
5598,euler_ramsey,0.5,2.5% Ramsey,risk_aversion,combined,0,2184.2814823784956,1.4510004318835488
5599,euler_ramsey,0.5,1.5% Ramsey,risk_aversion,combined,0,-174.11975702160865,0.35896827184277985
5599,euler_ramsey,0.5,2.0% Ramsey,risk_aversion,combined,0,-81.8884539632469,0.27097964088413223
5599,euler_ramsey,0.5,2.5% Ramsey,risk_aversion,combined,0,-2.806646460463266,0.21556668801058354
5600,euler_ramsey,0.5,1.5% Ramsey,risk_aversion,combined,0,247.18375874863585,0.6757834154536859
5600,euler_ramsey,0.5,2.0% Ramsey,risk_aversion,combined,0,143.0815309569628,0.5881709906334966
5600,euler_ramsey,0.5,2.5% Ramsey,risk_aversion,combined,0,81.80337004372207,0.5223503630828192
5601,euler_ramsey,0.5,1.5% Ramsey,risk_aversion,combined,0,190.72314531835752,0.5974878632895533
5601,euler_ramsey,0.5,2.0% Ramsey,risk_aversion,combined,0,162.99875710651602,0.5058041046805022
5601,euler_ramsey,0.5,2.5% Ramsey,risk_aversion,combined,0,133.86046771911617,0.43967123582442147
5602,euler_ramsey,0.5,1.5% Ramsey,risk_aversion,combined,0,721.3157437318233,0.9816781189413404
5602,euler_ramsey,0.5,2.0% Ramsey,risk_aversion,combined,0,538.0435728657724,0.9300741947155046
5602,euler_ramsey,0.5,2.5% Ramsey,risk_aversion,combined,0,406.1935993725706,0.8821307378522876
5603,euler_ramsey,0.5,1.5% Ramsey,risk_aversion,combined,0,99.8619382478543,1.4051762634472222
5603,euler_ramsey,0.5,2.0% Ramsey,risk_aversion,combined,0,82.27746198195358,1.4437924044696833
5603,euler_ramsey,0.5,2.5% Ramsey,risk_aversion,combined,0,70.47039830806825,1.4580983894363728
5604,euler_ramsey,0.5,1.5% Ramsey,risk_aversion,combined,0,699.6756465204717,1.4120287245164433
5604,euler_ramsey,0.5,2.0% Ramsey,risk_aversion,combined,0,595.0983660128998,1.4523940128445476
5604,euler_ramsey,0.5,2.5% Ramsey,risk_aversion,combined,0,476.9592514923301,1.4681179382424299
5605,euler_ramsey,0.5,1.5% Ramsey,risk_aversion,combined,0,221.27765344404762,1.3470346188061886
5605,euler_ramsey,0.5,2.0% Ramsey,risk_aversion,combined,0,127.1618212690091,1.370916307892754
5605,euler_ramsey,0.5,2.5% Ramsey,risk_aversion,combined,0,79.41623053695582,1.3743051215406759
5606,euler_ramsey,0.5,1.5% Ramsey,risk_aversion,combined,0,580.2604954743268,1.235216258789254
5606,euler_ramsey,0.5,2.0% Ramsey,risk_aversion,combined,0,408.3465415548192,1.2331688848662063
5606,euler_ramsey,0.5,2.5% Ramsey,risk_aversion,combined,0,275.40623568437843,1.2180806491440235
5607,euler_ramsey,0.5,1.5% Ramsey,risk_aversion,combined,0,699.4343404973905,1.3034540262899834
5607,euler_ramsey,0.5,2.0% Ramsey,risk_aversion,combined,0,606.4906112219905,1.3170814372860637
5607,euler_ramsey,0.5,2.5% Ramsey,risk_aversion,combined,0,496.0090305294613,1.3131926213925953
5608,euler_ramsey,0.5,1.5% Ramsey,risk_aversion,combined,0,188.62890759224686,1.150151969755266
5608,euler_ramsey,0.5,2.0% Ramsey,risk_aversion,combined,0,145.8259158234282,1.1290040008847004
5608,euler_ramsey,0.5,2.5% Ramsey,risk_aversion,combined,0,110.96374790245622,1.1005347436202728
5609,euler_ramsey,0.5,1.5% Ramsey,risk_aversion,combined,0,2795.611388554964,0.26484151924425964
5609,euler_ramsey,0.5,2.0% Ramsey,risk_aversion,combined,0,1066.8285892441447,0.18684751533378927
5609,euler_ramsey,0.5,2.5% Ramsey,risk_aversion,combined,0,538.6229096907049,0.14107121144767473
5610,euler_ramsey,0.5,1.5% Ramsey,risk_aversion,combined,0,60.434573487878446,4.1662081802474065
5610,euler_ramsey,0.5,2.0% Ramsey,risk_aversion,combined,0,53.93210510370709,5.464597419981427
5610,euler_ramsey,0.5,2.5% Ramsey,risk_aversion,combined,0,45.05355583337778,6.665339549970792
5611,euler_ramsey,0.5,1.5% Ramsey,risk_aversion,combined,0,866.0111018990426,1.6058976035685297
5611,euler_ramsey,0.5,2.0% Ramsey,risk_aversion,combined,0,581.1072585438668,1.70074002887621
5611,euler_ramsey,0.5,2.5% Ramsey,risk_aversion,combined,0,400.9245437249969,1.7583684758095843
5612,euler_ramsey,0.5,1.5% Ramsey,risk_aversion,combined,0,-16.388193393282044,0.6173183540901447
5612,euler_ramsey,0.5,2.0% Ramsey,risk_aversion,combined,0,-17.60813938219846,0.5270374812279968
5612,euler_ramsey,0.5,2.5% Ramsey,risk_aversion,combined,0,-14.187751031463462,0.46117333869983246
5613,euler_ramsey,0.5,1.5% Ramsey,risk_aversion,combined,0,1588.1759697813616,0.3276862234398094
5613,euler_ramsey,0.5,2.0% Ramsey,risk_aversion,combined,0,959.7952728268643,0.24240529135097869
5613,euler_ramsey,0.5,2.5% Ramsey,risk_aversion,combined,0,606.2926522802608,0.1898435118679127
5614,euler_ramsey,0.5,1.5% Ramsey,risk_aversion,combined,0,470.25630805945445,0.9384060017777764
5614,euler_ramsey,0.5,2.0% Ramsey,risk_aversion,combined,0,461.2301213001691,0.8797936138114233
5614,euler_ramsey,0.5,2.5% Ramsey,risk_aversion,combined,0,374.9851861090792,0.8276481737053489
5615,euler_ramsey,0.5,1.5% Ramsey,risk_aversion,combined,0,5136.686327618693,0.3124667365291869
5615,euler_ramsey,0.5,2.0% Ramsey,risk_aversion,combined,0,3108.9560611590337,0.22885506631107067
5615,euler_ramsey,0.5,2.5% Ramsey,risk_aversion,combined,0,1875.7787680357953,0.17786812511886804
5616,euler_ramsey,0.5,1.5% Ramsey,risk_aversion,combined,0,98.86247416191821,0.807358910988068
5616,euler_ramsey,0.5,2.0% Ramsey,risk_aversion,combined,0,74.12284898204123,0.7322505641145293
5616,euler_ramsey,0.5,2.5% Ramsey,risk_aversion,combined,0,51.86226656007933,0.6714729803664831
5617,euler_ramsey,0.5,1.5% Ramsey,risk_aversion,combined,0,198.0950523142202,2.0297664666339417
5617,euler_ramsey,0.5,2.0% Ramsey,risk_aversion,combined,0,184.99371675950485,2.265149247067921
5617,euler_ramsey,0.5,2.5% Ramsey,risk_aversion,combined,0,159.07556394260567,2.438563639591169
5618,euler_ramsey,0.5,1.5% Ramsey,risk_aversion,combined,0,178.95780438815854,1.807170699548616
5618,euler_ramsey,0.5,2.0% Ramsey,risk_aversion,combined,0,128.64478341087306,1.9645402883078527
5618,euler_ramsey,0.5,2.5% Ramsey,risk_aversion,combined,0,94.62571564064253,2.072454288288596
5619,euler_ramsey,0.5,1.5% Ramsey,risk_aversion,combined,0,1151.0324183061666,1.265521816665357
5619,euler_ramsey,0.5,2.0% Ramsey,risk_aversion,combined,0,801.4144013199066,1.2702864759676546
5619,euler_ramsey,0.5,2.5% Ramsey,risk_aversion,combined,0,539.3415301480034,1.2599624892866927
5620,euler_ramsey,0.5,1.5% Ramsey,risk_aversion,combined,0,356.06671770546876,1.2586021570540162
5620,euler_ramsey,0.5,2.0% Ramsey,risk_aversion,combined,0,266.113548137361,1.2621555483391764
5620,euler_ramsey,0.5,2.5% Ramsey,risk_aversion,combined,0,197.30978542071335,1.2509777134826232
5621,euler_ramsey,0.5,1.5% Ramsey,risk_aversion,combined,0,-452.20661036342784,0.3064496370110602
5621,euler_ramsey,0.5,2.0% Ramsey,risk_aversion,combined,0,-292.0407223947168,0.22324890189632998
5621,euler_ramsey,0.5,2.5% Ramsey,risk_aversion,combined,0,-166.7594042119044,0.1727754542414892
5622,euler_ramsey,0.5,1.5% Ramsey,risk_aversion,combined,0,722.8859058801966,1.0792449461194547
5622,euler_ramsey,0.5,2.0% Ramsey,risk_aversion,combined,0,581.3373382401647,1.045093299820363
5622,euler_ramsey,0.5,2.5% Ramsey,risk_aversion,combined,0,444.4001369130829,1.0081815217960333
5623,euler_ramsey,0.5,1.5% Ramsey,risk_aversion,combined,0,5464.617892730021,0.5196225760456054
5623,euler_ramsey,0.5,2.0% Ramsey,risk_aversion,combined,0,3017.486485811054,0.42680537113798295
5623,euler_ramsey,0.5,2.5% Ramsey,risk_aversion,combined,0,1643.8114618534355,0.3624817330898774
5624,euler_ramsey,0.5,1.5% Ramsey,risk_aversion,combined,0,-298.1678706196464,0.534020241896698
5624,euler_ramsey,0.5,2.0% Ramsey,risk_aversion,combined,0,-193.57462369225362,0.4408070218940952
5624,euler_ramsey,0.5,2.5% Ramsey,risk_aversion,combined,0,-129.10266417700947,0.3757599721510133
5625,euler_ramsey,0.5,1.5% Ramsey,risk_aversion,combined,0,1045.3651972588668,0.7663211211874175
5625,euler_ramsey,0.5,2.0% Ramsey,risk_aversion,combined,0,453.8964014483641,0.6870386091128805
5625,euler_ramsey,0.5,2.5% Ramsey,risk_aversion,combined,0,258.136716961997,0.6244348955004436
5626,euler_ramsey,0.5,1.5% Ramsey,risk_aversion,combined,0,795.3302246214022,0.5034968993169645
5626,euler_ramsey,0.5,2.0% Ramsey,risk_aversion,combined,0,621.2706806997617,0.41020585913816354
5626,euler_ramsey,0.5,2.5% Ramsey,risk_aversion,combined,0,442.3338864784252,0.34615907665185663
5627,euler_ramsey,0.5,1.5% Ramsey,risk_aversion,combined,0,185.45684175178377,0.8785777006685398
5627,euler_ramsey,0.5,2.0% Ramsey,risk_aversion,combined,0,128.82717615063106,0.8111102575264674
5627,euler_ramsey,0.5,2.5% Ramsey,risk_aversion,combined,0,83.89787539676794,0.7539532639293893
5628,euler_ramsey,0.5,1.5% Ramsey,risk_aversion,combined,0,312.02249511448053,1.9811659926117144
5628,euler_ramsey,0.5,2.0% Ramsey,risk_aversion,combined,0,228.0199948031869,2.1989908025152243
5628,euler_ramsey,0.5,2.5% Ramsey,risk_aversion,combined,0,168.0607636394247,2.3574190757463245
5629,euler_ramsey,0.5,1.5% Ramsey,risk_aversion,combined,0,533.7107709598388,1.3511634745366203
5629,euler_ramsey,0.5,2.0% Ramsey,risk_aversion,combined,0,407.3686781840524,1.3758310969958043
5629,euler_ramsey,0.5,2.5% Ramsey,risk_aversion,combined,0,277.31231305816334,1.3798132060086605
5630,euler_ramsey,0.5,1.5% Ramsey,risk_aversion,combined,0,1727.044618594048,0.3734892714827439
5630,euler_ramsey,0.5,2.0% Ramsey,risk_aversion,combined,0,893.5280908242831,0.28449478422306357
5630,euler_ramsey,0.5,2.5% Ramsey,risk_aversion,combined,0,494.81214328853065,0.2279048909704941
5631,euler_ramsey,0.5,1.5% Ramsey,risk_aversion,combined,0,88.35504712077991,1.9266218843426808
5631,euler_ramsey,0.5,2.0% Ramsey,risk_aversion,combined,0,55.1085798796221,2.124937203172421
5631,euler_ramsey,0.5,2.5% Ramsey,risk_aversion,combined,0,37.32493218101119,2.266831036748735
5632,euler_ramsey,0.5,1.5% Ramsey,risk_aversion,combined,0,564.4251309615753,0.7168775891341627
5632,euler_ramsey,0.5,2.0% Ramsey,risk_aversion,combined,0,369.71044389819656,0.632558028996231
5632,euler_ramsey,0.5,2.5% Ramsey,risk_aversion,combined,0,270.4701232017433,0.5678109451650416
5633,euler_ramsey,0.5,1.5% Ramsey,risk_aversion,combined,0,49.78785960844243,1.2426037712536981
5633,euler_ramsey,0.5,2.0% Ramsey,risk_aversion,combined,0,28.52234550662029,1.2413221775451417
5633,euler_ramsey,0.5,2.5% Ramsey,risk_aversion,combined,0,17.81622930737391,1.2266057434479487
5634,euler_ramsey,0.5,1.5% Ramsey,risk_aversion,combined,0,7174.108934241256,0.46183040269599324
5634,euler_ramsey,0.5,2.0% Ramsey,risk_aversion,combined,0,5947.585246495828,0.3706088865859738
5634,euler_ramsey,0.5,2.5% Ramsey,risk_aversion,combined,0,4379.960763182509,0.3092303544327383
5635,euler_ramsey,0.5,1.5% Ramsey,risk_aversion,combined,0,816.8803583115882,0.9097625870737142
5635,euler_ramsey,0.5,2.0% Ramsey,risk_aversion,combined,0,576.7314943417131,0.8478880463821927
5635,euler_ramsey,0.5,2.5% Ramsey,risk_aversion,combined,0,384.07180636059803,0.7940395219428079
5636,euler_ramsey,0.5,1.5% Ramsey,risk_aversion,combined,0,71.18203474334146,0.79848613186479
5636,euler_ramsey,0.5,2.0% Ramsey,risk_aversion,combined,0,48.849436372862925,0.7217649945609691
5636,euler_ramsey,0.5,2.5% Ramsey,risk_aversion,combined,0,31.920709148331966,0.6600597950804955
5637,euler_ramsey,0.5,1.5% Ramsey,risk_aversion,combined,0,356.6042002992536,1.3289568814522332
5637,euler_ramsey,0.5,2.0% Ramsey,risk_aversion,combined,0,282.5699524909743,1.3475966435997349
5637,euler_ramsey,0.5,2.5% Ramsey,risk_aversion,combined,0,215.67592452809413,1.3470513576239516
5638,euler_ramsey,0.5,1.5% Ramsey,risk_aversion,combined,0,653.7751908023394,0.7439061024191426
5638,euler_ramsey,0.5,2.0% Ramsey,risk_aversion,combined,0,546.2557003262516,0.661610853998397
5638,euler_ramsey,0.5,2.5% Ramsey,risk_aversion,combined,0,396.94428232310344,0.5974878429936632
5639,euler_ramsey,0.5,1.5% Ramsey,risk_aversion,combined,0,455.71018411522596,1.9787151295597627
5639,euler_ramsey,0.5,2.0% Ramsey,risk_aversion,combined,0,335.9559473541526,2.1956602954719218
5639,euler_ramsey,0.5,2.5% Ramsey,risk_aversion,combined,0,246.01112857870743,2.3533707771227284
5640,euler_ramsey,0.5,1.5% Ramsey,risk_aversion,combined,0,-160.47610800339172,0.9144191435287111
5640,euler_ramsey,0.5,2.0% Ramsey,risk_aversion,combined,0,-147.87379940102215,0.8524266234831539
5640,euler_ramsey,0.5,2.5% Ramsey,risk_aversion,combined,0,-113.97593233128379,0.7983657603376147
5641,euler_ramsey,0.5,1.5% Ramsey,risk_aversion,combined,0,765.2956349951874,0.8045384126382317
5641,euler_ramsey,0.5,2.0% Ramsey,risk_aversion,combined,0,749.6230315437936,0.7291616323152729
5641,euler_ramsey,0.5,2.5% Ramsey,risk_aversion,combined,0,640.6052270738484,0.6682837464097829
5642,euler_ramsey,0.5,1.5% Ramsey,risk_aversion,combined,0,1611.3970681437493,0.39993943018382927
5642,euler_ramsey,0.5,2.0% Ramsey,risk_aversion,combined,0,887.5165321990098,0.3093431777457818
5642,euler_ramsey,0.5,2.5% Ramsey,risk_aversion,combined,0,495.31737528947446,0.25076081098615954
5643,euler_ramsey,0.5,1.5% Ramsey,risk_aversion,combined,0,141.87848253525235,1.1962769104929294
5643,euler_ramsey,0.5,2.0% Ramsey,risk_aversion,combined,0,99.48413572944284,1.185388693188233
5643,euler_ramsey,0.5,2.5% Ramsey,risk_aversion,combined,0,76.58714047171291,1.163984451787684
5644,euler_ramsey,0.5,1.5% Ramsey,risk_aversion,combined,0,-488.8410903743468,0.525553605995346
5644,euler_ramsey,0.5,2.0% Ramsey,risk_aversion,combined,0,-397.2947086642443,0.43234689444592456
5644,euler_ramsey,0.5,2.5% Ramsey,risk_aversion,combined,0,-288.0660753995358,0.3675855209341248
5645,euler_ramsey,0.5,1.5% Ramsey,risk_aversion,combined,0,1201.5483732570342,1.4183028322819207
5645,euler_ramsey,0.5,2.0% Ramsey,risk_aversion,combined,0,679.780422192644,1.4612885462809728
5645,euler_ramsey,0.5,2.5% Ramsey,risk_aversion,combined,0,422.5455078797342,1.479120103173988
5646,euler_ramsey,0.5,1.5% Ramsey,risk_aversion,combined,0,131.09081440452997,1.9783959839558358
5646,euler_ramsey,0.5,2.0% Ramsey,risk_aversion,combined,0,112.11083129641497,2.194554111782382
5646,euler_ramsey,0.5,2.5% Ramsey,risk_aversion,combined,0,86.75736217337025,2.3515820854917826
5647,euler_ramsey,0.5,1.5% Ramsey,risk_aversion,combined,0,505.84381646789524,2.235951909160055
5647,euler_ramsey,0.5,2.0% Ramsey,risk_aversion,combined,0,343.26904313088147,2.550067743974281
5647,euler_ramsey,0.5,2.5% Ramsey,risk_aversion,combined,0,221.0607264723286,2.7917359073916996
5648,euler_ramsey,0.5,1.5% Ramsey,risk_aversion,combined,0,1515.1243767892524,0.6261290919054571
5648,euler_ramsey,0.5,2.0% Ramsey,risk_aversion,combined,0,1148.3192106630834,0.5362845543717741
5648,euler_ramsey,0.5,2.5% Ramsey,risk_aversion,combined,0,790.8121602660126,0.47044861966804613
5649,euler_ramsey,0.5,1.5% Ramsey,risk_aversion,combined,0,616.0736393323964,0.877951341002666
5649,euler_ramsey,0.5,2.0% Ramsey,risk_aversion,combined,0,456.74189301357586,0.811826258385369
5649,euler_ramsey,0.5,2.5% Ramsey,risk_aversion,combined,0,329.12560357916766,0.7557434453713602
5650,euler_ramsey,0.5,1.5% Ramsey,risk_aversion,combined,0,-2174.596392070687,0.14318437763198869
5650,euler_ramsey,0.5,2.0% Ramsey,risk_aversion,combined,0,-1797.866778163041,0.08795988685636431
5650,euler_ramsey,0.5,2.5% Ramsey,risk_aversion,combined,0,-1320.372711997349,0.05966544813676296
5651,euler_ramsey,0.5,1.5% Ramsey,risk_aversion,combined,0,182.3608811436409,1.036264807263372
5651,euler_ramsey,0.5,2.0% Ramsey,risk_aversion,combined,0,135.30070774075645,0.9934559966516895
5651,euler_ramsey,0.5,2.5% Ramsey,risk_aversion,combined,0,95.3545283134687,0.950836511531144
5652,euler_ramsey,0.5,1.5% Ramsey,risk_aversion,combined,0,696.0806493372163,0.7722663712993637
5652,euler_ramsey,0.5,2.0% Ramsey,risk_aversion,combined,0,644.5580256124946,0.6928874762570412
5652,euler_ramsey,0.5,2.5% Ramsey,risk_aversion,combined,0,536.7412999565125,0.6300300749515566
5653,euler_ramsey,0.5,1.5% Ramsey,risk_aversion,combined,0,582.9968249058663,1.7507860782428128
5653,euler_ramsey,0.5,2.0% Ramsey,risk_aversion,combined,0,271.4994568414561,1.8899954855574548
5653,euler_ramsey,0.5,2.5% Ramsey,risk_aversion,combined,0,146.95846422126337,1.983073819871591
5654,euler_ramsey,0.5,1.5% Ramsey,risk_aversion,combined,0,600.5639839026915,0.9042787683186699
5654,euler_ramsey,0.5,2.0% Ramsey,risk_aversion,combined,0,505.78171648925303,0.8414227708489566
5654,euler_ramsey,0.5,2.5% Ramsey,risk_aversion,combined,0,385.7054624355726,0.7869862657128974
5655,euler_ramsey,0.5,1.5% Ramsey,risk_aversion,combined,0,121.10863260114219,1.339763557962578
5655,euler_ramsey,0.5,2.0% Ramsey,risk_aversion,combined,0,87.4603029953895,1.3618062708848193
5655,euler_ramsey,0.5,2.5% Ramsey,risk_aversion,combined,0,68.99280942487547,1.3638330486402184
5656,euler_ramsey,0.5,1.5% Ramsey,risk_aversion,combined,0,-1150.4324746846787,0.1358394596325064
5656,euler_ramsey,0.5,2.0% Ramsey,risk_aversion,combined,0,-475.6068745999671,0.08241552160688313
5656,euler_ramsey,0.5,2.5% Ramsey,risk_aversion,combined,0,-221.6774102695714,0.055367077908991424
5657,euler_ramsey,0.5,1.5% Ramsey,risk_aversion,combined,0,706.8727620040067,0.4734142606889543
5657,euler_ramsey,0.5,2.0% Ramsey,risk_aversion,combined,0,476.0064257732067,0.38032669230768246
5657,euler_ramsey,0.5,2.5% Ramsey,risk_aversion,combined,0,322.6531641901975,0.3174785038851499
5658,euler_ramsey,0.5,1.5% Ramsey,risk_aversion,combined,0,270.0210630755618,1.6157884755254524
5658,euler_ramsey,0.5,2.0% Ramsey,risk_aversion,combined,0,170.53083824304426,1.7130503787508045
5658,euler_ramsey,0.5,2.5% Ramsey,risk_aversion,combined,0,115.58543658118279,1.7724784477231705
5659,euler_ramsey,0.5,1.5% Ramsey,risk_aversion,combined,0,423.33505571994857,0.66745749009747
5659,euler_ramsey,0.5,2.0% Ramsey,risk_aversion,combined,0,416.76140767200303,0.5799000515196099
5659,euler_ramsey,0.5,2.5% Ramsey,risk_aversion,combined,0,351.35566444235843,0.5143454530206493
5660,euler_ramsey,0.5,1.5% Ramsey,risk_aversion,combined,0,68.15785725681698,2.7099427051179803
5660,euler_ramsey,0.5,2.0% Ramsey,risk_aversion,combined,0,55.253411141980855,3.2271672353841936
5660,euler_ramsey,0.5,2.5% Ramsey,risk_aversion,combined,0,44.28929811945835,3.6531030514322107
5661,euler_ramsey,0.5,1.5% Ramsey,risk_aversion,combined,0,448.85117457524757,1.5059129051128552
5661,euler_ramsey,0.5,2.0% Ramsey,risk_aversion,combined,0,309.82168870659626,1.5716590960389374
5661,euler_ramsey,0.5,2.5% Ramsey,risk_aversion,combined,0,219.61028996630154,1.6065692183150848
5662,euler_ramsey,0.5,1.5% Ramsey,risk_aversion,combined,0,330.5582675786041,0.6965761135332248
5662,euler_ramsey,0.5,2.0% Ramsey,risk_aversion,combined,0,285.78299416687787,0.6114467620087856
5662,euler_ramsey,0.5,2.5% Ramsey,risk_aversion,combined,0,224.04568477688213,0.5467304835504272
5663,euler_ramsey,0.5,1.5% Ramsey,risk_aversion,combined,0,49.90418381795035,0.9398586851754092
5663,euler_ramsey,0.5,2.0% Ramsey,risk_aversion,combined,0,29.941733486811035,0.8813669177963395
5663,euler_ramsey,0.5,2.5% Ramsey,risk_aversion,combined,0,19.25468132676806,0.8292774774020165
5664,euler_ramsey,0.5,1.5% Ramsey,risk_aversion,combined,0,384.7549719250417,0.9231504140642093
5664,euler_ramsey,0.5,2.0% Ramsey,risk_aversion,combined,0,311.1115645896999,0.8633519668602513
5664,euler_ramsey,0.5,2.5% Ramsey,risk_aversion,combined,0,233.6629722385024,0.8107410700787451
5665,euler_ramsey,0.5,1.5% Ramsey,risk_aversion,combined,0,1191.8109686264374,1.0351523825399906
5665,euler_ramsey,0.5,2.0% Ramsey,risk_aversion,combined,0,1016.9451870843014,0.993845844477182
5665,euler_ramsey,0.5,2.5% Ramsey,risk_aversion,combined,0,785.0611856877357,0.9526069104073268
5666,euler_ramsey,0.5,1.5% Ramsey,risk_aversion,combined,0,640.6235981393695,1.205098058084648
5666,euler_ramsey,0.5,2.0% Ramsey,risk_aversion,combined,0,459.1142571492451,1.1959951651476621
5666,euler_ramsey,0.5,2.5% Ramsey,risk_aversion,combined,0,327.70340268563905,1.1758719475377153
5667,euler_ramsey,0.5,1.5% Ramsey,risk_aversion,combined,0,1830.7337521631164,0.4077027773421954
5667,euler_ramsey,0.5,2.0% Ramsey,risk_aversion,combined,0,1282.7528240566744,0.317064765013452
5667,euler_ramsey,0.5,2.5% Ramsey,risk_aversion,combined,0,918.8331682150446,0.25813037487787316
5668,euler_ramsey,0.5,1.5% Ramsey,risk_aversion,combined,0,2346.713030681432,0.38155116628272945
5668,euler_ramsey,0.5,2.0% Ramsey,risk_aversion,combined,0,2114.864585519285,0.29227478549551855
5668,euler_ramsey,0.5,2.5% Ramsey,risk_aversion,combined,0,1650.3106896540028,0.23517645740215543
5669,euler_ramsey,0.5,1.5% Ramsey,risk_aversion,combined,0,2963.7023146262936,0.5947243112490772
5669,euler_ramsey,0.5,2.0% Ramsey,risk_aversion,combined,0,2120.2447505591467,0.5037995519730375
5669,euler_ramsey,0.5,2.5% Ramsey,risk_aversion,combined,0,1357.740080631586,0.4382272601317084
5670,euler_ramsey,0.5,1.5% Ramsey,risk_aversion,combined,0,1019.6615978416936,1.152285496366685
5670,euler_ramsey,0.5,2.0% Ramsey,risk_aversion,combined,0,722.3976033703084,1.131428280918327
5670,euler_ramsey,0.5,2.5% Ramsey,risk_aversion,combined,0,499.55221189518585,1.1031522788920467
5671,euler_ramsey,0.5,1.5% Ramsey,risk_aversion,combined,0,120.9354859089884,1.4475628976661337
5671,euler_ramsey,0.5,2.0% Ramsey,risk_aversion,combined,0,87.41697528396469,1.496981772622009
5671,euler_ramsey,0.5,2.5% Ramsey,risk_aversion,combined,0,61.251409395817795,1.5193431872124492
5672,euler_ramsey,0.5,1.5% Ramsey,risk_aversion,combined,0,624.7379557910676,0.4390137153104365
5672,euler_ramsey,0.5,2.0% Ramsey,risk_aversion,combined,0,479.463322070521,0.3467486486196207
5672,euler_ramsey,0.5,2.5% Ramsey,risk_aversion,combined,0,338.1143851772112,0.2856689965630893
5673,euler_ramsey,0.5,1.5% Ramsey,risk_aversion,combined,0,474.9931670431079,1.3812338907980677
5673,euler_ramsey,0.5,2.0% Ramsey,risk_aversion,combined,0,375.4906302006742,1.4140541596526677
5673,euler_ramsey,0.5,2.5% Ramsey,risk_aversion,combined,0,284.8048804838137,1.4241802273533983
5674,euler_ramsey,0.5,1.5% Ramsey,risk_aversion,combined,0,-14.280639323281205,1.1015866410120831
5674,euler_ramsey,0.5,2.0% Ramsey,risk_aversion,combined,0,9.937015069455509,1.0706879650877825
5674,euler_ramsey,0.5,2.5% Ramsey,risk_aversion,combined,0,32.81541129661989,1.035712396855284
5675,euler_ramsey,0.5,1.5% Ramsey,risk_aversion,combined,0,334.0536875161992,1.9461725122757731
5675,euler_ramsey,0.5,2.0% Ramsey,risk_aversion,combined,0,259.3047921237599,2.1515268525912674
5675,euler_ramsey,0.5,2.5% Ramsey,risk_aversion,combined,0,190.8142956669146,2.2994106749285543
5676,euler_ramsey,0.5,1.5% Ramsey,risk_aversion,combined,0,86.33626541804347,0.9235065779158143
5676,euler_ramsey,0.5,2.0% Ramsey,risk_aversion,combined,0,76.02251663758453,0.8629113524982647
5676,euler_ramsey,0.5,2.5% Ramsey,risk_aversion,combined,0,64.70042255812402,0.8096838301083086
5677,euler_ramsey,0.5,1.5% Ramsey,risk_aversion,combined,0,763.3726922577522,0.9427010004563102
5677,euler_ramsey,0.5,2.0% Ramsey,risk_aversion,combined,0,767.9748880309437,0.8848119277394894
5677,euler_ramsey,0.5,2.5% Ramsey,risk_aversion,combined,0,636.0807163912845,0.8331021894508865
5678,euler_ramsey,0.5,1.5% Ramsey,risk_aversion,combined,0,1323.4318181571255,0.3882592891499317
5678,euler_ramsey,0.5,2.0% Ramsey,risk_aversion,combined,0,595.3888353002551,0.2983306010325504
5678,euler_ramsey,0.5,2.5% Ramsey,risk_aversion,combined,0,313.8756459628406,0.2406023177429295
5679,euler_ramsey,0.5,1.5% Ramsey,risk_aversion,combined,0,283.08826774218096,1.4450640711386455
5679,euler_ramsey,0.5,2.0% Ramsey,risk_aversion,combined,0,193.20186909229213,1.493993370907467
5679,euler_ramsey,0.5,2.5% Ramsey,risk_aversion,combined,0,139.87410351987435,1.5160104412853017
5680,euler_ramsey,0.5,1.5% Ramsey,risk_aversion,combined,0,1548.2971995750465,0.9464625337539458
5680,euler_ramsey,0.5,2.0% Ramsey,risk_aversion,combined,0,1042.0786075193723,0.8904350344239337
5680,euler_ramsey,0.5,2.5% Ramsey,risk_aversion,combined,0,662.5960097875096,0.8400705611389052
5681,euler_ramsey,0.5,1.5% Ramsey,risk_aversion,combined,0,1357.002403831486,0.48194377706627506
5681,euler_ramsey,0.5,2.0% Ramsey,risk_aversion,combined,0,1140.7315681761584,0.3894608599691594
5681,euler_ramsey,0.5,2.5% Ramsey,risk_aversion,combined,0,862.2333855658237,0.3266588185028496
5682,euler_ramsey,0.5,1.5% Ramsey,risk_aversion,combined,0,1311.4588265780228,0.6477189274847505
5682,euler_ramsey,0.5,2.0% Ramsey,risk_aversion,combined,0,839.7029318489638,0.5587539394119602
5682,euler_ramsey,0.5,2.5% Ramsey,risk_aversion,combined,0,533.6454110628639,0.49288782870296105
5683,euler_ramsey,0.5,1.5% Ramsey,risk_aversion,combined,0,953.5581796542091,0.7006827819237854
5683,euler_ramsey,0.5,2.0% Ramsey,risk_aversion,combined,0,817.3457799966535,0.6148437952911536
5683,euler_ramsey,0.5,2.5% Ramsey,risk_aversion,combined,0,610.0378812019071,0.5495065480401413
5684,euler_ramsey,0.5,1.5% Ramsey,risk_aversion,combined,0,-403.0874644307204,0.3152352566830964
5684,euler_ramsey,0.5,2.0% Ramsey,risk_aversion,combined,0,-30.99715832311257,0.23141229359254767
5684,euler_ramsey,0.5,2.5% Ramsey,risk_aversion,combined,0,122.46994347945503,0.18017864646560264
5685,euler_ramsey,0.5,1.5% Ramsey,risk_aversion,combined,0,-124.51550282161546,1.0931488269961984
5685,euler_ramsey,0.5,2.0% Ramsey,risk_aversion,combined,0,-90.56546749513815,1.060895850954542
5685,euler_ramsey,0.5,2.5% Ramsey,risk_aversion,combined,0,-62.3716026639174,1.0250846834816896
5686,euler_ramsey,0.5,1.5% Ramsey,risk_aversion,combined,0,588.6668332816854,1.3717935728201813
5686,euler_ramsey,0.5,2.0% Ramsey,risk_aversion,combined,0,462.75410499647404,1.4016524449441805
5686,euler_ramsey,0.5,2.5% Ramsey,risk_aversion,combined,0,334.5891027728368,1.4094373839618959
5687,euler_ramsey,0.5,1.5% Ramsey,risk_aversion,combined,0,1528.4015597717644,0.7483596908407602
5687,euler_ramsey,0.5,2.0% Ramsey,risk_aversion,combined,0,1386.7881586248736,0.6670111361680202
5687,euler_ramsey,0.5,2.5% Ramsey,risk_aversion,combined,0,1063.3134753179347,0.6034149084171231
5688,euler_ramsey,0.5,1.5% Ramsey,risk_aversion,combined,0,479.7076150199423,1.0647969603409742
5688,euler_ramsey,0.5,2.0% Ramsey,risk_aversion,combined,0,367.77031720915045,1.0271343983192542
5688,euler_ramsey,0.5,2.5% Ramsey,risk_aversion,combined,0,257.2754473392983,0.9878556669734002
5689,euler_ramsey,0.5,1.5% Ramsey,risk_aversion,combined,0,6829.072489249223,0.2902851118604205
5689,euler_ramsey,0.5,2.0% Ramsey,risk_aversion,combined,0,3669.414691726667,0.20949008869309527
5689,euler_ramsey,0.5,2.5% Ramsey,risk_aversion,combined,0,2097.256806628944,0.16099451942059864
5690,euler_ramsey,0.5,1.5% Ramsey,risk_aversion,combined,0,1253.8136880428303,0.9311183985154079
5690,euler_ramsey,0.5,2.0% Ramsey,risk_aversion,combined,0,1151.299238582222,0.8734581691365081
5690,euler_ramsey,0.5,2.5% Ramsey,risk_aversion,combined,0,922.7422331501242,0.822351849560164
5691,euler_ramsey,0.5,1.5% Ramsey,risk_aversion,combined,0,751.6993940374027,1.2839753679288177
5691,euler_ramsey,0.5,2.0% Ramsey,risk_aversion,combined,0,551.2790443088579,1.2929376762736216
5691,euler_ramsey,0.5,2.5% Ramsey,risk_aversion,combined,0,376.53106799023226,1.285629445160303
5692,euler_ramsey,0.5,1.5% Ramsey,risk_aversion,combined,0,-575.4290577947583,0.646545205151002
5692,euler_ramsey,0.5,2.0% Ramsey,risk_aversion,combined,0,-472.403059258223,0.5577512723854487
5692,euler_ramsey,0.5,2.5% Ramsey,risk_aversion,combined,0,-363.3225268220115,0.49197880646828107
5693,euler_ramsey,0.5,1.5% Ramsey,risk_aversion,combined,0,1727.206319314314,0.649380436344245
5693,euler_ramsey,0.5,2.0% Ramsey,risk_aversion,combined,0,1222.324850601392,0.5608420374888835
5693,euler_ramsey,0.5,2.5% Ramsey,risk_aversion,combined,0,795.4001808502551,0.495171080429225
5694,euler_ramsey,0.5,1.5% Ramsey,risk_aversion,combined,0,15.225690226191254,0.737739585951809
5694,euler_ramsey,0.5,2.0% Ramsey,risk_aversion,combined,0,17.35666661812526,0.655740845687038
5694,euler_ramsey,0.5,2.5% Ramsey,risk_aversion,combined,0,17.663000984141238,0.5919754684029287
5695,euler_ramsey,0.5,1.5% Ramsey,risk_aversion,combined,0,1438.9790477244608,0.9865473912612231
5695,euler_ramsey,0.5,2.0% Ramsey,risk_aversion,combined,0,1166.9571995213844,0.9381572539135563
5695,euler_ramsey,0.5,2.5% Ramsey,risk_aversion,combined,0,866.5890594852835,0.8926240203680811
5696,euler_ramsey,0.5,1.5% Ramsey,risk_aversion,combined,0,82.84163286211279,1.6893224807813823
5696,euler_ramsey,0.5,2.0% Ramsey,risk_aversion,combined,0,89.15616292272857,1.8067666948352141
5696,euler_ramsey,0.5,2.5% Ramsey,risk_aversion,combined,0,83.96458255993211,1.8818469380986094
5697,euler_ramsey,0.5,1.5% Ramsey,risk_aversion,combined,0,96.69346061209366,1.7998460847410716
5697,euler_ramsey,0.5,2.0% Ramsey,risk_aversion,combined,0,76.55911520432383,1.9548354854852021
5697,euler_ramsey,0.5,2.5% Ramsey,risk_aversion,combined,0,59.7661159502274,2.060677676629755
5698,euler_ramsey,0.5,1.5% Ramsey,risk_aversion,combined,0,6060.823606725761,0.3365770504952006
5698,euler_ramsey,0.5,2.0% Ramsey,risk_aversion,combined,0,3644.7968779257253,0.25118475604208856
5698,euler_ramsey,0.5,2.5% Ramsey,risk_aversion,combined,0,2097.077466463876,0.19811553973244134
5699,euler_ramsey,0.5,1.5% Ramsey,risk_aversion,combined,0,-257.5422469313947,0.7461363891654351
5699,euler_ramsey,0.5,2.0% Ramsey,risk_aversion,combined,0,-136.34802581861,0.6642506351587466
5699,euler_ramsey,0.5,2.5% Ramsey,risk_aversion,combined,0,-70.79526788350354,0.6003367603224032
5700,euler_ramsey,0.5,1.5% Ramsey,risk_aversion,combined,0,468.3645742255807,1.2237325589754193
5700,euler_ramsey,0.5,2.0% Ramsey,risk_aversion,combined,0,333.7506221384726,1.2184455835863364
5700,euler_ramsey,0.5,2.5% Ramsey,risk_aversion,combined,0,233.60633445938637,1.2009139052620867
5701,euler_ramsey,0.5,1.5% Ramsey,risk_aversion,combined,0,-615.1128733981109,0.5927529174970405
5701,euler_ramsey,0.5,2.0% Ramsey,risk_aversion,combined,0,-506.1387344234169,0.5011936766580413
5701,euler_ramsey,0.5,2.5% Ramsey,risk_aversion,combined,0,-389.4838885995906,0.43527007389800837
5702,euler_ramsey,0.5,1.5% Ramsey,risk_aversion,combined,0,968.1949991764025,0.5794595761328617
5702,euler_ramsey,0.5,2.0% Ramsey,risk_aversion,combined,0,753.5007162209962,0.48722745936657325
5702,euler_ramsey,0.5,2.5% Ramsey,risk_aversion,combined,0,544.3688593932029,0.4213134968258285
5703,euler_ramsey,0.5,1.5% Ramsey,risk_aversion,combined,0,189.68907842239216,2.193500229023326
5703,euler_ramsey,0.5,2.0% Ramsey,risk_aversion,combined,0,148.4448327518021,2.490825599669607
5703,euler_ramsey,0.5,2.5% Ramsey,risk_aversion,combined,0,109.83222222638612,2.7176815695009977
5704,euler_ramsey,0.5,1.5% Ramsey,risk_aversion,combined,0,123.92256266129503,0.9451215983284478
5704,euler_ramsey,0.5,2.0% Ramsey,risk_aversion,combined,0,103.2814709287476,0.8879478884516223
5704,euler_ramsey,0.5,2.5% Ramsey,risk_aversion,combined,0,85.44142724875897,0.8367534238384873
5705,euler_ramsey,0.5,1.5% Ramsey,risk_aversion,combined,0,26.112016947846275,0.46354765949933024
5705,euler_ramsey,0.5,2.0% Ramsey,risk_aversion,combined,0,12.633559943017952,0.3706283317079573
5705,euler_ramsey,0.5,2.5% Ramsey,risk_aversion,combined,0,7.783683577182067,0.3082410024054256
5706,euler_ramsey,0.5,1.5% Ramsey,risk_aversion,combined,0,159.34293700894196,2.047626257863971
5706,euler_ramsey,0.5,2.0% Ramsey,risk_aversion,combined,0,110.3036477090293,2.289566112633895
5706,euler_ramsey,0.5,2.5% Ramsey,risk_aversion,combined,0,79.10250179216631,2.4685405426529763
5707,euler_ramsey,0.5,1.5% Ramsey,risk_aversion,combined,0,481.1637164531854,1.565294673419455
5707,euler_ramsey,0.5,2.0% Ramsey,risk_aversion,combined,0,348.0381309184013,1.6479451057576588
5707,euler_ramsey,0.5,2.5% Ramsey,risk_aversion,combined,0,261.4384124301199,1.6959599237055267
5708,euler_ramsey,0.5,1.5% Ramsey,risk_aversion,combined,0,432.3749845372209,0.7293690205440743
5708,euler_ramsey,0.5,2.0% Ramsey,risk_aversion,combined,0,380.40819608724536,0.6460697184768937
5708,euler_ramsey,0.5,2.5% Ramsey,risk_aversion,combined,0,305.73062843591146,0.5816717954824382
5709,euler_ramsey,0.5,1.5% Ramsey,risk_aversion,combined,0,3065.4128687366933,0.8256171039235373
5709,euler_ramsey,0.5,2.0% Ramsey,risk_aversion,combined,0,2411.191083083814,0.7541313812993508
5709,euler_ramsey,0.5,2.5% Ramsey,risk_aversion,combined,0,1709.012165725565,0.695523724624062
5710,euler_ramsey,0.5,1.5% Ramsey,risk_aversion,combined,0,607.0255678951867,0.6992829818764884
5710,euler_ramsey,0.5,2.0% Ramsey,risk_aversion,combined,0,405.49975485641613,0.613639873394591
5710,euler_ramsey,0.5,2.5% Ramsey,risk_aversion,combined,0,270.86529924672703,0.5484902936734483
5711,euler_ramsey,0.5,1.5% Ramsey,risk_aversion,combined,0,915.3493939777356,1.0848235785317921
5711,euler_ramsey,0.5,2.0% Ramsey,risk_aversion,combined,0,738.2995086620317,1.0516617722887964
5711,euler_ramsey,0.5,2.5% Ramsey,risk_aversion,combined,0,535.0026901353738,1.015430242873994
5712,euler_ramsey,0.5,1.5% Ramsey,risk_aversion,combined,0,734.5076219455524,1.276613408444578
5712,euler_ramsey,0.5,2.0% Ramsey,risk_aversion,combined,0,508.6984879669961,1.2839819235463912
5712,euler_ramsey,0.5,2.5% Ramsey,risk_aversion,combined,0,357.49482938506304,1.2754706318271727
5713,euler_ramsey,0.5,1.5% Ramsey,risk_aversion,combined,0,-51.853676060582636,0.193408470838992
5713,euler_ramsey,0.5,2.0% Ramsey,risk_aversion,combined,0,-17.673576362124557,0.12704638357601117
5713,euler_ramsey,0.5,2.5% Ramsey,risk_aversion,combined,0,1.8389880858571783,0.09075979582858594
5714,euler_ramsey,0.5,1.5% Ramsey,risk_aversion,combined,0,684.9694968180727,0.8448852602618852
5714,euler_ramsey,0.5,2.0% Ramsey,risk_aversion,combined,0,526.3303328257389,0.7739551669425452
5714,euler_ramsey,0.5,2.5% Ramsey,risk_aversion,combined,0,378.41501793601384,0.7151486841504976
5715,euler_ramsey,0.5,1.5% Ramsey,risk_aversion,combined,0,466.35137696318344,1.181290536380531
5715,euler_ramsey,0.5,2.0% Ramsey,risk_aversion,combined,0,427.6495136478728,1.167059961485496
5715,euler_ramsey,0.5,2.5% Ramsey,risk_aversion,combined,0,341.3483627073661,1.1434667775608103
5716,euler_ramsey,0.5,1.5% Ramsey,risk_aversion,combined,0,1531.4685394722417,0.5206405235094854
5716,euler_ramsey,0.5,2.0% Ramsey,risk_aversion,combined,0,816.9820682160331,0.4274785221193473
5716,euler_ramsey,0.5,2.5% Ramsey,risk_aversion,combined,0,456.3431726057391,0.36291526055984047
5717,euler_ramsey,0.5,1.5% Ramsey,risk_aversion,combined,0,1379.039907554211,0.7237477798554537
5717,euler_ramsey,0.5,2.0% Ramsey,risk_aversion,combined,0,1060.2911845359065,0.6405946501070368
5717,euler_ramsey,0.5,2.5% Ramsey,risk_aversion,combined,0,735.7871954227153,0.5764355176265002
5718,euler_ramsey,0.5,1.5% Ramsey,risk_aversion,combined,0,2968.1890857638855,0.6177412656785484
5718,euler_ramsey,0.5,2.0% Ramsey,risk_aversion,combined,0,2338.2807675274867,0.528242032667958
5718,euler_ramsey,0.5,2.5% Ramsey,risk_aversion,combined,0,1759.7753494329668,0.462881881210539
5719,euler_ramsey,0.5,1.5% Ramsey,risk_aversion,combined,0,-443.44036563336584,0.5264357014930204
5719,euler_ramsey,0.5,2.0% Ramsey,risk_aversion,combined,0,-354.77594567611237,0.4331893577878509
5719,euler_ramsey,0.5,2.5% Ramsey,risk_aversion,combined,0,-253.39252218504694,0.3683757683119718
5720,euler_ramsey,0.5,1.5% Ramsey,risk_aversion,combined,0,506.99870189055287,0.9907995677060341
5720,euler_ramsey,0.5,2.0% Ramsey,risk_aversion,combined,0,308.93533553475635,0.9417114085034844
5720,euler_ramsey,0.5,2.5% Ramsey,risk_aversion,combined,0,199.23093560856506,0.8954154464047472
5721,euler_ramsey,0.5,1.5% Ramsey,risk_aversion,combined,0,278.1019373806489,1.3014277937498215
5721,euler_ramsey,0.5,2.0% Ramsey,risk_aversion,combined,0,276.2678474098345,1.3142897777078861
5721,euler_ramsey,0.5,2.5% Ramsey,risk_aversion,combined,0,238.03142833272761,1.3097381536982844
5722,euler_ramsey,0.5,1.5% Ramsey,risk_aversion,combined,0,711.7335616037205,1.3315394758427972
5722,euler_ramsey,0.5,2.0% Ramsey,risk_aversion,combined,0,499.49689458603336,1.3531438900006378
5722,euler_ramsey,0.5,2.5% Ramsey,risk_aversion,combined,0,347.4005297495691,1.3551153577241188
5723,euler_ramsey,0.5,1.5% Ramsey,risk_aversion,combined,0,2092.814662564459,1.4754015989735914
5723,euler_ramsey,0.5,2.0% Ramsey,risk_aversion,combined,0,1401.8086520317406,1.5335812508432194
5723,euler_ramsey,0.5,2.5% Ramsey,risk_aversion,combined,0,905.9873653947897,1.5628409305809834
5724,euler_ramsey,0.5,1.5% Ramsey,risk_aversion,combined,0,228.61852940966966,1.7962056889745746
5724,euler_ramsey,0.5,2.0% Ramsey,risk_aversion,combined,0,167.92203964704794,1.9500821304750582
5724,euler_ramsey,0.5,2.5% Ramsey,risk_aversion,combined,0,121.26656502063605,2.055080644793478
5725,euler_ramsey,0.5,1.5% Ramsey,risk_aversion,combined,0,693.080098744192,2.1709006150669734
5725,euler_ramsey,0.5,2.0% Ramsey,risk_aversion,combined,0,549.2595022747097,2.460757870633689
5725,euler_ramsey,0.5,2.5% Ramsey,risk_aversion,combined,0,406.6610956876946,2.6814739992655077
5726,euler_ramsey,0.5,1.5% Ramsey,risk_aversion,combined,0,4247.089490418594,0.8566961859630409
5726,euler_ramsey,0.5,2.0% Ramsey,risk_aversion,combined,0,3327.9826424714356,0.7894519899717845
5726,euler_ramsey,0.5,2.5% Ramsey,risk_aversion,combined,0,2327.6993190579255,0.7331383664415072
5727,euler_ramsey,0.5,1.5% Ramsey,risk_aversion,combined,0,2797.3282988582637,0.2678951193896756
5727,euler_ramsey,0.5,2.0% Ramsey,risk_aversion,combined,0,1731.8478095388293,0.18961234270646588
5727,euler_ramsey,0.5,2.5% Ramsey,risk_aversion,combined,0,1177.038395264531,0.14352598387461826
5728,euler_ramsey,0.5,1.5% Ramsey,risk_aversion,combined,0,5.892166240165659,1.058146976806923
5728,euler_ramsey,0.5,2.0% Ramsey,risk_aversion,combined,0,-3.332418210887066,1.0193421221975485
5728,euler_ramsey,0.5,2.5% Ramsey,risk_aversion,combined,0,-4.519234350317102,0.9792594428838872
5729,euler_ramsey,0.5,1.5% Ramsey,risk_aversion,combined,0,695.2539412636482,0.6710262277254881
5729,euler_ramsey,0.5,2.0% Ramsey,risk_aversion,combined,0,473.5994140272327,0.5838857314755068
5729,euler_ramsey,0.5,2.5% Ramsey,risk_aversion,combined,0,320.65421374214213,0.5185030567025846
5730,euler_ramsey,0.5,1.5% Ramsey,risk_aversion,combined,0,156.75963463312678,1.7352812594226452
5730,euler_ramsey,0.5,2.0% Ramsey,risk_aversion,combined,0,118.57949299178705,1.8694283711433475
5730,euler_ramsey,0.5,2.5% Ramsey,risk_aversion,combined,0,86.40534854245918,1.9583663680470698
5731,euler_ramsey,0.5,1.5% Ramsey,risk_aversion,combined,0,2626.91170178643,1.1998248239728924
5731,euler_ramsey,0.5,2.0% Ramsey,risk_aversion,combined,0,2441.610674016832,1.1952310291166974
5731,euler_ramsey,0.5,2.5% Ramsey,risk_aversion,combined,0,1942.7379119770753,1.1791889340839334
5732,euler_ramsey,0.5,1.5% Ramsey,risk_aversion,combined,0,593.6537024923392,0.704239593353509
5732,euler_ramsey,0.5,2.0% Ramsey,risk_aversion,combined,0,522.3712676456798,0.6189180108169955
5732,euler_ramsey,0.5,2.5% Ramsey,risk_aversion,combined,0,418.59313517793737,0.553845421033717
5733,euler_ramsey,0.5,1.5% Ramsey,risk_aversion,combined,0,3553.7038978455294,1.0248258211138042
5733,euler_ramsey,0.5,2.0% Ramsey,risk_aversion,combined,0,3152.48314591373,0.9829686333446533
5733,euler_ramsey,0.5,2.5% Ramsey,risk_aversion,combined,0,2376.7782697752136,0.9415806421017359
5734,euler_ramsey,0.5,1.5% Ramsey,risk_aversion,combined,0,-2007.4706422029878,0.5281891484420318
5734,euler_ramsey,0.5,2.0% Ramsey,risk_aversion,combined,0,-1153.4006500957653,0.4349493199480547
5734,euler_ramsey,0.5,2.5% Ramsey,risk_aversion,combined,0,-657.8756833964363,0.3700806772401791
5735,euler_ramsey,0.5,1.5% Ramsey,risk_aversion,combined,0,896.6371372104921,0.671611316339563
5735,euler_ramsey,0.5,2.0% Ramsey,risk_aversion,combined,0,647.5570571021756,0.5840541119940061
5735,euler_ramsey,0.5,2.5% Ramsey,risk_aversion,combined,0,456.87585748618295,0.5183958472138555
5736,euler_ramsey,0.5,1.5% Ramsey,risk_aversion,combined,0,319.6570315401865,0.9457676697015498
5736,euler_ramsey,0.5,2.0% Ramsey,risk_aversion,combined,0,180.5193486706367,0.8881598483011945
5736,euler_ramsey,0.5,2.5% Ramsey,risk_aversion,combined,0,116.89740834821865,0.8365904219625636
5737,euler_ramsey,0.5,1.5% Ramsey,risk_aversion,combined,0,512.3858949484392,0.6117729303507748
5737,euler_ramsey,0.5,2.0% Ramsey,risk_aversion,combined,0,347.7102865589904,0.5211310218532187
5737,euler_ramsey,0.5,2.5% Ramsey,risk_aversion,combined,0,243.39274426336894,0.45521775258304326
5738,euler_ramsey,0.5,1.5% Ramsey,risk_aversion,combined,0,439.4873149400507,1.2530801344775777
5738,euler_ramsey,0.5,2.0% Ramsey,risk_aversion,combined,0,327.5186232058056,1.255123191426086
5738,euler_ramsey,0.5,2.5% Ramsey,risk_aversion,combined,0,234.5940812826634,1.2429664553817694
5739,euler_ramsey,0.5,1.5% Ramsey,risk_aversion,combined,0,765.4141345177331,0.373592847309703
5739,euler_ramsey,0.5,2.0% Ramsey,risk_aversion,combined,0,468.63727774569816,0.28456171465049673
5739,euler_ramsey,0.5,2.5% Ramsey,risk_aversion,combined,0,276.7672360979797,0.2279478515284231
5740,euler_ramsey,0.5,1.5% Ramsey,risk_aversion,combined,0,352.2786968400774,0.49183519444209595
5740,euler_ramsey,0.5,2.0% Ramsey,risk_aversion,combined,0,310.41582672321306,0.39907290739631
5740,euler_ramsey,0.5,2.5% Ramsey,risk_aversion,combined,0,245.8826967487651,0.33574042533391407
5741,euler_ramsey,0.5,1.5% Ramsey,risk_aversion,combined,0,288.59839947308376,1.260908243016123
5741,euler_ramsey,0.5,2.0% Ramsey,risk_aversion,combined,0,203.00341280369946,1.2640032157039063
5741,euler_ramsey,0.5,2.5% Ramsey,risk_aversion,combined,0,143.7638592749695,1.2523699737999925
5742,euler_ramsey,0.5,1.5% Ramsey,risk_aversion,combined,0,1352.4157067651906,0.476549009926726
5742,euler_ramsey,0.5,2.0% Ramsey,risk_aversion,combined,0,735.4255034221766,0.3838194614716145
5742,euler_ramsey,0.5,2.5% Ramsey,risk_aversion,combined,0,443.4119438499265,0.32105496147397916
5743,euler_ramsey,0.5,1.5% Ramsey,risk_aversion,combined,0,270.47058458894344,1.5401650270569762
5743,euler_ramsey,0.5,2.0% Ramsey,risk_aversion,combined,0,198.24763917822747,1.6152000433168727
5743,euler_ramsey,0.5,2.5% Ramsey,risk_aversion,combined,0,141.98436932470105,1.657231365645905
5744,euler_ramsey,0.5,1.5% Ramsey,risk_aversion,combined,0,1750.2339167653574,0.7931313547199372
5744,euler_ramsey,0.5,2.0% Ramsey,risk_aversion,combined,0,1481.6880037411513,0.7166209721297556
5744,euler_ramsey,0.5,2.5% Ramsey,risk_aversion,combined,0,1094.932020150737,0.6552146145220432
5745,euler_ramsey,0.5,1.5% Ramsey,risk_aversion,combined,0,4.523584207596677,0.5239810794830471
5745,euler_ramsey,0.5,2.0% Ramsey,risk_aversion,combined,0,10.759209178531458,0.4306504413472052
5745,euler_ramsey,0.5,2.5% Ramsey,risk_aversion,combined,0,13.344751464250566,0.3658741374678265
5746,euler_ramsey,0.5,1.5% Ramsey,risk_aversion,combined,0,1261.2889831832056,0.7590427288690454
5746,euler_ramsey,0.5,2.0% Ramsey,risk_aversion,combined,0,1140.056676910981,0.6791064158423997
5746,euler_ramsey,0.5,2.5% Ramsey,risk_aversion,combined,0,898.0135264263838,0.6162044507750111
5747,euler_ramsey,0.5,1.5% Ramsey,risk_aversion,combined,0,1040.1508835228608,0.6174461075699756
5747,euler_ramsey,0.5,2.0% Ramsey,risk_aversion,combined,0,684.72965134969,0.5275366201407873
5747,euler_ramsey,0.5,2.5% Ramsey,risk_aversion,combined,0,445.7056300318432,0.46197697294365103
5748,euler_ramsey,0.5,1.5% Ramsey,risk_aversion,combined,0,847.489599662355,1.6730424037356704
5748,euler_ramsey,0.5,2.0% Ramsey,risk_aversion,combined,0,628.2034345353934,1.7886578741770012
5748,euler_ramsey,0.5,2.5% Ramsey,risk_aversion,combined,0,429.11732235784007,1.8628840446658013
5749,euler_ramsey,0.5,1.5% Ramsey,risk_aversion,combined,0,474.4934948137432,0.4416944493930105
5749,euler_ramsey,0.5,2.0% Ramsey,risk_aversion,combined,0,248.30457712842968,0.3493755333582437
5749,euler_ramsey,0.5,2.5% Ramsey,risk_aversion,combined,0,144.5607268487044,0.2881600175758162
5750,euler_ramsey,0.5,1.5% Ramsey,risk_aversion,combined,0,688.0363427492107,1.2428687285540176
5750,euler_ramsey,0.5,2.0% Ramsey,risk_aversion,combined,0,485.8205073925421,1.2425852215122521
5750,euler_ramsey,0.5,2.5% Ramsey,risk_aversion,combined,0,346.1634268849517,1.2287551258822014
5751,euler_ramsey,0.5,1.5% Ramsey,risk_aversion,combined,0,834.0265229105366,0.8816258239280265
5751,euler_ramsey,0.5,2.0% Ramsey,risk_aversion,combined,0,594.9867234946257,0.8147151361348088
5751,euler_ramsey,0.5,2.5% Ramsey,risk_aversion,combined,0,385.6491121684223,0.7579120751597936
5752,euler_ramsey,0.5,1.5% Ramsey,risk_aversion,combined,0,871.782300007781,1.5904250355190797
5752,euler_ramsey,0.5,2.0% Ramsey,risk_aversion,combined,0,613.4693446173582,1.681057682008895
5752,euler_ramsey,0.5,2.5% Ramsey,risk_aversion,combined,0,420.7215260673188,1.7354218777519719
5753,euler_ramsey,0.5,1.5% Ramsey,risk_aversion,combined,0,447.62851755240916,1.2634441050861198
5753,euler_ramsey,0.5,2.0% Ramsey,risk_aversion,combined,0,381.6433376480662,1.2670042577916572
5753,euler_ramsey,0.5,2.5% Ramsey,risk_aversion,combined,0,307.9659415051677,1.255781854019309
5754,euler_ramsey,0.5,1.5% Ramsey,risk_aversion,combined,0,5373.287168475923,0.6516819967184019
5754,euler_ramsey,0.5,2.0% Ramsey,risk_aversion,combined,0,4950.443599126068,0.5652470466359654
5754,euler_ramsey,0.5,2.5% Ramsey,risk_aversion,combined,0,3813.069612557486,0.5009092912441555
5755,euler_ramsey,0.5,1.5% Ramsey,risk_aversion,combined,0,1063.8512735905801,0.36503738386404655
5755,euler_ramsey,0.5,2.0% Ramsey,risk_aversion,combined,0,621.2708406861261,0.27668069640989496
5755,euler_ramsey,0.5,2.5% Ramsey,risk_aversion,combined,0,410.273798965536,0.22080062424930413
5756,euler_ramsey,0.5,1.5% Ramsey,risk_aversion,combined,0,-960.746727167714,0.3872975425664347
5756,euler_ramsey,0.5,2.0% Ramsey,risk_aversion,combined,0,-510.87942765677377,0.29752646992407444
5756,euler_ramsey,0.5,2.5% Ramsey,risk_aversion,combined,0,-312.297214964704,0.23991462188638804
5757,euler_ramsey,0.5,1.5% Ramsey,risk_aversion,combined,0,73.14003459121797,1.8233875909624313
5757,euler_ramsey,0.5,2.0% Ramsey,risk_aversion,combined,0,64.57682369990492,1.9859475678162362
5757,euler_ramsey,0.5,2.5% Ramsey,risk_aversion,combined,0,55.476846103391445,2.0979675256465034
5758,euler_ramsey,0.5,1.5% Ramsey,risk_aversion,combined,0,543.8828110869882,1.63037448823279
5758,euler_ramsey,0.5,2.0% Ramsey,risk_aversion,combined,0,422.1077736279379,1.7321156508223265
5758,euler_ramsey,0.5,2.5% Ramsey,risk_aversion,combined,0,306.80469287256517,1.795128392872175
5759,euler_ramsey,0.5,1.5% Ramsey,risk_aversion,combined,0,-176.19472247621098,0.8043185397183791
5759,euler_ramsey,0.5,2.0% Ramsey,risk_aversion,combined,0,-138.36575190867146,0.7288768883655834
5759,euler_ramsey,0.5,2.5% Ramsey,risk_aversion,combined,0,-95.85459821315068,0.6679544027831623
5760,euler_ramsey,0.5,1.5% Ramsey,risk_aversion,combined,0,397.27349511280744,2.9395939583263875
5760,euler_ramsey,0.5,2.0% Ramsey,risk_aversion,combined,0,304.3861190918968,3.5661040230778682
5760,euler_ramsey,0.5,2.5% Ramsey,risk_aversion,combined,0,230.46584066401167,4.095187505836546
5761,euler_ramsey,0.5,1.5% Ramsey,risk_aversion,combined,0,259.6401110231152,2.8233719488853786
5761,euler_ramsey,0.5,2.0% Ramsey,risk_aversion,combined,0,217.7924408776624,3.3934945143420223
5761,euler_ramsey,0.5,2.5% Ramsey,risk_aversion,combined,0,170.7508564475892,3.8689627529502695
5762,euler_ramsey,0.5,1.5% Ramsey,risk_aversion,combined,0,374.5751318055603,1.4370764617610745
5762,euler_ramsey,0.5,2.0% Ramsey,risk_aversion,combined,0,313.6371896773673,1.4850297384401625
5762,euler_ramsey,0.5,2.5% Ramsey,risk_aversion,combined,0,239.53498553609393,1.5065533454815632
5763,euler_ramsey,0.5,1.5% Ramsey,risk_aversion,combined,0,570.6550292539733,1.0758810505955279
5763,euler_ramsey,0.5,2.0% Ramsey,risk_aversion,combined,0,385.38836904819885,1.0401967847885971
5763,euler_ramsey,0.5,2.5% Ramsey,risk_aversion,combined,0,270.68322323244774,1.0021249337588496
5764,euler_ramsey,0.5,1.5% Ramsey,risk_aversion,combined,0,326.1784649076452,0.9038971869607748
5764,euler_ramsey,0.5,2.0% Ramsey,risk_aversion,combined,0,280.73109227541926,0.8412985509901366
5764,euler_ramsey,0.5,2.5% Ramsey,risk_aversion,combined,0,219.11424792482694,0.787105944616048
5765,euler_ramsey,0.5,1.5% Ramsey,risk_aversion,combined,0,152.32885721052966,1.2178875865953902
5765,euler_ramsey,0.5,2.0% Ramsey,risk_aversion,combined,0,131.17966868983586,1.2105805877211862
5765,euler_ramsey,0.5,2.5% Ramsey,risk_aversion,combined,0,110.82164088007313,1.1915110745371467
5766,euler_ramsey,0.5,1.5% Ramsey,risk_aversion,combined,0,786.4808835748047,0.4233096856814673
5766,euler_ramsey,0.5,2.0% Ramsey,risk_aversion,combined,0,421.174600734521,0.331614660746627
5766,euler_ramsey,0.5,2.5% Ramsey,risk_aversion,combined,0,232.6465432767618,0.2714728839341385
5767,euler_ramsey,0.5,1.5% Ramsey,risk_aversion,combined,0,673.3659587163106,1.4740628667423328
5767,euler_ramsey,0.5,2.0% Ramsey,risk_aversion,combined,0,794.3765052113431,1.5315706431362797
5767,euler_ramsey,0.5,2.5% Ramsey,risk_aversion,combined,0,789.6022665353643,1.5602755543972435
5768,euler_ramsey,0.5,1.5% Ramsey,risk_aversion,combined,0,236.61266195833915,2.096423862088782
5768,euler_ramsey,0.5,2.0% Ramsey,risk_aversion,combined,0,166.52338593784728,2.3566342028602754
5768,euler_ramsey,0.5,2.5% Ramsey,risk_aversion,combined,0,120.93811848277308,2.551333991320792
5769,euler_ramsey,0.5,1.5% Ramsey,risk_aversion,combined,0,203.2104063447576,0.7424065019495305
5769,euler_ramsey,0.5,2.0% Ramsey,risk_aversion,combined,0,162.12997778370698,0.6609046655107214
5769,euler_ramsey,0.5,2.5% Ramsey,risk_aversion,combined,0,121.98668383206441,0.5973448701870127
5770,euler_ramsey,0.5,1.5% Ramsey,risk_aversion,combined,0,-173.63301323669995,0.6481644812367899
5770,euler_ramsey,0.5,2.0% Ramsey,risk_aversion,combined,0,-108.68448265041486,0.5594292299127469
5770,euler_ramsey,0.5,2.5% Ramsey,risk_aversion,combined,0,-63.330113013221684,0.4936692066899757
5771,euler_ramsey,0.5,1.5% Ramsey,risk_aversion,combined,0,474.62703826798094,1.702967584272379
5771,euler_ramsey,0.5,2.0% Ramsey,risk_aversion,combined,0,295.2341213204057,1.827517943136125
5771,euler_ramsey,0.5,2.5% Ramsey,risk_aversion,combined,0,194.7019519392997,1.908854180116845
5772,euler_ramsey,0.5,1.5% Ramsey,risk_aversion,combined,0,164.9002402607308,0.9644416800042185
5772,euler_ramsey,0.5,2.0% Ramsey,risk_aversion,combined,0,147.2119224351838,0.9108684398801354
5772,euler_ramsey,0.5,2.5% Ramsey,risk_aversion,combined,0,127.54313691248782,0.8619481777142612
5773,euler_ramsey,0.5,1.5% Ramsey,risk_aversion,combined,0,721.2761698928925,0.3260366729201557
5773,euler_ramsey,0.5,2.0% Ramsey,risk_aversion,combined,0,654.870236905921,0.2408959958805215
5773,euler_ramsey,0.5,2.5% Ramsey,risk_aversion,combined,0,530.7117298455356,0.18848529419496557
5774,euler_ramsey,0.5,1.5% Ramsey,risk_aversion,combined,0,1718.8496479255139,0.5267394295056913
5774,euler_ramsey,0.5,2.0% Ramsey,risk_aversion,combined,0,672.4250011290176,0.4342174849346874
5774,euler_ramsey,0.5,2.5% Ramsey,risk_aversion,combined,0,393.07998823590464,0.36982864620146394
5775,euler_ramsey,0.5,1.5% Ramsey,risk_aversion,combined,0,489.5187416679872,0.8475461092986482
5775,euler_ramsey,0.5,2.0% Ramsey,risk_aversion,combined,0,418.44774741082915,0.7771227492790053
5775,euler_ramsey,0.5,2.5% Ramsey,risk_aversion,combined,0,318.1871306778933,0.7186364919069188
5776,euler_ramsey,0.5,1.5% Ramsey,risk_aversion,combined,0,346.28657400944456,1.5984596634522235
5776,euler_ramsey,0.5,2.0% Ramsey,risk_aversion,combined,0,258.35148599379954,1.690796977354719
5776,euler_ramsey,0.5,2.5% Ramsey,risk_aversion,combined,0,191.85785455255157,1.7464749188337525
5777,euler_ramsey,0.5,1.5% Ramsey,risk_aversion,combined,0,940.4111978676173,0.8355725262949865
5777,euler_ramsey,0.5,2.0% Ramsey,risk_aversion,combined,0,748.9651136597533,0.7636660047052816
5777,euler_ramsey,0.5,2.5% Ramsey,risk_aversion,combined,0,573.6521628620042,0.704478407004461
5778,euler_ramsey,0.5,1.5% Ramsey,risk_aversion,combined,0,2161.059746734308,1.1129312778320353
5778,euler_ramsey,0.5,2.0% Ramsey,risk_aversion,combined,0,1580.7372281333285,1.086060140891727
5778,euler_ramsey,0.5,2.5% Ramsey,risk_aversion,combined,0,1093.8342989888463,1.0540121846521153
5779,euler_ramsey,0.5,1.5% Ramsey,risk_aversion,combined,0,1228.5955399387672,0.45370241144637463
5779,euler_ramsey,0.5,2.0% Ramsey,risk_aversion,combined,0,1012.212569987899,0.36105498940266373
5779,euler_ramsey,0.5,2.5% Ramsey,risk_aversion,combined,0,741.6673027926245,0.29919497367592157
5780,euler_ramsey,0.5,1.5% Ramsey,risk_aversion,combined,0,527.0489159934305,1.689660057404545
5780,euler_ramsey,0.5,2.0% Ramsey,risk_aversion,combined,0,401.15870034499943,1.8095657432924293
5780,euler_ramsey,0.5,2.5% Ramsey,risk_aversion,combined,0,280.7562170606139,1.8870479781260974
5781,euler_ramsey,0.5,1.5% Ramsey,risk_aversion,combined,0,524.8297136002874,1.7139639071652109
5781,euler_ramsey,0.5,2.0% Ramsey,risk_aversion,combined,0,702.9985037755155,1.8415274310870662
5781,euler_ramsey,0.5,2.5% Ramsey,risk_aversion,combined,0,747.5859006393548,1.925193357933773
5782,euler_ramsey,0.5,1.5% Ramsey,risk_aversion,combined,0,79.69584019293991,1.9851944777140407
5782,euler_ramsey,0.5,2.0% Ramsey,risk_aversion,combined,0,53.64244994813508,2.20424410282105
5782,euler_ramsey,0.5,2.5% Ramsey,risk_aversion,combined,0,37.729725214208536,2.363653626584649
5783,euler_ramsey,0.5,1.5% Ramsey,risk_aversion,combined,0,1086.1482703619417,0.5345992432021968
5783,euler_ramsey,0.5,2.0% Ramsey,risk_aversion,combined,0,847.3790636217423,0.4416606592386045
5783,euler_ramsey,0.5,2.5% Ramsey,risk_aversion,combined,0,609.2264873072965,0.3767628608500127
5784,euler_ramsey,0.5,1.5% Ramsey,risk_aversion,combined,0,512.15435488266,0.36278687713248675
5784,euler_ramsey,0.5,2.0% Ramsey,risk_aversion,combined,0,372.80469217019737,0.27451693380743153
5784,euler_ramsey,0.5,2.5% Ramsey,risk_aversion,combined,0,276.41197495619906,0.21878464474669457
5785,euler_ramsey,0.5,1.5% Ramsey,risk_aversion,combined,0,920.7683146715922,0.6933588923153311
5785,euler_ramsey,0.5,2.0% Ramsey,risk_aversion,combined,0,447.7048920903506,0.6069800019016209
5785,euler_ramsey,0.5,2.5% Ramsey,risk_aversion,combined,0,240.1342822751318,0.5414868907731155
5786,euler_ramsey,0.5,1.5% Ramsey,risk_aversion,combined,0,596.9415314560889,0.6937142559466033
5786,euler_ramsey,0.5,2.0% Ramsey,risk_aversion,combined,0,538.0218881228324,0.6077613846531555
5786,euler_ramsey,0.5,2.5% Ramsey,risk_aversion,combined,0,424.22118962248305,0.5425393290611916
5787,euler_ramsey,0.5,1.5% Ramsey,risk_aversion,combined,0,398.7034669850893,1.4792116318598763
5787,euler_ramsey,0.5,2.0% Ramsey,risk_aversion,combined,0,297.0211366237938,1.5376636056855097
5787,euler_ramsey,0.5,2.5% Ramsey,risk_aversion,combined,0,215.49108449079307,1.567001260223766
5788,euler_ramsey,0.5,1.5% Ramsey,risk_aversion,combined,0,615.3683158911297,0.4498413801132138
5788,euler_ramsey,0.5,2.0% Ramsey,risk_aversion,combined,0,447.3820275998211,0.35724929819516854
5788,euler_ramsey,0.5,2.5% Ramsey,risk_aversion,combined,0,291.70721266703947,0.29556660825358516
5789,euler_ramsey,0.5,1.5% Ramsey,risk_aversion,combined,0,386.9139916818997,1.059117088554432
5789,euler_ramsey,0.5,2.0% Ramsey,risk_aversion,combined,0,306.0989095758822,1.021428907097569
5789,euler_ramsey,0.5,2.5% Ramsey,risk_aversion,combined,0,225.10717325290813,0.9822412409308828
5790,euler_ramsey,0.5,1.5% Ramsey,risk_aversion,combined,0,314.44109454976797,0.9502298164677685
5790,euler_ramsey,0.5,2.0% Ramsey,risk_aversion,combined,0,227.47233506521044,0.8932205638492631
5790,euler_ramsey,0.5,2.5% Ramsey,risk_aversion,combined,0,155.90150040665964,0.8419694333680233
5791,euler_ramsey,0.5,1.5% Ramsey,risk_aversion,combined,0,1342.180008663113,1.2351177661336503
5791,euler_ramsey,0.5,2.0% Ramsey,risk_aversion,combined,0,963.8863279878525,1.2330191403817046
5791,euler_ramsey,0.5,2.5% Ramsey,risk_aversion,combined,0,664.6969403113735,1.2178434642549327
5792,euler_ramsey,0.5,1.5% Ramsey,risk_aversion,combined,0,522.2594046453621,2.0040687307515057
5792,euler_ramsey,0.5,2.0% Ramsey,risk_aversion,combined,0,402.138705611422,2.230387392017781
5792,euler_ramsey,0.5,2.5% Ramsey,risk_aversion,combined,0,293.2042030654252,2.3961077619002746
5793,euler_ramsey,0.5,1.5% Ramsey,risk_aversion,combined,0,432.8120370638469,1.6584768522449327
5793,euler_ramsey,0.5,2.0% Ramsey,risk_aversion,combined,0,309.8938890718791,1.7687582347973698
5793,euler_ramsey,0.5,2.5% Ramsey,risk_aversion,combined,0,221.16104395652866,1.8385970788214392
5794,euler_ramsey,0.5,1.5% Ramsey,risk_aversion,combined,0,588.0254482998987,1.1672351073422287
5794,euler_ramsey,0.5,2.0% Ramsey,risk_aversion,combined,0,418.5747002582228,1.1511169133625627
5794,euler_ramsey,0.5,2.5% Ramsey,risk_aversion,combined,0,304.3764089511599,1.1263988916714758
5795,euler_ramsey,0.5,1.5% Ramsey,risk_aversion,combined,0,418.30093129253765,1.7411884884160753
5795,euler_ramsey,0.5,2.0% Ramsey,risk_aversion,combined,0,334.9199493690477,1.8774689140841723
5795,euler_ramsey,0.5,2.5% Ramsey,risk_aversion,combined,0,263.99157818038833,1.968301268800064
5796,euler_ramsey,0.5,1.5% Ramsey,risk_aversion,combined,0,97.5517615395214,2.0779891983225434
5796,euler_ramsey,0.5,2.0% Ramsey,risk_aversion,combined,0,71.94378662709367,2.331148989967681
5796,euler_ramsey,0.5,2.5% Ramsey,risk_aversion,combined,0,57.67921427529388,2.519711233407013
5797,euler_ramsey,0.5,1.5% Ramsey,risk_aversion,combined,0,458.9070634896291,1.5485989196667127
5797,euler_ramsey,0.5,2.0% Ramsey,risk_aversion,combined,0,313.51802969064136,1.6261891098700123
5797,euler_ramsey,0.5,2.5% Ramsey,risk_aversion,combined,0,207.8942160321815,1.6701959720108852
5798,euler_ramsey,0.5,1.5% Ramsey,risk_aversion,combined,0,1135.8219566646194,0.5698791895020549
5798,euler_ramsey,0.5,2.0% Ramsey,risk_aversion,combined,0,881.1313069652001,0.47787887897058307
5798,euler_ramsey,0.5,2.5% Ramsey,risk_aversion,combined,0,637.4017893884935,0.41240620894598506
5799,euler_ramsey,0.5,1.5% Ramsey,risk_aversion,combined,0,1801.6516310436755,0.6757323693322969
5799,euler_ramsey,0.5,2.0% Ramsey,risk_aversion,combined,0,1346.2059833176452,0.5886999924658555
5799,euler_ramsey,0.5,2.5% Ramsey,risk_aversion,combined,0,980.7995293306514,0.5232813141751214
5800,euler_ramsey,0.5,1.5% Ramsey,risk_aversion,combined,0,1357.5576834776766,0.7834767029462388
5800,euler_ramsey,0.5,2.0% Ramsey,risk_aversion,combined,0,1149.118654714519,0.7052930835414986
5800,euler_ramsey,0.5,2.5% Ramsey,risk_aversion,combined,0,878.0625981132923,0.6429731647949359
5801,euler_ramsey,0.5,1.5% Ramsey,risk_aversion,combined,0,248.06194572079892,2.191657539658893
5801,euler_ramsey,0.5,2.0% Ramsey,risk_aversion,combined,0,159.43753715792627,2.4882641342605303
5801,euler_ramsey,0.5,2.5% Ramsey,risk_aversion,combined,0,101.42839282851631,2.714504460765508
5802,euler_ramsey,0.5,1.5% Ramsey,risk_aversion,combined,0,862.2150156720245,0.839836407684758
5802,euler_ramsey,0.5,2.0% Ramsey,risk_aversion,combined,0,753.1576013016297,0.7694011177227377
5802,euler_ramsey,0.5,2.5% Ramsey,risk_aversion,combined,0,589.9461778013317,0.7111506456232418
5803,euler_ramsey,0.5,1.5% Ramsey,risk_aversion,combined,0,1058.520256487799,0.6217588458617964
5803,euler_ramsey,0.5,2.0% Ramsey,risk_aversion,combined,0,1339.8162044703809,0.5313586672813897
5803,euler_ramsey,0.5,2.5% Ramsey,risk_aversion,combined,0,1343.6498249268852,0.465305196872058
5804,euler_ramsey,0.5,1.5% Ramsey,risk_aversion,combined,0,8568.263636286169,0.3759912550046366
5804,euler_ramsey,0.5,2.0% Ramsey,risk_aversion,combined,0,8645.386564939323,0.28801628229001214
5804,euler_ramsey,0.5,2.5% Ramsey,risk_aversion,combined,0,7282.02995148417,0.2318300459284189
5805,euler_ramsey,0.5,1.5% Ramsey,risk_aversion,combined,0,1063.4431449535407,0.8708059989606954
5805,euler_ramsey,0.5,2.0% Ramsey,risk_aversion,combined,0,652.425813558447,0.8040919026973519
5805,euler_ramsey,0.5,2.5% Ramsey,risk_aversion,combined,0,424.68756400216455,0.7477791382122307
5806,euler_ramsey,0.5,1.5% Ramsey,risk_aversion,combined,0,379.21913540142793,1.9837823014441252
5806,euler_ramsey,0.5,2.0% Ramsey,risk_aversion,combined,0,275.3689050663129,2.2026818052106956
5806,euler_ramsey,0.5,2.5% Ramsey,risk_aversion,combined,0,197.6412971906581,2.3620145613653842
5807,euler_ramsey,0.5,1.5% Ramsey,risk_aversion,combined,0,732.1733598517792,0.38868209776431417
5807,euler_ramsey,0.5,2.0% Ramsey,risk_aversion,combined,0,521.9474912281344,0.29874589318975686
5807,euler_ramsey,0.5,2.5% Ramsey,risk_aversion,combined,0,343.37715896561076,0.24099358145844094
5808,euler_ramsey,0.5,1.5% Ramsey,risk_aversion,combined,0,1645.0778254294146,0.38899276091489343
5808,euler_ramsey,0.5,2.0% Ramsey,risk_aversion,combined,0,1237.5384866531795,0.29906652045902526
5808,euler_ramsey,0.5,2.5% Ramsey,risk_aversion,combined,0,842.2454513038488,0.24130637144379502
5809,euler_ramsey,0.5,1.5% Ramsey,risk_aversion,combined,0,2133.125980331649,0.7263869743254128
5809,euler_ramsey,0.5,2.0% Ramsey,risk_aversion,combined,0,1904.7096515909996,0.6432811543884372
5809,euler_ramsey,0.5,2.5% Ramsey,risk_aversion,combined,0,1511.5805115705434,0.5791115553390965
5810,euler_ramsey,0.5,1.5% Ramsey,risk_aversion,combined,0,1417.2824031430573,0.4428697507277468
5810,euler_ramsey,0.5,2.0% Ramsey,risk_aversion,combined,0,1323.2734154809712,0.3507240387352978
5810,euler_ramsey,0.5,2.5% Ramsey,risk_aversion,combined,0,1063.0222356595839,0.289557588735719
5811,euler_ramsey,0.5,1.5% Ramsey,risk_aversion,combined,0,-183.68924206573686,1.427284751671713
5811,euler_ramsey,0.5,2.0% Ramsey,risk_aversion,combined,0,-122.70639811384491,1.4712095023613068
5811,euler_ramsey,0.5,2.5% Ramsey,risk_aversion,combined,0,-66.12583751508788,1.4893925833317692
5812,euler_ramsey,0.5,1.5% Ramsey,risk_aversion,combined,0,816.8373756539308,1.0813790090974187
5812,euler_ramsey,0.5,2.0% Ramsey,risk_aversion,combined,0,666.9830049949104,1.0486002868973716
5812,euler_ramsey,0.5,2.5% Ramsey,risk_aversion,combined,0,505.75161863140335,1.0127233392300492
5813,euler_ramsey,0.5,1.5% Ramsey,risk_aversion,combined,0,4940.523712987518,0.3893941688597037
5813,euler_ramsey,0.5,2.0% Ramsey,risk_aversion,combined,0,3370.5532792451186,0.29981399571630946
5813,euler_ramsey,0.5,2.5% Ramsey,risk_aversion,combined,0,2139.391859453226,0.2422134154848147
5814,euler_ramsey,0.5,1.5% Ramsey,risk_aversion,combined,0,126.44581098814501,0.7110456074206133
5814,euler_ramsey,0.5,2.0% Ramsey,risk_aversion,combined,0,107.82969491587366,0.6259298880782147
5814,euler_ramsey,0.5,2.5% Ramsey,risk_aversion,combined,0,81.35215888512737,0.5607846032866918
5815,euler_ramsey,0.5,1.5% Ramsey,risk_aversion,combined,0,165.1946503190534,1.2965761303555772
5815,euler_ramsey,0.5,2.0% Ramsey,risk_aversion,combined,0,137.17891588813217,1.3081232235563631
5815,euler_ramsey,0.5,2.5% Ramsey,risk_aversion,combined,0,112.1172021787896,1.3025772259502988
5816,euler_ramsey,0.5,1.5% Ramsey,risk_aversion,combined,0,191.46808733189883,1.6420496708347558
5816,euler_ramsey,0.5,2.0% Ramsey,risk_aversion,combined,0,129.16706286842214,1.7468248054421112
5816,euler_ramsey,0.5,2.5% Ramsey,risk_aversion,combined,0,85.77674877750474,1.8120824714681443
5817,euler_ramsey,0.5,1.5% Ramsey,risk_aversion,combined,0,834.3656772666055,0.9285948101296759
5817,euler_ramsey,0.5,2.0% Ramsey,risk_aversion,combined,0,492.86146985227384,0.8689060283919067
5817,euler_ramsey,0.5,2.5% Ramsey,risk_aversion,combined,0,295.1000320747175,0.8162655960091354
5818,euler_ramsey,0.5,1.5% Ramsey,risk_aversion,combined,0,525.3715504765253,1.2481876201721593
5818,euler_ramsey,0.5,2.0% Ramsey,risk_aversion,combined,0,361.6846253828875,1.248479738154836
5818,euler_ramsey,0.5,2.5% Ramsey,risk_aversion,combined,0,242.45210165063781,1.2348878873751281
5819,euler_ramsey,0.5,1.5% Ramsey,risk_aversion,combined,0,303.98461920017047,1.3007765043602844
5819,euler_ramsey,0.5,2.0% Ramsey,risk_aversion,combined,0,261.42638481260207,1.3139513644474365
5819,euler_ramsey,0.5,2.5% Ramsey,risk_aversion,combined,0,222.004924877975,1.3097325489263205
5820,euler_ramsey,0.5,1.5% Ramsey,risk_aversion,combined,0,901.2930274871723,0.7164847562701846
5820,euler_ramsey,0.5,2.0% Ramsey,risk_aversion,combined,0,807.7552607816664,0.6321092759666762
5820,euler_ramsey,0.5,2.5% Ramsey,risk_aversion,combined,0,652.9313086260938,0.5673358259672702
5821,euler_ramsey,0.5,1.5% Ramsey,risk_aversion,combined,0,459.1448832312139,1.2570627067491824
5821,euler_ramsey,0.5,2.0% Ramsey,risk_aversion,combined,0,301.98366254675716,1.2600216815615892
5821,euler_ramsey,0.5,2.5% Ramsey,risk_aversion,combined,0,199.00211894305056,1.248473315952986
5822,euler_ramsey,0.5,1.5% Ramsey,risk_aversion,combined,0,397.8852809883009,2.819405651683517
5822,euler_ramsey,0.5,2.0% Ramsey,risk_aversion,combined,0,232.89770546079424,3.3880279737983785
5822,euler_ramsey,0.5,2.5% Ramsey,risk_aversion,combined,0,155.8426688509346,3.862197104405969
5823,euler_ramsey,0.5,1.5% Ramsey,risk_aversion,combined,0,1498.3703157304265,0.4526713327655279
5823,euler_ramsey,0.5,2.0% Ramsey,risk_aversion,combined,0,1445.4609433177575,0.36041601837529896
5823,euler_ramsey,0.5,2.5% Ramsey,risk_aversion,combined,0,1217.1849962594108,0.29881170632617216
5824,euler_ramsey,0.5,1.5% Ramsey,risk_aversion,combined,0,3164.5626339300193,0.5072050400256045
5824,euler_ramsey,0.5,2.0% Ramsey,risk_aversion,combined,0,2399.7769969623027,0.4142340154031746
5824,euler_ramsey,0.5,2.5% Ramsey,risk_aversion,combined,0,1654.3562526121316,0.35024568805747625
5825,euler_ramsey,0.5,1.5% Ramsey,risk_aversion,combined,0,269.39341466817905,0.3918513026036414
5825,euler_ramsey,0.5,2.0% Ramsey,risk_aversion,combined,0,149.6333361439469,0.3016889330563951
5825,euler_ramsey,0.5,2.5% Ramsey,risk_aversion,combined,0,92.48396335049337,0.24368178883206085
5826,euler_ramsey,0.5,1.5% Ramsey,risk_aversion,combined,0,364.09175089441356,1.14338346845336
5826,euler_ramsey,0.5,2.0% Ramsey,risk_aversion,combined,0,281.26453968865457,1.1209287333203852
5826,euler_ramsey,0.5,2.5% Ramsey,risk_aversion,combined,0,207.45170327892419,1.0915986990208304
5827,euler_ramsey,0.5,1.5% Ramsey,risk_aversion,combined,0,5271.177475934018,0.6095088179916608
5827,euler_ramsey,0.5,2.0% Ramsey,risk_aversion,combined,0,4152.752570494421,0.519254519249618
5827,euler_ramsey,0.5,2.5% Ramsey,risk_aversion,combined,0,2991.40618157018,0.45365962378692526
5828,euler_ramsey,0.5,1.5% Ramsey,risk_aversion,combined,0,740.1916115069031,0.7588222002926681
5828,euler_ramsey,0.5,2.0% Ramsey,risk_aversion,combined,0,562.4278143928209,0.680195570987665
5828,euler_ramsey,0.5,2.5% Ramsey,risk_aversion,combined,0,418.39809052099685,0.618208032434826
5829,euler_ramsey,0.5,1.5% Ramsey,risk_aversion,combined,0,1084.6857472437764,1.0937388863114008
5829,euler_ramsey,0.5,2.0% Ramsey,risk_aversion,combined,0,835.0263609146771,1.062031150092202
5829,euler_ramsey,0.5,2.5% Ramsey,risk_aversion,combined,0,582.5392822475985,1.0267023210394641
5830,euler_ramsey,0.5,1.5% Ramsey,risk_aversion,combined,0,424.5653043265402,2.1676881734625724
5830,euler_ramsey,0.5,2.0% Ramsey,risk_aversion,combined,0,329.1155488904578,2.455259689925889
5830,euler_ramsey,0.5,2.5% Ramsey,risk_aversion,combined,0,251.67339697837224,2.6737497105391723
5831,euler_ramsey,0.5,1.5% Ramsey,risk_aversion,combined,0,342.2689330393368,1.3565364106778626
5831,euler_ramsey,0.5,2.0% Ramsey,risk_aversion,combined,0,246.28213484139866,1.382909548807715
5831,euler_ramsey,0.5,2.5% Ramsey,risk_aversion,combined,0,175.5976305814203,1.3882050460568134
5832,euler_ramsey,0.5,1.5% Ramsey,risk_aversion,combined,0,1485.843370552612,1.8983352502027282
5832,euler_ramsey,0.5,2.0% Ramsey,risk_aversion,combined,0,1154.1179931585634,2.0885006157092465
5832,euler_ramsey,0.5,2.5% Ramsey,risk_aversion,combined,0,850.9157756184896,2.2240022766835614
5833,euler_ramsey,0.5,1.5% Ramsey,risk_aversion,combined,0,3997.6573670312678,0.5707993530214129
5833,euler_ramsey,0.5,2.0% Ramsey,risk_aversion,combined,0,2248.681121213204,0.4812434439138277
5833,euler_ramsey,0.5,2.5% Ramsey,risk_aversion,combined,0,1460.9554080730823,0.41724455843674574
5834,euler_ramsey,0.5,1.5% Ramsey,risk_aversion,combined,0,279.0739335498303,2.098322610266848
5834,euler_ramsey,0.5,2.0% Ramsey,risk_aversion,combined,0,233.2234701355202,2.359580010241224
5834,euler_ramsey,0.5,2.5% Ramsey,risk_aversion,combined,0,188.11204371672628,2.5552933748005326
5835,euler_ramsey,0.5,1.5% Ramsey,risk_aversion,combined,0,155.05842726331807,1.2447909009470384
5835,euler_ramsey,0.5,2.0% Ramsey,risk_aversion,combined,0,111.8959187549695,1.2443439682086805
5835,euler_ramsey,0.5,2.5% Ramsey,risk_aversion,combined,0,78.803821349505,1.230235741624987
5836,euler_ramsey,0.5,1.5% Ramsey,risk_aversion,combined,0,647.0748121876287,0.7315908398281038
5836,euler_ramsey,0.5,2.0% Ramsey,risk_aversion,combined,0,596.2893184767394,0.6483738983931642
5836,euler_ramsey,0.5,2.5% Ramsey,risk_aversion,combined,0,487.5232678394879,0.5839567941612418
5837,euler_ramsey,0.5,1.5% Ramsey,risk_aversion,combined,0,3257.1523338293805,0.4971083756185107
5837,euler_ramsey,0.5,2.0% Ramsey,risk_aversion,combined,0,2814.29208371537,0.4047662285679797
5837,euler_ramsey,0.5,2.5% Ramsey,risk_aversion,combined,0,2131.697605171133,0.34149438623074196
5838,euler_ramsey,0.5,1.5% Ramsey,risk_aversion,combined,0,536.1636933874464,1.3678967085344051
5838,euler_ramsey,0.5,2.0% Ramsey,risk_aversion,combined,0,437.01858890640483,1.3969695851072668
5838,euler_ramsey,0.5,2.5% Ramsey,risk_aversion,combined,0,330.22650393025066,1.4042133880163903
5839,euler_ramsey,0.5,1.5% Ramsey,risk_aversion,combined,0,266.5562865293187,0.394491507266322
5839,euler_ramsey,0.5,2.0% Ramsey,risk_aversion,combined,0,242.11526342222504,0.3043712656958926
5839,euler_ramsey,0.5,2.5% Ramsey,risk_aversion,combined,0,196.51899265714326,0.24626718352620972
5840,euler_ramsey,0.5,1.5% Ramsey,risk_aversion,combined,0,100.59351094363905,0.15365643739397236
5840,euler_ramsey,0.5,2.0% Ramsey,risk_aversion,combined,0,-7.163680756230025,0.09584543892472731
5840,euler_ramsey,0.5,2.5% Ramsey,risk_aversion,combined,0,-20.846809320376927,0.06578463926782459
5841,euler_ramsey,0.5,1.5% Ramsey,risk_aversion,combined,0,2062.338241002869,0.6553040469225995
5841,euler_ramsey,0.5,2.0% Ramsey,risk_aversion,combined,0,2009.7901710793446,0.5677639573169202
5841,euler_ramsey,0.5,2.5% Ramsey,risk_aversion,combined,0,1602.1353783916259,0.5026471533081418
5842,euler_ramsey,0.5,1.5% Ramsey,risk_aversion,combined,0,-41.53508794930738,2.0431454059828082
5842,euler_ramsey,0.5,2.0% Ramsey,risk_aversion,combined,0,-41.6921417701978,2.283863517256487
5842,euler_ramsey,0.5,2.5% Ramsey,risk_aversion,combined,0,-34.938938122454104,2.46170729931111
5843,euler_ramsey,0.5,1.5% Ramsey,risk_aversion,combined,0,1379.4654760090148,1.2789701796103001
5843,euler_ramsey,0.5,2.0% Ramsey,risk_aversion,combined,0,996.0756093175614,1.2881127865511033
5843,euler_ramsey,0.5,2.5% Ramsey,risk_aversion,combined,0,690.1675622054581,1.281150566001166
5844,euler_ramsey,0.5,1.5% Ramsey,risk_aversion,combined,0,8539.467600566704,0.35431055931478306
5844,euler_ramsey,0.5,2.0% Ramsey,risk_aversion,combined,0,3996.070020094182,0.26707878994790224
5844,euler_ramsey,0.5,2.5% Ramsey,risk_aversion,combined,0,2067.9313549835138,0.21225864754430385
5845,euler_ramsey,0.5,1.5% Ramsey,risk_aversion,combined,0,498.99923665947193,0.8188746642302317
5845,euler_ramsey,0.5,2.0% Ramsey,risk_aversion,combined,0,491.2735319447981,0.7451690458444219
5845,euler_ramsey,0.5,2.5% Ramsey,risk_aversion,combined,0,424.94946357616845,0.6850825127008201
5846,euler_ramsey,0.5,1.5% Ramsey,risk_aversion,combined,0,-292.9911921001633,0.38453071628873625
5846,euler_ramsey,0.5,2.0% Ramsey,risk_aversion,combined,0,-219.57256116347477,0.29495740036302215
5846,euler_ramsey,0.5,2.5% Ramsey,risk_aversion,combined,0,-153.39663751606113,0.2375703759969945
5847,euler_ramsey,0.5,1.5% Ramsey,risk_aversion,combined,0,562.8425375106848,1.2412623297857681
5847,euler_ramsey,0.5,2.0% Ramsey,risk_aversion,combined,0,357.5356244299218,1.2414276061830938
5847,euler_ramsey,0.5,2.5% Ramsey,risk_aversion,combined,0,234.74771985215602,1.2278638834455426
5848,euler_ramsey,0.5,1.5% Ramsey,risk_aversion,combined,0,168.61965696547458,1.8612996450255506
5848,euler_ramsey,0.5,2.0% Ramsey,risk_aversion,combined,0,129.80192027616692,2.036843878922615
5848,euler_ramsey,0.5,2.5% Ramsey,risk_aversion,combined,0,97.5767286471151,2.159830369339955
5849,euler_ramsey,0.5,1.5% Ramsey,risk_aversion,combined,0,444.6550954265903,1.3599457036084484
5849,euler_ramsey,0.5,2.0% Ramsey,risk_aversion,combined,0,320.3857409746136,1.387115986446081
5849,euler_ramsey,0.5,2.5% Ramsey,risk_aversion,combined,0,233.27362552516766,1.3929999054832756
5850,euler_ramsey,0.5,1.5% Ramsey,risk_aversion,combined,0,-379.7928702525823,0.4084492264997419
5850,euler_ramsey,0.5,2.0% Ramsey,risk_aversion,combined,0,-305.21870063552825,0.31754433070901245
5850,euler_ramsey,0.5,2.5% Ramsey,risk_aversion,combined,0,-218.81102772127528,0.25843334405806406
5851,euler_ramsey,0.5,1.5% Ramsey,risk_aversion,combined,0,436.75977769982927,0.9279978864677481
5851,euler_ramsey,0.5,2.0% Ramsey,risk_aversion,combined,0,341.95014405590524,0.8683459010338513
5851,euler_ramsey,0.5,2.5% Ramsey,risk_aversion,combined,0,260.78374673855564,0.8157563348412402
5852,euler_ramsey,0.5,1.5% Ramsey,risk_aversion,combined,0,-75.73054585264826,0.5197394705403858
5852,euler_ramsey,0.5,2.0% Ramsey,risk_aversion,combined,0,-60.66843044125217,0.42644582354627736
5852,euler_ramsey,0.5,2.5% Ramsey,risk_aversion,combined,0,-38.71961383560138,0.3618338736911521
5853,euler_ramsey,0.5,1.5% Ramsey,risk_aversion,combined,0,1558.8653560130222,0.7378020191633479
5853,euler_ramsey,0.5,2.0% Ramsey,risk_aversion,combined,0,1388.2079832107122,0.6557992636698151
5853,euler_ramsey,0.5,2.5% Ramsey,risk_aversion,combined,0,1119.618234549479,0.5920800801212186
5854,euler_ramsey,0.5,1.5% Ramsey,risk_aversion,combined,0,773.0753583790749,1.7746346423131882
5854,euler_ramsey,0.5,2.0% Ramsey,risk_aversion,combined,0,631.6861770794313,1.9214492471410547
5854,euler_ramsey,0.5,2.5% Ramsey,risk_aversion,combined,0,470.30505590581265,2.02066885489635
5855,euler_ramsey,0.5,1.5% Ramsey,risk_aversion,combined,0,41.742737578567656,0.7923715342543858
5855,euler_ramsey,0.5,2.0% Ramsey,risk_aversion,combined,0,20.44914943035353,0.7147009092389052
5855,euler_ramsey,0.5,2.5% Ramsey,risk_aversion,combined,0,12.154670567359004,0.652482148200056
5856,euler_ramsey,0.5,1.5% Ramsey,risk_aversion,combined,0,251.4462746307932,0.7253369691332768
5856,euler_ramsey,0.5,2.0% Ramsey,risk_aversion,combined,0,230.75466470265238,0.6414298169902284
5856,euler_ramsey,0.5,2.5% Ramsey,risk_aversion,combined,0,195.50991796831988,0.5767126525135668
5857,euler_ramsey,0.5,1.5% Ramsey,risk_aversion,combined,0,-32.352936340865924,1.011663354901402
5857,euler_ramsey,0.5,2.0% Ramsey,risk_aversion,combined,0,-16.66989966924067,0.9646920661086188
5857,euler_ramsey,0.5,2.5% Ramsey,risk_aversion,combined,0,-1.3097131467661058,0.9195331539185781
5858,euler_ramsey,0.5,1.5% Ramsey,risk_aversion,combined,0,218.01128221568985,1.0447286632288209
5858,euler_ramsey,0.5,2.0% Ramsey,risk_aversion,combined,0,177.412309559549,1.0042009055034409
5858,euler_ramsey,0.5,2.5% Ramsey,risk_aversion,combined,0,131.33722824248076,0.963167935781892
5859,euler_ramsey,0.5,1.5% Ramsey,risk_aversion,combined,0,374.87332663495187,0.30532016653864236
5859,euler_ramsey,0.5,2.0% Ramsey,risk_aversion,combined,0,227.71942760230056,0.22224222722784323
5859,euler_ramsey,0.5,2.5% Ramsey,risk_aversion,combined,0,139.19309946802784,0.17188634454253401
5860,euler_ramsey,0.5,1.5% Ramsey,risk_aversion,combined,0,-136.56117895603848,0.5902426796653323
5860,euler_ramsey,0.5,2.0% Ramsey,risk_aversion,combined,0,-97.70498831425927,0.4984528941596426
5860,euler_ramsey,0.5,2.5% Ramsey,risk_aversion,combined,0,-66.87489128047635,0.4324688517681042
5861,euler_ramsey,0.5,1.5% Ramsey,risk_aversion,combined,0,275.1080937240257,2.3120410378599954
5861,euler_ramsey,0.5,2.0% Ramsey,risk_aversion,combined,0,248.71921402397348,2.6568819437321376
5861,euler_ramsey,0.5,2.5% Ramsey,risk_aversion,combined,0,203.59239537206943,2.9257836823044068
5862,euler_ramsey,0.5,1.5% Ramsey,risk_aversion,combined,0,439.9623887318108,1.2668257549773325
5862,euler_ramsey,0.5,2.0% Ramsey,risk_aversion,combined,0,302.3141692295086,1.2715788545710338
5862,euler_ramsey,0.5,2.5% Ramsey,risk_aversion,combined,0,204.79701330952304,1.2611972212030662
5863,euler_ramsey,0.5,1.5% Ramsey,risk_aversion,combined,0,82.78127157168868,0.7325820283952703
5863,euler_ramsey,0.5,2.0% Ramsey,risk_aversion,combined,0,80.17036042095457,0.6492199942573136
5863,euler_ramsey,0.5,2.5% Ramsey,risk_aversion,combined,0,69.25742109954467,0.5846706241582547
5864,euler_ramsey,0.5,1.5% Ramsey,risk_aversion,combined,0,418.10474453870603,1.9636855376643914
5864,euler_ramsey,0.5,2.0% Ramsey,risk_aversion,combined,0,323.08301369219765,2.175377743146052
5864,euler_ramsey,0.5,2.5% Ramsey,risk_aversion,combined,0,237.73387573685912,2.328658082746765
5865,euler_ramsey,0.5,1.5% Ramsey,risk_aversion,combined,0,2258.6381901309423,0.3257910463758045
5865,euler_ramsey,0.5,2.0% Ramsey,risk_aversion,combined,0,931.1177989856457,0.2407750962381444
5865,euler_ramsey,0.5,2.5% Ramsey,risk_aversion,combined,0,508.8009413419758,0.18843535622116506
5866,euler_ramsey,0.5,1.5% Ramsey,risk_aversion,combined,0,1141.510247946396,0.387471779437522
5866,euler_ramsey,0.5,2.0% Ramsey,risk_aversion,combined,0,809.8980689388541,0.29768371453732156
5866,euler_ramsey,0.5,2.5% Ramsey,risk_aversion,combined,0,560.0925153072425,0.240062585863409
5867,euler_ramsey,0.5,1.5% Ramsey,risk_aversion,combined,0,1012.2965452845856,1.1202051947399803
5867,euler_ramsey,0.5,2.0% Ramsey,risk_aversion,combined,0,667.3236356192251,1.0933555092765905
5867,euler_ramsey,0.5,2.5% Ramsey,risk_aversion,combined,0,445.5948801940031,1.061092221506463
5868,euler_ramsey,0.5,1.5% Ramsey,risk_aversion,combined,0,2307.575003544982,0.3666240161975719
5868,euler_ramsey,0.5,2.0% Ramsey,risk_aversion,combined,0,958.7338512430304,0.27814153429616867
5868,euler_ramsey,0.5,2.5% Ramsey,risk_aversion,combined,0,479.4756784842539,0.22212489229198512
5869,euler_ramsey,0.5,1.5% Ramsey,risk_aversion,combined,0,393.28778812516634,0.4716051959502409
5869,euler_ramsey,0.5,2.0% Ramsey,risk_aversion,combined,0,214.63472617258145,0.37853429025191515
5869,euler_ramsey,0.5,2.5% Ramsey,risk_aversion,combined,0,129.04067739352755,0.3157616717929143
5870,euler_ramsey,0.5,1.5% Ramsey,risk_aversion,combined,0,152.88009002325478,0.8535104079554076
5870,euler_ramsey,0.5,2.0% Ramsey,risk_aversion,combined,0,143.16408331814347,0.7835822090635646
5870,euler_ramsey,0.5,2.5% Ramsey,risk_aversion,combined,0,119.34289577687504,0.7252809112584296
5871,euler_ramsey,0.5,1.5% Ramsey,risk_aversion,combined,0,257.0533786233586,0.8523867385494345
5871,euler_ramsey,0.5,2.0% Ramsey,risk_aversion,combined,0,247.35190692720275,0.7819224016127447
5871,euler_ramsey,0.5,2.5% Ramsey,risk_aversion,combined,0,208.1468912377797,0.7233226198297302
5872,euler_ramsey,0.5,1.5% Ramsey,risk_aversion,combined,0,91170.57567053397,0.14914533687532205
5872,euler_ramsey,0.5,2.0% Ramsey,risk_aversion,combined,0,67206.64672002927,0.09310750858645009
5872,euler_ramsey,0.5,2.5% Ramsey,risk_aversion,combined,0,43006.989958149294,0.06399096715181189
5873,euler_ramsey,0.5,1.5% Ramsey,risk_aversion,combined,0,579.5986408913237,0.6420195120720237
5873,euler_ramsey,0.5,2.0% Ramsey,risk_aversion,combined,0,563.8308043206114,0.5532897341813113
5873,euler_ramsey,0.5,2.5% Ramsey,risk_aversion,combined,0,496.0553876160267,0.4877116056662947
5874,euler_ramsey,0.5,1.5% Ramsey,risk_aversion,combined,0,-103.83647404368976,1.2579043839214217
5874,euler_ramsey,0.5,2.0% Ramsey,risk_aversion,combined,0,-69.22515483014134,1.260318680557066
5874,euler_ramsey,0.5,2.5% Ramsey,risk_aversion,combined,0,-33.56993730662107,1.2481767781392095
5875,euler_ramsey,0.5,1.5% Ramsey,risk_aversion,combined,0,41.31217428328439,0.7319206787826288
5875,euler_ramsey,0.5,2.0% Ramsey,risk_aversion,combined,0,67.15353980084666,0.6487226702025575
5875,euler_ramsey,0.5,2.5% Ramsey,risk_aversion,combined,0,79.75475927293687,0.58431889675186
5876,euler_ramsey,0.5,1.5% Ramsey,risk_aversion,combined,0,-25.767184281136227,1.0614817806423575
5876,euler_ramsey,0.5,2.0% Ramsey,risk_aversion,combined,0,-14.888241110699203,1.0231449193483484
5876,euler_ramsey,0.5,2.5% Ramsey,risk_aversion,combined,0,-3.059431516067057,0.9833533022949044
5877,euler_ramsey,0.5,1.5% Ramsey,risk_aversion,combined,0,278.6576332543452,0.8112483668155175
5877,euler_ramsey,0.5,2.0% Ramsey,risk_aversion,combined,0,254.56695302390892,0.7362123052688156
5877,euler_ramsey,0.5,2.5% Ramsey,risk_aversion,combined,0,207.7006423985791,0.6753792487222687
5878,euler_ramsey,0.5,1.5% Ramsey,risk_aversion,combined,0,-45.915957835046754,0.954986776241164
5878,euler_ramsey,0.5,2.0% Ramsey,risk_aversion,combined,0,-23.479666424358552,0.8993008533617488
5878,euler_ramsey,0.5,2.5% Ramsey,risk_aversion,combined,0,-9.28638790665921,0.8490138981469372
5879,euler_ramsey,0.5,1.5% Ramsey,risk_aversion,combined,0,1772.3131534102972,1.1125988707302061
5879,euler_ramsey,0.5,2.0% Ramsey,risk_aversion,combined,0,927.8728939408593,1.0843649957924923
5879,euler_ramsey,0.5,2.5% Ramsey,risk_aversion,combined,0,510.4332408887387,1.0512465273489686
5880,euler_ramsey,0.5,1.5% Ramsey,risk_aversion,combined,0,403.7047002273435,0.806384773978971
5880,euler_ramsey,0.5,2.0% Ramsey,risk_aversion,combined,0,317.2553575285827,0.7309225725449441
5880,euler_ramsey,0.5,2.5% Ramsey,risk_aversion,combined,0,232.23632867453387,0.6699061649446136
5881,euler_ramsey,0.5,1.5% Ramsey,risk_aversion,combined,0,411.3445221503623,0.7094588644314608
5881,euler_ramsey,0.5,2.0% Ramsey,risk_aversion,combined,0,276.91538142139206,0.6247760808711716
5881,euler_ramsey,0.5,2.5% Ramsey,risk_aversion,combined,0,195.19137897611492,0.559967508316694
5882,euler_ramsey,0.5,1.5% Ramsey,risk_aversion,combined,0,424.4709451336182,2.005711209183445
5882,euler_ramsey,0.5,2.0% Ramsey,risk_aversion,combined,0,300.4400852034087,2.2323995471736913
5882,euler_ramsey,0.5,2.5% Ramsey,risk_aversion,combined,0,209.02174397237704,2.398385496463204
5883,euler_ramsey,0.5,1.5% Ramsey,risk_aversion,combined,0,107.9189439803001,1.4122356205236561
5883,euler_ramsey,0.5,2.0% Ramsey,risk_aversion,combined,0,85.40169353292808,1.4526804075670667
5883,euler_ramsey,0.5,2.5% Ramsey,risk_aversion,combined,0,65.8126968571121,1.4682968624405766
5884,euler_ramsey,0.5,1.5% Ramsey,risk_aversion,combined,0,-60.44845958478316,0.8090241854526068
5884,euler_ramsey,0.5,2.0% Ramsey,risk_aversion,combined,0,-47.03423483573838,0.7341198179995442
5884,euler_ramsey,0.5,2.5% Ramsey,risk_aversion,combined,0,-31.90535911489405,0.6734628020979795
5885,euler_ramsey,0.5,1.5% Ramsey,risk_aversion,combined,0,-189.75714972300463,0.3952307466028614
5885,euler_ramsey,0.5,2.0% Ramsey,risk_aversion,combined,0,-103.57987230976167,0.30501483694659315
5885,euler_ramsey,0.5,2.5% Ramsey,risk_aversion,combined,0,-34.90087244539637,0.24683058247288805
5886,euler_ramsey,0.5,1.5% Ramsey,risk_aversion,combined,0,677.1289126976211,0.802460600601145
5886,euler_ramsey,0.5,2.0% Ramsey,risk_aversion,combined,0,526.699737323835,0.7277216751473539
5886,euler_ramsey,0.5,2.5% Ramsey,risk_aversion,combined,0,397.9859946911469,0.6673801194350035
5887,euler_ramsey,0.5,1.5% Ramsey,risk_aversion,combined,0,-819.8081565091951,0.2914529608173839
5887,euler_ramsey,0.5,2.0% Ramsey,risk_aversion,combined,0,-501.7955718579118,0.21001407037209033
5887,euler_ramsey,0.5,2.5% Ramsey,risk_aversion,combined,0,-324.33441167552655,0.16116614358758366
5888,euler_ramsey,0.5,1.5% Ramsey,risk_aversion,combined,0,672.7250910200793,0.36081587711839636
5888,euler_ramsey,0.5,2.0% Ramsey,risk_aversion,combined,0,518.4699866501245,0.2727263622238677
5888,euler_ramsey,0.5,2.5% Ramsey,risk_aversion,combined,0,368.87910477755617,0.21717529833507188
5889,euler_ramsey,0.5,1.5% Ramsey,risk_aversion,combined,0,763.8336320838333,1.0820575861638382
5889,euler_ramsey,0.5,2.0% Ramsey,risk_aversion,combined,0,541.7111687417848,1.0475330851691678
5889,euler_ramsey,0.5,2.5% Ramsey,risk_aversion,combined,0,374.5675197895379,1.010206044993931
5890,euler_ramsey,0.5,1.5% Ramsey,risk_aversion,combined,0,545.6170349946295,1.240767875096064
5890,euler_ramsey,0.5,2.0% Ramsey,risk_aversion,combined,0,378.8106019173187,1.239739267215321
5890,euler_ramsey,0.5,2.5% Ramsey,risk_aversion,combined,0,266.7528545575156,1.2253301175418467
5891,euler_ramsey,0.5,1.5% Ramsey,risk_aversion,combined,0,623.2899467618794,2.2589252617179834
5891,euler_ramsey,0.5,2.0% Ramsey,risk_aversion,combined,0,515.7531796909973,2.5827038897256385
5891,euler_ramsey,0.5,2.5% Ramsey,risk_aversion,combined,0,404.1744481205123,2.833081596017361
5892,euler_ramsey,0.5,1.5% Ramsey,risk_aversion,combined,0,1116.4452853194184,1.362284279148465
5892,euler_ramsey,0.5,2.0% Ramsey,risk_aversion,combined,0,803.767248811358,1.393598762591624
5892,euler_ramsey,0.5,2.5% Ramsey,risk_aversion,combined,0,573.9225422632252,1.4030782940192317
5893,euler_ramsey,0.5,1.5% Ramsey,risk_aversion,combined,0,2862.4146440900054,1.9068568222840967
5893,euler_ramsey,0.5,2.0% Ramsey,risk_aversion,combined,0,2362.6725160483666,2.1012622039138087
5893,euler_ramsey,0.5,2.5% Ramsey,risk_aversion,combined,0,1756.0859442383298,2.240511955293447
5894,euler_ramsey,0.5,1.5% Ramsey,risk_aversion,combined,0,451.8047562736907,1.154407179744757
5894,euler_ramsey,0.5,2.0% Ramsey,risk_aversion,combined,0,406.0081766300923,1.1356032658569164
5894,euler_ramsey,0.5,2.5% Ramsey,risk_aversion,combined,0,331.26884976309594,1.1090824076277246
5895,euler_ramsey,0.5,1.5% Ramsey,risk_aversion,combined,0,1510.2375819135093,1.031898310790192
5895,euler_ramsey,0.5,2.0% Ramsey,risk_aversion,combined,0,1032.4091021397714,0.9922230771275585
5895,euler_ramsey,0.5,2.5% Ramsey,risk_aversion,combined,0,708.541390653983,0.9523060978412242
5896,euler_ramsey,0.5,1.5% Ramsey,risk_aversion,combined,0,620.2600208762893,0.873786409692224
5896,euler_ramsey,0.5,2.0% Ramsey,risk_aversion,combined,0,441.5634712011387,0.8057369328064409
5896,euler_ramsey,0.5,2.5% Ramsey,risk_aversion,combined,0,288.94709537311496,0.7482795017730153
5897,euler_ramsey,0.5,1.5% Ramsey,risk_aversion,combined,0,1.1248691373627966,0.45578826870708966
5897,euler_ramsey,0.5,2.0% Ramsey,risk_aversion,combined,0,-15.968906470678641,0.3630876005945976
5897,euler_ramsey,0.5,2.5% Ramsey,risk_aversion,combined,0,-24.264722022812762,0.30111349613755173
5898,euler_ramsey,0.5,1.5% Ramsey,risk_aversion,combined,0,-227.62299005831585,0.7945804724523899
5898,euler_ramsey,0.5,2.0% Ramsey,risk_aversion,combined,0,-215.79016641853966,0.7176988203570346
5898,euler_ramsey,0.5,2.5% Ramsey,risk_aversion,combined,0,-171.08170576820623,0.6560026754280636
5899,euler_ramsey,0.5,1.5% Ramsey,risk_aversion,combined,0,-243.2901872518086,0.4149375415867494
5899,euler_ramsey,0.5,2.0% Ramsey,risk_aversion,combined,0,-145.42692200884338,0.32362896429583604
5899,euler_ramsey,0.5,2.5% Ramsey,risk_aversion,combined,0,-94.01962062660013,0.2640354412882515
5900,euler_ramsey,0.5,1.5% Ramsey,risk_aversion,combined,0,770.8471899641203,1.2717188420943546
5900,euler_ramsey,0.5,2.0% Ramsey,risk_aversion,combined,0,711.7671414789344,1.2775511989529453
5900,euler_ramsey,0.5,2.5% Ramsey,risk_aversion,combined,0,571.9322970704421,1.2680443041775022
5901,euler_ramsey,0.5,1.5% Ramsey,risk_aversion,combined,0,219.37954409845455,2.083728928100853
5901,euler_ramsey,0.5,2.0% Ramsey,risk_aversion,combined,0,141.03069667171656,2.3390713007351147
5901,euler_ramsey,0.5,2.5% Ramsey,risk_aversion,combined,0,95.61384495695665,2.5295356707695493
5902,euler_ramsey,0.5,1.5% Ramsey,risk_aversion,combined,0,-200.59969828654246,0.6339397212815409
5902,euler_ramsey,0.5,2.0% Ramsey,risk_aversion,combined,0,-172.9381234007354,0.5445549516179525
5902,euler_ramsey,0.5,2.5% Ramsey,risk_aversion,combined,0,-124.1364094242638,0.47877021698501226
5903,euler_ramsey,0.5,1.5% Ramsey,risk_aversion,combined,0,1417.1078763185667,0.4832016582612043
5903,euler_ramsey,0.5,2.0% Ramsey,risk_aversion,combined,0,743.5287193537349,0.3899997078599745
5903,euler_ramsey,0.5,2.5% Ramsey,risk_aversion,combined,0,433.7807110347425,0.3267287510121509
5904,euler_ramsey,0.5,1.5% Ramsey,risk_aversion,combined,0,720.1273925262088,1.0261737231580008
5904,euler_ramsey,0.5,2.0% Ramsey,risk_aversion,combined,0,542.9655864370052,0.9818740303374224
5904,euler_ramsey,0.5,2.5% Ramsey,risk_aversion,combined,0,392.59713508572446,0.9384358299018968
5905,euler_ramsey,0.5,1.5% Ramsey,risk_aversion,combined,0,2724.749449766349,0.5295824668529536
5905,euler_ramsey,0.5,2.0% Ramsey,risk_aversion,combined,0,2476.0009764773913,0.4375311300893506
5905,euler_ramsey,0.5,2.5% Ramsey,risk_aversion,combined,0,1985.9984897023282,0.37332966595988987
5906,euler_ramsey,0.5,1.5% Ramsey,risk_aversion,combined,0,751.7233777441029,0.29105091622316737
5906,euler_ramsey,0.5,2.0% Ramsey,risk_aversion,combined,0,393.7974732881471,0.20958789262892613
5906,euler_ramsey,0.5,2.5% Ramsey,risk_aversion,combined,0,221.10846754619385,0.16075604339949204
5907,euler_ramsey,0.5,1.5% Ramsey,risk_aversion,combined,0,-1123.3897073530316,0.5145427446425742
5907,euler_ramsey,0.5,2.0% Ramsey,risk_aversion,combined,0,-663.0795584854644,0.42159216750108686
5907,euler_ramsey,0.5,2.5% Ramsey,risk_aversion,combined,0,-404.20363501047757,0.3573472549212008
5908,euler_ramsey,0.5,1.5% Ramsey,risk_aversion,combined,0,534.6850544084932,1.3102320182485516
5908,euler_ramsey,0.5,2.0% Ramsey,risk_aversion,combined,0,380.0523445422187,1.3257816253053685
5908,euler_ramsey,0.5,2.5% Ramsey,risk_aversion,combined,0,261.39923887461555,1.3232933927447252
5909,euler_ramsey,0.5,1.5% Ramsey,risk_aversion,combined,0,45.20786056434894,0.8081337110060635
5909,euler_ramsey,0.5,2.0% Ramsey,risk_aversion,combined,0,38.43112364618938,0.7328501775017962
5909,euler_ramsey,0.5,2.5% Ramsey,risk_aversion,combined,0,35.77556165649301,0.6719068832173427
5910,euler_ramsey,0.5,1.5% Ramsey,risk_aversion,combined,0,-21.89326125116379,0.8970732619374179
5910,euler_ramsey,0.5,2.0% Ramsey,risk_aversion,combined,0,-12.697887119304708,0.8328237321354328
5910,euler_ramsey,0.5,2.5% Ramsey,risk_aversion,combined,0,-3.77705386073452,0.7775624311982691
5911,euler_ramsey,0.5,1.5% Ramsey,risk_aversion,combined,0,197.1312399072973,0.3004566046901132
5911,euler_ramsey,0.5,2.0% Ramsey,risk_aversion,combined,0,158.21952282452602,0.21802344811542826
5911,euler_ramsey,0.5,2.5% Ramsey,risk_aversion,combined,0,130.39129914797695,0.16822638212285496
5912,euler_ramsey,0.5,1.5% Ramsey,risk_aversion,combined,0,-57.602925597263976,0.5143827018333675
5912,euler_ramsey,0.5,2.0% Ramsey,risk_aversion,combined,0,-36.95629370052356,0.4212529556138846
5912,euler_ramsey,0.5,2.5% Ramsey,risk_aversion,combined,0,-14.346952479606543,0.3569167528494161
5913,euler_ramsey,0.5,1.5% Ramsey,risk_aversion,combined,0,1563.0807808006252,0.7951067922607878
5913,euler_ramsey,0.5,2.0% Ramsey,risk_aversion,combined,0,1200.3991654939093,0.7197350317664403
5913,euler_ramsey,0.5,2.5% Ramsey,risk_aversion,combined,0,866.0440016754382,0.6590922071633426
5914,euler_ramsey,0.5,1.5% Ramsey,risk_aversion,combined,0,531.8559086848779,1.0070082655533334
5914,euler_ramsey,0.5,2.0% Ramsey,risk_aversion,combined,0,448.0252438596493,0.9597226870132665
5914,euler_ramsey,0.5,2.5% Ramsey,risk_aversion,combined,0,339.5601258818214,0.9145361551242194
5915,euler_ramsey,0.5,1.5% Ramsey,risk_aversion,combined,0,590.3586683195815,1.163676392138484
5915,euler_ramsey,0.5,2.0% Ramsey,risk_aversion,combined,0,445.04311694683827,1.1453840037215908
5915,euler_ramsey,0.5,2.5% Ramsey,risk_aversion,combined,0,320.0381824275229,1.11886820733083
5916,euler_ramsey,0.5,1.5% Ramsey,risk_aversion,combined,0,588.6382214608384,1.7725593268367086
5916,euler_ramsey,0.5,2.0% Ramsey,risk_aversion,combined,0,392.0338376832103,1.919027011367617
5916,euler_ramsey,0.5,2.5% Ramsey,risk_aversion,combined,0,248.88501811524662,2.0180754922356328
5917,euler_ramsey,0.5,1.5% Ramsey,risk_aversion,combined,0,-29.883372769331974,0.4754315547980619
5917,euler_ramsey,0.5,2.0% Ramsey,risk_aversion,combined,0,-14.793076560611508,0.38240099832409385
5917,euler_ramsey,0.5,2.5% Ramsey,risk_aversion,combined,0,-1.1929931555911901,0.3195072731867531
5918,euler_ramsey,0.5,1.5% Ramsey,risk_aversion,combined,0,1554.906417444981,1.014819276496299
5918,euler_ramsey,0.5,2.0% Ramsey,risk_aversion,combined,0,1533.8272995737386,0.9718562335564241
5918,euler_ramsey,0.5,2.5% Ramsey,risk_aversion,combined,0,1332.94210240277,0.9298066014481604
5919,euler_ramsey,0.5,1.5% Ramsey,risk_aversion,combined,0,47.62749597664784,0.9726809786384966
5919,euler_ramsey,0.5,2.0% Ramsey,risk_aversion,combined,0,24.247830616032996,0.9191425576819848
5919,euler_ramsey,0.5,2.5% Ramsey,risk_aversion,combined,0,12.930607967768566,0.8699261870416088
5920,euler_ramsey,0.5,1.5% Ramsey,risk_aversion,combined,0,2339.5226419474266,0.3616761627568156
5920,euler_ramsey,0.5,2.0% Ramsey,risk_aversion,combined,0,1229.6009477720663,0.2735468962617174
5920,euler_ramsey,0.5,2.5% Ramsey,risk_aversion,combined,0,690.9078587419654,0.21793724926441985
5921,euler_ramsey,0.5,1.5% Ramsey,risk_aversion,combined,0,801.870158458879,1.401527073059375
5921,euler_ramsey,0.5,2.0% Ramsey,risk_aversion,combined,0,653.0733183787205,1.4419228677980391
5921,euler_ramsey,0.5,2.5% Ramsey,risk_aversion,combined,0,486.320270678388,1.4580561727651702
5922,euler_ramsey,0.5,1.5% Ramsey,risk_aversion,combined,0,160.4729975023321,0.5363261683762793
5922,euler_ramsey,0.5,2.0% Ramsey,risk_aversion,combined,0,96.84080378153858,0.4431258263607309
5922,euler_ramsey,0.5,2.5% Ramsey,risk_aversion,combined,0,50.181600336237054,0.3780103486144995
5923,euler_ramsey,0.5,1.5% Ramsey,risk_aversion,combined,0,1308.3257613610974,0.4394478537632313
5923,euler_ramsey,0.5,2.0% Ramsey,risk_aversion,combined,0,1221.5387087456893,0.3473414056891397
5923,euler_ramsey,0.5,2.5% Ramsey,risk_aversion,combined,0,973.2020132255539,0.28632912916356845
5924,euler_ramsey,0.5,1.5% Ramsey,risk_aversion,combined,0,300.00272165454584,0.2772477015780845
5924,euler_ramsey,0.5,2.0% Ramsey,risk_aversion,combined,0,124.70908971348867,0.19748081661854688
5924,euler_ramsey,0.5,2.5% Ramsey,risk_aversion,combined,0,53.378769461719514,0.15019587045531047
5925,euler_ramsey,0.5,1.5% Ramsey,risk_aversion,combined,0,561.1030551263776,1.972937918047702
5925,euler_ramsey,0.5,2.0% Ramsey,risk_aversion,combined,0,321.71590722172317,2.1879000742891117
5925,euler_ramsey,0.5,2.5% Ramsey,risk_aversion,combined,0,205.25467838330047,2.343955731662336
5926,euler_ramsey,0.5,1.5% Ramsey,risk_aversion,combined,0,1393.6259115134687,0.5434093571949813
5926,euler_ramsey,0.5,2.0% Ramsey,risk_aversion,combined,0,1060.8282408058644,0.45033966984273616
5926,euler_ramsey,0.5,2.5% Ramsey,risk_aversion,combined,0,713.8911265570882,0.3850716833043164
5927,euler_ramsey,0.5,1.5% Ramsey,risk_aversion,combined,0,556.8462718578494,0.9556149087555608
5927,euler_ramsey,0.5,2.0% Ramsey,risk_aversion,combined,0,420.18783730518913,0.899568035427747
5927,euler_ramsey,0.5,2.5% Ramsey,risk_aversion,combined,0,310.4826274067985,0.8489333357137788
5928,euler_ramsey,0.5,1.5% Ramsey,risk_aversion,combined,0,143.33190108199352,1.1864679281677588
5928,euler_ramsey,0.5,2.0% Ramsey,risk_aversion,combined,0,90.58794300389648,1.1729620720062721
5928,euler_ramsey,0.5,2.5% Ramsey,risk_aversion,combined,0,57.99309438340209,1.1497114656566947
5929,euler_ramsey,0.5,1.5% Ramsey,risk_aversion,combined,0,440.9902495987575,1.0793600280895341
5929,euler_ramsey,0.5,2.0% Ramsey,risk_aversion,combined,0,282.7128648204206,1.0445131197629904
5929,euler_ramsey,0.5,2.5% Ramsey,risk_aversion,combined,0,189.59245877355212,1.0070301014322818
5930,euler_ramsey,0.5,1.5% Ramsey,risk_aversion,combined,0,1766.5962520984208,0.8239997373765107
5930,euler_ramsey,0.5,2.0% Ramsey,risk_aversion,combined,0,1320.1668269402257,0.7531607223268563
5930,euler_ramsey,0.5,2.5% Ramsey,risk_aversion,combined,0,934.1141161377375,0.6950293487705438
5931,euler_ramsey,0.5,1.5% Ramsey,risk_aversion,combined,0,2570.8124127157494,0.5865718101626881
5931,euler_ramsey,0.5,2.0% Ramsey,risk_aversion,combined,0,1671.7706895873214,0.4953064546021872
5931,euler_ramsey,0.5,2.5% Ramsey,risk_aversion,combined,0,1096.942737008749,0.4297879830115342
5932,euler_ramsey,0.5,1.5% Ramsey,risk_aversion,combined,0,1688.622824243097,0.17254500482309754
5932,euler_ramsey,0.5,2.0% Ramsey,risk_aversion,combined,0,712.4065751630039,0.11048568501985245
5932,euler_ramsey,0.5,2.5% Ramsey,risk_aversion,combined,0,394.41827181262335,0.07738790097418406
5933,euler_ramsey,0.5,1.5% Ramsey,risk_aversion,combined,0,-537.4039032623276,0.3460655320874619
5933,euler_ramsey,0.5,2.0% Ramsey,risk_aversion,combined,0,-430.25728845150275,0.259134998700291
5933,euler_ramsey,0.5,2.5% Ramsey,risk_aversion,combined,0,-303.9797447706429,0.2048604394297893
5934,euler_ramsey,0.5,1.5% Ramsey,risk_aversion,combined,0,1024.2560994692012,0.8085844018601166
5934,euler_ramsey,0.5,2.0% Ramsey,risk_aversion,combined,0,834.4579138382094,0.7334672927947719
5934,euler_ramsey,0.5,2.5% Ramsey,risk_aversion,combined,0,592.0203920206362,0.672628897165392
5935,euler_ramsey,0.5,1.5% Ramsey,risk_aversion,combined,0,589.7033275333146,1.5670197663024545
5935,euler_ramsey,0.5,2.0% Ramsey,risk_aversion,combined,0,332.4359643035482,1.649599430612507
5935,euler_ramsey,0.5,2.5% Ramsey,risk_aversion,combined,0,191.51315436100558,1.6974420848312992
5936,euler_ramsey,0.5,1.5% Ramsey,risk_aversion,combined,0,126.71228859272205,0.3039054034527257
5936,euler_ramsey,0.5,2.0% Ramsey,risk_aversion,combined,0,41.14649578634973,0.22098334215722704
5936,euler_ramsey,0.5,2.5% Ramsey,risk_aversion,combined,0,13.47967249332572,0.17077573223951834
5937,euler_ramsey,0.5,1.5% Ramsey,risk_aversion,combined,0,166.05189084310453,1.3540499440625575
5937,euler_ramsey,0.5,2.0% Ramsey,risk_aversion,combined,0,121.81889354324511,1.3797226458365424
5937,euler_ramsey,0.5,2.5% Ramsey,risk_aversion,combined,0,90.7701887586647,1.384467608952802
5938,euler_ramsey,0.5,1.5% Ramsey,risk_aversion,combined,0,2707.9235943299473,0.33213404587742956
5938,euler_ramsey,0.5,2.0% Ramsey,risk_aversion,combined,0,1644.571148606934,0.24653420708356943
5938,euler_ramsey,0.5,2.5% Ramsey,risk_aversion,combined,0,1014.8958664870527,0.19359393830897773
5939,euler_ramsey,0.5,1.5% Ramsey,risk_aversion,combined,0,1451.7209915220851,0.8485200404289189
5939,euler_ramsey,0.5,2.0% Ramsey,risk_aversion,combined,0,1170.075518761857,0.7782922083805124
5939,euler_ramsey,0.5,2.5% Ramsey,risk_aversion,combined,0,848.1251525147123,0.7199157277401443
5940,euler_ramsey,0.5,1.5% Ramsey,risk_aversion,combined,0,306.6720003387767,0.35231857394124877
5940,euler_ramsey,0.5,2.0% Ramsey,risk_aversion,combined,0,283.2306192554771,0.2650190237215835
5940,euler_ramsey,0.5,2.5% Ramsey,risk_aversion,combined,0,228.81963109405604,0.21025813165380616
5941,euler_ramsey,0.5,1.5% Ramsey,risk_aversion,combined,0,1818.6195883777673,1.0671177735440482
5941,euler_ramsey,0.5,2.0% Ramsey,risk_aversion,combined,0,1446.5221319908605,1.032087231689176
5941,euler_ramsey,0.5,2.5% Ramsey,risk_aversion,combined,0,1090.4926024150857,0.9948572567316147
5942,euler_ramsey,0.5,1.5% Ramsey,risk_aversion,combined,0,-135.08061315583865,0.8925006427370751
5942,euler_ramsey,0.5,2.0% Ramsey,risk_aversion,combined,0,-109.13410230706648,0.8269336539159218
5942,euler_ramsey,0.5,2.5% Ramsey,risk_aversion,combined,0,-80.09589289568551,0.7707964005670974
5943,euler_ramsey,0.5,1.5% Ramsey,risk_aversion,combined,0,425.08719997891274,2.8559897356283366
5943,euler_ramsey,0.5,2.0% Ramsey,risk_aversion,combined,0,274.07404894301703,3.44331680694558
5943,euler_ramsey,0.5,2.5% Ramsey,risk_aversion,combined,0,177.89205215606825,3.935512226287615
5944,euler_ramsey,0.5,1.5% Ramsey,risk_aversion,combined,0,1353.3301751886522,0.31060138288683303
5944,euler_ramsey,0.5,2.0% Ramsey,risk_aversion,combined,0,702.1931727021957,0.22697043897669622
5944,euler_ramsey,0.5,2.5% Ramsey,risk_aversion,combined,0,391.0275111823054,0.17607576701284017
5945,euler_ramsey,0.5,1.5% Ramsey,risk_aversion,combined,0,407.42042030638237,0.5040586013753239
5945,euler_ramsey,0.5,2.0% Ramsey,risk_aversion,combined,0,287.836469842563,0.4107650733958013
5945,euler_ramsey,0.5,2.5% Ramsey,risk_aversion,combined,0,184.94306775018998,0.34669317863648846
5946,euler_ramsey,0.5,1.5% Ramsey,risk_aversion,combined,0,596.813014080585,1.158145229323607
5946,euler_ramsey,0.5,2.0% Ramsey,risk_aversion,combined,0,485.0478070316084,1.1388018987171675
5946,euler_ramsey,0.5,2.5% Ramsey,risk_aversion,combined,0,377.4818307829768,1.111624047008211
5947,euler_ramsey,0.5,1.5% Ramsey,risk_aversion,combined,0,-4061.8805222202877,0.22075226777076884
5947,euler_ramsey,0.5,2.0% Ramsey,risk_aversion,combined,0,-1945.5023258395192,0.14945104203762993
5947,euler_ramsey,0.5,2.5% Ramsey,risk_aversion,combined,0,-1118.253952227757,0.10928909720882082
5948,euler_ramsey,0.5,1.5% Ramsey,risk_aversion,combined,0,591.8148609754528,0.4498766881978511
5948,euler_ramsey,0.5,2.0% Ramsey,risk_aversion,combined,0,334.7898811899122,0.35734280852238853
5948,euler_ramsey,0.5,2.5% Ramsey,risk_aversion,combined,0,212.85584996456595,0.295692789144226
5949,euler_ramsey,0.5,1.5% Ramsey,risk_aversion,combined,0,773.7028143685372,0.603178935747738
5949,euler_ramsey,0.5,2.0% Ramsey,risk_aversion,combined,0,572.076235516391,0.5121065660895473
5949,euler_ramsey,0.5,2.5% Ramsey,risk_aversion,combined,0,380.0292596072493,0.4461774901366789
5950,euler_ramsey,0.5,1.5% Ramsey,risk_aversion,combined,0,848.306945241961,1.6820569599894277
5950,euler_ramsey,0.5,2.0% Ramsey,risk_aversion,combined,0,634.5527415286793,1.800218986696407
5950,euler_ramsey,0.5,2.5% Ramsey,risk_aversion,combined,0,439.8315807658823,1.8764378615119524
5951,euler_ramsey,0.5,1.5% Ramsey,risk_aversion,combined,0,682.3368264214881,0.8299188344395064
5951,euler_ramsey,0.5,2.0% Ramsey,risk_aversion,combined,0,542.0524329032515,0.7575541135736924
5951,euler_ramsey,0.5,2.5% Ramsey,risk_aversion,combined,0,390.78794399708516,0.6981075774460356
5952,euler_ramsey,0.5,1.5% Ramsey,risk_aversion,combined,0,850.3734787513972,0.6862904218072502
5952,euler_ramsey,0.5,2.0% Ramsey,risk_aversion,combined,0,635.2024344600815,0.5995632752651372
5952,euler_ramsey,0.5,2.5% Ramsey,risk_aversion,combined,0,478.15745577570465,0.5340384399332634
5953,euler_ramsey,0.5,1.5% Ramsey,risk_aversion,combined,0,442.2648401712897,1.0878865411627654
5953,euler_ramsey,0.5,2.0% Ramsey,risk_aversion,combined,0,368.50183816684137,1.055972178878007
5953,euler_ramsey,0.5,2.5% Ramsey,risk_aversion,combined,0,285.2643406018213,1.020597655859419
5954,euler_ramsey,0.5,1.5% Ramsey,risk_aversion,combined,0,1215.6840650056981,0.35780256245470227
5954,euler_ramsey,0.5,2.0% Ramsey,risk_aversion,combined,0,857.4145430352132,0.26992348070518135
5954,euler_ramsey,0.5,2.5% Ramsey,risk_aversion,combined,0,608.859770039686,0.21462048156490002
5955,euler_ramsey,0.5,1.5% Ramsey,risk_aversion,combined,0,292.8205176784459,1.7584855158797579
5955,euler_ramsey,0.5,2.0% Ramsey,risk_aversion,combined,0,208.26333600646603,1.899884071043523
5955,euler_ramsey,0.5,2.5% Ramsey,risk_aversion,combined,0,143.47830832210025,1.9946554923708444
5956,euler_ramsey,0.5,1.5% Ramsey,risk_aversion,combined,0,702.358131394696,2.0031837660580245
5956,euler_ramsey,0.5,2.0% Ramsey,risk_aversion,combined,0,527.7187425243637,2.2301176465669585
5956,euler_ramsey,0.5,2.5% Ramsey,risk_aversion,combined,0,396.5247549897077,2.3965452514820247
5957,euler_ramsey,0.5,1.5% Ramsey,risk_aversion,combined,0,1442.3853036092305,0.47973035520792523
5957,euler_ramsey,0.5,2.0% Ramsey,risk_aversion,combined,0,901.3552930640284,0.3866524661074414
5957,euler_ramsey,0.5,2.5% Ramsey,risk_aversion,combined,0,552.4745301429496,0.3235789340852216
5958,euler_ramsey,0.5,1.5% Ramsey,risk_aversion,combined,0,392.3902804124375,1.0834157641315139
5958,euler_ramsey,0.5,2.0% Ramsey,risk_aversion,combined,0,296.65618469875017,1.0494582151982244
5958,euler_ramsey,0.5,2.5% Ramsey,risk_aversion,combined,0,212.96974689083925,1.012558681765518
5959,euler_ramsey,0.5,1.5% Ramsey,risk_aversion,combined,0,180.82077592904156,2.057160369930793
5959,euler_ramsey,0.5,2.0% Ramsey,risk_aversion,combined,0,145.00819886349737,2.3025900249588567
5959,euler_ramsey,0.5,2.5% Ramsey,risk_aversion,combined,0,111.11224859689706,2.484529264024915
5960,euler_ramsey,0.5,1.5% Ramsey,risk_aversion,combined,0,1021.2587216758834,0.38079845873941526
5960,euler_ramsey,0.5,2.0% Ramsey,risk_aversion,combined,0,927.5848190733876,0.2916113285831905
5960,euler_ramsey,0.5,2.5% Ramsey,risk_aversion,combined,0,742.0514919098647,0.234590843605066
5961,euler_ramsey,0.5,1.5% Ramsey,risk_aversion,combined,0,278.2305686238583,3.506523276085181
5961,euler_ramsey,0.5,2.0% Ramsey,risk_aversion,combined,0,217.8689429356134,4.425564451131161
5961,euler_ramsey,0.5,2.5% Ramsey,risk_aversion,combined,0,159.2481320660881,5.239982810220518
5962,euler_ramsey,0.5,1.5% Ramsey,risk_aversion,combined,0,2406.306364152505,0.5219950919816143
5962,euler_ramsey,0.5,2.0% Ramsey,risk_aversion,combined,0,1687.073915473894,0.4294667747042509
5962,euler_ramsey,0.5,2.5% Ramsey,risk_aversion,combined,0,1134.7301533986029,0.3652333793221108
5963,euler_ramsey,0.5,1.5% Ramsey,risk_aversion,combined,0,7443.713279123765,0.609327528932773
5963,euler_ramsey,0.5,2.0% Ramsey,risk_aversion,combined,0,5372.228838045698,0.5204299899108743
5963,euler_ramsey,0.5,2.5% Ramsey,risk_aversion,combined,0,3558.807701368757,0.4556948458005531
5964,euler_ramsey,0.5,1.5% Ramsey,risk_aversion,combined,0,1301.7834965597576,1.2190775150269668
5964,euler_ramsey,0.5,2.0% Ramsey,risk_aversion,combined,0,1080.8452855366031,1.2135356265425294
5964,euler_ramsey,0.5,2.5% Ramsey,risk_aversion,combined,0,840.9845532346252,1.1959356119932987
5965,euler_ramsey,0.5,1.5% Ramsey,risk_aversion,combined,0,3026.951593691706,0.23911201654548347
5965,euler_ramsey,0.5,2.0% Ramsey,risk_aversion,combined,0,1004.8967347167254,0.16489519821793755
5965,euler_ramsey,0.5,2.5% Ramsey,risk_aversion,combined,0,561.3759970646477,0.12232552698075151
5966,euler_ramsey,0.5,1.5% Ramsey,risk_aversion,combined,0,780.7648861571234,1.4945887283569652
5966,euler_ramsey,0.5,2.0% Ramsey,risk_aversion,combined,0,547.8566550573433,1.5575845502292855
5966,euler_ramsey,0.5,2.5% Ramsey,risk_aversion,combined,0,377.33447663281555,1.5905394676557836
5967,euler_ramsey,0.5,1.5% Ramsey,risk_aversion,combined,0,-2.970413241453484,2.5568393977911117
5967,euler_ramsey,0.5,2.0% Ramsey,risk_aversion,combined,0,-0.46817976752535007,3.0052446089167484
5967,euler_ramsey,0.5,2.5% Ramsey,risk_aversion,combined,0,5.794087236929978,3.367606526522395
5968,euler_ramsey,0.5,1.5% Ramsey,risk_aversion,combined,0,2802.331581559513,0.42665930916814027
5968,euler_ramsey,0.5,2.0% Ramsey,risk_aversion,combined,0,1070.8181213160246,0.33514512207731034
5968,euler_ramsey,0.5,2.5% Ramsey,risk_aversion,combined,0,547.9136781079541,0.274965432115788
5969,euler_ramsey,0.5,1.5% Ramsey,risk_aversion,combined,0,411.50080418903866,1.0848547925150724
5969,euler_ramsey,0.5,2.0% Ramsey,risk_aversion,combined,0,314.89977330801923,1.0509490331353393
5969,euler_ramsey,0.5,2.5% Ramsey,risk_aversion,combined,0,228.9000791800275,1.0140474153050731
5970,euler_ramsey,0.5,1.5% Ramsey,risk_aversion,combined,0,224.40724230156957,1.402230216863871
5970,euler_ramsey,0.5,2.0% Ramsey,risk_aversion,combined,0,130.74094601536694,1.4401041163031445
5970,euler_ramsey,0.5,2.5% Ramsey,risk_aversion,combined,0,85.91445614674801,1.4538905560936628
5971,euler_ramsey,0.5,1.5% Ramsey,risk_aversion,combined,0,755.5558498605282,0.3110962753507762
5971,euler_ramsey,0.5,2.0% Ramsey,risk_aversion,combined,0,331.4745249934248,0.22740250444286195
5971,euler_ramsey,0.5,2.5% Ramsey,risk_aversion,combined,0,156.64711406562267,0.1764513729488307
5972,euler_ramsey,0.5,1.5% Ramsey,risk_aversion,combined,0,1089.3949030521194,1.2072120644081525
5972,euler_ramsey,0.5,2.0% Ramsey,risk_aversion,combined,0,994.0642891316438,1.1990516223168208
5972,euler_ramsey,0.5,2.5% Ramsey,risk_aversion,combined,0,774.7978788846891,1.1797383092178548
5973,euler_ramsey,0.5,1.5% Ramsey,risk_aversion,combined,0,341.16495087762485,1.9777632569829657
5973,euler_ramsey,0.5,2.0% Ramsey,risk_aversion,combined,0,268.32731067032415,2.1943588416446937
5973,euler_ramsey,0.5,2.5% Ramsey,risk_aversion,combined,0,201.63500577911867,2.3517644973893197
5974,euler_ramsey,0.5,1.5% Ramsey,risk_aversion,combined,0,322.0313599868088,0.3138061811483264
5974,euler_ramsey,0.5,2.0% Ramsey,risk_aversion,combined,0,178.99775752259643,0.22983372767585342
5974,euler_ramsey,0.5,2.5% Ramsey,risk_aversion,combined,0,113.8624017934819,0.1786095320827869
5975,euler_ramsey,0.5,1.5% Ramsey,risk_aversion,combined,0,109.68044736230067,2.00567671209881
5975,euler_ramsey,0.5,2.0% Ramsey,risk_aversion,combined,0,75.56885566161786,2.232209871501633
5975,euler_ramsey,0.5,2.5% Ramsey,risk_aversion,combined,0,54.8713627661231,2.3979356265463965
5976,euler_ramsey,0.5,1.5% Ramsey,risk_aversion,combined,0,188.19777484114985,2.1622492403064464
5976,euler_ramsey,0.5,2.0% Ramsey,risk_aversion,combined,0,149.5800043737971,2.4476500996163426
5976,euler_ramsey,0.5,2.5% Ramsey,risk_aversion,combined,0,121.9650585384872,2.6642430724407866
5977,euler_ramsey,0.5,1.5% Ramsey,risk_aversion,combined,0,1969.4441002702774,0.48932612236051176
5977,euler_ramsey,0.5,2.0% Ramsey,risk_aversion,combined,0,1823.618693195638,0.39634141018051067
5977,euler_ramsey,0.5,2.5% Ramsey,risk_aversion,combined,0,1519.2487355706003,0.3329744014762041
5978,euler_ramsey,0.5,1.5% Ramsey,risk_aversion,combined,0,93.44381392603877,2.6205165469426457
5978,euler_ramsey,0.5,2.0% Ramsey,risk_aversion,combined,0,81.81738094107425,3.0971409181744223
5978,euler_ramsey,0.5,2.5% Ramsey,risk_aversion,combined,0,66.26748047464962,3.485401254373157
5979,euler_ramsey,0.5,1.5% Ramsey,risk_aversion,combined,0,470.14328136355624,1.8177867491052269
5979,euler_ramsey,0.5,2.0% Ramsey,risk_aversion,combined,0,342.5316733706723,1.9786144924117646
5979,euler_ramsey,0.5,2.5% Ramsey,risk_aversion,combined,0,245.77059996668387,2.089397778390422
5980,euler_ramsey,0.5,1.5% Ramsey,risk_aversion,combined,0,373.831493920216,1.8197038560934673
5980,euler_ramsey,0.5,2.0% Ramsey,risk_aversion,combined,0,275.6061596479611,1.9814952857370784
5980,euler_ramsey,0.5,2.5% Ramsey,risk_aversion,combined,0,191.69373633320768,2.0931645224899875
5981,euler_ramsey,0.5,1.5% Ramsey,risk_aversion,combined,0,472.2138702357746,1.3036480894505271
5981,euler_ramsey,0.5,2.0% Ramsey,risk_aversion,combined,0,337.1015867023202,1.317097200811027
5981,euler_ramsey,0.5,2.5% Ramsey,risk_aversion,combined,0,227.8591216664791,1.31292110219896
5982,euler_ramsey,0.5,1.5% Ramsey,risk_aversion,combined,0,110.59760066278415,1.7323852554913808
5982,euler_ramsey,0.5,2.0% Ramsey,risk_aversion,combined,0,85.77854255144969,1.8656294892612837
5982,euler_ramsey,0.5,2.5% Ramsey,risk_aversion,combined,0,65.96405518569277,1.9537977019533321
5983,euler_ramsey,0.5,1.5% Ramsey,risk_aversion,combined,0,231.53085990503558,1.561990790111511
5983,euler_ramsey,0.5,2.0% Ramsey,risk_aversion,combined,0,129.29685628152023,1.6430396506900686
5983,euler_ramsey,0.5,2.5% Ramsey,risk_aversion,combined,0,75.83226702188811,1.6896432206309118
5984,euler_ramsey,0.5,1.5% Ramsey,risk_aversion,combined,0,348.57820529472104,0.7489422532369697
5984,euler_ramsey,0.5,2.0% Ramsey,risk_aversion,combined,0,257.9718904361917,0.6681773377957931
5984,euler_ramsey,0.5,2.5% Ramsey,risk_aversion,combined,0,189.7756812349379,0.6049703795342853
5985,euler_ramsey,0.5,1.5% Ramsey,risk_aversion,combined,0,-856.6210227962829,0.1322360822051087
5985,euler_ramsey,0.5,2.0% Ramsey,risk_aversion,combined,0,-525.3400090903174,0.0797472188901094
5985,euler_ramsey,0.5,2.5% Ramsey,risk_aversion,combined,0,-291.41081320731945,0.05332561211956786
5986,euler_ramsey,0.5,1.5% Ramsey,risk_aversion,combined,0,-35.57908305570806,1.0726419974605506
5986,euler_ramsey,0.5,2.0% Ramsey,risk_aversion,combined,0,-24.31695271766676,1.0363166102620367
5986,euler_ramsey,0.5,2.5% Ramsey,risk_aversion,combined,0,-13.581576515780052,0.9977996150980069
5987,euler_ramsey,0.5,1.5% Ramsey,risk_aversion,combined,0,492.69662315826787,2.2722258918583593
5987,euler_ramsey,0.5,2.0% Ramsey,risk_aversion,combined,0,299.90563712959516,2.6017083008310276
5987,euler_ramsey,0.5,2.5% Ramsey,risk_aversion,combined,0,198.84217359629696,2.8571363670416474
5988,euler_ramsey,0.5,1.5% Ramsey,risk_aversion,combined,0,-234.80897322607743,0.6181354739195295
5988,euler_ramsey,0.5,2.0% Ramsey,risk_aversion,combined,0,-137.63966790485054,0.5275946041118383
5988,euler_ramsey,0.5,2.5% Ramsey,risk_aversion,combined,0,-80.00248684749239,0.4615475365913849
5989,euler_ramsey,0.5,1.5% Ramsey,risk_aversion,combined,0,259.45629567383844,1.5633240429918345
5989,euler_ramsey,0.5,2.0% Ramsey,risk_aversion,combined,0,193.72492220496406,1.645195445113197
5989,euler_ramsey,0.5,2.5% Ramsey,risk_aversion,combined,0,144.72512934232347,1.6925503037929277
5990,euler_ramsey,0.5,1.5% Ramsey,risk_aversion,combined,0,634.9742588694328,0.9224285382786528
5990,euler_ramsey,0.5,2.0% Ramsey,risk_aversion,combined,0,470.8627466196456,0.8615239682267989
5990,euler_ramsey,0.5,2.5% Ramsey,risk_aversion,combined,0,324.71557625594244,0.8081001412225965
5991,euler_ramsey,0.5,1.5% Ramsey,risk_aversion,combined,0,244.4456392825678,2.0368243464589058
5991,euler_ramsey,0.5,2.0% Ramsey,risk_aversion,combined,0,171.10874312945566,2.2747247827171675
5991,euler_ramsey,0.5,2.5% Ramsey,risk_aversion,combined,0,120.63584436961148,2.4501600675580177
5992,euler_ramsey,0.5,1.5% Ramsey,risk_aversion,combined,0,3915.6376954195644,0.5496505799661269
5992,euler_ramsey,0.5,2.0% Ramsey,risk_aversion,combined,0,2621.052547342237,0.45744261905219824
5992,euler_ramsey,0.5,2.5% Ramsey,risk_aversion,combined,0,1726.210436854461,0.3924981141116039
5993,euler_ramsey,0.5,1.5% Ramsey,risk_aversion,combined,0,291.364645318087,2.677227442499395
5993,euler_ramsey,0.5,2.0% Ramsey,risk_aversion,combined,0,176.3167661724936,3.1796143381085953
5993,euler_ramsey,0.5,2.5% Ramsey,risk_aversion,combined,0,110.91770708761574,3.5917766678673644
5994,euler_ramsey,0.5,1.5% Ramsey,risk_aversion,combined,0,1863.3401193187715,0.2904345023664282
5994,euler_ramsey,0.5,2.0% Ramsey,risk_aversion,combined,0,919.561725024541,0.20908306234974375
5994,euler_ramsey,0.5,2.5% Ramsey,risk_aversion,combined,0,542.8369028372122,0.16033642781037752
5995,euler_ramsey,0.5,1.5% Ramsey,risk_aversion,combined,0,591.2861479006535,1.3614442337935342
5995,euler_ramsey,0.5,2.0% Ramsey,risk_aversion,combined,0,452.5674511249012,1.3885958219521348
5995,euler_ramsey,0.5,2.5% Ramsey,risk_aversion,combined,0,313.39015489153627,1.3943676195221806
5996,euler_ramsey,0.5,1.5% Ramsey,risk_aversion,combined,0,376.41819256721493,0.5866629385339697
5996,euler_ramsey,0.5,2.0% Ramsey,risk_aversion,combined,0,270.63812045702696,0.4945755449854134
5996,euler_ramsey,0.5,2.5% Ramsey,risk_aversion,combined,0,180.0194738653005,0.42852312349947275
5997,euler_ramsey,0.5,1.5% Ramsey,risk_aversion,combined,0,-191.08185556708307,1.0882367076987136
5997,euler_ramsey,0.5,2.0% Ramsey,risk_aversion,combined,0,-144.31529830838664,1.0551110405886273
5997,euler_ramsey,0.5,2.5% Ramsey,risk_aversion,combined,0,-102.47739312181702,1.0187158191782877
5998,euler_ramsey,0.5,1.5% Ramsey,risk_aversion,combined,0,5395.892787440163,0.3604736848077546
5998,euler_ramsey,0.5,2.0% Ramsey,risk_aversion,combined,0,5248.453958408422,0.2728523785014388
5998,euler_ramsey,0.5,2.5% Ramsey,risk_aversion,combined,0,4266.972266523574,0.2175488873564153
5999,euler_ramsey,0.5,1.5% Ramsey,risk_aversion,combined,0,1209.5399031905863,0.3139282224948371
5999,euler_ramsey,0.5,2.0% Ramsey,risk_aversion,combined,0,1102.954465422068,0.2300088609552566
5999,euler_ramsey,0.5,2.5% Ramsey,risk_aversion,combined,0,877.0501645811486,0.17880308618529722
6000,euler_ramsey,0.5,1.5% Ramsey,risk_aversion,combined,0,1192.5213970666807,1.3887192509149422
6000,euler_ramsey,0.5,2.0% Ramsey,risk_aversion,combined,0,969.4031761312535,1.4240830799214201
6000,euler_ramsey,0.5,2.5% Ramsey,risk_aversion,combined,0,745.5965534263939,1.4363288160339989
6001,euler_ramsey,0.5,1.5% Ramsey,risk_aversion,combined,0,3866.1987665357187,0.4374466656930068
6001,euler_ramsey,0.5,2.0% Ramsey,risk_aversion,combined,0,2195.1331811277896,0.34613927994564064
6001,euler_ramsey,0.5,2.5% Ramsey,risk_aversion,combined,0,1300.8868460769777,0.28564003977880403
6002,euler_ramsey,0.5,1.5% Ramsey,risk_aversion,combined,0,1134.7519889716448,1.1970561444867707
6002,euler_ramsey,0.5,2.0% Ramsey,risk_aversion,combined,0,907.0249624826022,1.1872565436997806
6002,euler_ramsey,0.5,2.5% Ramsey,risk_aversion,combined,0,713.2558131927879,1.1668078351262052
6003,euler_ramsey,0.5,1.5% Ramsey,risk_aversion,combined,0,-29.712465242250456,0.4940945701255077
6003,euler_ramsey,0.5,2.0% Ramsey,risk_aversion,combined,0,24.762093491860284,0.40119612803955107
6003,euler_ramsey,0.5,2.5% Ramsey,risk_aversion,combined,0,44.7899719097269,0.3376996105027306
6004,euler_ramsey,0.5,1.5% Ramsey,risk_aversion,combined,0,-16.26921206545988,1.6386286014982507
6004,euler_ramsey,0.5,2.0% Ramsey,risk_aversion,combined,0,-5.42199050791724,1.7425968249572092
6004,euler_ramsey,0.5,2.5% Ramsey,risk_aversion,combined,0,6.360587520301861,1.8072929327667733
6005,euler_ramsey,0.5,1.5% Ramsey,risk_aversion,combined,0,1111.4463649579438,0.7741204051847053
6005,euler_ramsey,0.5,2.0% Ramsey,risk_aversion,combined,0,949.5375401970196,0.6964564350572175
6005,euler_ramsey,0.5,2.5% Ramsey,risk_aversion,combined,0,775.8564417492596,0.6347439620569
6006,euler_ramsey,0.5,1.5% Ramsey,risk_aversion,combined,0,2053.411556609899,0.8512373538293405
6006,euler_ramsey,0.5,2.0% Ramsey,risk_aversion,combined,0,1561.8982192407202,0.7814389762757634
6006,euler_ramsey,0.5,2.5% Ramsey,risk_aversion,combined,0,1059.1999377096402,0.7233410583129016
6007,euler_ramsey,0.5,1.5% Ramsey,risk_aversion,combined,0,-564.432847138842,0.7917880126844308
6007,euler_ramsey,0.5,2.0% Ramsey,risk_aversion,combined,0,-461.36381640465675,0.7149924168370908
6007,euler_ramsey,0.5,2.5% Ramsey,risk_aversion,combined,0,-336.4596901522353,0.6533800719846874
6008,euler_ramsey,0.5,1.5% Ramsey,risk_aversion,combined,0,955.7314527765755,0.8988218132205976
6008,euler_ramsey,0.5,2.0% Ramsey,risk_aversion,combined,0,686.1814144583966,0.8356208394668344
6008,euler_ramsey,0.5,2.5% Ramsey,risk_aversion,combined,0,499.0150969528283,0.7811114019122427
6009,euler_ramsey,0.5,1.5% Ramsey,risk_aversion,combined,0,1400.4854829138478,1.3315974995977757
6009,euler_ramsey,0.5,2.0% Ramsey,risk_aversion,combined,0,842.4618141364731,1.3530362753908247
6009,euler_ramsey,0.5,2.5% Ramsey,risk_aversion,combined,0,534.7861401256697,1.3548716588729628
6010,euler_ramsey,0.5,1.5% Ramsey,risk_aversion,combined,0,192.6692312689849,1.7426912371112997
6010,euler_ramsey,0.5,2.0% Ramsey,risk_aversion,combined,0,158.15121836605434,1.8791599109345585
6010,euler_ramsey,0.5,2.5% Ramsey,risk_aversion,combined,0,121.32101211473366,1.9699422551027543
6011,euler_ramsey,0.5,1.5% Ramsey,risk_aversion,combined,0,1026.630863221673,0.7736026843241317
6011,euler_ramsey,0.5,2.0% Ramsey,risk_aversion,combined,0,929.5490777841301,0.6942608661966168
6011,euler_ramsey,0.5,2.5% Ramsey,risk_aversion,combined,0,749.0038316029509,0.6313860284107496
6012,euler_ramsey,0.5,1.5% Ramsey,risk_aversion,combined,0,123.93969381947682,2.080003522526915
6012,euler_ramsey,0.5,2.0% Ramsey,risk_aversion,combined,0,100.1148201656878,2.33356268736181
6012,euler_ramsey,0.5,2.5% Ramsey,risk_aversion,combined,0,75.36879405243813,2.5224750368390683
6013,euler_ramsey,0.5,1.5% Ramsey,risk_aversion,combined,0,3262.4488219989958,0.49491418844141
6013,euler_ramsey,0.5,2.0% Ramsey,risk_aversion,combined,0,2282.3677732347223,0.4020193164181709
6013,euler_ramsey,0.5,2.5% Ramsey,risk_aversion,combined,0,1527.65940917189,0.33850477060744727
6014,euler_ramsey,0.5,1.5% Ramsey,risk_aversion,combined,0,523.3185424144535,1.1478915336998905
6014,euler_ramsey,0.5,2.0% Ramsey,risk_aversion,combined,0,445.2031454062798,1.1267781127447596
6014,euler_ramsey,0.5,2.5% Ramsey,risk_aversion,combined,0,337.0121061750548,1.0985106290225426
6015,euler_ramsey,0.5,1.5% Ramsey,risk_aversion,combined,0,753.8142439147401,0.4981846074131766
6015,euler_ramsey,0.5,2.0% Ramsey,risk_aversion,combined,0,675.4173822984175,0.40512264589771596
6015,euler_ramsey,0.5,2.5% Ramsey,risk_aversion,combined,0,535.8411442045739,0.34139252757771604
6016,euler_ramsey,0.5,1.5% Ramsey,risk_aversion,combined,0,717.90937880324,1.022781911157625
6016,euler_ramsey,0.5,2.0% Ramsey,risk_aversion,combined,0,688.4376791843176,0.9784815825349055
6016,euler_ramsey,0.5,2.5% Ramsey,risk_aversion,combined,0,581.7675691140549,0.9351723306199465
6017,euler_ramsey,0.5,1.5% Ramsey,risk_aversion,combined,0,251.92264770106524,1.0213417453397067
6017,euler_ramsey,0.5,2.0% Ramsey,risk_aversion,combined,0,203.81983029381496,0.9767767122021324
6017,euler_ramsey,0.5,2.5% Ramsey,risk_aversion,combined,0,150.0641613773272,0.9332135177958393
6018,euler_ramsey,0.5,1.5% Ramsey,risk_aversion,combined,0,3175.7002939984945,0.5022457223313077
6018,euler_ramsey,0.5,2.0% Ramsey,risk_aversion,combined,0,2573.018146945361,0.4102602581545473
6018,euler_ramsey,0.5,2.5% Ramsey,risk_aversion,combined,0,1893.769135946618,0.34702001142712374
6019,euler_ramsey,0.5,1.5% Ramsey,risk_aversion,combined,0,525.1165113652273,0.3523935860819082
6019,euler_ramsey,0.5,2.0% Ramsey,risk_aversion,combined,0,493.43422197104763,0.2650957224538832
6019,euler_ramsey,0.5,2.5% Ramsey,risk_aversion,combined,0,403.7293910511975,0.2103324098315582
6020,euler_ramsey,0.5,1.5% Ramsey,risk_aversion,combined,0,401.36585584461784,0.5000282401050811
6020,euler_ramsey,0.5,2.0% Ramsey,risk_aversion,combined,0,258.3089955560169,0.40692282777506206
6020,euler_ramsey,0.5,2.5% Ramsey,risk_aversion,combined,0,176.2883990409408,0.343103051167513
6021,euler_ramsey,0.5,1.5% Ramsey,risk_aversion,combined,0,1545.070419531307,0.6926113229751298
6021,euler_ramsey,0.5,2.0% Ramsey,risk_aversion,combined,0,1483.2434855040567,0.6070560579884121
6021,euler_ramsey,0.5,2.5% Ramsey,risk_aversion,combined,0,1210.5804549013183,0.5421289246306249
6022,euler_ramsey,0.5,1.5% Ramsey,risk_aversion,combined,0,307.24833572862855,1.2937276205150021
6022,euler_ramsey,0.5,2.0% Ramsey,risk_aversion,combined,0,269.77858375665033,1.3041001182722665
6022,euler_ramsey,0.5,2.5% Ramsey,risk_aversion,combined,0,225.6222049214261,1.2977024610899484
6023,euler_ramsey,0.5,1.5% Ramsey,risk_aversion,combined,0,3624.5161209881453,0.6492232904434534
6023,euler_ramsey,0.5,2.0% Ramsey,risk_aversion,combined,0,2248.9601779281807,0.5611508617035424
6023,euler_ramsey,0.5,2.5% Ramsey,risk_aversion,combined,0,1389.0359000507767,0.495793855201621
6024,euler_ramsey,0.5,1.5% Ramsey,risk_aversion,combined,0,1731.5090312595419,0.7151825622448277
6024,euler_ramsey,0.5,2.0% Ramsey,risk_aversion,combined,0,1164.0198662540151,0.6326244914649134
6024,euler_ramsey,0.5,2.5% Ramsey,risk_aversion,combined,0,759.2905658499149,0.5691661418812208
6025,euler_ramsey,0.5,1.5% Ramsey,risk_aversion,combined,0,-177.22327411413042,0.49129485565018177
6025,euler_ramsey,0.5,2.0% Ramsey,risk_aversion,combined,0,13.873458877458178,0.39805071793304353
6025,euler_ramsey,0.5,2.5% Ramsey,risk_aversion,combined,0,55.31387829891198,0.3344645122891064
6026,euler_ramsey,0.5,1.5% Ramsey,risk_aversion,combined,0,380.4790366971549,0.4650416497821284
6026,euler_ramsey,0.5,2.0% Ramsey,risk_aversion,combined,0,227.28110174465027,0.37210676100727613
6026,euler_ramsey,0.5,2.5% Ramsey,risk_aversion,combined,0,154.12026835342164,0.30965621387191933
6027,euler_ramsey,0.5,1.5% Ramsey,risk_aversion,combined,0,124.39149616078515,1.2940306260972272
6027,euler_ramsey,0.5,2.0% Ramsey,risk_aversion,combined,0,92.39144913296843,1.3046677208195854
6027,euler_ramsey,0.5,2.5% Ramsey,risk_aversion,combined,0,62.10009781242525,1.2984003507136879
6028,euler_ramsey,0.5,1.5% Ramsey,risk_aversion,combined,0,-142.13978234171103,0.5264558999170773
6028,euler_ramsey,0.5,2.0% Ramsey,risk_aversion,combined,0,-95.70823647446488,0.4331533871979438
6028,euler_ramsey,0.5,2.5% Ramsey,risk_aversion,combined,0,-47.677088338375086,0.3683106668620786
6029,euler_ramsey,0.5,1.5% Ramsey,risk_aversion,combined,0,378.2676498457506,1.0474087988785903
6029,euler_ramsey,0.5,2.0% Ramsey,risk_aversion,combined,0,372.7940962550186,1.0070022650467545
6029,euler_ramsey,0.5,2.5% Ramsey,risk_aversion,combined,0,325.95599344028903,0.9660568727591083
6030,euler_ramsey,0.5,1.5% Ramsey,risk_aversion,combined,0,439.7705790772913,1.8779838005359983
6030,euler_ramsey,0.5,2.0% Ramsey,risk_aversion,combined,0,317.6494687505503,2.059413846359214
6030,euler_ramsey,0.5,2.5% Ramsey,risk_aversion,combined,0,226.98446999333663,2.1871946796807658
6031,euler_ramsey,0.5,1.5% Ramsey,risk_aversion,combined,0,144.29903587578872,3.092714061633511
6031,euler_ramsey,0.5,2.0% Ramsey,risk_aversion,combined,0,88.56577981281475,3.7940233489169803
6031,euler_ramsey,0.5,2.5% Ramsey,risk_aversion,combined,0,62.03050735801741,4.394474880951909
6032,euler_ramsey,0.5,1.5% Ramsey,risk_aversion,combined,0,541.5871224505044,0.5400228691217279
6032,euler_ramsey,0.5,2.0% Ramsey,risk_aversion,combined,0,338.8650650780882,0.446854572057499
6032,euler_ramsey,0.5,2.5% Ramsey,risk_aversion,combined,0,211.82740067845523,0.3816372533844544
6033,euler_ramsey,0.5,1.5% Ramsey,risk_aversion,combined,0,4416.422008791576,0.29491716627439024
6033,euler_ramsey,0.5,2.0% Ramsey,risk_aversion,combined,0,2793.2717507960197,0.2137300382462865
6033,euler_ramsey,0.5,2.5% Ramsey,risk_aversion,combined,0,1797.8793087741337,0.164796816389812
6034,euler_ramsey,0.5,1.5% Ramsey,risk_aversion,combined,0,411.030129872888,1.2728152672990478
6034,euler_ramsey,0.5,2.0% Ramsey,risk_aversion,combined,0,315.2232134632552,1.2794870350256027
6034,euler_ramsey,0.5,2.5% Ramsey,risk_aversion,combined,0,232.2558056780003,1.270604707934285
6035,euler_ramsey,0.5,1.5% Ramsey,risk_aversion,combined,0,410.27660752433263,0.7877425536940835
6035,euler_ramsey,0.5,2.0% Ramsey,risk_aversion,combined,0,290.17482944366753,0.7113227242893235
6035,euler_ramsey,0.5,2.5% Ramsey,risk_aversion,combined,0,198.5408403698212,0.6500884051469481
6036,euler_ramsey,0.5,1.5% Ramsey,risk_aversion,combined,0,1393.4408435926332,0.7555822520904364
6036,euler_ramsey,0.5,2.0% Ramsey,risk_aversion,combined,0,1317.2968638351163,0.6755694835637575
6036,euler_ramsey,0.5,2.5% Ramsey,risk_aversion,combined,0,1056.5150925221105,0.612709282985829
6037,euler_ramsey,0.5,1.5% Ramsey,risk_aversion,combined,0,408.3677238667544,0.9261545134623622
6037,euler_ramsey,0.5,2.0% Ramsey,risk_aversion,combined,0,379.89273479573603,0.8671108791463696
6037,euler_ramsey,0.5,2.5% Ramsey,risk_aversion,combined,0,311.73142250398104,0.815048838833311
6038,euler_ramsey,0.5,1.5% Ramsey,risk_aversion,combined,0,-466.09206971033876,0.6714085925971005
6038,euler_ramsey,0.5,2.0% Ramsey,risk_aversion,combined,0,-307.266861752552,0.5842200231461312
6038,euler_ramsey,0.5,2.5% Ramsey,risk_aversion,combined,0,-208.64024201370913,0.5187840821912316
6039,euler_ramsey,0.5,1.5% Ramsey,risk_aversion,combined,0,237.75074258676815,0.5963447810631494
6039,euler_ramsey,0.5,2.0% Ramsey,risk_aversion,combined,0,468.1585602809239,0.5049466953839529
6039,euler_ramsey,0.5,2.5% Ramsey,risk_aversion,combined,0,665.0583450186352,0.4390158952004505
6040,euler_ramsey,0.5,1.5% Ramsey,risk_aversion,combined,0,79.31778809461822,0.7689367352823444
6040,euler_ramsey,0.5,2.0% Ramsey,risk_aversion,combined,0,47.97071895661803,0.6897328356426147
6040,euler_ramsey,0.5,2.5% Ramsey,risk_aversion,combined,0,30.394091638479324,0.6270647862098818
6041,euler_ramsey,0.5,1.5% Ramsey,risk_aversion,combined,0,1707.8787233239098,0.3439827269769835
6041,euler_ramsey,0.5,2.0% Ramsey,risk_aversion,combined,0,1190.4032484975046,0.25726284460968596
6041,euler_ramsey,0.5,2.5% Ramsey,risk_aversion,combined,0,780.3451636744134,0.20319341703064295
6042,euler_ramsey,0.5,1.5% Ramsey,risk_aversion,combined,0,939.989631031848,0.5025863798230241
6042,euler_ramsey,0.5,2.0% Ramsey,risk_aversion,combined,0,850.7718988136418,0.4095357195236069
6042,euler_ramsey,0.5,2.5% Ramsey,risk_aversion,combined,0,682.5579937435791,0.34565817064322524
6043,euler_ramsey,0.5,1.5% Ramsey,risk_aversion,combined,0,328.0710922123519,0.7266564054616761
6043,euler_ramsey,0.5,2.0% Ramsey,risk_aversion,combined,0,289.8732908058552,0.6431196962326479
6043,euler_ramsey,0.5,2.5% Ramsey,risk_aversion,combined,0,219.9782979294337,0.5786078530818523
6044,euler_ramsey,0.5,1.5% Ramsey,risk_aversion,combined,0,214.99911316927341,1.1458461195911007
6044,euler_ramsey,0.5,2.0% Ramsey,risk_aversion,combined,0,101.39793858470945,1.1242182718034108
6044,euler_ramsey,0.5,2.5% Ramsey,risk_aversion,combined,0,53.109913249507414,1.0954630327589634
6045,euler_ramsey,0.5,1.5% Ramsey,risk_aversion,combined,0,1908.5157999801115,0.49307193177358766
6045,euler_ramsey,0.5,2.0% Ramsey,risk_aversion,combined,0,1569.96395973461,0.4002484642997472
6045,euler_ramsey,0.5,2.5% Ramsey,risk_aversion,combined,0,1171.5247175888533,0.3368401879861864
6046,euler_ramsey,0.5,1.5% Ramsey,risk_aversion,combined,0,3447.5349515765856,0.2039785945284045
6046,euler_ramsey,0.5,2.0% Ramsey,risk_aversion,combined,0,2105.485388425365,0.13562135677609005
6046,euler_ramsey,0.5,2.5% Ramsey,risk_aversion,combined,0,1293.2784186889019,0.09779874858668125
6047,euler_ramsey,0.5,1.5% Ramsey,risk_aversion,combined,0,2429.3541344401483,1.2187827369052522
6047,euler_ramsey,0.5,2.0% Ramsey,risk_aversion,combined,0,2168.783918178971,1.2135242120265701
6047,euler_ramsey,0.5,2.5% Ramsey,risk_aversion,combined,0,1688.8165716301812,1.1962107979897743
6048,euler_ramsey,0.5,1.5% Ramsey,risk_aversion,combined,0,2398.358568905821,1.426468372416012
6048,euler_ramsey,0.5,2.0% Ramsey,risk_aversion,combined,0,1735.5932498595973,1.4722159893511633
6048,euler_ramsey,0.5,2.5% Ramsey,risk_aversion,combined,0,1150.9117959810649,1.4921555149996792
6049,euler_ramsey,0.5,1.5% Ramsey,risk_aversion,combined,0,-15.567622369365287,1.3249660081017343
6049,euler_ramsey,0.5,2.0% Ramsey,risk_aversion,combined,0,-8.863037494500649,1.3434809815871678
6049,euler_ramsey,0.5,2.5% Ramsey,risk_aversion,combined,0,-5.114872913632015,1.3429203034044153
6050,euler_ramsey,0.5,1.5% Ramsey,risk_aversion,combined,0,-335.8903925122864,1.0994774872818276
6050,euler_ramsey,0.5,2.0% Ramsey,risk_aversion,combined,0,-231.6491604468083,1.06840948679149
6050,euler_ramsey,0.5,2.5% Ramsey,risk_aversion,combined,0,-158.3842886542542,1.0333368130990517
6051,euler_ramsey,0.5,1.5% Ramsey,risk_aversion,combined,0,25537.080802173037,0.13973380134214422
6051,euler_ramsey,0.5,2.0% Ramsey,risk_aversion,combined,0,22074.402884494877,0.08554815310725793
6051,euler_ramsey,0.5,2.5% Ramsey,risk_aversion,combined,0,16101.774503964607,0.05788995875525451
6052,euler_ramsey,0.5,1.5% Ramsey,risk_aversion,combined,0,-225.42428464146246,0.929808200828631
6052,euler_ramsey,0.5,2.0% Ramsey,risk_aversion,combined,0,-64.3815593307,0.8697299725470449
6052,euler_ramsey,0.5,2.5% Ramsey,risk_aversion,combined,0,-15.611851456389616,0.8167479738153632
6053,euler_ramsey,0.5,1.5% Ramsey,risk_aversion,combined,0,680.6104869185057,0.6980279013745109
6053,euler_ramsey,0.5,2.0% Ramsey,risk_aversion,combined,0,449.5375092295144,0.6125329200973595
6053,euler_ramsey,0.5,2.5% Ramsey,risk_aversion,combined,0,297.12447812673395,0.5474978731816276
6054,euler_ramsey,0.5,1.5% Ramsey,risk_aversion,combined,0,141.55856102205178,1.1737779946511153
6054,euler_ramsey,0.5,2.0% Ramsey,risk_aversion,combined,0,105.35370209216356,1.1575567405835245
6054,euler_ramsey,0.5,2.5% Ramsey,risk_aversion,combined,0,76.96980671176625,1.132447059685387
6055,euler_ramsey,0.5,1.5% Ramsey,risk_aversion,combined,0,1258.7561108416803,1.4347110445252338
6055,euler_ramsey,0.5,2.0% Ramsey,risk_aversion,combined,0,975.3124630187357,1.4808800642911601
6055,euler_ramsey,0.5,2.5% Ramsey,risk_aversion,combined,0,680.4389056109641,1.5008444688218623
6056,euler_ramsey,0.5,1.5% Ramsey,risk_aversion,combined,0,-72.1830316646665,0.6664326765386852
6056,euler_ramsey,0.5,2.0% Ramsey,risk_aversion,combined,0,-47.05783150121338,0.5789649998771865
6056,euler_ramsey,0.5,2.5% Ramsey,risk_aversion,combined,0,-28.641207658633068,0.5135348442661472
6057,euler_ramsey,0.5,1.5% Ramsey,risk_aversion,combined,0,1169.5580093516635,0.6268913119236706
6057,euler_ramsey,0.5,2.0% Ramsey,risk_aversion,combined,0,874.7302512748797,0.5369513422410043
6057,euler_ramsey,0.5,2.5% Ramsey,risk_aversion,combined,0,602.0285213223743,0.47103646089069084
6058,euler_ramsey,0.5,1.5% Ramsey,risk_aversion,combined,0,-346.6605764869197,0.4266540963714459
6058,euler_ramsey,0.5,2.0% Ramsey,risk_aversion,combined,0,-262.12453638616677,0.3348375824679997
6058,euler_ramsey,0.5,2.5% Ramsey,risk_aversion,combined,0,-188.06809468006972,0.2744931937625735
6059,euler_ramsey,0.5,1.5% Ramsey,risk_aversion,combined,0,-192.29926656580542,1.0740475235205302
6059,euler_ramsey,0.5,2.0% Ramsey,risk_aversion,combined,0,-167.10131832213318,1.0381760557314508
6059,euler_ramsey,0.5,2.5% Ramsey,risk_aversion,combined,0,-129.04830541316576,0.9999985665320349
6060,euler_ramsey,0.5,1.5% Ramsey,risk_aversion,combined,0,544.5593726302579,0.7889584064142546
6060,euler_ramsey,0.5,2.0% Ramsey,risk_aversion,combined,0,528.4409889747685,0.7118671592922237
6060,euler_ramsey,0.5,2.5% Ramsey,risk_aversion,combined,0,452.26836941025,0.6501855493548268
6061,euler_ramsey,0.5,1.5% Ramsey,risk_aversion,combined,0,-9.072217180553146,0.40295291688129337
6061,euler_ramsey,0.5,2.0% Ramsey,risk_aversion,combined,0,25.194091920045846,0.3121936992413792
6061,euler_ramsey,0.5,2.5% Ramsey,risk_aversion,combined,0,43.96055623389567,0.25339697770771846
6062,euler_ramsey,0.5,1.5% Ramsey,risk_aversion,combined,0,8.726518116669691,0.45421545820701353
6062,euler_ramsey,0.5,2.0% Ramsey,risk_aversion,combined,0,4.379742883584936,0.3617916038238113
6062,euler_ramsey,0.5,2.5% Ramsey,risk_aversion,combined,0,5.028456370551529,0.3000278740101368
6063,euler_ramsey,0.5,1.5% Ramsey,risk_aversion,combined,0,456.385891847445,1.0669124626101247
6063,euler_ramsey,0.5,2.0% Ramsey,risk_aversion,combined,0,376.5232708968018,1.030761867829692
6063,euler_ramsey,0.5,2.5% Ramsey,risk_aversion,combined,0,283.9288613550024,0.992576277580542
6064,euler_ramsey,0.5,1.5% Ramsey,risk_aversion,combined,0,388.22230726593364,1.7675638153958004
6064,euler_ramsey,0.5,2.0% Ramsey,risk_aversion,combined,0,310.5877144224747,1.9118515964502025
6064,euler_ramsey,0.5,2.5% Ramsey,risk_aversion,combined,0,234.5443632142684,2.008954446070996
6065,euler_ramsey,0.5,1.5% Ramsey,risk_aversion,combined,0,925.8130365782274,0.7825647120672624
6065,euler_ramsey,0.5,2.0% Ramsey,risk_aversion,combined,0,623.8765531563063,0.7053657281758108
6065,euler_ramsey,0.5,2.5% Ramsey,risk_aversion,combined,0,451.5756545497169,0.6437569403133886
6066,euler_ramsey,0.5,1.5% Ramsey,risk_aversion,combined,0,1378.5401573348656,0.6985270534678656
6066,euler_ramsey,0.5,2.0% Ramsey,risk_aversion,combined,0,968.1060307184973,0.6133599484394854
6066,euler_ramsey,0.5,2.5% Ramsey,risk_aversion,combined,0,677.8758656966897,0.5485728498116159
6067,euler_ramsey,0.5,1.5% Ramsey,risk_aversion,combined,0,227.70664216163155,0.7773254395117153
6067,euler_ramsey,0.5,2.0% Ramsey,risk_aversion,combined,0,212.45208094954302,0.6986181190965406
6067,euler_ramsey,0.5,2.5% Ramsey,risk_aversion,combined,0,175.335073025374,0.6361106094209653
6068,euler_ramsey,0.5,1.5% Ramsey,risk_aversion,combined,0,433.28058701125354,0.9404075454937819
6068,euler_ramsey,0.5,2.0% Ramsey,risk_aversion,combined,0,405.1537956197469,0.8827830312818491
6068,euler_ramsey,0.5,2.5% Ramsey,risk_aversion,combined,0,328.0493804245172,0.8313284230143018
6069,euler_ramsey,0.5,1.5% Ramsey,risk_aversion,combined,0,3513.2950359940887,0.6199937087480681
6069,euler_ramsey,0.5,2.0% Ramsey,risk_aversion,combined,0,990.0440538293319,0.5303645125080916
6069,euler_ramsey,0.5,2.5% Ramsey,risk_aversion,combined,0,424.2591397509807,0.4648689286533739
6070,euler_ramsey,0.5,1.5% Ramsey,risk_aversion,combined,0,-422.35616209514046,0.4790045061855808
6070,euler_ramsey,0.5,2.0% Ramsey,risk_aversion,combined,0,-332.1925817051046,0.38595999078431664
6070,euler_ramsey,0.5,2.5% Ramsey,risk_aversion,combined,0,-249.91541818793215,0.3229231778168464
6071,euler_ramsey,0.5,1.5% Ramsey,risk_aversion,combined,0,811.6307208208526,0.9839983460440442
6071,euler_ramsey,0.5,2.0% Ramsey,risk_aversion,combined,0,591.4454604224721,0.9322273584738658
6071,euler_ramsey,0.5,2.5% Ramsey,risk_aversion,combined,0,396.18684113107435,0.8840757614267036
6072,euler_ramsey,0.5,1.5% Ramsey,risk_aversion,combined,0,105.39314010772904,1.735484165853108
6072,euler_ramsey,0.5,2.0% Ramsey,risk_aversion,combined,0,81.65224298722688,1.8694063078811196
6072,euler_ramsey,0.5,2.5% Ramsey,risk_aversion,combined,0,66.7113636024881,1.958107962590141
6073,euler_ramsey,0.5,1.5% Ramsey,risk_aversion,combined,0,3682.262332289623,0.5369440310493248
6073,euler_ramsey,0.5,2.0% Ramsey,risk_aversion,combined,0,2891.55129116637,0.44423496660766393
6073,euler_ramsey,0.5,2.5% Ramsey,risk_aversion,combined,0,1975.654576363131,0.3793966576276288
6074,euler_ramsey,0.5,1.5% Ramsey,risk_aversion,combined,0,2083.261815647349,1.1412748602341347
6074,euler_ramsey,0.5,2.0% Ramsey,risk_aversion,combined,0,1396.2908344534471,1.1195330123506235
6074,euler_ramsey,0.5,2.5% Ramsey,risk_aversion,combined,0,970.3644176035912,1.0908949264138952
6075,euler_ramsey,0.5,1.5% Ramsey,risk_aversion,combined,0,498.6051614081269,1.9063862291679727
6075,euler_ramsey,0.5,2.0% Ramsey,risk_aversion,combined,0,428.399483032638,2.0984419733416653
6075,euler_ramsey,0.5,2.5% Ramsey,risk_aversion,combined,0,348.115134402793,2.2353369753141847
6076,euler_ramsey,0.5,1.5% Ramsey,risk_aversion,combined,0,542.3878984092391,1.252595723089564
6076,euler_ramsey,0.5,2.0% Ramsey,risk_aversion,combined,0,395.9486568890311,1.254191529924412
6076,euler_ramsey,0.5,2.5% Ramsey,risk_aversion,combined,0,279.68819927922306,1.241601679804299
6077,euler_ramsey,0.5,1.5% Ramsey,risk_aversion,combined,0,626.9111994962321,1.107550665138826
6077,euler_ramsey,0.5,2.0% Ramsey,risk_aversion,combined,0,486.2447879389705,1.0779979896359062
6077,euler_ramsey,0.5,2.5% Ramsey,risk_aversion,combined,0,347.95890961576646,1.043944971801786
6078,euler_ramsey,0.5,1.5% Ramsey,risk_aversion,combined,0,531.0220670674894,1.1089762300032102
6078,euler_ramsey,0.5,2.0% Ramsey,risk_aversion,combined,0,392.26738082885413,1.079491255010845
6078,euler_ramsey,0.5,2.5% Ramsey,risk_aversion,combined,0,270.09759588105567,1.0454423792198007
6079,euler_ramsey,0.5,1.5% Ramsey,risk_aversion,combined,0,1125.7280255780322,0.8335764981372021
6079,euler_ramsey,0.5,2.0% Ramsey,risk_aversion,combined,0,1153.549683363609,0.7616528361914315
6079,euler_ramsey,0.5,2.5% Ramsey,risk_aversion,combined,0,999.8441614705721,0.7025023863505521
6080,euler_ramsey,0.5,1.5% Ramsey,risk_aversion,combined,0,7787.146833420801,0.6511391927320508
6080,euler_ramsey,0.5,2.0% Ramsey,risk_aversion,combined,0,6162.8659811205835,0.5636030635743852
6080,euler_ramsey,0.5,2.5% Ramsey,risk_aversion,combined,0,4316.828609261966,0.49853847867661516
6081,euler_ramsey,0.5,1.5% Ramsey,risk_aversion,combined,0,255.83107738953368,1.808531882360696
6081,euler_ramsey,0.5,2.0% Ramsey,risk_aversion,combined,0,211.19072769353642,1.9666477604899644
6081,euler_ramsey,0.5,2.5% Ramsey,risk_aversion,combined,0,165.20776170215288,2.0752049128420498
6082,euler_ramsey,0.5,1.5% Ramsey,risk_aversion,combined,0,-404.6600799896335,1.0712986139204195
6082,euler_ramsey,0.5,2.0% Ramsey,risk_aversion,combined,0,-263.40469265396536,1.0356220888518273
6082,euler_ramsey,0.5,2.5% Ramsey,risk_aversion,combined,0,-166.8942213299695,0.9976158258479702
6083,euler_ramsey,0.5,1.5% Ramsey,risk_aversion,combined,0,-206.43322739452435,0.43837594367519134
6083,euler_ramsey,0.5,2.0% Ramsey,risk_aversion,combined,0,-199.51982451340302,0.34614444932652366
6083,euler_ramsey,0.5,2.5% Ramsey,risk_aversion,combined,0,-162.05724038298874,0.2851060569266772
6084,euler_ramsey,0.5,1.5% Ramsey,risk_aversion,combined,0,2524.247701657625,1.365566573505856
6084,euler_ramsey,0.5,2.0% Ramsey,risk_aversion,combined,0,2125.3939268770605,1.3956193616730816
6084,euler_ramsey,0.5,2.5% Ramsey,risk_aversion,combined,0,1559.8493641810694,1.4038467829019863
6085,euler_ramsey,0.5,1.5% Ramsey,risk_aversion,combined,0,579.7378734139814,1.389195104424899
6085,euler_ramsey,0.5,2.0% Ramsey,risk_aversion,combined,0,434.6549804508335,1.4235050831636384
6085,euler_ramsey,0.5,2.5% Ramsey,risk_aversion,combined,0,294.0615506161207,1.4345894853320127
6086,euler_ramsey,0.5,1.5% Ramsey,risk_aversion,combined,0,541.8669160143111,1.2286928763944027
6086,euler_ramsey,0.5,2.0% Ramsey,risk_aversion,combined,0,422.76771123291957,1.2256882791277746
6086,euler_ramsey,0.5,2.5% Ramsey,risk_aversion,combined,0,322.5289701882068,1.2100357542737616
6087,euler_ramsey,0.5,1.5% Ramsey,risk_aversion,combined,0,657.1046341283785,1.3560040251458907
6087,euler_ramsey,0.5,2.0% Ramsey,risk_aversion,combined,0,504.1455573620664,1.3815448261596228
6087,euler_ramsey,0.5,2.5% Ramsey,risk_aversion,combined,0,350.5631156319126,1.3860810794274467
6088,euler_ramsey,0.5,1.5% Ramsey,risk_aversion,combined,0,108.83348357012152,1.2541202641427769
6088,euler_ramsey,0.5,2.0% Ramsey,risk_aversion,combined,0,68.57885650955943,1.2556308825182105
6088,euler_ramsey,0.5,2.5% Ramsey,risk_aversion,combined,0,49.31719811419695,1.2428335260811867
6089,euler_ramsey,0.5,1.5% Ramsey,risk_aversion,combined,0,1724.959620227808,0.46607204262956803
6089,euler_ramsey,0.5,2.0% Ramsey,risk_aversion,combined,0,1460.0682045020799,0.37332411671271204
6089,euler_ramsey,0.5,2.5% Ramsey,risk_aversion,combined,0,1108.7084018990754,0.31094051069575
6090,euler_ramsey,0.5,1.5% Ramsey,risk_aversion,combined,0,693.5023218788194,0.7837421039856225
6090,euler_ramsey,0.5,2.0% Ramsey,risk_aversion,combined,0,495.1299221132928,0.705481396751954
6090,euler_ramsey,0.5,2.5% Ramsey,risk_aversion,combined,0,333.1510029998819,0.643098740777197
6091,euler_ramsey,0.5,1.5% Ramsey,risk_aversion,combined,0,951.375868683428,1.6313486161473358
6091,euler_ramsey,0.5,2.0% Ramsey,risk_aversion,combined,0,650.1148362710253,1.7334895697929045
6091,euler_ramsey,0.5,2.5% Ramsey,risk_aversion,combined,0,459.3284803295017,1.7967675686204274
6092,euler_ramsey,0.5,1.5% Ramsey,risk_aversion,combined,0,1792.5998972865095,0.9516343132731799
6092,euler_ramsey,0.5,2.0% Ramsey,risk_aversion,combined,0,1454.147489282875,0.8974319829874486
6092,euler_ramsey,0.5,2.5% Ramsey,risk_aversion,combined,0,1069.365776487325,0.8483625622348118
6093,euler_ramsey,0.5,1.5% Ramsey,risk_aversion,combined,0,798.9852801269581,0.3100617037587095
6093,euler_ramsey,0.5,2.0% Ramsey,risk_aversion,combined,0,419.80567099789965,0.22654175591027179
6093,euler_ramsey,0.5,2.5% Ramsey,risk_aversion,combined,0,292.6967607213092,0.17572730782887272
6094,euler_ramsey,0.5,1.5% Ramsey,risk_aversion,combined,0,1100.6893907810284,0.3981725496839356
6094,euler_ramsey,0.5,2.0% Ramsey,risk_aversion,combined,0,282.5458150953758,0.3076847530359423
6094,euler_ramsey,0.5,2.5% Ramsey,risk_aversion,combined,0,132.66654018953435,0.24923517692778804
6095,euler_ramsey,0.5,1.5% Ramsey,risk_aversion,combined,0,16151.155139729379,0.13924054685075557
6095,euler_ramsey,0.5,2.0% Ramsey,risk_aversion,combined,0,13054.61487078753,0.08512217132642107
6095,euler_ramsey,0.5,2.5% Ramsey,risk_aversion,combined,0,9193.104066549568,0.057533402114682594
6096,euler_ramsey,0.5,1.5% Ramsey,risk_aversion,combined,0,-1789.8249276562785,0.3375961024249524
6096,euler_ramsey,0.5,2.0% Ramsey,risk_aversion,combined,0,-956.4453387064596,0.25135967368952816
6096,euler_ramsey,0.5,2.5% Ramsey,risk_aversion,combined,0,-497.2113164169776,0.19783875149535063
6097,euler_ramsey,0.5,1.5% Ramsey,risk_aversion,combined,0,484.3229971369436,1.7064011588712222
6097,euler_ramsey,0.5,2.0% Ramsey,risk_aversion,combined,0,344.2990060758084,1.8312323802920576
6097,euler_ramsey,0.5,2.5% Ramsey,risk_aversion,combined,0,249.05330486132243,1.9126039521424372
6098,euler_ramsey,0.5,1.5% Ramsey,risk_aversion,combined,0,1955.1780657285517,0.5450512827541776
6098,euler_ramsey,0.5,2.0% Ramsey,risk_aversion,combined,0,1572.5837951562528,0.45238864493068776
6098,euler_ramsey,0.5,2.5% Ramsey,risk_aversion,combined,0,1125.9276106192322,0.3873120677934451
6099,euler_ramsey,0.5,1.5% Ramsey,risk_aversion,combined,0,6002.127724236426,0.4942296446114135
6099,euler_ramsey,0.5,2.0% Ramsey,risk_aversion,combined,0,4544.373582677146,0.4018561385879177
6099,euler_ramsey,0.5,2.5% Ramsey,risk_aversion,combined,0,3148.3750960452358,0.3386638948768801
6100,euler_ramsey,0.5,1.5% Ramsey,risk_aversion,combined,0,400.69674957984205,1.4231284275022908
6100,euler_ramsey,0.5,2.0% Ramsey,risk_aversion,combined,0,300.5791834535893,1.4665268511613183
6100,euler_ramsey,0.5,2.5% Ramsey,risk_aversion,combined,0,221.54155368585745,1.4844601485078832
6101,euler_ramsey,0.5,1.5% Ramsey,risk_aversion,combined,0,-26.593273179229417,0.6694247781361088
6101,euler_ramsey,0.5,2.0% Ramsey,risk_aversion,combined,0,-35.536234377053255,0.5816934928444918
6101,euler_ramsey,0.5,2.5% Ramsey,risk_aversion,combined,0,-33.47664833680842,0.515966311595149
6102,euler_ramsey,0.5,1.5% Ramsey,risk_aversion,combined,0,915.3608212748264,0.2752852118418075
6102,euler_ramsey,0.5,2.0% Ramsey,risk_aversion,combined,0,378.0291461540236,0.19577400339619708
6102,euler_ramsey,0.5,2.5% Ramsey,risk_aversion,combined,0,199.98342546715273,0.1487175345397512
6103,euler_ramsey,0.5,1.5% Ramsey,risk_aversion,combined,0,217.31647475804,1.399769671243942
6103,euler_ramsey,0.5,2.0% Ramsey,risk_aversion,combined,0,168.24790454852928,1.4368912229027486
6103,euler_ramsey,0.5,2.5% Ramsey,risk_aversion,combined,0,126.76446671594144,1.4500806587354014
6104,euler_ramsey,0.5,1.5% Ramsey,risk_aversion,combined,0,336.3317195999565,0.6106729127510016
6104,euler_ramsey,0.5,2.0% Ramsey,risk_aversion,combined,0,306.34705343377595,0.5196747191498334
6104,euler_ramsey,0.5,2.5% Ramsey,risk_aversion,combined,0,247.1142582847559,0.4535676111956944
6105,euler_ramsey,0.5,1.5% Ramsey,risk_aversion,combined,0,899.0217329259165,0.6094778930380956
6105,euler_ramsey,0.5,2.0% Ramsey,risk_aversion,combined,0,701.7772297101267,0.5188525321810015
6105,euler_ramsey,0.5,2.5% Ramsey,risk_aversion,combined,0,499.3248232471077,0.45301581407799135
6106,euler_ramsey,0.5,1.5% Ramsey,risk_aversion,combined,0,1033.3600756098513,1.9813180531198442
6106,euler_ramsey,0.5,2.0% Ramsey,risk_aversion,combined,0,789.6453446155286,2.2003349278386235
6106,euler_ramsey,0.5,2.5% Ramsey,risk_aversion,combined,0,557.0824924916352,2.360151600454266
6107,euler_ramsey,0.5,1.5% Ramsey,risk_aversion,combined,0,1440.3559988705488,0.7253763835702081
6107,euler_ramsey,0.5,2.0% Ramsey,risk_aversion,combined,0,1338.2608052280666,0.6420343529961732
6107,euler_ramsey,0.5,2.5% Ramsey,risk_aversion,combined,0,1057.7240459999882,0.5776993151450187
6108,euler_ramsey,0.5,1.5% Ramsey,risk_aversion,combined,0,2216.295992378179,1.145191043025216
6108,euler_ramsey,0.5,2.0% Ramsey,risk_aversion,combined,0,1858.8175276694847,1.1259032628124466
6108,euler_ramsey,0.5,2.5% Ramsey,risk_aversion,combined,0,1413.371904112301,1.0991398940480428
6109,euler_ramsey,0.5,1.5% Ramsey,risk_aversion,combined,0,870.6817755901651,0.3259325865628329
6109,euler_ramsey,0.5,2.0% Ramsey,risk_aversion,combined,0,542.8663358191525,0.24077020790819398
6109,euler_ramsey,0.5,2.5% Ramsey,risk_aversion,combined,0,349.3470756355405,0.18835446204860537
6110,euler_ramsey,0.5,1.5% Ramsey,risk_aversion,combined,0,335.9422649982386,1.1699636385168204
6110,euler_ramsey,0.5,2.0% Ramsey,risk_aversion,combined,0,242.75685914389206,1.1529117841386285
6110,euler_ramsey,0.5,2.5% Ramsey,risk_aversion,combined,0,169.3069144458001,1.1272213542364458
6111,euler_ramsey,0.5,1.5% Ramsey,risk_aversion,combined,0,103.59364770302746,1.9182647987426846
6111,euler_ramsey,0.5,2.0% Ramsey,risk_aversion,combined,0,83.11747879803892,2.1136376878329615
6111,euler_ramsey,0.5,2.5% Ramsey,risk_aversion,combined,0,68.99031034265684,2.253085886234673
6112,euler_ramsey,0.5,1.5% Ramsey,risk_aversion,combined,0,258.6649517728358,1.0918649545423837
6112,euler_ramsey,0.5,2.0% Ramsey,risk_aversion,combined,0,211.33513486722435,1.059143317524481
6112,euler_ramsey,0.5,2.5% Ramsey,risk_aversion,combined,0,163.044327996337,1.0229800534214557
6113,euler_ramsey,0.5,1.5% Ramsey,risk_aversion,combined,0,316.9170374977815,1.1330687948512939
6113,euler_ramsey,0.5,2.0% Ramsey,risk_aversion,combined,0,236.9179315868948,1.1080300372674097
6113,euler_ramsey,0.5,2.5% Ramsey,risk_aversion,combined,0,173.59105927935818,1.0769065276261616
6114,euler_ramsey,0.5,1.5% Ramsey,risk_aversion,combined,0,505.18659436258577,1.4390912972491416
6114,euler_ramsey,0.5,2.0% Ramsey,risk_aversion,combined,0,390.0155337223029,1.486632350756986
6114,euler_ramsey,0.5,2.5% Ramsey,risk_aversion,combined,0,282.6025394083524,1.5076846642798611
6115,euler_ramsey,0.5,1.5% Ramsey,risk_aversion,combined,0,29.03704593438677,0.7888925001937329
6115,euler_ramsey,0.5,2.0% Ramsey,risk_aversion,combined,0,21.919510960875805,0.7113404338757964
6115,euler_ramsey,0.5,2.5% Ramsey,risk_aversion,combined,0,16.08649004173598,0.6493256129151953
6116,euler_ramsey,0.5,1.5% Ramsey,risk_aversion,combined,0,283.44149915322896,1.6487466424640675
6116,euler_ramsey,0.5,2.0% Ramsey,risk_aversion,combined,0,196.93494484053622,1.755728371603035
6116,euler_ramsey,0.5,2.5% Ramsey,risk_aversion,combined,0,134.1201548986092,1.8228105630155307
6117,euler_ramsey,0.5,1.5% Ramsey,risk_aversion,combined,0,386.66697005553186,1.5013815602394984
6117,euler_ramsey,0.5,2.0% Ramsey,risk_aversion,combined,0,280.120531436937,1.5656974031512465
6117,euler_ramsey,0.5,2.5% Ramsey,risk_aversion,combined,0,199.5475990160403,1.5994635623609823
6118,euler_ramsey,0.5,1.5% Ramsey,risk_aversion,combined,0,2903.458304556181,0.37951717109953764
6118,euler_ramsey,0.5,2.0% Ramsey,risk_aversion,combined,0,745.555536544434,0.29046402572385227
6118,euler_ramsey,0.5,2.5% Ramsey,risk_aversion,combined,0,371.63694537388494,0.2335702345740146
6119,euler_ramsey,0.5,1.5% Ramsey,risk_aversion,combined,0,-342.42530059952514,0.9812003701601345
6119,euler_ramsey,0.5,2.0% Ramsey,risk_aversion,combined,0,-235.07062810593598,0.9295131553506587
6119,euler_ramsey,0.5,2.5% Ramsey,risk_aversion,combined,0,-166.99045243367215,0.8814715511947873
6120,euler_ramsey,0.5,1.5% Ramsey,risk_aversion,combined,0,834.4601380315776,0.7390042067274694
6120,euler_ramsey,0.5,2.0% Ramsey,risk_aversion,combined,0,767.6300503013462,0.6567344315097317
6120,euler_ramsey,0.5,2.5% Ramsey,risk_aversion,combined,0,636.2598688317274,0.5927884294987675
6121,euler_ramsey,0.5,1.5% Ramsey,risk_aversion,combined,0,6305.987315348737,0.30546363228431905
6121,euler_ramsey,0.5,2.0% Ramsey,risk_aversion,combined,0,2769.178717882449,0.22307228824665748
6121,euler_ramsey,0.5,2.5% Ramsey,risk_aversion,combined,0,1495.6184200329797,0.1730163655859942
6122,euler_ramsey,0.5,1.5% Ramsey,risk_aversion,combined,0,114.67673518571276,0.9300545272510435
6122,euler_ramsey,0.5,2.0% Ramsey,risk_aversion,combined,0,82.42089757518637,0.8702668803363218
6122,euler_ramsey,0.5,2.5% Ramsey,risk_aversion,combined,0,57.415960174799196,0.8174567635488842
6123,euler_ramsey,0.5,1.5% Ramsey,risk_aversion,combined,0,3320.932772476793,1.1935001839531214
6123,euler_ramsey,0.5,2.0% Ramsey,risk_aversion,combined,0,2456.1073673163087,1.1833062525240043
6123,euler_ramsey,0.5,2.5% Ramsey,risk_aversion,combined,0,1648.3568498046566,1.162630445260218
6124,euler_ramsey,0.5,1.5% Ramsey,risk_aversion,combined,0,3865.020611274299,0.31477331022347455
6124,euler_ramsey,0.5,2.0% Ramsey,risk_aversion,combined,0,1278.74338508281,0.2309033005320346
6124,euler_ramsey,0.5,2.5% Ramsey,risk_aversion,combined,0,665.3357149112071,0.17967439480527772
6125,euler_ramsey,0.5,1.5% Ramsey,risk_aversion,combined,0,-198.25256685423878,1.3115893997660655
6125,euler_ramsey,0.5,2.0% Ramsey,risk_aversion,combined,0,-146.10650221843767,1.3267876474551819
6125,euler_ramsey,0.5,2.5% Ramsey,risk_aversion,combined,0,-95.08632874165724,1.3238388160215775
6126,euler_ramsey,0.5,1.5% Ramsey,risk_aversion,combined,0,834.4914360223645,0.325552382875851
6126,euler_ramsey,0.5,2.0% Ramsey,risk_aversion,combined,0,741.145873500145,0.2404155618465413
6126,euler_ramsey,0.5,2.5% Ramsey,risk_aversion,combined,0,568.0019233566277,0.18803120908018753
6127,euler_ramsey,0.5,1.5% Ramsey,risk_aversion,combined,0,172.53200439449216,1.2551640613783936
6127,euler_ramsey,0.5,2.0% Ramsey,risk_aversion,combined,0,102.77407079934646,1.2575352571515872
6127,euler_ramsey,0.5,2.5% Ramsey,risk_aversion,combined,0,62.346873820391664,1.2455089594279012
6128,euler_ramsey,0.5,1.5% Ramsey,risk_aversion,combined,0,358.15735614910164,1.722707366849157
6128,euler_ramsey,0.5,2.0% Ramsey,risk_aversion,combined,0,247.12323876056178,1.8526446775572927
6128,euler_ramsey,0.5,2.5% Ramsey,risk_aversion,combined,0,178.7110439667377,1.9380508813048347
6129,euler_ramsey,0.5,1.5% Ramsey,risk_aversion,combined,0,-185.61512336111113,0.8648432698766184
6129,euler_ramsey,0.5,2.0% Ramsey,risk_aversion,combined,0,-77.31640183272752,0.7968492487034967
6129,euler_ramsey,0.5,2.5% Ramsey,risk_aversion,combined,0,-6.291580277712276,0.7396691540088696
6130,euler_ramsey,0.5,1.5% Ramsey,risk_aversion,combined,0,159.98701230713104,1.7816927747414535
6130,euler_ramsey,0.5,2.0% Ramsey,risk_aversion,combined,0,99.68065782227794,1.9308235403501757
6130,euler_ramsey,0.5,2.5% Ramsey,risk_aversion,combined,0,61.12861595227475,2.031920668496611
6131,euler_ramsey,0.5,1.5% Ramsey,risk_aversion,combined,0,-457.6640382836901,0.5749026105128543
6131,euler_ramsey,0.5,2.0% Ramsey,risk_aversion,combined,0,-173.25191638712212,0.48321038541915035
6131,euler_ramsey,0.5,2.5% Ramsey,risk_aversion,combined,0,-61.258277552817525,0.417758778758694
6132,euler_ramsey,0.5,1.5% Ramsey,risk_aversion,combined,0,101.63938490174466,1.0387318422141898
6132,euler_ramsey,0.5,2.0% Ramsey,risk_aversion,combined,0,95.59171609737976,0.9963449472700405
6132,euler_ramsey,0.5,2.5% Ramsey,risk_aversion,combined,0,87.88209038979238,0.954000012883696
6133,euler_ramsey,0.5,1.5% Ramsey,risk_aversion,combined,0,1751.013345523122,0.29070833334109203
6133,euler_ramsey,0.5,2.0% Ramsey,risk_aversion,combined,0,656.7753615892431,0.2093881676192056
6133,euler_ramsey,0.5,2.5% Ramsey,risk_aversion,combined,0,340.90716343838807,0.16063691460885018
6134,euler_ramsey,0.5,1.5% Ramsey,risk_aversion,combined,0,888.7696033193502,0.3860496017089472
6134,euler_ramsey,0.5,2.0% Ramsey,risk_aversion,combined,0,266.10201480243876,0.29624641445633704
6134,euler_ramsey,0.5,2.5% Ramsey,risk_aversion,combined,0,124.83555509472582,0.23867931590112706
6135,euler_ramsey,0.5,1.5% Ramsey,risk_aversion,combined,0,22.63787632038767,0.8318795987247138
6135,euler_ramsey,0.5,2.0% Ramsey,risk_aversion,combined,0,34.03394711338927,0.7592980675609315
6135,euler_ramsey,0.5,2.5% Ramsey,risk_aversion,combined,0,45.45788566505937,0.6996491747521968
6136,euler_ramsey,0.5,1.5% Ramsey,risk_aversion,combined,0,470.0085483459469,0.8230458184981843
6136,euler_ramsey,0.5,2.0% Ramsey,risk_aversion,combined,0,372.584821126397,0.7497562405742219
6136,euler_ramsey,0.5,2.5% Ramsey,risk_aversion,combined,0,268.569085882615,0.6898227453281499
6137,euler_ramsey,0.5,1.5% Ramsey,risk_aversion,combined,0,668.6764873856166,0.5773981495575318
6137,euler_ramsey,0.5,2.0% Ramsey,risk_aversion,combined,0,425.5493138498119,0.4853021848906934
6137,euler_ramsey,0.5,2.5% Ramsey,risk_aversion,combined,0,257.7147060549771,0.4195311342150598
6138,euler_ramsey,0.5,1.5% Ramsey,risk_aversion,combined,0,685.5747276841033,1.918168582196455
6138,euler_ramsey,0.5,2.0% Ramsey,risk_aversion,combined,0,545.1078806806667,2.1143747239217903
6138,euler_ramsey,0.5,2.5% Ramsey,risk_aversion,combined,0,410.83434955333155,2.2547478922979036
6139,euler_ramsey,0.5,1.5% Ramsey,risk_aversion,combined,0,202.10080324970514,2.104331495505929
6139,euler_ramsey,0.5,2.0% Ramsey,risk_aversion,combined,0,186.30738386609417,2.3674427789189125
6139,euler_ramsey,0.5,2.5% Ramsey,risk_aversion,combined,0,160.50113881835063,2.5646146307110818
6140,euler_ramsey,0.5,1.5% Ramsey,risk_aversion,combined,0,170.17454227634303,0.6451768272654296
6140,euler_ramsey,0.5,2.0% Ramsey,risk_aversion,combined,0,184.36435061156897,0.5563076013266065
6140,euler_ramsey,0.5,2.5% Ramsey,risk_aversion,combined,0,176.3022616726921,0.49054339237295697
6141,euler_ramsey,0.5,1.5% Ramsey,risk_aversion,combined,0,596.9203628362249,0.9646966473734673
6141,euler_ramsey,0.5,2.0% Ramsey,risk_aversion,combined,0,470.3297379796586,0.9100392483605291
6141,euler_ramsey,0.5,2.5% Ramsey,risk_aversion,combined,0,351.20767924976155,0.8602019488344567
6142,euler_ramsey,0.5,1.5% Ramsey,risk_aversion,combined,0,270.47119269709907,1.1096153783749494
6142,euler_ramsey,0.5,2.0% Ramsey,risk_aversion,combined,0,208.6080052351354,1.0802774294233204
6142,euler_ramsey,0.5,2.5% Ramsey,risk_aversion,combined,0,153.449459421996,1.0463274758943513
6143,euler_ramsey,0.5,1.5% Ramsey,risk_aversion,combined,0,765.3418225845901,0.372926839794606
6143,euler_ramsey,0.5,2.0% Ramsey,risk_aversion,combined,0,570.7246307085936,0.28397390354575835
6143,euler_ramsey,0.5,2.5% Ramsey,risk_aversion,combined,0,430.75182334594484,0.22743069245573222
6144,euler_ramsey,0.5,1.5% Ramsey,risk_aversion,combined,0,228.57896205654987,1.6189258170672631
6144,euler_ramsey,0.5,2.0% Ramsey,risk_aversion,combined,0,156.541006122374,1.7170654938854202
6144,euler_ramsey,0.5,2.5% Ramsey,risk_aversion,combined,0,110.87489824215979,1.777148551142864
6145,euler_ramsey,0.5,1.5% Ramsey,risk_aversion,combined,0,-838.9125367366763,0.5611881729597568
6145,euler_ramsey,0.5,2.0% Ramsey,risk_aversion,combined,0,-670.9865791241215,0.46847808108597866
6145,euler_ramsey,0.5,2.5% Ramsey,risk_aversion,combined,0,-477.22082754279904,0.40284287090887916
6146,euler_ramsey,0.5,1.5% Ramsey,risk_aversion,combined,0,20.20230037972639,0.9618745097605871
6146,euler_ramsey,0.5,2.0% Ramsey,risk_aversion,combined,0,26.317844028565837,0.9078494143147836
6146,euler_ramsey,0.5,2.5% Ramsey,risk_aversion,combined,0,25.170284880281997,0.8585213672469676
6147,euler_ramsey,0.5,1.5% Ramsey,risk_aversion,combined,0,255.24209044562096,1.2994542092305168
6147,euler_ramsey,0.5,2.0% Ramsey,risk_aversion,combined,0,202.6284988494412,1.3117269913614922
6147,euler_ramsey,0.5,2.5% Ramsey,risk_aversion,combined,0,148.0326999468144,1.306694025979398
6148,euler_ramsey,0.5,1.5% Ramsey,risk_aversion,combined,0,-583.4735223907779,0.5343333992303314
6148,euler_ramsey,0.5,2.0% Ramsey,risk_aversion,combined,0,-476.26281557833295,0.4413190840381566
6148,euler_ramsey,0.5,2.5% Ramsey,risk_aversion,combined,0,-348.0810238269299,0.37637368661634574
6149,euler_ramsey,0.5,1.5% Ramsey,risk_aversion,combined,0,1292.813014445404,0.8886853723597882
6149,euler_ramsey,0.5,2.0% Ramsey,risk_aversion,combined,0,955.67769959331,0.8237759448134725
6149,euler_ramsey,0.5,2.5% Ramsey,risk_aversion,combined,0,662.9260208095877,0.7682347475639355
6150,euler_ramsey,0.5,1.5% Ramsey,risk_aversion,combined,0,59.660847717424566,1.4675391143537124
6150,euler_ramsey,0.5,2.0% Ramsey,risk_aversion,combined,0,46.93906846819557,1.5223803610123539
6150,euler_ramsey,0.5,2.5% Ramsey,risk_aversion,combined,0,36.804538488684486,1.5488246361922868
6151,euler_ramsey,0.5,1.5% Ramsey,risk_aversion,combined,0,1415.2950922474129,0.16089388194199755
6151,euler_ramsey,0.5,2.0% Ramsey,risk_aversion,combined,0,637.1472451945247,0.10140910984357636
6151,euler_ramsey,0.5,2.5% Ramsey,risk_aversion,combined,0,365.80333273615236,0.07016630566279757
6152,euler_ramsey,0.5,1.5% Ramsey,risk_aversion,combined,0,106.44825665913089,0.7378782913611994
6152,euler_ramsey,0.5,2.0% Ramsey,risk_aversion,combined,0,77.52901465025079,0.6559045673719782
6152,euler_ramsey,0.5,2.5% Ramsey,risk_aversion,combined,0,57.094369306927874,0.5921537407338047
6153,euler_ramsey,0.5,1.5% Ramsey,risk_aversion,combined,0,2012.867016954962,0.5849673783972672
6153,euler_ramsey,0.5,2.0% Ramsey,risk_aversion,combined,0,1348.4467195945863,0.49329195990200425
6153,euler_ramsey,0.5,2.5% Ramsey,risk_aversion,combined,0,875.7086812422992,0.4275517655238338
6154,euler_ramsey,0.5,1.5% Ramsey,risk_aversion,combined,0,297.0479240387757,1.6330381079182954
6154,euler_ramsey,0.5,2.0% Ramsey,risk_aversion,combined,0,149.30433527643336,1.7350675669835482
6154,euler_ramsey,0.5,2.5% Ramsey,risk_aversion,combined,0,95.25777044291979,1.7981650479484486
6155,euler_ramsey,0.5,1.5% Ramsey,risk_aversion,combined,0,231.660779720168,0.3357700925637245
6155,euler_ramsey,0.5,2.0% Ramsey,risk_aversion,combined,0,169.02284363227656,0.24972136599537867
6155,euler_ramsey,0.5,2.5% Ramsey,risk_aversion,combined,0,130.0143349315579,0.19638339667099752
6156,euler_ramsey,0.5,1.5% Ramsey,risk_aversion,combined,0,519.2172845941147,1.9295104334772368
6156,euler_ramsey,0.5,2.0% Ramsey,risk_aversion,combined,0,322.7480534019144,2.128907526587258
6156,euler_ramsey,0.5,2.5% Ramsey,risk_aversion,combined,0,206.58041247539293,2.2717803355337907
6157,euler_ramsey,0.5,1.5% Ramsey,risk_aversion,combined,0,1645.3457185521515,1.0428388553326295
6157,euler_ramsey,0.5,2.0% Ramsey,risk_aversion,combined,0,1338.2557759994604,1.0036357375524534
6157,euler_ramsey,0.5,2.5% Ramsey,risk_aversion,combined,0,972.2520194247292,0.9637510661259215
6158,euler_ramsey,0.5,1.5% Ramsey,risk_aversion,combined,0,1183.1700272836774,0.8200153330812998
6158,euler_ramsey,0.5,2.0% Ramsey,risk_aversion,combined,0,931.3021611607307,0.745751322817901
6158,euler_ramsey,0.5,2.5% Ramsey,risk_aversion,combined,0,664.9499453129717,0.6852259618612945
6159,euler_ramsey,0.5,1.5% Ramsey,risk_aversion,combined,0,1110.280134296969,0.3058159187827307
6159,euler_ramsey,0.5,2.0% Ramsey,risk_aversion,combined,0,340.43121548702595,0.22268361271203804
6159,euler_ramsey,0.5,2.5% Ramsey,risk_aversion,combined,0,169.52788127764157,0.17227634001346204
6160,euler_ramsey,0.5,1.5% Ramsey,risk_aversion,combined,0,714.926736581766,0.8300859145538685
6160,euler_ramsey,0.5,2.0% Ramsey,risk_aversion,combined,0,597.582394209591,0.7579639588140084
6160,euler_ramsey,0.5,2.5% Ramsey,risk_aversion,combined,0,455.8242307332575,0.6987421830804781
6161,euler_ramsey,0.5,1.5% Ramsey,risk_aversion,combined,0,330.63602618571736,0.719208039486112
6161,euler_ramsey,0.5,2.0% Ramsey,risk_aversion,combined,0,257.8676482083816,0.6358504341461247
6161,euler_ramsey,0.5,2.5% Ramsey,risk_aversion,combined,0,195.81772145369914,0.5716695254788878
6162,euler_ramsey,0.5,1.5% Ramsey,risk_aversion,combined,0,-2310.1710695113948,0.18203957637283877
6162,euler_ramsey,0.5,2.0% Ramsey,risk_aversion,combined,0,-830.006077611211,0.1179771411199904
6162,euler_ramsey,0.5,2.5% Ramsey,risk_aversion,combined,0,-463.6960325095758,0.08340677380241288
6163,euler_ramsey,0.5,1.5% Ramsey,risk_aversion,combined,0,9.325461793085628,1.170674452027762
6163,euler_ramsey,0.5,2.0% Ramsey,risk_aversion,combined,0,21.715882054208624,1.1547279280126213
6163,euler_ramsey,0.5,2.5% Ramsey,risk_aversion,combined,0,21.48902528987176,1.1299238057420444
6164,euler_ramsey,0.5,1.5% Ramsey,risk_aversion,combined,0,1806.7565999402254,0.4318470677635318
6164,euler_ramsey,0.5,2.0% Ramsey,risk_aversion,combined,0,900.0812925991344,0.34002516941993205
6164,euler_ramsey,0.5,2.5% Ramsey,risk_aversion,combined,0,495.74413291172635,0.2794716322395248
6165,euler_ramsey,0.5,1.5% Ramsey,risk_aversion,combined,0,870.6314983226022,0.875820670052413
6165,euler_ramsey,0.5,2.0% Ramsey,risk_aversion,combined,0,688.4152603627897,0.8086326427067249
6165,euler_ramsey,0.5,2.5% Ramsey,risk_aversion,combined,0,494.2584312394941,0.751790601028288
6166,euler_ramsey,0.5,1.5% Ramsey,risk_aversion,combined,0,227.378199580274,2.0088516079023253
6166,euler_ramsey,0.5,2.0% Ramsey,risk_aversion,combined,0,146.09766453842659,2.2365441305452918
6166,euler_ramsey,0.5,2.5% Ramsey,risk_aversion,combined,0,101.27724951791454,2.4033272286464094
6167,euler_ramsey,0.5,1.5% Ramsey,risk_aversion,combined,0,2785.192888149345,0.5062626044933299
6167,euler_ramsey,0.5,2.0% Ramsey,risk_aversion,combined,0,2120.930141587123,0.4139149895845366
6167,euler_ramsey,0.5,2.5% Ramsey,risk_aversion,combined,0,1503.4675271642002,0.35032158893767756
6168,euler_ramsey,0.5,1.5% Ramsey,risk_aversion,combined,0,-198.78006923479919,0.6340928002338262
6168,euler_ramsey,0.5,2.0% Ramsey,risk_aversion,combined,0,-164.75976068070315,0.544752282144806
6168,euler_ramsey,0.5,2.5% Ramsey,risk_aversion,combined,0,-109.18220397043156,0.47899455701629706
6169,euler_ramsey,0.5,1.5% Ramsey,risk_aversion,combined,0,742.2563923412682,0.5223121333255774
6169,euler_ramsey,0.5,2.0% Ramsey,risk_aversion,combined,0,582.0293156297935,0.4291132151096489
6169,euler_ramsey,0.5,2.5% Ramsey,risk_aversion,combined,0,415.9865747298718,0.36447275682586694
6170,euler_ramsey,0.5,1.5% Ramsey,risk_aversion,combined,0,342.5716776871264,2.7918412456331483
6170,euler_ramsey,0.5,2.0% Ramsey,risk_aversion,combined,0,276.5269182295313,3.347654081615992
6170,euler_ramsey,0.5,2.5% Ramsey,risk_aversion,combined,0,213.9654166632339,3.8098200922226195
6171,euler_ramsey,0.5,1.5% Ramsey,risk_aversion,combined,0,8652.456131283036,0.21133013418431493
6171,euler_ramsey,0.5,2.0% Ramsey,risk_aversion,combined,0,5859.964966285054,0.14190720577157018
6171,euler_ramsey,0.5,2.5% Ramsey,risk_aversion,combined,0,3873.4224341430654,0.10313723749520852
6172,euler_ramsey,0.5,1.5% Ramsey,risk_aversion,combined,0,3806.2047796538313,0.2768840420524358
6172,euler_ramsey,0.5,2.0% Ramsey,risk_aversion,combined,0,1598.4236568356046,0.19732539606805183
6172,euler_ramsey,0.5,2.5% Ramsey,risk_aversion,combined,0,853.5059372731041,0.15015227947218415
6173,euler_ramsey,0.5,1.5% Ramsey,risk_aversion,combined,0,1839.8218152024913,0.9165169268698493
6173,euler_ramsey,0.5,2.0% Ramsey,risk_aversion,combined,0,1235.5284438642261,0.8559130144347037
6173,euler_ramsey,0.5,2.5% Ramsey,risk_aversion,combined,0,771.6756123234978,0.8028746604095836
6174,euler_ramsey,0.5,1.5% Ramsey,risk_aversion,combined,0,475.47506659651987,0.20437224296274584
6174,euler_ramsey,0.5,2.0% Ramsey,risk_aversion,combined,0,212.9841815011549,0.13592538981210703
6174,euler_ramsey,0.5,2.5% Ramsey,risk_aversion,combined,0,142.21529979420725,0.09804009358131173
6175,euler_ramsey,0.5,1.5% Ramsey,risk_aversion,combined,0,2223.0809158693464,1.2208713410193643
6175,euler_ramsey,0.5,2.0% Ramsey,risk_aversion,combined,0,2009.1305630442234,1.2162191641339684
6175,euler_ramsey,0.5,2.5% Ramsey,risk_aversion,combined,0,1591.8859005387205,1.199354645283926
6176,euler_ramsey,0.5,1.5% Ramsey,risk_aversion,combined,0,468.0325734605454,0.957260728596763
6176,euler_ramsey,0.5,2.0% Ramsey,risk_aversion,combined,0,383.7272906180073,0.9025100959830434
6176,euler_ramsey,0.5,2.5% Ramsey,risk_aversion,combined,0,289.1247237209049,0.8528138787928073
6177,euler_ramsey,0.5,1.5% Ramsey,risk_aversion,combined,0,588.2430994587686,0.9444798173521316
6177,euler_ramsey,0.5,2.0% Ramsey,risk_aversion,combined,0,446.5515505165147,0.8877373557985109
6177,euler_ramsey,0.5,2.5% Ramsey,risk_aversion,combined,0,334.6816510115146,0.8368767912729795
6178,euler_ramsey,0.5,1.5% Ramsey,risk_aversion,combined,0,701.8507118572788,0.9504261186274365
6178,euler_ramsey,0.5,2.0% Ramsey,risk_aversion,combined,0,562.2609002653473,0.8936930299574423
6178,euler_ramsey,0.5,2.5% Ramsey,risk_aversion,combined,0,419.0864897978594,0.8426601922801975
6179,euler_ramsey,0.5,1.5% Ramsey,risk_aversion,combined,0,-20.600516592276538,0.8809751221902334
6179,euler_ramsey,0.5,2.0% Ramsey,risk_aversion,combined,0,-21.052548202523404,0.8138012371881793
6179,euler_ramsey,0.5,2.5% Ramsey,risk_aversion,combined,0,-17.219604779444037,0.7567889849285117
6180,euler_ramsey,0.5,1.5% Ramsey,risk_aversion,combined,0,-196.02544989881451,0.5083676655234945
6180,euler_ramsey,0.5,2.0% Ramsey,risk_aversion,combined,0,-61.4260008887206,0.41521987204279975
6180,euler_ramsey,0.5,2.5% Ramsey,risk_aversion,combined,0,-25.50588995087012,0.35108106128946354
6181,euler_ramsey,0.5,1.5% Ramsey,risk_aversion,combined,0,507.9581671273829,1.875277990855516
6181,euler_ramsey,0.5,2.0% Ramsey,risk_aversion,combined,0,383.0487122773102,2.056651972331625
6181,euler_ramsey,0.5,2.5% Ramsey,risk_aversion,combined,0,278.47705428889367,2.1847219361426014
6182,euler_ramsey,0.5,1.5% Ramsey,risk_aversion,combined,0,849.7635805122493,1.1120719219128627
6182,euler_ramsey,0.5,2.0% Ramsey,risk_aversion,combined,0,623.9237636612536,1.0847352160192276
6182,euler_ramsey,0.5,2.5% Ramsey,risk_aversion,combined,0,433.29788077345995,1.0524506292980942
6183,euler_ramsey,0.5,1.5% Ramsey,risk_aversion,combined,0,257.0910644892107,0.5400430031724048
6183,euler_ramsey,0.5,2.0% Ramsey,risk_aversion,combined,0,159.93726291858445,0.44687725035568493
6183,euler_ramsey,0.5,2.5% Ramsey,risk_aversion,combined,0,97.75047301257192,0.38166018372229144
6184,euler_ramsey,0.5,1.5% Ramsey,risk_aversion,combined,0,-815.8757170764209,0.38696698388795653
6184,euler_ramsey,0.5,2.0% Ramsey,risk_aversion,combined,0,-423.8084707719594,0.2971579745162715
6184,euler_ramsey,0.5,2.5% Ramsey,risk_aversion,combined,0,-253.49952561147123,0.23954316551874902
6185,euler_ramsey,0.5,1.5% Ramsey,risk_aversion,combined,0,48.81376376473383,1.2951923846178999
6185,euler_ramsey,0.5,2.0% Ramsey,risk_aversion,combined,0,30.284734590743902,1.3059940783890749
6185,euler_ramsey,0.5,2.5% Ramsey,risk_aversion,combined,0,16.028039719338604,1.29978710083185
6186,euler_ramsey,0.5,1.5% Ramsey,risk_aversion,combined,0,994.4073200112439,0.7921399855592123
6186,euler_ramsey,0.5,2.0% Ramsey,risk_aversion,combined,0,667.1784711348189,0.7157103725515903
6186,euler_ramsey,0.5,2.5% Ramsey,risk_aversion,combined,0,477.856405953874,0.6543754767658078
6187,euler_ramsey,0.5,1.5% Ramsey,risk_aversion,combined,0,-32.539969559197445,1.9522751587519331
6187,euler_ramsey,0.5,2.0% Ramsey,risk_aversion,combined,0,-19.70593488426446,2.159250163724448
6187,euler_ramsey,0.5,2.5% Ramsey,risk_aversion,combined,0,-8.075200145077144,2.3084393034076567
6188,euler_ramsey,0.5,1.5% Ramsey,risk_aversion,combined,0,619.27637786997,1.3126845609363536
6188,euler_ramsey,0.5,2.0% Ramsey,risk_aversion,combined,0,467.2020151167052,1.3282054973089836
6188,euler_ramsey,0.5,2.5% Ramsey,risk_aversion,combined,0,341.97714221732446,1.3255450329841307
6189,euler_ramsey,0.5,1.5% Ramsey,risk_aversion,combined,0,146.41418416938953,1.1672974495798545
6189,euler_ramsey,0.5,2.0% Ramsey,risk_aversion,combined,0,127.11224612436403,1.1502690606829105
6189,euler_ramsey,0.5,2.5% Ramsey,risk_aversion,combined,0,102.524158817914,1.1246624990814293
6190,euler_ramsey,0.5,1.5% Ramsey,risk_aversion,combined,0,-122.35968981330184,0.46231455965531804
6190,euler_ramsey,0.5,2.0% Ramsey,risk_aversion,combined,0,-120.81580688946038,0.36948366214098977
6190,euler_ramsey,0.5,2.5% Ramsey,risk_aversion,combined,0,-106.06831718985994,0.3071887312096584
6191,euler_ramsey,0.5,1.5% Ramsey,risk_aversion,combined,0,-83.32230445849372,2.7547567902653816
6191,euler_ramsey,0.5,2.0% Ramsey,risk_aversion,combined,0,-71.83119661373901,3.2932386594534027
6191,euler_ramsey,0.5,2.5% Ramsey,risk_aversion,combined,0,-55.91357506029623,3.7389507868319614
6192,euler_ramsey,0.5,1.5% Ramsey,risk_aversion,combined,0,-148.6260602458523,0.5015718017807212
6192,euler_ramsey,0.5,2.0% Ramsey,risk_aversion,combined,0,-73.63124308966084,0.4082035061930979
6192,euler_ramsey,0.5,2.5% Ramsey,risk_aversion,combined,0,-34.58972562558353,0.34417848178804006
6193,euler_ramsey,0.5,1.5% Ramsey,risk_aversion,combined,0,1695.375059000571,0.7248421245875035
6193,euler_ramsey,0.5,2.0% Ramsey,risk_aversion,combined,0,1428.9543816515486,0.6409536364480307
6193,euler_ramsey,0.5,2.5% Ramsey,risk_aversion,combined,0,1026.7261911332425,0.5762636498158726
6194,euler_ramsey,0.5,1.5% Ramsey,risk_aversion,combined,0,718.6590949580581,1.3777222887658596
6194,euler_ramsey,0.5,2.0% Ramsey,risk_aversion,combined,0,596.7567232878864,1.4113931648785893
6194,euler_ramsey,0.5,2.5% Ramsey,risk_aversion,combined,0,450.4622576789019,1.422396719097146
6195,euler_ramsey,0.5,1.5% Ramsey,risk_aversion,combined,0,415.42968233168125,0.649216585433196
6195,euler_ramsey,0.5,2.0% Ramsey,risk_aversion,combined,0,411.9912900909903,0.5605668977083366
6195,euler_ramsey,0.5,2.5% Ramsey,risk_aversion,combined,0,347.92025744198855,0.4948223537789693
6196,euler_ramsey,0.5,1.5% Ramsey,risk_aversion,combined,0,4005.56217738117,0.7004658212969801
6196,euler_ramsey,0.5,2.0% Ramsey,risk_aversion,combined,0,2918.91621921381,0.6156726219291645
6196,euler_ramsey,0.5,2.5% Ramsey,risk_aversion,combined,0,2118.521842513977,0.5510441063488404
6197,euler_ramsey,0.5,1.5% Ramsey,risk_aversion,combined,0,179.71902409357594,2.1504391545712807
6197,euler_ramsey,0.5,2.0% Ramsey,risk_aversion,combined,0,122.73306024113757,2.4310728203856917
6197,euler_ramsey,0.5,2.5% Ramsey,risk_aversion,combined,0,88.1055641788706,2.6433956040598874
6198,euler_ramsey,0.5,1.5% Ramsey,risk_aversion,combined,0,404.8036184430527,0.8596854239700215
6198,euler_ramsey,0.5,2.0% Ramsey,risk_aversion,combined,0,303.672208100001,0.7903020895089399
6198,euler_ramsey,0.5,2.5% Ramsey,risk_aversion,combined,0,208.27665983935245,0.7322770133193406
6199,euler_ramsey,0.5,1.5% Ramsey,risk_aversion,combined,0,98.89859443907785,1.388067611295769
6199,euler_ramsey,0.5,2.0% Ramsey,risk_aversion,combined,0,72.1454152578546,1.4223478659504125
6199,euler_ramsey,0.5,2.5% Ramsey,risk_aversion,combined,0,53.19738158932433,1.4333614877040215
6200,euler_ramsey,0.5,1.5% Ramsey,risk_aversion,combined,0,679.7057473677545,0.5609858911485832
6200,euler_ramsey,0.5,2.0% Ramsey,risk_aversion,combined,0,431.0656136969636,0.4684840974314301
6200,euler_ramsey,0.5,2.5% Ramsey,risk_aversion,combined,0,264.5307722747088,0.4029841736020907
6201,euler_ramsey,0.5,1.5% Ramsey,risk_aversion,combined,0,1786.098349683514,0.4969695575132808
6201,euler_ramsey,0.5,2.0% Ramsey,risk_aversion,combined,0,1119.0830918478434,0.4042320098426785
6201,euler_ramsey,0.5,2.5% Ramsey,risk_aversion,combined,0,687.8188843433339,0.3407311054769921
6202,euler_ramsey,0.5,1.5% Ramsey,risk_aversion,combined,0,1098.1714234978879,1.2753073291218542
6202,euler_ramsey,0.5,2.0% Ramsey,risk_aversion,combined,0,639.9218469998127,1.282303552828611
6202,euler_ramsey,0.5,2.5% Ramsey,risk_aversion,combined,0,389.87228494508304,1.2735786352329763
6203,euler_ramsey,0.5,1.5% Ramsey,risk_aversion,combined,0,471.2924612574916,1.3537192751965745
6203,euler_ramsey,0.5,2.0% Ramsey,risk_aversion,combined,0,267.6249956084441,1.3787219786712075
6203,euler_ramsey,0.5,2.5% Ramsey,risk_aversion,combined,0,166.81765049220166,1.3829216902869825
6204,euler_ramsey,0.5,1.5% Ramsey,risk_aversion,combined,0,317.0867859251266,1.8289686842523332
6204,euler_ramsey,0.5,2.0% Ramsey,risk_aversion,combined,0,256.7519130371345,1.993744868745624
6204,euler_ramsey,0.5,2.5% Ramsey,risk_aversion,combined,0,194.07010468239923,2.1077340461897096
6205,euler_ramsey,0.5,1.5% Ramsey,risk_aversion,combined,0,4462.900189947846,0.3402169715530958
6205,euler_ramsey,0.5,2.0% Ramsey,risk_aversion,combined,0,2496.4605888017763,0.2540959439415284
6205,euler_ramsey,0.5,2.5% Ramsey,risk_aversion,combined,0,1425.055046633554,0.20050016533125747
6206,euler_ramsey,0.5,1.5% Ramsey,risk_aversion,combined,0,287.7243234616748,0.5591018498645978
6206,euler_ramsey,0.5,2.0% Ramsey,risk_aversion,combined,0,233.13568139646378,0.4667491663740232
6206,euler_ramsey,0.5,2.5% Ramsey,risk_aversion,combined,0,181.45102008088355,0.4013988591773812
6207,euler_ramsey,0.5,1.5% Ramsey,risk_aversion,combined,0,403.1899111738096,0.40229026762804043
6207,euler_ramsey,0.5,2.0% Ramsey,risk_aversion,combined,0,288.7289816243155,0.3115787446000888
6207,euler_ramsey,0.5,2.5% Ramsey,risk_aversion,combined,0,204.27813027819775,0.2528356915110876
6208,euler_ramsey,0.5,1.5% Ramsey,risk_aversion,combined,0,1518.5493869416464,0.33472543899635904
6208,euler_ramsey,0.5,2.0% Ramsey,risk_aversion,combined,0,814.7057718703236,0.24878693624844134
6208,euler_ramsey,0.5,2.5% Ramsey,risk_aversion,combined,0,519.8905915290884,0.19555481593218432
6209,euler_ramsey,0.5,1.5% Ramsey,risk_aversion,combined,0,565.9697063506788,2.0934041199545024
6209,euler_ramsey,0.5,2.0% Ramsey,risk_aversion,combined,0,555.9019628381619,2.353962496510575
6209,euler_ramsey,0.5,2.5% Ramsey,risk_aversion,combined,0,481.89544781542133,2.549272800246415
6210,euler_ramsey,0.5,1.5% Ramsey,risk_aversion,combined,0,-279.6215255982488,0.399669835755511
6210,euler_ramsey,0.5,2.0% Ramsey,risk_aversion,combined,0,-172.264718267158,0.3092823967497205
6210,euler_ramsey,0.5,2.5% Ramsey,risk_aversion,combined,0,-92.64985927686143,0.25081426152704284
6211,euler_ramsey,0.5,1.5% Ramsey,risk_aversion,combined,0,174.68996641913353,2.2627582765764314
6211,euler_ramsey,0.5,2.0% Ramsey,risk_aversion,combined,0,149.5564047394152,2.587534984414065
6211,euler_ramsey,0.5,2.5% Ramsey,risk_aversion,combined,0,120.94445415681452,2.838597563625568
6212,euler_ramsey,0.5,1.5% Ramsey,risk_aversion,combined,0,958.3970796244383,0.5137342917897879
6212,euler_ramsey,0.5,2.0% Ramsey,risk_aversion,combined,0,673.1613935909081,0.42100026559315307
6212,euler_ramsey,0.5,2.5% Ramsey,risk_aversion,combined,0,497.43481338209426,0.35692159105923205
6213,euler_ramsey,0.5,1.5% Ramsey,risk_aversion,combined,0,1282.7313095537907,0.39476919997758
6213,euler_ramsey,0.5,2.0% Ramsey,risk_aversion,combined,0,979.7056912197407,0.3045622808354473
6213,euler_ramsey,0.5,2.5% Ramsey,risk_aversion,combined,0,698.4147207557712,0.24640593731748894
6214,euler_ramsey,0.5,1.5% Ramsey,risk_aversion,combined,0,886.5975995325813,0.7792417040159357
6214,euler_ramsey,0.5,2.0% Ramsey,risk_aversion,combined,0,474.1854687580795,0.70071759821659
6214,euler_ramsey,0.5,2.5% Ramsey,risk_aversion,combined,0,281.5701128416832,0.6382796687318805
6215,euler_ramsey,0.5,1.5% Ramsey,risk_aversion,combined,0,358.1439902499529,1.250578677663785
6215,euler_ramsey,0.5,2.0% Ramsey,risk_aversion,combined,0,316.96568577097423,1.2510699666248741
6215,euler_ramsey,0.5,2.5% Ramsey,risk_aversion,combined,0,251.5316851980906,1.2376901149465265
6216,euler_ramsey,0.5,1.5% Ramsey,risk_aversion,combined,0,4.531349394455106,2.4922169489531854
6216,euler_ramsey,0.5,2.0% Ramsey,risk_aversion,combined,0,4.52213875685898,2.912355265601057
6216,euler_ramsey,0.5,2.5% Ramsey,risk_aversion,combined,0,7.5488711489373115,3.2487883682606045
6217,euler_ramsey,0.5,1.5% Ramsey,risk_aversion,combined,0,-893.0237498795987,0.4727047750344266
6217,euler_ramsey,0.5,2.0% Ramsey,risk_aversion,combined,0,-682.1555595187135,0.37965816929820084
6217,euler_ramsey,0.5,2.5% Ramsey,risk_aversion,combined,0,-479.40939062862293,0.31685505877496567
6218,euler_ramsey,0.5,1.5% Ramsey,risk_aversion,combined,0,643.2046850689162,0.9554086078102426
6218,euler_ramsey,0.5,2.0% Ramsey,risk_aversion,combined,0,519.9067436554948,0.8995698343746991
6218,euler_ramsey,0.5,2.5% Ramsey,risk_aversion,combined,0,397.41002687783066,0.8490850743474339
6219,euler_ramsey,0.5,1.5% Ramsey,risk_aversion,combined,0,3337.9504002965564,0.18875556544134858
6219,euler_ramsey,0.5,2.0% Ramsey,risk_aversion,combined,0,1344.7137182857439,0.12334010101387646
6219,euler_ramsey,0.5,2.5% Ramsey,risk_aversion,combined,0,696.0363340714638,0.08775707400323693
6220,euler_ramsey,0.5,1.5% Ramsey,risk_aversion,combined,0,678.0973365268491,1.4523672932558187
6220,euler_ramsey,0.5,2.0% Ramsey,risk_aversion,combined,0,569.6537922568883,1.5034271367405792
6220,euler_ramsey,0.5,2.5% Ramsey,risk_aversion,combined,0,439.76704566038717,1.5271212305025292
6221,euler_ramsey,0.5,1.5% Ramsey,risk_aversion,combined,0,-430.9289408844574,0.6392338846615574
6221,euler_ramsey,0.5,2.0% Ramsey,risk_aversion,combined,0,-309.25582966309435,0.550056155250018
6221,euler_ramsey,0.5,2.5% Ramsey,risk_aversion,combined,0,-212.870761020984,0.4842513087136219
6222,euler_ramsey,0.5,1.5% Ramsey,risk_aversion,combined,0,525.6181470540897,0.9810116230118607
6222,euler_ramsey,0.5,2.0% Ramsey,risk_aversion,combined,0,361.3544058587813,0.9300508338243578
6222,euler_ramsey,0.5,2.5% Ramsey,risk_aversion,combined,0,247.56593023166442,0.8826457668379052
6223,euler_ramsey,0.5,1.5% Ramsey,risk_aversion,combined,0,1115.239162507867,1.9851868343777357
6223,euler_ramsey,0.5,2.0% Ramsey,risk_aversion,combined,0,732.9308787655863,2.206544911768843
6223,euler_ramsey,0.5,2.5% Ramsey,risk_aversion,combined,0,482.82015372022977,2.3684183832841716
6224,euler_ramsey,0.5,1.5% Ramsey,risk_aversion,combined,0,2775.0373243005342,0.278841341810901
6224,euler_ramsey,0.5,2.0% Ramsey,risk_aversion,combined,0,846.5336001912211,0.1988918334286071
6224,euler_ramsey,0.5,2.5% Ramsey,risk_aversion,combined,0,394.6741804472418,0.15143433198236553
6225,euler_ramsey,0.5,1.5% Ramsey,risk_aversion,combined,0,162.2809036162208,1.497043879792068
6225,euler_ramsey,0.5,2.0% Ramsey,risk_aversion,combined,0,119.48432895948791,1.5600769283927785
6225,euler_ramsey,0.5,2.5% Ramsey,risk_aversion,combined,0,87.25057432516125,1.592820907497131
6226,euler_ramsey,0.5,1.5% Ramsey,risk_aversion,combined,0,248.73539274987266,0.528107479970496
6226,euler_ramsey,0.5,2.0% Ramsey,risk_aversion,combined,0,121.53232936375068,0.4348448683392043
6226,euler_ramsey,0.5,2.5% Ramsey,risk_aversion,combined,0,56.43337217327437,0.36996642939562174
6227,euler_ramsey,0.5,1.5% Ramsey,risk_aversion,combined,0,700.1267929664851,1.9683975071650148
6227,euler_ramsey,0.5,2.0% Ramsey,risk_aversion,combined,0,566.0437971205216,2.1826192955919375
6227,euler_ramsey,0.5,2.5% Ramsey,risk_aversion,combined,0,434.1398418567596,2.3382162327478295
6228,euler_ramsey,0.5,1.5% Ramsey,risk_aversion,combined,0,127.9711461232053,0.6051920442004238
6228,euler_ramsey,0.5,2.0% Ramsey,risk_aversion,combined,0,89.68952742624161,0.5137771887021457
6228,euler_ramsey,0.5,2.5% Ramsey,risk_aversion,combined,0,59.25326206051704,0.44757497757550097
6229,euler_ramsey,0.5,1.5% Ramsey,risk_aversion,combined,0,2389.8071770553274,1.1770152525215274
6229,euler_ramsey,0.5,2.0% Ramsey,risk_aversion,combined,0,1383.8384683515096,1.1631313324309713
6229,euler_ramsey,0.5,2.5% Ramsey,risk_aversion,combined,0,835.7602455846536,1.1398734975122675
6230,euler_ramsey,0.5,1.5% Ramsey,risk_aversion,combined,0,2299.989501538753,0.4385393706942321
6230,euler_ramsey,0.5,2.0% Ramsey,risk_aversion,combined,0,1320.753798561715,0.3467134370841554
6230,euler_ramsey,0.5,2.5% Ramsey,risk_aversion,combined,0,782.0247735293977,0.28588812935012403
6231,euler_ramsey,0.5,1.5% Ramsey,risk_aversion,combined,0,402.1058373582321,2.121180384133874
6231,euler_ramsey,0.5,2.0% Ramsey,risk_aversion,combined,0,303.5119422407723,2.390830032276957
6231,euler_ramsey,0.5,2.5% Ramsey,risk_aversion,combined,0,222.3533110841904,2.593651084252267
6232,euler_ramsey,0.5,1.5% Ramsey,risk_aversion,combined,0,168.6370213448104,0.8153116881673452
6232,euler_ramsey,0.5,2.0% Ramsey,risk_aversion,combined,0,135.45976429502184,0.7418994444779121
6232,euler_ramsey,0.5,2.5% Ramsey,risk_aversion,combined,0,105.90170108683583,0.6820644718473566
6233,euler_ramsey,0.5,1.5% Ramsey,risk_aversion,combined,0,248.52728063835005,1.3470075205139127
6233,euler_ramsey,0.5,2.0% Ramsey,risk_aversion,combined,0,179.9240563065216,1.3711205663425752
6233,euler_ramsey,0.5,2.5% Ramsey,risk_aversion,combined,0,129.47598885271643,1.3747837222901786
6234,euler_ramsey,0.5,1.5% Ramsey,risk_aversion,combined,0,610.0106545266262,1.1499945650428451
6234,euler_ramsey,0.5,2.0% Ramsey,risk_aversion,combined,0,424.40694188590544,1.128374371484358
6234,euler_ramsey,0.5,2.5% Ramsey,risk_aversion,combined,0,289.8137581778738,1.0995336681902292
6235,euler_ramsey,0.5,1.5% Ramsey,risk_aversion,combined,0,-400.26061685732236,0.2415238493222072
6235,euler_ramsey,0.5,2.0% Ramsey,risk_aversion,combined,0,-190.5108333703599,0.16677977167521427
6235,euler_ramsey,0.5,2.5% Ramsey,risk_aversion,combined,0,-95.83304535986254,0.12383832223271882
6236,euler_ramsey,0.5,1.5% Ramsey,risk_aversion,combined,0,1167.3823726166893,0.5022248497730626
6236,euler_ramsey,0.5,2.0% Ramsey,risk_aversion,combined,0,1001.2429399724803,0.4088536312648724
6236,euler_ramsey,0.5,2.5% Ramsey,risk_aversion,combined,0,769.0864169290417,0.34480500412389276
6237,euler_ramsey,0.5,1.5% Ramsey,risk_aversion,combined,0,86.81323431704504,1.3589644699815122
6237,euler_ramsey,0.5,2.0% Ramsey,risk_aversion,combined,0,49.9937634333273,1.3856052413284483
6237,euler_ramsey,0.5,2.5% Ramsey,risk_aversion,combined,0,32.090326576766714,1.3910102019685286
6238,euler_ramsey,0.5,1.5% Ramsey,risk_aversion,combined,0,3009.301815462487,0.8389916290907811
6238,euler_ramsey,0.5,2.0% Ramsey,risk_aversion,combined,0,2674.891178490578,0.7696486712758438
6238,euler_ramsey,0.5,2.5% Ramsey,risk_aversion,combined,0,2108.4372951753235,0.7122372349328487
6239,euler_ramsey,0.5,1.5% Ramsey,risk_aversion,combined,0,3253.5174630918373,0.4424838979238597
6239,euler_ramsey,0.5,2.0% Ramsey,risk_aversion,combined,0,2615.6267247510086,0.35043702283061184
6239,euler_ramsey,0.5,2.5% Ramsey,risk_aversion,combined,0,1892.5847496304896,0.28934089124809925
6240,euler_ramsey,0.5,1.5% Ramsey,risk_aversion,combined,0,376.85716274629755,1.1381254200410718
6240,euler_ramsey,0.5,2.0% Ramsey,risk_aversion,combined,0,270.32739951603185,1.1158716634892634
6240,euler_ramsey,0.5,2.5% Ramsey,risk_aversion,combined,0,192.57088330219173,1.0868796239203693
6241,euler_ramsey,0.5,1.5% Ramsey,risk_aversion,combined,0,406.8332350157595,0.8094609046669525
6241,euler_ramsey,0.5,2.0% Ramsey,risk_aversion,combined,0,345.1473546338156,0.7348873486264715
6241,euler_ramsey,0.5,2.5% Ramsey,risk_aversion,combined,0,269.20675295970227,0.6744856076027557
6242,euler_ramsey,0.5,1.5% Ramsey,risk_aversion,combined,0,-159.73838465793895,0.6390062944985262
6242,euler_ramsey,0.5,2.0% Ramsey,risk_aversion,combined,0,-124.36294561772016,0.5496781511067976
6242,euler_ramsey,0.5,2.5% Ramsey,risk_aversion,combined,0,-87.56469773450547,0.483784528928534
6243,euler_ramsey,0.5,1.5% Ramsey,risk_aversion,combined,0,411.5307445458388,1.645473501225935
6243,euler_ramsey,0.5,2.0% Ramsey,risk_aversion,combined,0,275.63757025882927,1.7514988316833688
6243,euler_ramsey,0.5,2.5% Ramsey,risk_aversion,combined,0,187.4358061870825,1.817858506971937
6244,euler_ramsey,0.5,1.5% Ramsey,risk_aversion,combined,0,157.63447602995544,1.9871483814043231
6244,euler_ramsey,0.5,2.0% Ramsey,risk_aversion,combined,0,125.95693313766537,2.2072941120162177
6244,euler_ramsey,0.5,2.5% Ramsey,risk_aversion,combined,0,99.56893898464146,2.3677378907941486
6245,euler_ramsey,0.5,1.5% Ramsey,risk_aversion,combined,0,678.1039182261213,1.4023699464395873
6245,euler_ramsey,0.5,2.0% Ramsey,risk_aversion,combined,0,559.2767879099864,1.4405227880471778
6245,euler_ramsey,0.5,2.5% Ramsey,risk_aversion,combined,0,425.6192144148284,1.4545569679404915
6246,euler_ramsey,0.5,1.5% Ramsey,risk_aversion,combined,0,1001.7884490799977,0.9568311909677193
6246,euler_ramsey,0.5,2.0% Ramsey,risk_aversion,combined,0,645.6663821035198,0.9014745302473278
6246,euler_ramsey,0.5,2.5% Ramsey,risk_aversion,combined,0,454.88861725741,0.8513398429608164
6247,euler_ramsey,0.5,1.5% Ramsey,risk_aversion,combined,0,23.330200946356033,1.465539670854957
6247,euler_ramsey,0.5,2.0% Ramsey,risk_aversion,combined,0,11.991727264066139,1.519719578211057
6247,euler_ramsey,0.5,2.5% Ramsey,risk_aversion,combined,0,8.223021246317803,1.5457164734368265
6248,euler_ramsey,0.5,1.5% Ramsey,risk_aversion,combined,0,432.75578560585495,0.49343653288271927
6248,euler_ramsey,0.5,2.0% Ramsey,risk_aversion,combined,0,311.2449424347377,0.4002525668954729
6248,euler_ramsey,0.5,2.5% Ramsey,risk_aversion,combined,0,231.47233951164984,0.33662482586290093
6249,euler_ramsey,0.5,1.5% Ramsey,risk_aversion,combined,0,993.2739311952508,1.1205418940823328
6249,euler_ramsey,0.5,2.0% Ramsey,risk_aversion,combined,0,691.4017351247522,1.0940777027137867
6249,euler_ramsey,0.5,2.5% Ramsey,risk_aversion,combined,0,484.4954625934647,1.0621258918406589
6250,euler_ramsey,0.5,1.5% Ramsey,risk_aversion,combined,0,36.16332121229374,1.1772998242254018
6250,euler_ramsey,0.5,2.0% Ramsey,risk_aversion,combined,0,53.016065595288495,1.1617666324546791
6250,euler_ramsey,0.5,2.5% Ramsey,risk_aversion,combined,0,69.5024434207497,1.1371121552994659
6251,euler_ramsey,0.5,1.5% Ramsey,risk_aversion,combined,0,511.6935181194492,0.9125568557896917
6251,euler_ramsey,0.5,2.0% Ramsey,risk_aversion,combined,0,451.3770791251741,0.8514177679263598
6251,euler_ramsey,0.5,2.5% Ramsey,risk_aversion,combined,0,373.8805767053387,0.7980408113630739
6252,euler_ramsey,0.5,1.5% Ramsey,risk_aversion,combined,0,352.32966079524107,1.0707472580924755
6252,euler_ramsey,0.5,2.0% Ramsey,risk_aversion,combined,0,285.8005029048753,1.035214949827084
6252,euler_ramsey,0.5,2.5% Ramsey,risk_aversion,combined,0,211.86490443519705,0.9974235305108565
6253,euler_ramsey,0.5,1.5% Ramsey,risk_aversion,combined,0,5815.060185534719,0.3918384600481747
6253,euler_ramsey,0.5,2.0% Ramsey,risk_aversion,combined,0,4010.987621763166,0.3021234140564482
6253,euler_ramsey,0.5,2.5% Ramsey,risk_aversion,combined,0,2581.1901409236743,0.24434677360576326
6254,euler_ramsey,0.5,1.5% Ramsey,risk_aversion,combined,0,1977.299031436566,0.7837744731070628
6254,euler_ramsey,0.5,2.0% Ramsey,risk_aversion,combined,0,1652.8107203501636,0.7071831266575617
6254,euler_ramsey,0.5,2.5% Ramsey,risk_aversion,combined,0,1228.6649962528563,0.6459760311304932
6255,euler_ramsey,0.5,1.5% Ramsey,risk_aversion,combined,0,585.3402282113315,1.607904445524136
6255,euler_ramsey,0.5,2.0% Ramsey,risk_aversion,combined,0,431.11547169299405,1.7031604847491104
6255,euler_ramsey,0.5,2.5% Ramsey,risk_aversion,combined,0,319.8276368267595,1.7610022845842106
6256,euler_ramsey,0.5,1.5% Ramsey,risk_aversion,combined,0,350.3713688939683,1.9001471799252527
6256,euler_ramsey,0.5,2.0% Ramsey,risk_aversion,combined,0,236.64748484314833,2.089136835806595
6256,euler_ramsey,0.5,2.5% Ramsey,risk_aversion,combined,0,160.7836355673231,2.223170275988959
6257,euler_ramsey,0.5,1.5% Ramsey,risk_aversion,combined,0,2072.198500660421,0.8336897280004361
6257,euler_ramsey,0.5,2.0% Ramsey,risk_aversion,combined,0,1684.0406346818202,0.7625515022934494
6257,euler_ramsey,0.5,2.5% Ramsey,risk_aversion,combined,0,1214.3652356189427,0.7039734956720289
6258,euler_ramsey,0.5,1.5% Ramsey,risk_aversion,combined,0,742.5028534919824,1.1148407481151794
6258,euler_ramsey,0.5,2.0% Ramsey,risk_aversion,combined,0,601.7262762888399,1.0872404526325399
6258,euler_ramsey,0.5,2.5% Ramsey,risk_aversion,combined,0,458.57630130161874,1.0545795686716524
6259,euler_ramsey,0.5,1.5% Ramsey,risk_aversion,combined,0,613.8825363683804,0.39258411493534967
6259,euler_ramsey,0.5,2.0% Ramsey,risk_aversion,combined,0,592.4391051219889,0.30258018329216324
6259,euler_ramsey,0.5,2.5% Ramsey,risk_aversion,combined,0,476.3977008891637,0.24461753717342247
6260,euler_ramsey,0.5,1.5% Ramsey,risk_aversion,combined,0,-513.6712015726688,0.519817781323083
6260,euler_ramsey,0.5,2.0% Ramsey,risk_aversion,combined,0,-389.0274474461154,0.4265593157387382
6260,euler_ramsey,0.5,2.5% Ramsey,risk_aversion,combined,0,-259.4448742140466,0.36196285067025297
6261,euler_ramsey,0.5,1.5% Ramsey,risk_aversion,combined,0,4933.9040095735945,0.47190815263904723
6261,euler_ramsey,0.5,2.0% Ramsey,risk_aversion,combined,0,3888.605194440854,0.3796897119063109
6261,euler_ramsey,0.5,2.5% Ramsey,risk_aversion,combined,0,2746.6737414716363,0.3173852357467013
6262,euler_ramsey,0.5,1.5% Ramsey,risk_aversion,combined,0,285.36359276785595,0.44307433141964125
6262,euler_ramsey,0.5,2.0% Ramsey,risk_aversion,combined,0,266.5555491587046,0.3508067676761701
6262,euler_ramsey,0.5,2.5% Ramsey,risk_aversion,combined,0,217.44311576610548,0.2895633220430526
6263,euler_ramsey,0.5,1.5% Ramsey,risk_aversion,combined,0,46.93010693678912,0.8519331102556993
6263,euler_ramsey,0.5,2.0% Ramsey,risk_aversion,combined,0,40.92245313673743,0.7812531427502711
6263,euler_ramsey,0.5,2.5% Ramsey,risk_aversion,combined,0,33.38759606895497,0.7224582059010612
6264,euler_ramsey,0.5,1.5% Ramsey,risk_aversion,combined,0,608.2078105730124,0.7897070378601387
6264,euler_ramsey,0.5,2.0% Ramsey,risk_aversion,combined,0,405.19888942218057,0.7126689700596777
6264,euler_ramsey,0.5,2.5% Ramsey,risk_aversion,combined,0,289.68347662226955,0.6509590963341554
6265,euler_ramsey,0.5,1.5% Ramsey,risk_aversion,combined,0,156.47146702266866,1.3239150934065307
6265,euler_ramsey,0.5,2.0% Ramsey,risk_aversion,combined,0,124.7746363601119,1.3420556086916202
6265,euler_ramsey,0.5,2.5% Ramsey,risk_aversion,combined,0,97.36819438655891,1.3412392733821832
6266,euler_ramsey,0.5,1.5% Ramsey,risk_aversion,combined,0,281.2790804472792,1.735225886407457
6266,euler_ramsey,0.5,2.0% Ramsey,risk_aversion,combined,0,211.86000368355724,1.8694350285470749
6266,euler_ramsey,0.5,2.5% Ramsey,risk_aversion,combined,0,150.24584389890876,1.958443608789835
6267,euler_ramsey,0.5,1.5% Ramsey,risk_aversion,combined,0,-22.69814888887452,1.5609100237511948
6267,euler_ramsey,0.5,2.0% Ramsey,risk_aversion,combined,0,-10.728592458534749,1.6423212763376789
6267,euler_ramsey,0.5,2.5% Ramsey,risk_aversion,combined,0,-1.3364659976294049,1.6892818995356362
6268,euler_ramsey,0.5,1.5% Ramsey,risk_aversion,combined,0,258.0847300280621,0.9400189788600772
6268,euler_ramsey,0.5,2.0% Ramsey,risk_aversion,combined,0,191.94407499352536,0.8819534492387058
6268,euler_ramsey,0.5,2.5% Ramsey,risk_aversion,combined,0,144.02882706217085,0.8302066071830585
6269,euler_ramsey,0.5,1.5% Ramsey,risk_aversion,combined,0,321.65687039683894,1.3797319349465609
6269,euler_ramsey,0.5,2.0% Ramsey,risk_aversion,combined,0,205.13108832762344,1.4108915941245577
6269,euler_ramsey,0.5,2.5% Ramsey,risk_aversion,combined,0,118.94502743708179,1.4194929285436444
6270,euler_ramsey,0.5,1.5% Ramsey,risk_aversion,combined,0,2120.94269003983,1.2737527924080083
6270,euler_ramsey,0.5,2.0% Ramsey,risk_aversion,combined,0,1293.7596543159445,1.2812313938918012
6270,euler_ramsey,0.5,2.5% Ramsey,risk_aversion,combined,0,816.9054829760379,1.2729525245072195
6271,euler_ramsey,0.5,1.5% Ramsey,risk_aversion,combined,0,545.9162766204201,1.2655463639770845
6271,euler_ramsey,0.5,2.0% Ramsey,risk_aversion,combined,0,338.573575646105,1.2697598997173494
6271,euler_ramsey,0.5,2.5% Ramsey,risk_aversion,combined,0,225.11583545102457,1.2589770821766155
6272,euler_ramsey,0.5,1.5% Ramsey,risk_aversion,combined,0,1835.89863052672,0.3823291202445324
6272,euler_ramsey,0.5,2.0% Ramsey,risk_aversion,combined,0,656.9491390657051,0.29288091872214467
6272,euler_ramsey,0.5,2.5% Ramsey,risk_aversion,combined,0,355.0191911484363,0.2356618022112791
6273,euler_ramsey,0.5,1.5% Ramsey,risk_aversion,combined,0,1116.8037219392393,0.7129046506841902
6273,euler_ramsey,0.5,2.0% Ramsey,risk_aversion,combined,0,887.2514536186279,0.6302857727986739
6273,euler_ramsey,0.5,2.5% Ramsey,risk_aversion,combined,0,656.0856048573498,0.5667986044860494
6274,euler_ramsey,0.5,1.5% Ramsey,risk_aversion,combined,0,74.40938303717924,0.6234818560650783
6274,euler_ramsey,0.5,2.0% Ramsey,risk_aversion,combined,0,66.77921054726285,0.5333779510239495
6274,euler_ramsey,0.5,2.5% Ramsey,risk_aversion,combined,0,55.5642012218084,0.46744769330127833
6275,euler_ramsey,0.5,1.5% Ramsey,risk_aversion,combined,0,3122.1101717062397,0.7099338696729454
6275,euler_ramsey,0.5,2.0% Ramsey,risk_aversion,combined,0,2655.5520215273355,0.6254496391334249
6275,euler_ramsey,0.5,2.5% Ramsey,risk_aversion,combined,0,1945.894894952499,0.560768423542741
6276,euler_ramsey,0.5,1.5% Ramsey,risk_aversion,combined,0,243.192351805358,2.1008107393290794
6276,euler_ramsey,0.5,2.0% Ramsey,risk_aversion,combined,0,206.5998901568697,2.3626248153642844
6276,euler_ramsey,0.5,2.5% Ramsey,risk_aversion,combined,0,166.3770720170978,2.5587047176112723
6277,euler_ramsey,0.5,1.5% Ramsey,risk_aversion,combined,0,781.0773270791094,0.7351717635090408
6277,euler_ramsey,0.5,2.0% Ramsey,risk_aversion,combined,0,735.1741037608748,0.6525326779321409
6277,euler_ramsey,0.5,2.5% Ramsey,risk_aversion,combined,0,632.4172699870315,0.5884370625885235
6278,euler_ramsey,0.5,1.5% Ramsey,risk_aversion,combined,0,363.0767813898567,0.8398239460665254
6278,euler_ramsey,0.5,2.0% Ramsey,risk_aversion,combined,0,297.00830298768227,0.7685143408350691
6278,euler_ramsey,0.5,2.5% Ramsey,risk_aversion,combined,0,223.112101700613,0.7095628585240307
6279,euler_ramsey,0.5,1.5% Ramsey,risk_aversion,combined,0,-135.68660440139868,0.9242000055774562
6279,euler_ramsey,0.5,2.0% Ramsey,risk_aversion,combined,0,-123.1571489202982,0.8637227269747411
6279,euler_ramsey,0.5,2.5% Ramsey,risk_aversion,combined,0,-92.99464915811016,0.8105553534350631
6280,euler_ramsey,0.5,1.5% Ramsey,risk_aversion,combined,0,392.66104428335257,0.9530004276018439
6280,euler_ramsey,0.5,2.0% Ramsey,risk_aversion,combined,0,360.04701578948885,0.8969677923701113
6280,euler_ramsey,0.5,2.5% Ramsey,risk_aversion,combined,0,323.262279560461,0.8464020721301572
6281,euler_ramsey,0.5,1.5% Ramsey,risk_aversion,combined,0,1171.1550279899818,0.5228083708808442
6281,euler_ramsey,0.5,2.0% Ramsey,risk_aversion,combined,0,1023.2596193566048,0.4302129477969389
6281,euler_ramsey,0.5,2.5% Ramsey,risk_aversion,combined,0,807.5612703724814,0.36592069433980373
6282,euler_ramsey,0.5,1.5% Ramsey,risk_aversion,combined,0,548.5475104423175,1.3378720667088604
6282,euler_ramsey,0.5,2.0% Ramsey,risk_aversion,combined,0,398.6426447878776,1.3590984826298447
6282,euler_ramsey,0.5,2.5% Ramsey,risk_aversion,combined,0,267.75699583632803,1.360511304587636
6283,euler_ramsey,0.5,1.5% Ramsey,risk_aversion,combined,0,566.9196608420741,2.3615935064748945
6283,euler_ramsey,0.5,2.0% Ramsey,risk_aversion,combined,0,483.15079229280803,2.7288793247367877
6283,euler_ramsey,0.5,2.5% Ramsey,risk_aversion,combined,0,397.46589303846633,3.018326534147746
6284,euler_ramsey,0.5,1.5% Ramsey,risk_aversion,combined,0,1101.3562280945814,0.6360448903338107
6284,euler_ramsey,0.5,2.0% Ramsey,risk_aversion,combined,0,814.6403834168162,0.5465736739854813
6284,euler_ramsey,0.5,2.5% Ramsey,risk_aversion,combined,0,544.4903252918455,0.4806821660838973
6285,euler_ramsey,0.5,1.5% Ramsey,risk_aversion,combined,0,511.5694732275909,1.1741614338529327
6285,euler_ramsey,0.5,2.0% Ramsey,risk_aversion,combined,0,367.6064391651285,1.1589196593592037
6285,euler_ramsey,0.5,2.5% Ramsey,risk_aversion,combined,0,247.27423478471908,1.1347003527700015
6286,euler_ramsey,0.5,1.5% Ramsey,risk_aversion,combined,0,217.45593056844908,2.3159027163147132
6286,euler_ramsey,0.5,2.0% Ramsey,risk_aversion,combined,0,178.48740484497375,2.6622185862082755
6286,euler_ramsey,0.5,2.5% Ramsey,risk_aversion,combined,0,139.95113740953178,2.9323477465371792
6287,euler_ramsey,0.5,1.5% Ramsey,risk_aversion,combined,0,1901.8477119414426,0.4830693906989584
6287,euler_ramsey,0.5,2.0% Ramsey,risk_aversion,combined,0,798.0425152364338,0.3899983714998939
6287,euler_ramsey,0.5,2.5% Ramsey,risk_aversion,combined,0,387.80604069066874,0.32680744047282695
6288,euler_ramsey,0.5,1.5% Ramsey,risk_aversion,combined,0,2021.072207582979,0.14242543690866966
6288,euler_ramsey,0.5,2.0% Ramsey,risk_aversion,combined,0,1604.7471627801647,0.08734030818896751
6288,euler_ramsey,0.5,2.5% Ramsey,risk_aversion,combined,0,1142.502391586637,0.05916345655607274
6289,euler_ramsey,0.5,1.5% Ramsey,risk_aversion,combined,0,59.41387093072671,0.5206203387028066
6289,euler_ramsey,0.5,2.0% Ramsey,risk_aversion,combined,0,34.349250534796894,0.4273449751123815
6289,euler_ramsey,0.5,2.5% Ramsey,risk_aversion,combined,0,16.231331239236557,0.36271238111842746
6290,euler_ramsey,0.5,1.5% Ramsey,risk_aversion,combined,0,434.47309093568856,0.8885599083300862
6290,euler_ramsey,0.5,2.0% Ramsey,risk_aversion,combined,0,337.81024762428916,0.8228247817661078
6290,euler_ramsey,0.5,2.5% Ramsey,risk_aversion,combined,0,243.85789650480731,0.7667180623685694
6291,euler_ramsey,0.5,1.5% Ramsey,risk_aversion,combined,0,572.0573774652892,1.244351517108725
6291,euler_ramsey,0.5,2.0% Ramsey,risk_aversion,combined,0,458.0659251349601,1.2431582592518302
6291,euler_ramsey,0.5,2.5% Ramsey,risk_aversion,combined,0,337.62702177718955,1.2284130144962881
6292,euler_ramsey,0.5,1.5% Ramsey,risk_aversion,combined,0,336.04875268123476,0.7208578756282689
6292,euler_ramsey,0.5,2.0% Ramsey,risk_aversion,combined,0,310.95443418312533,0.6367450798055775
6292,euler_ramsey,0.5,2.5% Ramsey,risk_aversion,combined,0,244.6377215183521,0.5720129922111308
6293,euler_ramsey,0.5,1.5% Ramsey,risk_aversion,combined,0,186.80782195697995,2.1009497232593195
6293,euler_ramsey,0.5,2.0% Ramsey,risk_aversion,combined,0,109.15128368717677,2.3627813112830376
6293,euler_ramsey,0.5,2.5% Ramsey,risk_aversion,combined,0,74.26217201457236,2.5588570373510313
6294,euler_ramsey,0.5,1.5% Ramsey,risk_aversion,combined,0,92.08139329333405,1.3966613987680168
6294,euler_ramsey,0.5,2.0% Ramsey,risk_aversion,combined,0,60.614622632005286,1.4328664898387409
6294,euler_ramsey,0.5,2.5% Ramsey,risk_aversion,combined,0,40.8093946607997,1.4453404235664986
6295,euler_ramsey,0.5,1.5% Ramsey,risk_aversion,combined,0,684.5628393601246,0.8568525964079978
6295,euler_ramsey,0.5,2.0% Ramsey,risk_aversion,combined,0,543.3828140870934,0.7867499296780591
6295,euler_ramsey,0.5,2.5% Ramsey,risk_aversion,combined,0,379.3771908462345,0.7282592199260917
6296,euler_ramsey,0.5,1.5% Ramsey,risk_aversion,combined,0,402.48289657993973,1.2683887899278654
6296,euler_ramsey,0.5,2.0% Ramsey,risk_aversion,combined,0,372.20074869469806,1.2730731048396609
6296,euler_ramsey,0.5,2.5% Ramsey,risk_aversion,combined,0,301.1185348308921,1.2626700954792613
6297,euler_ramsey,0.5,1.5% Ramsey,risk_aversion,combined,0,181.01834167334357,1.494852351089521
6297,euler_ramsey,0.5,2.0% Ramsey,risk_aversion,combined,0,123.99162976593689,1.5572893545007287
6297,euler_ramsey,0.5,2.5% Ramsey,risk_aversion,combined,0,83.79776030542227,1.5895606637538604
6298,euler_ramsey,0.5,1.5% Ramsey,risk_aversion,combined,0,71.68893314791804,1.827058657005474
6298,euler_ramsey,0.5,2.0% Ramsey,risk_aversion,combined,0,46.818069315816146,1.9909048291727904
6298,euler_ramsey,0.5,2.5% Ramsey,risk_aversion,combined,0,33.70358006703194,2.104116174727046
6299,euler_ramsey,0.5,1.5% Ramsey,risk_aversion,combined,0,123.40732758587889,0.7655054841771456
6299,euler_ramsey,0.5,2.0% Ramsey,risk_aversion,combined,0,79.00046754090546,0.6854475242723654
6299,euler_ramsey,0.5,2.5% Ramsey,risk_aversion,combined,0,46.01796495144355,0.6222875136610599
6300,euler_ramsey,0.5,1.5% Ramsey,risk_aversion,combined,0,-169.36417198293998,0.9104228743307075
6300,euler_ramsey,0.5,2.0% Ramsey,risk_aversion,combined,0,-111.97149300952819,0.8477726406706586
6300,euler_ramsey,0.5,2.5% Ramsey,risk_aversion,combined,0,-74.67063766546384,0.7933360417872327
6301,euler_ramsey,0.5,1.5% Ramsey,risk_aversion,combined,0,1407.0442323442683,0.4102970600957674
6301,euler_ramsey,0.5,2.0% Ramsey,risk_aversion,combined,0,1237.900018909369,0.3196063264172262
6301,euler_ramsey,0.5,2.5% Ramsey,risk_aversion,combined,0,1017.1265008541486,0.2605351627726672
6302,euler_ramsey,0.5,1.5% Ramsey,risk_aversion,combined,0,575.2268979146378,1.8991371328756534
6302,euler_ramsey,0.5,2.0% Ramsey,risk_aversion,combined,0,425.98711606304,2.0878804712732055
6302,euler_ramsey,0.5,2.5% Ramsey,risk_aversion,combined,0,304.921159959498,2.2217971303801627
6303,euler_ramsey,0.5,1.5% Ramsey,risk_aversion,combined,0,253.49491341951452,0.6278559292491009
6303,euler_ramsey,0.5,2.0% Ramsey,risk_aversion,combined,0,188.58145413923924,0.5379170504579852
6303,euler_ramsey,0.5,2.5% Ramsey,risk_aversion,combined,0,125.91921182096807,0.4719621580723278
6304,euler_ramsey,0.5,1.5% Ramsey,risk_aversion,combined,0,149.0101023076664,1.0431880228010604
6304,euler_ramsey,0.5,2.0% Ramsey,risk_aversion,combined,0,115.21296681604436,1.0015175307975572
6304,euler_ramsey,0.5,2.5% Ramsey,risk_aversion,combined,0,91.16092934398806,0.9596235369943733
6305,euler_ramsey,0.5,1.5% Ramsey,risk_aversion,combined,0,376.2954790098399,1.653759102904345
6305,euler_ramsey,0.5,2.0% Ramsey,risk_aversion,combined,0,266.21195385725446,1.7625275735967199
6305,euler_ramsey,0.5,2.5% Ramsey,risk_aversion,combined,0,184.2328141150106,1.8310886883886852
6306,euler_ramsey,0.5,1.5% Ramsey,risk_aversion,combined,0,1418.8707921320727,0.3878764193426402
6306,euler_ramsey,0.5,2.0% Ramsey,risk_aversion,combined,0,1099.336053063031,0.2980305683068597
6306,euler_ramsey,0.5,2.5% Ramsey,risk_aversion,combined,0,794.4943249582042,0.2403619757783666
6307,euler_ramsey,0.5,1.5% Ramsey,risk_aversion,combined,0,2469.96934846775,0.6000250694090129
6307,euler_ramsey,0.5,2.0% Ramsey,risk_aversion,combined,0,1577.5083137859178,0.5090659626446901
6307,euler_ramsey,0.5,2.5% Ramsey,risk_aversion,combined,0,946.0869832614225,0.4433107640734756
6308,euler_ramsey,0.5,1.5% Ramsey,risk_aversion,combined,0,2064.8849727033894,0.2835510241760871
6308,euler_ramsey,0.5,2.0% Ramsey,risk_aversion,combined,0,1244.190618502205,0.2031614928491224
6308,euler_ramsey,0.5,2.5% Ramsey,risk_aversion,combined,0,879.9428385025809,0.1552347415902011
6309,euler_ramsey,0.5,1.5% Ramsey,risk_aversion,combined,0,-152.95870491445854,0.7177199024564552
6309,euler_ramsey,0.5,2.0% Ramsey,risk_aversion,combined,0,-117.2381521459155,0.6334058132997068
6309,euler_ramsey,0.5,2.5% Ramsey,risk_aversion,combined,0,-71.72852024578671,0.568630708759134
6310,euler_ramsey,0.5,1.5% Ramsey,risk_aversion,combined,0,3105.2563305224667,0.3429717687633522
6310,euler_ramsey,0.5,2.0% Ramsey,risk_aversion,combined,0,1903.8564366387898,0.2567065121816791
6310,euler_ramsey,0.5,2.5% Ramsey,risk_aversion,combined,0,1308.3929570719201,0.20290476007461394
6311,euler_ramsey,0.5,1.5% Ramsey,risk_aversion,combined,0,900.3273830442557,1.0988319714642285
6311,euler_ramsey,0.5,2.0% Ramsey,risk_aversion,combined,0,696.1864820776469,1.068165611101531
6311,euler_ramsey,0.5,2.5% Ramsey,risk_aversion,combined,0,513.698693850343,1.0334896563534168
6312,euler_ramsey,0.5,1.5% Ramsey,risk_aversion,combined,0,2187.8318107141695,0.5726924295234674
6312,euler_ramsey,0.5,2.0% Ramsey,risk_aversion,combined,0,1321.7743432589073,0.48083944276300017
6312,euler_ramsey,0.5,2.5% Ramsey,risk_aversion,combined,0,815.4098814238376,0.41538872056567994
6313,euler_ramsey,0.5,1.5% Ramsey,risk_aversion,combined,0,176.13935122242415,2.159354805594
6313,euler_ramsey,0.5,2.0% Ramsey,risk_aversion,combined,0,127.6586230223675,2.4435048360365488
6313,euler_ramsey,0.5,2.5% Ramsey,risk_aversion,combined,0,91.48595274558826,2.6589437880236764
6314,euler_ramsey,0.5,1.5% Ramsey,risk_aversion,combined,0,1558.143088780714,0.5608423656292554
6314,euler_ramsey,0.5,2.0% Ramsey,risk_aversion,combined,0,1259.1623468878024,0.46851652806593724
6314,euler_ramsey,0.5,2.5% Ramsey,risk_aversion,combined,0,923.660152535016,0.4031340908453273
6315,euler_ramsey,0.5,1.5% Ramsey,risk_aversion,combined,0,160.0153169386912,2.6029322920596547
6315,euler_ramsey,0.5,2.0% Ramsey,risk_aversion,combined,0,137.40355475529404,3.0717050964987673
6315,euler_ramsey,0.5,2.5% Ramsey,risk_aversion,combined,0,111.48985181939389,3.452748970730722
6316,euler_ramsey,0.5,1.5% Ramsey,risk_aversion,combined,0,414.5655149721361,1.2038595573292603
6316,euler_ramsey,0.5,2.0% Ramsey,risk_aversion,combined,0,349.82658211878726,1.1936199159462972
6316,euler_ramsey,0.5,2.5% Ramsey,risk_aversion,combined,0,281.26259289560335,1.172542868373542
6317,euler_ramsey,0.5,1.5% Ramsey,risk_aversion,combined,0,1389.6507993295481,0.6717190746874505
6317,euler_ramsey,0.5,2.0% Ramsey,risk_aversion,combined,0,1215.7416918403287,0.5853028157137652
6317,euler_ramsey,0.5,2.5% Ramsey,risk_aversion,combined,0,909.3322487009608,0.5204381450091734
6318,euler_ramsey,0.5,1.5% Ramsey,risk_aversion,combined,0,128.94423231017055,4.028780578080264
6318,euler_ramsey,0.5,2.0% Ramsey,risk_aversion,combined,0,83.03110378073984,5.244690527052661
6318,euler_ramsey,0.5,2.5% Ramsey,risk_aversion,combined,0,57.62169847811016,6.360044120877183
6319,euler_ramsey,0.5,1.5% Ramsey,risk_aversion,combined,0,246.59079463706425,2.0577544576461544
6319,euler_ramsey,0.5,2.0% Ramsey,risk_aversion,combined,0,190.36989235573,2.3034264966161233
6319,euler_ramsey,0.5,2.5% Ramsey,risk_aversion,combined,0,142.76297796948825,2.4855917692048326
6320,euler_ramsey,0.5,1.5% Ramsey,risk_aversion,combined,0,1003.5926060309496,0.6965022255717573
6320,euler_ramsey,0.5,2.0% Ramsey,risk_aversion,combined,0,565.1022542132343,0.6108035591414647
6320,euler_ramsey,0.5,2.5% Ramsey,risk_aversion,combined,0,323.8617973184672,0.5456679464696965
6321,euler_ramsey,0.5,1.5% Ramsey,risk_aversion,combined,0,3349.9275040062075,0.8254557130648472
6321,euler_ramsey,0.5,2.0% Ramsey,risk_aversion,combined,0,2336.960085040311,0.7545113019063924
6321,euler_ramsey,0.5,2.5% Ramsey,risk_aversion,combined,0,1547.9549139328178,0.6962488009077983
6322,euler_ramsey,0.5,1.5% Ramsey,risk_aversion,combined,0,6913.429616575393,0.24945707592468627
6322,euler_ramsey,0.5,2.0% Ramsey,risk_aversion,combined,0,4251.805012025046,0.17380468742797395
6322,euler_ramsey,0.5,2.5% Ramsey,risk_aversion,combined,0,2810.160266491716,0.1299719393953208
6323,euler_ramsey,0.5,1.5% Ramsey,risk_aversion,combined,0,2132.53105721502,0.1388169538094299
6323,euler_ramsey,0.5,2.0% Ramsey,risk_aversion,combined,0,1731.013479204734,0.0846497029763777
6323,euler_ramsey,0.5,2.5% Ramsey,risk_aversion,combined,0,1284.471366848271,0.05709273966166625
6324,euler_ramsey,0.5,1.5% Ramsey,risk_aversion,combined,0,497.1119279652713,2.0310454134993634
6324,euler_ramsey,0.5,2.0% Ramsey,risk_aversion,combined,0,274.73127819457056,2.2680563140008725
6324,euler_ramsey,0.5,2.5% Ramsey,risk_aversion,combined,0,176.77866520474495,2.4431524659207855
6325,euler_ramsey,0.5,1.5% Ramsey,risk_aversion,combined,0,1266.978991189198,0.38562746247815943
6325,euler_ramsey,0.5,2.0% Ramsey,risk_aversion,combined,0,902.0457278440612,0.2962299517269914
6325,euler_ramsey,0.5,2.5% Ramsey,risk_aversion,combined,0,635.8712088355206,0.23888494679437494
6326,euler_ramsey,0.5,1.5% Ramsey,risk_aversion,combined,0,455.1336824699077,0.7722157515613032
6326,euler_ramsey,0.5,2.0% Ramsey,risk_aversion,combined,0,391.6629751153587,0.6935521337663147
6326,euler_ramsey,0.5,2.5% Ramsey,risk_aversion,combined,0,325.67707131769015,0.6311764418175406
6327,euler_ramsey,0.5,1.5% Ramsey,risk_aversion,combined,0,890.8774157874611,0.9492358084914326
6327,euler_ramsey,0.5,2.0% Ramsey,risk_aversion,combined,0,544.8059080167488,0.8947231653061044
6327,euler_ramsey,0.5,2.5% Ramsey,risk_aversion,combined,0,336.6327536974556,0.8453974417119122
6328,euler_ramsey,0.5,1.5% Ramsey,risk_aversion,combined,0,79.59644281483865,2.063947716368963
6328,euler_ramsey,0.5,2.0% Ramsey,risk_aversion,combined,0,54.38184434659554,2.31188049847325
6328,euler_ramsey,0.5,2.5% Ramsey,risk_aversion,combined,0,39.274632730411305,2.495901706761501
6329,euler_ramsey,0.5,1.5% Ramsey,risk_aversion,combined,0,2083.6557423376303,0.8810544858517633
6329,euler_ramsey,0.5,2.0% Ramsey,risk_aversion,combined,0,1811.3851861135754,0.8164732723623834
6329,euler_ramsey,0.5,2.5% Ramsey,risk_aversion,combined,0,1376.0817251090614,0.7614462935544319
6330,euler_ramsey,0.5,1.5% Ramsey,risk_aversion,combined,0,517.7689811742872,0.5470215141390923
6330,euler_ramsey,0.5,2.0% Ramsey,risk_aversion,combined,0,380.76116469537715,0.4540748744224813
6330,euler_ramsey,0.5,2.5% Ramsey,risk_aversion,combined,0,274.68085019107286,0.38875992627072736
6331,euler_ramsey,0.5,1.5% Ramsey,risk_aversion,combined,0,646.4580955508615,1.2062391663394343
6331,euler_ramsey,0.5,2.0% Ramsey,risk_aversion,combined,0,464.12632208075985,1.1974263592370225
6331,euler_ramsey,0.5,2.5% Ramsey,risk_aversion,combined,0,330.69904245926557,1.1775154044238394
6332,euler_ramsey,0.5,1.5% Ramsey,risk_aversion,combined,0,1907.1609154153941,1.1166747011417524
6332,euler_ramsey,0.5,2.0% Ramsey,risk_aversion,combined,0,1505.8602579863668,1.089574022393056
6332,euler_ramsey,0.5,2.5% Ramsey,risk_aversion,combined,0,1073.0616947111587,1.0572619211402825
6333,euler_ramsey,0.5,1.5% Ramsey,risk_aversion,combined,0,1546.3512991168152,0.49166956539443585
6333,euler_ramsey,0.5,2.0% Ramsey,risk_aversion,combined,0,1197.4337346039486,0.39884975644175197
6333,euler_ramsey,0.5,2.5% Ramsey,risk_aversion,combined,0,837.7192845869487,0.3354892164690187
6334,euler_ramsey,0.5,1.5% Ramsey,risk_aversion,combined,0,95.32572333647703,1.2967966956501769
6334,euler_ramsey,0.5,2.0% Ramsey,risk_aversion,combined,0,55.95198526198588,1.3077659286013006
6334,euler_ramsey,0.5,2.5% Ramsey,risk_aversion,combined,0,40.123721492274456,1.3016772399283878
6335,euler_ramsey,0.5,1.5% Ramsey,risk_aversion,combined,0,-2551.650603594002,0.23349064949532933
6335,euler_ramsey,0.5,2.0% Ramsey,risk_aversion,combined,0,-1564.449052226989,0.16014768649988353
6335,euler_ramsey,0.5,2.5% Ramsey,risk_aversion,combined,0,-1039.0507353913335,0.11830051245301654
6336,euler_ramsey,0.5,1.5% Ramsey,risk_aversion,combined,0,-992.0814356653968,0.29402732890832556
6336,euler_ramsey,0.5,2.0% Ramsey,risk_aversion,combined,0,-597.038617698701,0.21228154185950973
6336,euler_ramsey,0.5,2.5% Ramsey,risk_aversion,combined,0,-366.9037544952379,0.16315176989487334
6337,euler_ramsey,0.5,1.5% Ramsey,risk_aversion,combined,0,293.11051257215746,1.4558306541543584
6337,euler_ramsey,0.5,2.0% Ramsey,risk_aversion,combined,0,220.6336447261989,1.5074611334950174
6337,euler_ramsey,0.5,2.5% Ramsey,risk_aversion,combined,0,159.4137522217716,1.5315137469042732
6338,euler_ramsey,0.5,1.5% Ramsey,risk_aversion,combined,0,865.2191236939565,1.0604560543781378
6338,euler_ramsey,0.5,2.0% Ramsey,risk_aversion,combined,0,670.6550096840355,1.0235704441121045
6338,euler_ramsey,0.5,2.5% Ramsey,risk_aversion,combined,0,476.40213792901676,0.9850112276432584
6339,euler_ramsey,0.5,1.5% Ramsey,risk_aversion,combined,0,-129.8223760891784,1.3613967624660437
6339,euler_ramsey,0.5,2.0% Ramsey,risk_aversion,combined,0,-100.65505813479481,1.3883050085651694
6339,euler_ramsey,0.5,2.5% Ramsey,risk_aversion,combined,0,-68.11613579146918,1.3937992506066639
6340,euler_ramsey,0.5,1.5% Ramsey,risk_aversion,combined,0,592.4586284973118,0.7288150070518374
6340,euler_ramsey,0.5,2.0% Ramsey,risk_aversion,combined,0,485.49671026150537,0.6461992275076153
6340,euler_ramsey,0.5,2.5% Ramsey,risk_aversion,combined,0,353.6272235461809,0.5822855497373214
6341,euler_ramsey,0.5,1.5% Ramsey,risk_aversion,combined,0,450.9705910699082,1.347098227825656
6341,euler_ramsey,0.5,2.0% Ramsey,risk_aversion,combined,0,359.8409501613253,1.3720361437139064
6341,euler_ramsey,0.5,2.5% Ramsey,risk_aversion,combined,0,257.9648784439785,1.3763192512052018
6342,euler_ramsey,0.5,1.5% Ramsey,risk_aversion,combined,0,483.86841867898096,0.8074740392714813
6342,euler_ramsey,0.5,2.0% Ramsey,risk_aversion,combined,0,379.89784121908383,0.7317850130004832
6342,euler_ramsey,0.5,2.5% Ramsey,risk_aversion,combined,0,267.05353641212645,0.6705746963932805
6343,euler_ramsey,0.5,1.5% Ramsey,risk_aversion,combined,0,-208.53530163495847,0.7413034294481423
6343,euler_ramsey,0.5,2.0% Ramsey,risk_aversion,combined,0,-149.1791264776389,0.6590373295416364
6343,euler_ramsey,0.5,2.5% Ramsey,risk_aversion,combined,0,-82.21025192387235,0.5949955913944573
6344,euler_ramsey,0.5,1.5% Ramsey,risk_aversion,combined,0,2372.633365539675,1.3805582264528822
6344,euler_ramsey,0.5,2.0% Ramsey,risk_aversion,combined,0,1996.3367448116994,1.4157391277230222
6344,euler_ramsey,0.5,2.5% Ramsey,risk_aversion,combined,0,1455.8231176806187,1.4279327212421222
6345,euler_ramsey,0.5,1.5% Ramsey,risk_aversion,combined,0,575.8635205563498,1.5637622297840759
6345,euler_ramsey,0.5,2.0% Ramsey,risk_aversion,combined,0,431.2047063354509,1.6461211632220818
6345,euler_ramsey,0.5,2.5% Ramsey,risk_aversion,combined,0,307.7717900148581,1.6939620230538146
6346,euler_ramsey,0.5,1.5% Ramsey,risk_aversion,combined,0,641.93090260934,1.0546134328522478
6346,euler_ramsey,0.5,2.0% Ramsey,risk_aversion,combined,0,529.4040703932917,1.0167459219408368
6346,euler_ramsey,0.5,2.5% Ramsey,risk_aversion,combined,0,398.20050338687935,0.9775742230046572
6347,euler_ramsey,0.5,1.5% Ramsey,risk_aversion,combined,0,1610.439775453788,0.3246864071059617
6347,euler_ramsey,0.5,2.0% Ramsey,risk_aversion,combined,0,1484.0676867541233,0.23968149232682162
6347,euler_ramsey,0.5,2.5% Ramsey,risk_aversion,combined,0,1171.9608671355895,0.18740447422090284
6348,euler_ramsey,0.5,1.5% Ramsey,risk_aversion,combined,0,494.0586907183477,1.0919668601781995
6348,euler_ramsey,0.5,2.0% Ramsey,risk_aversion,combined,0,394.576848910081,1.0607761024059381
6348,euler_ramsey,0.5,2.5% Ramsey,risk_aversion,combined,0,283.084814050513,1.0258064398151776
6349,euler_ramsey,0.5,1.5% Ramsey,risk_aversion,combined,0,458.51022677926005,1.1771396675933747
6349,euler_ramsey,0.5,2.0% Ramsey,risk_aversion,combined,0,361.64390719032946,1.161680074098371
6349,euler_ramsey,0.5,2.5% Ramsey,risk_aversion,combined,0,275.1756405764604,1.1371381195292227
6350,euler_ramsey,0.5,1.5% Ramsey,risk_aversion,combined,0,-1627.5193969929173,0.4419662168057316
6350,euler_ramsey,0.5,2.0% Ramsey,risk_aversion,combined,0,-1344.0866229933304,0.3497070218546469
6350,euler_ramsey,0.5,2.5% Ramsey,risk_aversion,combined,0,-996.736084126561,0.28850860728944894
6351,euler_ramsey,0.5,1.5% Ramsey,risk_aversion,combined,0,2081.114300911322,0.37583670948595704
6351,euler_ramsey,0.5,2.0% Ramsey,risk_aversion,combined,0,1746.1212763566975,0.2867737427701233
6351,euler_ramsey,0.5,2.5% Ramsey,risk_aversion,combined,0,1304.7403440245653,0.23004186119095937
6352,euler_ramsey,0.5,1.5% Ramsey,risk_aversion,combined,0,629.2374891262771,0.6457323366931567
6352,euler_ramsey,0.5,2.0% Ramsey,risk_aversion,combined,0,578.744564408777,0.55660110163454
6352,euler_ramsey,0.5,2.5% Ramsey,risk_aversion,combined,0,466.59065349025065,0.49065105419125166
6353,euler_ramsey,0.5,1.5% Ramsey,risk_aversion,combined,0,543.4345046411794,1.1033625356498764
6353,euler_ramsey,0.5,2.0% Ramsey,risk_aversion,combined,0,420.7603515101765,1.0731637863811976
6353,euler_ramsey,0.5,2.5% Ramsey,risk_aversion,combined,0,314.28550678356265,1.0387168707079004
6354,euler_ramsey,0.5,1.5% Ramsey,risk_aversion,combined,0,4131.344736597554,0.35009305267024116
6354,euler_ramsey,0.5,2.0% Ramsey,risk_aversion,combined,0,3124.6559404079835,0.2633541822610197
6354,euler_ramsey,0.5,2.5% Ramsey,risk_aversion,combined,0,2234.1309634468485,0.20897612507151825
6355,euler_ramsey,0.5,1.5% Ramsey,risk_aversion,combined,0,63.293298123430326,4.9183892602390245
6355,euler_ramsey,0.5,2.0% Ramsey,risk_aversion,combined,0,68.72633419509614,6.696440798030971
6355,euler_ramsey,0.5,2.5% Ramsey,risk_aversion,combined,0,63.700172504907,8.406867746947897
6356,euler_ramsey,0.5,1.5% Ramsey,risk_aversion,combined,0,654.2541154500547,0.8413171921073151
6356,euler_ramsey,0.5,2.0% Ramsey,risk_aversion,combined,0,453.6545886220798,0.7713208021391544
6356,euler_ramsey,0.5,2.5% Ramsey,risk_aversion,combined,0,314.59580665453655,0.7132780770394224
6357,euler_ramsey,0.5,1.5% Ramsey,risk_aversion,combined,0,1700.5188316324002,1.4289482356653975
6357,euler_ramsey,0.5,2.0% Ramsey,risk_aversion,combined,0,1329.0951310364178,1.474234174577778
6357,euler_ramsey,0.5,2.5% Ramsey,risk_aversion,combined,0,917.8277276412466,1.4936507304906375
6358,euler_ramsey,0.5,1.5% Ramsey,risk_aversion,combined,0,-262.65161122300833,0.5642339628059363
6358,euler_ramsey,0.5,2.0% Ramsey,risk_aversion,combined,0,-195.3074931042065,0.47156569484554595
6358,euler_ramsey,0.5,2.5% Ramsey,risk_aversion,combined,0,-127.61552992420894,0.4058597827852771
6359,euler_ramsey,0.5,1.5% Ramsey,risk_aversion,combined,0,4358.429554031944,0.47407616450351286
6359,euler_ramsey,0.5,2.0% Ramsey,risk_aversion,combined,0,3820.395988281779,0.3817166262364683
6359,euler_ramsey,0.5,2.5% Ramsey,risk_aversion,combined,0,2991.048223030959,0.319253874242088
6360,euler_ramsey,0.5,1.5% Ramsey,risk_aversion,combined,0,12.486819771109783,1.8929802124395207
6360,euler_ramsey,0.5,2.0% Ramsey,risk_aversion,combined,0,7.352368111514476,2.079704651840978
6360,euler_ramsey,0.5,2.5% Ramsey,risk_aversion,combined,0,5.921980235442962,2.2118036398085956
6361,euler_ramsey,0.5,1.5% Ramsey,risk_aversion,combined,0,671.8260389107157,1.324940900537885
6361,euler_ramsey,0.5,2.0% Ramsey,risk_aversion,combined,0,445.8931466103962,1.3438077920991176
6361,euler_ramsey,0.5,2.5% Ramsey,risk_aversion,combined,0,296.33013067745526,1.343599331771993
6362,euler_ramsey,0.5,1.5% Ramsey,risk_aversion,combined,0,1218.2956969085114,0.41277989703236234
6362,euler_ramsey,0.5,2.0% Ramsey,risk_aversion,combined,0,659.0741273876828,0.3215537572014726
6362,euler_ramsey,0.5,2.5% Ramsey,risk_aversion,combined,0,386.23825910926706,0.26209706200974753
6363,euler_ramsey,0.5,1.5% Ramsey,risk_aversion,combined,0,365.3431811326444,1.2176770238600376
6363,euler_ramsey,0.5,2.0% Ramsey,risk_aversion,combined,0,205.7697556822532,1.2115871918294694
6363,euler_ramsey,0.5,2.5% Ramsey,risk_aversion,combined,0,131.79368241949868,1.1935452418952408
6364,euler_ramsey,0.5,1.5% Ramsey,risk_aversion,combined,0,35.674180972258014,0.3300874858890811
6364,euler_ramsey,0.5,2.0% Ramsey,risk_aversion,combined,0,33.80071197627136,0.24451990017988648
6364,euler_ramsey,0.5,2.5% Ramsey,risk_aversion,combined,0,37.79108596056543,0.19169853506832438
6365,euler_ramsey,0.5,1.5% Ramsey,risk_aversion,combined,0,580.0678972864221,0.525330603008789
6365,euler_ramsey,0.5,2.0% Ramsey,risk_aversion,combined,0,342.31421547191906,0.43229056889850864
6365,euler_ramsey,0.5,2.5% Ramsey,risk_aversion,combined,0,215.03682693322833,0.3676388139969096
6366,euler_ramsey,0.5,1.5% Ramsey,risk_aversion,combined,0,732.8415705131044,0.8125891637563745
6366,euler_ramsey,0.5,2.0% Ramsey,risk_aversion,combined,0,553.8286206572113,0.7374093521686085
6366,euler_ramsey,0.5,2.5% Ramsey,risk_aversion,combined,0,375.5070375335222,0.6764167967411095
6367,euler_ramsey,0.5,1.5% Ramsey,risk_aversion,combined,0,1276.7416309693062,0.7926557159827442
6367,euler_ramsey,0.5,2.0% Ramsey,risk_aversion,combined,0,1020.3102653063537,0.715579427397924
6367,euler_ramsey,0.5,2.5% Ramsey,risk_aversion,combined,0,719.9134581245536,0.6537820341094589
6368,euler_ramsey,0.5,1.5% Ramsey,risk_aversion,combined,0,605.2237477585684,0.5420227791766445
6368,euler_ramsey,0.5,2.0% Ramsey,risk_aversion,combined,0,438.9679132011377,0.4489449919630349
6368,euler_ramsey,0.5,2.5% Ramsey,risk_aversion,combined,0,320.1728011752927,0.3837181973553516
6369,euler_ramsey,0.5,1.5% Ramsey,risk_aversion,combined,0,1400.217065678981,1.078525070740312
6369,euler_ramsey,0.5,2.0% Ramsey,risk_aversion,combined,0,1049.9545320519921,1.0436471942777337
6369,euler_ramsey,0.5,2.5% Ramsey,risk_aversion,combined,0,717.9868432303076,1.00620864184388
6370,euler_ramsey,0.5,1.5% Ramsey,risk_aversion,combined,0,499.5706979313583,1.1800025049022267
6370,euler_ramsey,0.5,2.0% Ramsey,risk_aversion,combined,0,388.69773045719563,1.1652006814174065
6370,euler_ramsey,0.5,2.5% Ramsey,risk_aversion,combined,0,290.43983627421,1.1411638547212142
6371,euler_ramsey,0.5,1.5% Ramsey,risk_aversion,combined,0,111.58829940107138,2.2734710727741505
6371,euler_ramsey,0.5,2.0% Ramsey,risk_aversion,combined,0,75.67041809723085,2.602578837539173
6371,euler_ramsey,0.5,2.5% Ramsey,risk_aversion,combined,0,55.543378016360265,2.857450256728622
6372,euler_ramsey,0.5,1.5% Ramsey,risk_aversion,combined,0,45.39128252096277,0.7881725081903926
6372,euler_ramsey,0.5,2.0% Ramsey,risk_aversion,combined,0,54.49481148775205,0.7107928773020059
6372,euler_ramsey,0.5,2.5% Ramsey,risk_aversion,combined,0,53.609024632049525,0.6489096183418986
6373,euler_ramsey,0.5,1.5% Ramsey,risk_aversion,combined,0,367.62662933779524,0.7842438051651234
6373,euler_ramsey,0.5,2.0% Ramsey,risk_aversion,combined,0,261.96012630089837,0.7062030453665128
6373,euler_ramsey,0.5,2.5% Ramsey,risk_aversion,combined,0,184.96388144707333,0.6439566237335963
6374,euler_ramsey,0.5,1.5% Ramsey,risk_aversion,combined,0,2013.7296490164492,0.6984430559235026
6374,euler_ramsey,0.5,2.0% Ramsey,risk_aversion,combined,0,1983.17063971497,0.6136607399046642
6374,euler_ramsey,0.5,2.5% Ramsey,risk_aversion,combined,0,1641.809486760971,0.5491104234848454
6375,euler_ramsey,0.5,1.5% Ramsey,risk_aversion,combined,0,479.5866587762398,1.2579522999204884
6375,euler_ramsey,0.5,2.0% Ramsey,risk_aversion,combined,0,294.0089375351922,1.2605975761925747
6375,euler_ramsey,0.5,2.5% Ramsey,risk_aversion,combined,0,192.5137553960474,1.2486548164073046
6376,euler_ramsey,0.5,1.5% Ramsey,risk_aversion,combined,0,597.6702497899253,1.4098039245608813
6376,euler_ramsey,0.5,2.0% Ramsey,risk_aversion,combined,0,508.8587833830764,1.4493429918507157
6376,euler_ramsey,0.5,2.5% Ramsey,risk_aversion,combined,0,409.19127235006323,1.4644099959391685
6377,euler_ramsey,0.5,1.5% Ramsey,risk_aversion,combined,0,345.4882784866488,1.5972814681001508
6377,euler_ramsey,0.5,2.0% Ramsey,risk_aversion,combined,0,254.59002013713567,1.689009885563239
6377,euler_ramsey,0.5,2.5% Ramsey,risk_aversion,combined,0,182.35000393765216,1.7440551900618415
6378,euler_ramsey,0.5,1.5% Ramsey,risk_aversion,combined,0,3622.7515886088477,0.5913419902282016
6378,euler_ramsey,0.5,2.0% Ramsey,risk_aversion,combined,0,2328.3030536008832,0.5019567934026079
6378,euler_ramsey,0.5,2.5% Ramsey,risk_aversion,combined,0,1478.8676629172041,0.4374557698508051
6379,euler_ramsey,0.5,1.5% Ramsey,risk_aversion,combined,0,-337.2385846599211,0.8266995828942735
6379,euler_ramsey,0.5,2.0% Ramsey,risk_aversion,combined,0,-288.27008697318666,0.7531235389143996
6379,euler_ramsey,0.5,2.5% Ramsey,risk_aversion,combined,0,-218.4290875310153,0.6928946793308359
6380,euler_ramsey,0.5,1.5% Ramsey,risk_aversion,combined,0,23.510072507635492,0.4616762581899865
6380,euler_ramsey,0.5,2.0% Ramsey,risk_aversion,combined,0,5.293797331035731,0.36879971136269163
6380,euler_ramsey,0.5,2.5% Ramsey,risk_aversion,combined,0,-1.931314549456709,0.306506433236749
6381,euler_ramsey,0.5,1.5% Ramsey,risk_aversion,combined,0,409.27794019708114,1.1222305848831293
6381,euler_ramsey,0.5,2.0% Ramsey,risk_aversion,combined,0,296.01015573065087,1.0956882695896462
6381,euler_ramsey,0.5,2.5% Ramsey,risk_aversion,combined,0,205.77478608818325,1.0636444724616085
6382,euler_ramsey,0.5,1.5% Ramsey,risk_aversion,combined,0,698.4247753754073,1.262011707068685
6382,euler_ramsey,0.5,2.0% Ramsey,risk_aversion,combined,0,449.9121758546249,1.265826688624813
6382,euler_ramsey,0.5,2.5% Ramsey,risk_aversion,combined,0,306.7882325332955,1.254768570945305
6383,euler_ramsey,0.5,1.5% Ramsey,risk_aversion,combined,0,145.46201805571343,0.7822742494396224
6383,euler_ramsey,0.5,2.0% Ramsey,risk_aversion,combined,0,122.0591905795639,0.7042249738315016
6383,euler_ramsey,0.5,2.5% Ramsey,risk_aversion,combined,0,92.41510691273737,0.6420086976125797
6384,euler_ramsey,0.5,1.5% Ramsey,risk_aversion,combined,0,772.1817277170101,1.0755042036184417
6384,euler_ramsey,0.5,2.0% Ramsey,risk_aversion,combined,0,684.6739099933341,1.0398558171136232
6384,euler_ramsey,0.5,2.5% Ramsey,risk_aversion,combined,0,539.782050849502,1.001863959091063
6385,euler_ramsey,0.5,1.5% Ramsey,risk_aversion,combined,0,638.2613538388089,0.6542173681390371
6385,euler_ramsey,0.5,2.0% Ramsey,risk_aversion,combined,0,558.9098263969704,0.565831573059886
6385,euler_ramsey,0.5,2.5% Ramsey,risk_aversion,combined,0,431.7583226749611,0.5001170540504727
6386,euler_ramsey,0.5,1.5% Ramsey,risk_aversion,combined,0,513.4430040627968,1.2419440754597777
6386,euler_ramsey,0.5,2.0% Ramsey,risk_aversion,combined,0,385.60461456468124,1.24094398505312
6386,euler_ramsey,0.5,2.5% Ramsey,risk_aversion,combined,0,275.09095321052087,1.2264482176893798
6387,euler_ramsey,0.5,1.5% Ramsey,risk_aversion,combined,0,5403.297569170522,0.18764283891511932
6387,euler_ramsey,0.5,2.0% Ramsey,risk_aversion,combined,0,3045.175424380891,0.12260132894094604
6387,euler_ramsey,0.5,2.5% Ramsey,risk_aversion,combined,0,1937.401521995839,0.08723535425241599
6388,euler_ramsey,0.5,1.5% Ramsey,risk_aversion,combined,0,386.59030539081397,0.45160635264398646
6388,euler_ramsey,0.5,2.0% Ramsey,risk_aversion,combined,0,349.3517694139637,0.3589719830476144
6388,euler_ramsey,0.5,2.5% Ramsey,risk_aversion,combined,0,290.7195419129192,0.2971987859468381
6389,euler_ramsey,0.5,1.5% Ramsey,risk_aversion,combined,0,581.0125679504127,0.937652589288555
6389,euler_ramsey,0.5,2.0% Ramsey,risk_aversion,combined,0,508.2558035331732,0.8795432367514368
6389,euler_ramsey,0.5,2.5% Ramsey,risk_aversion,combined,0,416.36328828063074,0.8278508952939131
6390,euler_ramsey,0.5,1.5% Ramsey,risk_aversion,combined,0,-623.6167440268016,0.6138333309511772
6390,euler_ramsey,0.5,2.0% Ramsey,risk_aversion,combined,0,-372.08689509045416,0.5230020255824307
6390,euler_ramsey,0.5,2.5% Ramsey,risk_aversion,combined,0,-249.60799960080675,0.4568979499475278
6391,euler_ramsey,0.5,1.5% Ramsey,risk_aversion,combined,0,244.6941375879365,1.8974670761255543
6391,euler_ramsey,0.5,2.0% Ramsey,risk_aversion,combined,0,164.0393418497155,2.085483328395177
6391,euler_ramsey,0.5,2.5% Ramsey,risk_aversion,combined,0,111.18031989466644,2.218677327240924
6392,euler_ramsey,0.5,1.5% Ramsey,risk_aversion,combined,0,73.40554518869376,1.6527993135952332
6392,euler_ramsey,0.5,2.0% Ramsey,risk_aversion,combined,0,50.77010677183094,1.761230647612028
6392,euler_ramsey,0.5,2.5% Ramsey,risk_aversion,combined,0,37.98528729553106,1.829497748024857
6393,euler_ramsey,0.5,1.5% Ramsey,risk_aversion,combined,0,302.30454990685246,1.3604904046413808
6393,euler_ramsey,0.5,2.0% Ramsey,risk_aversion,combined,0,251.0283271639316,1.3886181010614074
6393,euler_ramsey,0.5,2.5% Ramsey,risk_aversion,combined,0,189.96250929401845,1.3952851571937104
6394,euler_ramsey,0.5,1.5% Ramsey,risk_aversion,combined,0,109.1001240177784,3.036423324930768
6394,euler_ramsey,0.5,2.0% Ramsey,risk_aversion,combined,0,115.3219146910275,3.709357089682705
6394,euler_ramsey,0.5,2.5% Ramsey,risk_aversion,combined,0,107.72833688960478,4.28239201346979
6395,euler_ramsey,0.5,1.5% Ramsey,risk_aversion,combined,0,2423.652732295769,0.30637141578997373
6395,euler_ramsey,0.5,2.0% Ramsey,risk_aversion,combined,0,1585.7371975709118,0.22327044601998422
6395,euler_ramsey,0.5,2.5% Ramsey,risk_aversion,combined,0,1031.1095976064503,0.17284762830556222
6396,euler_ramsey,0.5,1.5% Ramsey,risk_aversion,combined,0,1183.7681820504465,0.903890142010457
6396,euler_ramsey,0.5,2.0% Ramsey,risk_aversion,combined,0,776.9447392484985,0.8426614596108384
6396,euler_ramsey,0.5,2.5% Ramsey,risk_aversion,combined,0,497.4707325838899,0.7895639035249634
6397,euler_ramsey,0.5,1.5% Ramsey,risk_aversion,combined,0,7829.526695695493,0.5581623260995302
6397,euler_ramsey,0.5,2.0% Ramsey,risk_aversion,combined,0,4979.956041977649,0.46636537411584333
6397,euler_ramsey,0.5,2.5% Ramsey,risk_aversion,combined,0,2908.2737388989003,0.4013914496264771
6398,euler_ramsey,0.5,1.5% Ramsey,risk_aversion,combined,0,1011.7269050652789,1.903884689819836
6398,euler_ramsey,0.5,2.0% Ramsey,risk_aversion,combined,0,752.616755030153,2.0943961018509727
6398,euler_ramsey,0.5,2.5% Ramsey,risk_aversion,combined,0,534.3431369502034,2.2298369746692535
6399,euler_ramsey,0.5,1.5% Ramsey,risk_aversion,combined,0,3311.0175801748805,0.5701344109933286
6399,euler_ramsey,0.5,2.0% Ramsey,risk_aversion,combined,0,1277.9360362085035,0.47862832215873224
6399,euler_ramsey,0.5,2.5% Ramsey,risk_aversion,combined,0,663.6225668214338,0.4134549672123212
6400,euler_ramsey,0.5,1.5% Ramsey,risk_aversion,combined,0,125.82745227929479,0.8727716460044038
6400,euler_ramsey,0.5,2.0% Ramsey,risk_aversion,combined,0,99.27677944126184,0.8051006148518723
6400,euler_ramsey,0.5,2.5% Ramsey,risk_aversion,combined,0,77.38255521979322,0.7479880057024777
6401,euler_ramsey,0.5,1.5% Ramsey,risk_aversion,combined,0,367.1953344884687,1.021990869196365
6401,euler_ramsey,0.5,2.0% Ramsey,risk_aversion,combined,0,203.60086537884845,0.9765669050111786
6401,euler_ramsey,0.5,2.5% Ramsey,risk_aversion,combined,0,124.80387257959487,0.9323350431914291
6402,euler_ramsey,0.5,1.5% Ramsey,risk_aversion,combined,0,316.78398262429425,1.0939715466448736
6402,euler_ramsey,0.5,2.0% Ramsey,risk_aversion,combined,0,259.1000153389342,1.0621399607157533
6402,euler_ramsey,0.5,2.5% Ramsey,risk_aversion,combined,0,202.46344810755417,1.0266723207187263
6403,euler_ramsey,0.5,1.5% Ramsey,risk_aversion,combined,0,960.927921912908,0.8821909235633915
6403,euler_ramsey,0.5,2.0% Ramsey,risk_aversion,combined,0,761.0793499691763,0.8158122686380064
6403,euler_ramsey,0.5,2.5% Ramsey,risk_aversion,combined,0,542.3891330750326,0.7593968007913116
6404,euler_ramsey,0.5,1.5% Ramsey,risk_aversion,combined,0,609.0724043711226,1.0128054808599827
6404,euler_ramsey,0.5,2.0% Ramsey,risk_aversion,combined,0,550.4736652927452,0.9674680199350663
6404,euler_ramsey,0.5,2.5% Ramsey,risk_aversion,combined,0,476.5010143660193,0.9235995062142829
6405,euler_ramsey,0.5,1.5% Ramsey,risk_aversion,combined,0,212.75097240028478,0.4514407645325757
6405,euler_ramsey,0.5,2.0% Ramsey,risk_aversion,combined,0,190.9169684829707,0.3588057104581675
6405,euler_ramsey,0.5,2.5% Ramsey,risk_aversion,combined,0,158.74124211619787,0.29703761049310823
6406,euler_ramsey,0.5,1.5% Ramsey,risk_aversion,combined,0,-1111.5906125885965,0.44678169639496856
6406,euler_ramsey,0.5,2.0% Ramsey,risk_aversion,combined,0,-620.960601486843,0.3542859709482437
6406,euler_ramsey,0.5,2.5% Ramsey,risk_aversion,combined,0,-348.06767096455815,0.2927737820270643
6407,euler_ramsey,0.5,1.5% Ramsey,risk_aversion,combined,0,781.3951188256304,0.8624847846743581
6407,euler_ramsey,0.5,2.0% Ramsey,risk_aversion,combined,0,771.5138598276783,0.7936663772217568
6407,euler_ramsey,0.5,2.5% Ramsey,risk_aversion,combined,0,648.4057793301615,0.7360188345431778
6408,euler_ramsey,0.5,1.5% Ramsey,risk_aversion,combined,0,213.01364455259542,0.7022985934571971
6408,euler_ramsey,0.5,2.0% Ramsey,risk_aversion,combined,0,207.00063116857697,0.616518864414959
6408,euler_ramsey,0.5,2.5% Ramsey,risk_aversion,combined,0,166.6208130704944,0.5511703013047522
6409,euler_ramsey,0.5,1.5% Ramsey,risk_aversion,combined,0,108.64003457708256,0.9724262874881249
6409,euler_ramsey,0.5,2.0% Ramsey,risk_aversion,combined,0,138.48083809872543,0.9192677195675455
6409,euler_ramsey,0.5,2.5% Ramsey,risk_aversion,combined,0,152.03451723140086,0.8704271621098798
6410,euler_ramsey,0.5,1.5% Ramsey,risk_aversion,combined,0,884.2507591999033,0.7600357484693891
6410,euler_ramsey,0.5,2.0% Ramsey,risk_aversion,combined,0,690.3343426337875,0.6804117406418351
6410,euler_ramsey,0.5,2.5% Ramsey,risk_aversion,combined,0,505.5847957579038,0.617687866610407
6411,euler_ramsey,0.5,1.5% Ramsey,risk_aversion,combined,0,-396.69129762330016,0.6600118766805959
6411,euler_ramsey,0.5,2.0% Ramsey,risk_aversion,combined,0,-311.2876463006169,0.5720331385575985
6411,euler_ramsey,0.5,2.5% Ramsey,risk_aversion,combined,0,-232.83628565247201,0.5064047590599969
6412,euler_ramsey,0.5,1.5% Ramsey,risk_aversion,combined,0,6315.153385160283,0.37801608790006536
6412,euler_ramsey,0.5,2.0% Ramsey,risk_aversion,combined,0,5011.646885636307,0.2893052133726165
6412,euler_ramsey,0.5,2.5% Ramsey,risk_aversion,combined,0,3509.528074482569,0.23265132605288702
6413,euler_ramsey,0.5,1.5% Ramsey,risk_aversion,combined,0,-631.48473647795,0.2907987381961721
6413,euler_ramsey,0.5,2.0% Ramsey,risk_aversion,combined,0,-397.58877018359345,0.20939041291032984
6413,euler_ramsey,0.5,2.5% Ramsey,risk_aversion,combined,0,-271.59269875074517,0.16059517443149043
6414,euler_ramsey,0.5,1.5% Ramsey,risk_aversion,combined,0,188.65190674930813,2.209075990463877
6414,euler_ramsey,0.5,2.0% Ramsey,risk_aversion,combined,0,124.14567957496224,2.512635981069221
6414,euler_ramsey,0.5,2.5% Ramsey,risk_aversion,combined,0,86.52054356969205,2.745079807518333
6415,euler_ramsey,0.5,1.5% Ramsey,risk_aversion,combined,0,-110.09137457159456,0.6954229590797268
6415,euler_ramsey,0.5,2.0% Ramsey,risk_aversion,combined,0,-48.41066375798877,0.6092768242877409
6415,euler_ramsey,0.5,2.5% Ramsey,risk_aversion,combined,0,-10.445885493702363,0.5438876864531423
6416,euler_ramsey,0.5,1.5% Ramsey,risk_aversion,combined,0,2220.703103316286,0.4555268859089892
6416,euler_ramsey,0.5,2.0% Ramsey,risk_aversion,combined,0,2008.2016803442166,0.3629762365815111
6416,euler_ramsey,0.5,2.5% Ramsey,risk_aversion,combined,0,1543.4730918672278,0.30110004495479525
6417,euler_ramsey,0.5,1.5% Ramsey,risk_aversion,combined,0,3254.129754958613,0.7855693989088856
6417,euler_ramsey,0.5,2.0% Ramsey,risk_aversion,combined,0,1957.34624571,0.7085120425086656
6417,euler_ramsey,0.5,2.5% Ramsey,risk_aversion,combined,0,1210.1252847123455,0.6469142902563191
6418,euler_ramsey,0.5,1.5% Ramsey,risk_aversion,combined,0,607.4674836931376,0.3947293857962178
6418,euler_ramsey,0.5,2.0% Ramsey,risk_aversion,combined,0,531.7396208744987,0.30457820409828174
6418,euler_ramsey,0.5,2.5% Ramsey,risk_aversion,combined,0,404.50655233401716,0.24644709393272882
6419,euler_ramsey,0.5,1.5% Ramsey,risk_aversion,combined,0,-100.3353490202045,0.9974578234573059
6419,euler_ramsey,0.5,2.0% Ramsey,risk_aversion,combined,0,-65.39846508495087,0.948357871177964
6419,euler_ramsey,0.5,2.5% Ramsey,risk_aversion,combined,0,-42.042017552393155,0.9019163779733562
6420,euler_ramsey,0.5,1.5% Ramsey,risk_aversion,combined,0,158.380361825686,0.7736982626875683
6420,euler_ramsey,0.5,2.0% Ramsey,risk_aversion,combined,0,120.50392697884054,0.6941681869457798
6420,euler_ramsey,0.5,2.5% Ramsey,risk_aversion,combined,0,81.77129550828997,0.6311451965017627
6421,euler_ramsey,0.5,1.5% Ramsey,risk_aversion,combined,0,713.9235695884302,0.5742572678747674
6421,euler_ramsey,0.5,2.0% Ramsey,risk_aversion,combined,0,401.6055247985539,0.4821164255727895
6421,euler_ramsey,0.5,2.5% Ramsey,risk_aversion,combined,0,267.41446703255184,0.4164199532289095
6422,euler_ramsey,0.5,1.5% Ramsey,risk_aversion,combined,0,278.9562467295084,0.9146014436581664
6422,euler_ramsey,0.5,2.0% Ramsey,risk_aversion,combined,0,277.3620490593923,0.8526611821133523
6422,euler_ramsey,0.5,2.5% Ramsey,risk_aversion,combined,0,237.94336254819058,0.7986536386984114
6423,euler_ramsey,0.5,1.5% Ramsey,risk_aversion,combined,0,33.60830882259906,0.6174372884308981
6423,euler_ramsey,0.5,2.0% Ramsey,risk_aversion,combined,0,27.885926242860815,0.527218482387953
6423,euler_ramsey,0.5,2.5% Ramsey,risk_aversion,combined,0,23.631088330872622,0.4613946480870909
6424,euler_ramsey,0.5,1.5% Ramsey,risk_aversion,combined,0,-1844.3123015800043,0.13569718984824494
6424,euler_ramsey,0.5,2.0% Ramsey,risk_aversion,combined,0,-1456.2734594094131,0.08232168772083198
6424,euler_ramsey,0.5,2.5% Ramsey,risk_aversion,combined,0,-1027.665519090462,0.05530034935478929
6425,euler_ramsey,0.5,1.5% Ramsey,risk_aversion,combined,0,-545.3823592663524,0.47549904224016903
6425,euler_ramsey,0.5,2.0% Ramsey,risk_aversion,combined,0,-363.7362976876516,0.38242495297125007
6425,euler_ramsey,0.5,2.5% Ramsey,risk_aversion,combined,0,-236.66655819602732,0.31950257034935575
6426,euler_ramsey,0.5,1.5% Ramsey,risk_aversion,combined,0,-52.94828393680388,1.7664447072432685
6426,euler_ramsey,0.5,2.0% Ramsey,risk_aversion,combined,0,-46.70108218560559,1.9107454821279968
6426,euler_ramsey,0.5,2.5% Ramsey,risk_aversion,combined,0,-36.590555172998485,2.007837708085968
6427,euler_ramsey,0.5,1.5% Ramsey,risk_aversion,combined,0,1338.421478550846,0.38347253207760507
6427,euler_ramsey,0.5,2.0% Ramsey,risk_aversion,combined,0,466.4409849786455,0.2938157547238769
6427,euler_ramsey,0.5,2.5% Ramsey,risk_aversion,combined,0,236.12392949455835,0.23643879545620755
6428,euler_ramsey,0.5,1.5% Ramsey,risk_aversion,combined,0,-170.78276834191087,1.213217991633554
6428,euler_ramsey,0.5,2.0% Ramsey,risk_aversion,combined,0,-114.5120282462795,1.2052841701835901
6428,euler_ramsey,0.5,2.5% Ramsey,risk_aversion,combined,0,-76.36950007548366,1.1858403121372258
6429,euler_ramsey,0.5,1.5% Ramsey,risk_aversion,combined,0,-711.9650640093842,0.38671323337889196
6429,euler_ramsey,0.5,2.0% Ramsey,risk_aversion,combined,0,-356.18115107928753,0.2968646982670018
6429,euler_ramsey,0.5,2.5% Ramsey,risk_aversion,combined,0,-202.22930287337158,0.23924317220758196
6430,euler_ramsey,0.5,1.5% Ramsey,risk_aversion,combined,0,239.9877338188681,3.0111178071850393
6430,euler_ramsey,0.5,2.0% Ramsey,risk_aversion,combined,0,137.94046018510141,3.6718639506468445
6430,euler_ramsey,0.5,2.5% Ramsey,risk_aversion,combined,0,88.8443613217217,4.233462458723341
6431,euler_ramsey,0.5,1.5% Ramsey,risk_aversion,combined,0,212.6707283887097,0.46215534690438725
6431,euler_ramsey,0.5,2.0% Ramsey,risk_aversion,combined,0,161.89550732373115,0.3692649311358051
6431,euler_ramsey,0.5,2.5% Ramsey,risk_aversion,combined,0,111.84489909789865,0.3069462733625065
6432,euler_ramsey,0.5,1.5% Ramsey,risk_aversion,combined,0,2290.1188774341167,0.9377958018824535
6432,euler_ramsey,0.5,2.0% Ramsey,risk_aversion,combined,0,2103.2351601111573,0.8809118600521183
6432,euler_ramsey,0.5,2.5% Ramsey,risk_aversion,combined,0,1687.7726147251244,0.8301614138624629
6433,euler_ramsey,0.5,1.5% Ramsey,risk_aversion,combined,0,394.1937949366869,0.3530872200903742
6433,euler_ramsey,0.5,2.0% Ramsey,risk_aversion,combined,0,344.15323995319017,0.265572923470069
6433,euler_ramsey,0.5,2.5% Ramsey,risk_aversion,combined,0,286.2580042436645,0.2106746709514397
6434,euler_ramsey,0.5,1.5% Ramsey,risk_aversion,combined,0,-1025.6314707022204,0.13837620835891548
6434,euler_ramsey,0.5,2.0% Ramsey,risk_aversion,combined,0,-833.6524915359443,0.08431402369797908
6434,euler_ramsey,0.5,2.5% Ramsey,risk_aversion,combined,0,-603.1637848558123,0.056830100880319964
6435,euler_ramsey,0.5,1.5% Ramsey,risk_aversion,combined,0,482.85003994617466,1.0724474139803883
6435,euler_ramsey,0.5,2.0% Ramsey,risk_aversion,combined,0,350.7440281641062,1.037360281398746
6435,euler_ramsey,0.5,2.5% Ramsey,risk_aversion,combined,0,251.077117110633,0.999905119024947
6436,euler_ramsey,0.5,1.5% Ramsey,risk_aversion,combined,0,-205.46866423984358,0.6567816353802697
6436,euler_ramsey,0.5,2.0% Ramsey,risk_aversion,combined,0,-120.29746228719299,0.5682643505795151
6436,euler_ramsey,0.5,2.5% Ramsey,risk_aversion,combined,0,-68.11547404927,0.5023871865844955
6437,euler_ramsey,0.5,1.5% Ramsey,risk_aversion,combined,0,438.2404328004042,0.7922745288196626
6437,euler_ramsey,0.5,2.0% Ramsey,risk_aversion,combined,0,295.0509463414825,0.7147158050586333
6437,euler_ramsey,0.5,2.5% Ramsey,risk_aversion,combined,0,205.34862223278733,0.6525836725312342
6438,euler_ramsey,0.5,1.5% Ramsey,risk_aversion,combined,0,1248.1509612351028,1.1376070790087516
6438,euler_ramsey,0.5,2.0% Ramsey,risk_aversion,combined,0,955.7140316994197,1.1142340667260953
6438,euler_ramsey,0.5,2.5% Ramsey,risk_aversion,combined,0,653.9582748823044,1.0843549957643224
6439,euler_ramsey,0.5,1.5% Ramsey,risk_aversion,combined,0,2949.4989942498028,0.42877975632317694
6439,euler_ramsey,0.5,2.0% Ramsey,risk_aversion,combined,0,2705.2730879362484,0.3370695234107464
6439,euler_ramsey,0.5,2.5% Ramsey,risk_aversion,combined,0,2063.144681198639,0.2766972485841493
6440,euler_ramsey,0.5,1.5% Ramsey,risk_aversion,combined,0,1938.5610263323754,0.5324717732497553
6440,euler_ramsey,0.5,2.0% Ramsey,risk_aversion,combined,0,1281.9587685144538,0.4398895964866825
6440,euler_ramsey,0.5,2.5% Ramsey,risk_aversion,combined,0,880.7672772398136,0.37527359471495203
6441,euler_ramsey,0.5,1.5% Ramsey,risk_aversion,combined,0,6154.988210684382,0.4094832317979749
6441,euler_ramsey,0.5,2.0% Ramsey,risk_aversion,combined,0,4631.051876081355,0.31957036555877727
6441,euler_ramsey,0.5,2.5% Ramsey,risk_aversion,combined,0,3228.360447542943,0.2609443199739876
6442,euler_ramsey,0.5,1.5% Ramsey,risk_aversion,combined,0,2204.861020751881,0.8328813917342685
6442,euler_ramsey,0.5,2.0% Ramsey,risk_aversion,combined,0,1554.0749007246905,0.7614010876043757
6442,euler_ramsey,0.5,2.5% Ramsey,risk_aversion,combined,0,1041.6023715613424,0.7025978927130682
6443,euler_ramsey,0.5,1.5% Ramsey,risk_aversion,combined,0,951.5607518594823,0.7962201496062435
6443,euler_ramsey,0.5,2.0% Ramsey,risk_aversion,combined,0,800.2374574939453,0.7206727315651623
6443,euler_ramsey,0.5,2.5% Ramsey,risk_aversion,combined,0,616.4455474172943,0.6598708356478935
6444,euler_ramsey,0.5,1.5% Ramsey,risk_aversion,combined,0,17.612688614229313,0.2898547555437593
6444,euler_ramsey,0.5,2.0% Ramsey,risk_aversion,combined,0,15.144348236125133,0.20855256907368436
6444,euler_ramsey,0.5,2.5% Ramsey,risk_aversion,combined,0,16.2013153224407,0.15985935281490823
6445,euler_ramsey,0.5,1.5% Ramsey,risk_aversion,combined,0,6529.800761414041,0.49400472574271026
6445,euler_ramsey,0.5,2.0% Ramsey,risk_aversion,combined,0,5248.062975518027,0.40143881589863656
6445,euler_ramsey,0.5,2.5% Ramsey,risk_aversion,combined,0,3753.3703295416285,0.33814452386182364
6446,euler_ramsey,0.5,1.5% Ramsey,risk_aversion,combined,0,-740.3484500398828,0.3264702925034886
6446,euler_ramsey,0.5,2.0% Ramsey,risk_aversion,combined,0,-289.1586215070936,0.2412941226640124
6446,euler_ramsey,0.5,2.5% Ramsey,risk_aversion,combined,0,-167.73514512341552,0.18884038102179398
6447,euler_ramsey,0.5,1.5% Ramsey,risk_aversion,combined,0,563.7452823994885,1.3093726561351064
6447,euler_ramsey,0.5,2.0% Ramsey,risk_aversion,combined,0,425.1298226640624,1.324308058203328
6447,euler_ramsey,0.5,2.5% Ramsey,risk_aversion,combined,0,294.67068876658067,1.3212878285564005
6448,euler_ramsey,0.5,1.5% Ramsey,risk_aversion,combined,0,2713.2734336290114,0.8632948764369544
6448,euler_ramsey,0.5,2.0% Ramsey,risk_aversion,combined,0,2452.238055212411,0.7973506794063235
6448,euler_ramsey,0.5,2.5% Ramsey,risk_aversion,combined,0,2007.277448596194,0.7417803560562023
6449,euler_ramsey,0.5,1.5% Ramsey,risk_aversion,combined,0,-189.68546503109027,0.30025213999615824
6449,euler_ramsey,0.5,2.0% Ramsey,risk_aversion,combined,0,-89.5982477518942,0.2178253839671033
6449,euler_ramsey,0.5,2.5% Ramsey,risk_aversion,combined,0,-31.972411903025918,0.1680418443459912
6450,euler_ramsey,0.5,1.5% Ramsey,risk_aversion,combined,0,626.37492808638,0.27461013268233897
6450,euler_ramsey,0.5,2.0% Ramsey,risk_aversion,combined,0,247.1648494806398,0.19519426023725672
6450,euler_ramsey,0.5,2.5% Ramsey,risk_aversion,combined,0,156.88699845696274,0.1482194241202868
6451,euler_ramsey,0.5,1.5% Ramsey,risk_aversion,combined,0,391.0854843778733,0.7488451731375272
6451,euler_ramsey,0.5,2.0% Ramsey,risk_aversion,combined,0,258.2624653338182,0.6670684231643454
6451,euler_ramsey,0.5,2.5% Ramsey,risk_aversion,combined,0,162.39839937979232,0.6031650340654209
6452,euler_ramsey,0.5,1.5% Ramsey,risk_aversion,combined,0,674.0642946971892,1.3644444712399502
6452,euler_ramsey,0.5,2.0% Ramsey,risk_aversion,combined,0,518.4552000434334,1.3926847945939138
6452,euler_ramsey,0.5,2.5% Ramsey,risk_aversion,combined,0,369.2906284034362,1.3993161739397877
6453,euler_ramsey,0.5,1.5% Ramsey,risk_aversion,combined,0,427.7528926363803,1.3908721320079134
6453,euler_ramsey,0.5,2.0% Ramsey,risk_aversion,combined,0,308.9250008958117,1.4256246839017055
6453,euler_ramsey,0.5,2.5% Ramsey,risk_aversion,combined,0,213.81478966077373,1.437041283676754
6454,euler_ramsey,0.5,1.5% Ramsey,risk_aversion,combined,0,1267.7610093258788,0.6367552176104132
6454,euler_ramsey,0.5,2.0% Ramsey,risk_aversion,combined,0,1023.6192220348607,0.5479811327236697
6454,euler_ramsey,0.5,2.5% Ramsey,risk_aversion,combined,0,765.4457443558834,0.482530630483197
6455,euler_ramsey,0.5,1.5% Ramsey,risk_aversion,combined,0,740.3199902284831,0.8300999555713096
6455,euler_ramsey,0.5,2.0% Ramsey,risk_aversion,combined,0,645.3171256248961,0.7578847464378
6455,euler_ramsey,0.5,2.5% Ramsey,risk_aversion,combined,0,504.6576708993308,0.6986235120887567
6456,euler_ramsey,0.5,1.5% Ramsey,risk_aversion,combined,0,-203.2237066592041,0.5319763655035724
6456,euler_ramsey,0.5,2.0% Ramsey,risk_aversion,combined,0,-168.48981525716857,0.43873939134780543
6456,euler_ramsey,0.5,2.5% Ramsey,risk_aversion,combined,0,-122.99006718310233,0.37374669020190504
6457,euler_ramsey,0.5,1.5% Ramsey,risk_aversion,combined,0,1272.3731735598278,0.874416640757109
6457,euler_ramsey,0.5,2.0% Ramsey,risk_aversion,combined,0,988.4252108888023,0.8073139564668771
6457,euler_ramsey,0.5,2.5% Ramsey,risk_aversion,combined,0,712.8121730560623,0.7505793104072392
6458,euler_ramsey,0.5,1.5% Ramsey,risk_aversion,combined,0,687.3463422142333,0.38324520262823025
6458,euler_ramsey,0.5,2.0% Ramsey,risk_aversion,combined,0,420.6005776768093,0.2935999570398163
6458,euler_ramsey,0.5,2.5% Ramsey,risk_aversion,combined,0,273.03749794223285,0.23623895513646112
6459,euler_ramsey,0.5,1.5% Ramsey,risk_aversion,combined,0,640.2893867146546,1.972548608858525
6459,euler_ramsey,0.5,2.0% Ramsey,risk_aversion,combined,0,442.74631059010153,2.1880331452014286
6459,euler_ramsey,0.5,2.5% Ramsey,risk_aversion,combined,0,304.77536677997716,2.3446789529327177
6460,euler_ramsey,0.5,1.5% Ramsey,risk_aversion,combined,0,-176.1820571253648,1.3353801056211347
6460,euler_ramsey,0.5,2.0% Ramsey,risk_aversion,combined,0,-133.67583881731568,1.356883873164549
6460,euler_ramsey,0.5,2.5% Ramsey,risk_aversion,combined,0,-89.1235785228002,1.358589265207155
6461,euler_ramsey,0.5,1.5% Ramsey,risk_aversion,combined,0,672.0298308922617,1.2442214357976866
6461,euler_ramsey,0.5,2.0% Ramsey,risk_aversion,combined,0,597.2816940329216,1.243956283292706
6461,euler_ramsey,0.5,2.5% Ramsey,risk_aversion,combined,0,475.8277096879305,1.2301835198216091
6462,euler_ramsey,0.5,1.5% Ramsey,risk_aversion,combined,0,88.99868824377616,0.3551459986853994
6462,euler_ramsey,0.5,2.0% Ramsey,risk_aversion,combined,0,46.55247853384807,0.26744692898039696
6462,euler_ramsey,0.5,2.5% Ramsey,risk_aversion,combined,0,32.263118994440646,0.21235835498552347
6463,euler_ramsey,0.5,1.5% Ramsey,risk_aversion,combined,0,305.69073874518915,2.0172222268960285
6463,euler_ramsey,0.5,2.0% Ramsey,risk_aversion,combined,0,210.32730171360592,2.247973838009161
6463,euler_ramsey,0.5,2.5% Ramsey,risk_aversion,combined,0,142.93097034306362,2.4173502541793987
6464,euler_ramsey,0.5,1.5% Ramsey,risk_aversion,combined,0,-464.4005288049733,0.7488907616937297
6464,euler_ramsey,0.5,2.0% Ramsey,risk_aversion,combined,0,-287.35999073474466,0.6680030727100793
6464,euler_ramsey,0.5,2.5% Ramsey,risk_aversion,combined,0,-172.24292970946314,0.604706922510087
6465,euler_ramsey,0.5,1.5% Ramsey,risk_aversion,combined,0,311.44456402385634,0.6960055503632393
6465,euler_ramsey,0.5,2.0% Ramsey,risk_aversion,combined,0,158.40728097400398,0.6102102254726423
6465,euler_ramsey,0.5,2.5% Ramsey,risk_aversion,combined,0,79.72491352601844,0.5450171863452953
6466,euler_ramsey,0.5,1.5% Ramsey,risk_aversion,combined,0,1214.4667860765232,0.4241286320461468
6466,euler_ramsey,0.5,2.0% Ramsey,risk_aversion,combined,0,812.526525238027,0.33280235875697545
6466,euler_ramsey,0.5,2.5% Ramsey,risk_aversion,combined,0,566.0817763872386,0.2728230248376586
6467,euler_ramsey,0.5,1.5% Ramsey,risk_aversion,combined,0,11.060529118497138,1.6631681722437988
6467,euler_ramsey,0.5,2.0% Ramsey,risk_aversion,combined,0,25.58397664345286,1.7745615998782431
6467,euler_ramsey,0.5,2.5% Ramsey,risk_aversion,combined,0,35.38219544861888,1.8452293878824142
6468,euler_ramsey,0.5,1.5% Ramsey,risk_aversion,combined,0,-268.7261015139248,0.3856737070578529
6468,euler_ramsey,0.5,2.0% Ramsey,risk_aversion,combined,0,-120.14706553404434,0.29595742395712415
6468,euler_ramsey,0.5,2.5% Ramsey,risk_aversion,combined,0,-71.15774371020893,0.23844828018750677
6469,euler_ramsey,0.5,1.5% Ramsey,risk_aversion,combined,0,777.366880768044,1.2225361637894332
6469,euler_ramsey,0.5,2.0% Ramsey,risk_aversion,combined,0,614.2351488618791,1.21776586069228
6469,euler_ramsey,0.5,2.5% Ramsey,risk_aversion,combined,0,463.87114378889373,1.20072487226317
6470,euler_ramsey,0.5,1.5% Ramsey,risk_aversion,combined,0,281.4026587564388,0.387769140795077
6470,euler_ramsey,0.5,2.0% Ramsey,risk_aversion,combined,0,185.47129167426493,0.2978483240069592
6470,euler_ramsey,0.5,2.5% Ramsey,risk_aversion,combined,0,124.61102347238747,0.24014525433163927
6471,euler_ramsey,0.5,1.5% Ramsey,risk_aversion,combined,0,795.1994505056447,1.655627550865427
6471,euler_ramsey,0.5,2.0% Ramsey,risk_aversion,combined,0,558.0039956256131,1.7650261616419105
6471,euler_ramsey,0.5,2.5% Ramsey,risk_aversion,combined,0,376.5763586038977,1.834101333680831
6472,euler_ramsey,0.5,1.5% Ramsey,risk_aversion,combined,0,-1.3217176806069815,0.7600333985852233
6472,euler_ramsey,0.5,2.0% Ramsey,risk_aversion,combined,0,2.0323460030492546,0.6795152757055705
6472,euler_ramsey,0.5,2.5% Ramsey,risk_aversion,combined,0,3.5509243469467995,0.6161647906026667
6473,euler_ramsey,0.5,1.5% Ramsey,risk_aversion,combined,0,1.844456111769393,1.3357136162406889
6473,euler_ramsey,0.5,2.0% Ramsey,risk_aversion,combined,0,-0.4785374778819019,1.3561431003422733
6473,euler_ramsey,0.5,2.5% Ramsey,risk_aversion,combined,0,-0.7861917811392166,1.3568985949072077
6474,euler_ramsey,0.5,1.5% Ramsey,risk_aversion,combined,0,1451.8757932934413,0.8006323903662241
6474,euler_ramsey,0.5,2.0% Ramsey,risk_aversion,combined,0,1188.3745642582119,0.7260648186846028
6474,euler_ramsey,0.5,2.5% Ramsey,risk_aversion,combined,0,884.8146502762053,0.6658935047817829
6475,euler_ramsey,0.5,1.5% Ramsey,risk_aversion,combined,0,1370.0961075548937,0.8500057068314758
6475,euler_ramsey,0.5,2.0% Ramsey,risk_aversion,combined,0,1140.2909333873333,0.7807239905613769
6475,euler_ramsey,0.5,2.5% Ramsey,risk_aversion,combined,0,853.6897467776471,0.7230007793430655
6476,euler_ramsey,0.5,1.5% Ramsey,risk_aversion,combined,0,509.28514062251423,0.9627152720375358
6476,euler_ramsey,0.5,2.0% Ramsey,risk_aversion,combined,0,360.2343971154079,0.909268602986609
6476,euler_ramsey,0.5,2.5% Ramsey,risk_aversion,combined,0,259.4991398750483,0.8605847999821657
6477,euler_ramsey,0.5,1.5% Ramsey,risk_aversion,combined,0,0.08241719626697303,0.4945216211743422
6477,euler_ramsey,0.5,2.0% Ramsey,risk_aversion,combined,0,37.605450453478426,0.4016507884969248
6477,euler_ramsey,0.5,2.5% Ramsey,risk_aversion,combined,0,57.827838264172236,0.33815638383565655
6478,euler_ramsey,0.5,1.5% Ramsey,risk_aversion,combined,0,146.140558411995,2.0581529934571194
6478,euler_ramsey,0.5,2.0% Ramsey,risk_aversion,combined,0,171.42555842247552,2.3039391946576497
6478,euler_ramsey,0.5,2.5% Ramsey,risk_aversion,combined,0,169.42615847970507,2.486157537453402
6479,euler_ramsey,0.5,1.5% Ramsey,risk_aversion,combined,0,-1431.7082441253374,0.2890456014480169
6479,euler_ramsey,0.5,2.0% Ramsey,risk_aversion,combined,0,-1045.5928443754901,0.20788330530346097
6479,euler_ramsey,0.5,2.5% Ramsey,risk_aversion,combined,0,-737.0890782552624,0.15929589468296634
6480,euler_ramsey,0.5,1.5% Ramsey,risk_aversion,combined,0,2783.155311228414,2.222002677399687
6480,euler_ramsey,0.5,2.0% Ramsey,risk_aversion,combined,0,2401.9998022960704,2.5359261454952415
6480,euler_ramsey,0.5,2.5% Ramsey,risk_aversion,combined,0,1825.4898721735997,2.778544168619857
6481,euler_ramsey,0.5,1.5% Ramsey,risk_aversion,combined,0,570.6028246744191,0.7359161965496598
6481,euler_ramsey,0.5,2.0% Ramsey,risk_aversion,combined,0,504.8440721254081,0.6546360681146673
6481,euler_ramsey,0.5,2.5% Ramsey,risk_aversion,combined,0,406.2241342557173,0.5914825167029594
6482,euler_ramsey,0.5,1.5% Ramsey,risk_aversion,combined,0,-224.18952714695126,0.28448874423179354
6482,euler_ramsey,0.5,2.0% Ramsey,risk_aversion,combined,0,-143.86095581758568,0.20382659773299092
6482,euler_ramsey,0.5,2.5% Ramsey,risk_aversion,combined,0,-97.97512276030959,0.15572491305493893
6483,euler_ramsey,0.5,1.5% Ramsey,risk_aversion,combined,0,-160.55534423313858,0.902085812473997
6483,euler_ramsey,0.5,2.0% Ramsey,risk_aversion,combined,0,-109.95635774746047,0.8384222734829068
6483,euler_ramsey,0.5,2.5% Ramsey,risk_aversion,combined,0,-63.99133961230359,0.7834534654139889
6484,euler_ramsey,0.5,1.5% Ramsey,risk_aversion,combined,0,-582.7204015909745,0.22818119111038632
6484,euler_ramsey,0.5,2.0% Ramsey,risk_aversion,combined,0,-307.6635854908341,0.15556633142066273
6484,euler_ramsey,0.5,2.5% Ramsey,risk_aversion,combined,0,-169.0855531203746,0.11437637475372749
6485,euler_ramsey,0.5,1.5% Ramsey,risk_aversion,combined,0,841.3275969497655,1.3890796095098807
6485,euler_ramsey,0.5,2.0% Ramsey,risk_aversion,combined,0,876.6410440086612,1.4234137742489363
6485,euler_ramsey,0.5,2.5% Ramsey,risk_aversion,combined,0,755.3846771705851,1.4345470554183808
6486,euler_ramsey,0.5,1.5% Ramsey,risk_aversion,combined,0,1624.746855387576,0.5914983923626147
6486,euler_ramsey,0.5,2.0% Ramsey,risk_aversion,combined,0,1312.3635822191623,0.49997383612512153
6486,euler_ramsey,0.5,2.5% Ramsey,risk_aversion,combined,0,969.356326003401,0.4341219838783885
6487,euler_ramsey,0.5,1.5% Ramsey,risk_aversion,combined,0,437.8014725139861,0.7750794773272826
6487,euler_ramsey,0.5,2.0% Ramsey,risk_aversion,combined,0,354.6807080689035,0.6967521104166604
6487,euler_ramsey,0.5,2.5% Ramsey,risk_aversion,combined,0,262.0050524051325,0.6346003034671603
6488,euler_ramsey,0.5,1.5% Ramsey,risk_aversion,combined,0,578.3295052916254,1.893318062946305
6488,euler_ramsey,0.5,2.0% Ramsey,risk_aversion,combined,0,428.98327851954537,2.08068227776381
6488,euler_ramsey,0.5,2.5% Ramsey,risk_aversion,combined,0,313.1459973461192,2.213711091399338
6489,euler_ramsey,0.5,1.5% Ramsey,risk_aversion,combined,0,-634.2399566914584,0.4632399915532399
6489,euler_ramsey,0.5,2.0% Ramsey,risk_aversion,combined,0,-507.0459520687786,0.3703589093984689
6489,euler_ramsey,0.5,2.5% Ramsey,risk_aversion,combined,0,-361.5218592701917,0.30800237054197455
6490,euler_ramsey,0.5,1.5% Ramsey,risk_aversion,combined,0,443.167036601521,2.177919399414348
6490,euler_ramsey,0.5,2.0% Ramsey,risk_aversion,combined,0,348.6049608833073,2.469545741808199
6490,euler_ramsey,0.5,2.5% Ramsey,risk_aversion,combined,0,263.53306164511747,2.691583392023637
6491,euler_ramsey,0.5,1.5% Ramsey,risk_aversion,combined,0,2169.442271150984,0.13626738654802203
6491,euler_ramsey,0.5,2.0% Ramsey,risk_aversion,combined,0,1714.5651466672248,0.08274050359688706
6491,euler_ramsey,0.5,2.5% Ramsey,risk_aversion,combined,0,1213.7846583347632,0.055620161713505006
6492,euler_ramsey,0.5,1.5% Ramsey,risk_aversion,combined,0,2651.8984471334006,0.5576065149121202
6492,euler_ramsey,0.5,2.0% Ramsey,risk_aversion,combined,0,2431.9712384819295,0.4654665282919458
6492,euler_ramsey,0.5,2.5% Ramsey,risk_aversion,combined,0,1880.5825063939274,0.40030036939789454
6493,euler_ramsey,0.5,1.5% Ramsey,risk_aversion,combined,0,1747.660303676462,1.0523021258284897
6493,euler_ramsey,0.5,2.0% Ramsey,risk_aversion,combined,0,1498.628261219511,1.0143839294413903
6493,euler_ramsey,0.5,2.5% Ramsey,risk_aversion,combined,0,1133.0507990319466,0.9753499003644294
6494,euler_ramsey,0.5,1.5% Ramsey,risk_aversion,combined,0,373.8967719096351,1.8300842518097193
6494,euler_ramsey,0.5,2.0% Ramsey,risk_aversion,combined,0,240.0687414876563,1.9951802344104983
6494,euler_ramsey,0.5,2.5% Ramsey,risk_aversion,combined,0,164.2811302897881,2.109422498288232
6495,euler_ramsey,0.5,1.5% Ramsey,risk_aversion,combined,0,3714.4558392552585,0.4949318975904181
6495,euler_ramsey,0.5,2.0% Ramsey,risk_aversion,combined,0,2561.317041245773,0.40203493678499297
6495,euler_ramsey,0.5,2.5% Ramsey,risk_aversion,combined,0,1675.8298376484333,0.3385185641592321
6496,euler_ramsey,0.5,1.5% Ramsey,risk_aversion,combined,0,204.40787974367342,1.1206066450950523
6496,euler_ramsey,0.5,2.0% Ramsey,risk_aversion,combined,0,173.4797349577061,1.093883947633461
6496,euler_ramsey,0.5,2.5% Ramsey,risk_aversion,combined,0,146.79194108171828,1.0617777161847046
6497,euler_ramsey,0.5,1.5% Ramsey,risk_aversion,combined,0,735.5503987723438,0.4363298817573949
6497,euler_ramsey,0.5,2.0% Ramsey,risk_aversion,combined,0,618.4211028825098,0.34419172039004653
6497,euler_ramsey,0.5,2.5% Ramsey,risk_aversion,combined,0,470.0842766942894,0.2832883356920399
6498,euler_ramsey,0.5,1.5% Ramsey,risk_aversion,combined,0,526.7251278180084,1.093355388047026
6498,euler_ramsey,0.5,2.0% Ramsey,risk_aversion,combined,0,295.3797413670664,1.0617965735863337
6498,euler_ramsey,0.5,2.5% Ramsey,risk_aversion,combined,0,190.39428524268652,1.0266069618703062
6499,euler_ramsey,0.5,1.5% Ramsey,risk_aversion,combined,0,111.29017177465488,1.9339799860973799
6499,euler_ramsey,0.5,2.0% Ramsey,risk_aversion,combined,0,80.61756981778885,2.1347631376154115
6499,euler_ramsey,0.5,2.5% Ramsey,risk_aversion,combined,0,59.08662373783162,2.2787768102024835
6500,euler_ramsey,0.5,1.5% Ramsey,risk_aversion,combined,0,36.21715878984049,1.6303053706298016
6500,euler_ramsey,0.5,2.0% Ramsey,risk_aversion,combined,0,25.887665697513196,1.7318582466617167
6500,euler_ramsey,0.5,2.5% Ramsey,risk_aversion,combined,0,20.243893457177695,1.7945850919010056
6501,euler_ramsey,0.5,1.5% Ramsey,risk_aversion,combined,0,257.05434182721734,1.5552735110297695
6501,euler_ramsey,0.5,2.0% Ramsey,risk_aversion,combined,0,199.60666845286403,1.635163723567662
6501,euler_ramsey,0.5,2.5% Ramsey,risk_aversion,combined,0,158.04325991172325,1.6810693758040496
6502,euler_ramsey,0.5,1.5% Ramsey,risk_aversion,combined,0,2357.816034355893,0.6266501953234125
6502,euler_ramsey,0.5,2.0% Ramsey,risk_aversion,combined,0,2064.753423002995,0.5375928357184543
6502,euler_ramsey,0.5,2.5% Ramsey,risk_aversion,combined,0,1598.770685111276,0.4722574486618025
6503,euler_ramsey,0.5,1.5% Ramsey,risk_aversion,combined,0,584.8403881031214,1.2614502298405936
6503,euler_ramsey,0.5,2.0% Ramsey,risk_aversion,combined,0,700.176944790492,1.2638036721790369
6503,euler_ramsey,0.5,2.5% Ramsey,risk_aversion,combined,0,686.0453366536802,1.2515044495759522
6504,euler_ramsey,0.5,1.5% Ramsey,risk_aversion,combined,0,262.8724937257596,1.4963307944183588
6504,euler_ramsey,0.5,2.0% Ramsey,risk_aversion,combined,0,176.36993699036992,1.5589222558273714
6504,euler_ramsey,0.5,2.5% Ramsey,risk_aversion,combined,0,122.5996411938627,1.5913104905161024
6505,euler_ramsey,0.5,1.5% Ramsey,risk_aversion,combined,0,89.30419762927467,1.8995146820127802
6505,euler_ramsey,0.5,2.0% Ramsey,risk_aversion,combined,0,72.51364705448535,2.088243143488079
6505,euler_ramsey,0.5,2.5% Ramsey,risk_aversion,combined,0,60.44217297496801,2.2220359597019463
6506,euler_ramsey,0.5,1.5% Ramsey,risk_aversion,combined,0,125.98280128151147,0.4266581436664695
6506,euler_ramsey,0.5,2.0% Ramsey,risk_aversion,combined,0,86.48818666170699,0.3348305752263162
6506,euler_ramsey,0.5,2.5% Ramsey,risk_aversion,combined,0,64.32765811671301,0.2744815279926684
6507,euler_ramsey,0.5,1.5% Ramsey,risk_aversion,combined,0,2340.3334314148815,0.39415775790232854
6507,euler_ramsey,0.5,2.0% Ramsey,risk_aversion,combined,0,2329.3290658352694,0.30423955663153623
6507,euler_ramsey,0.5,2.5% Ramsey,risk_aversion,combined,0,1943.4322371406693,0.24625628486471687
6508,euler_ramsey,0.5,1.5% Ramsey,risk_aversion,combined,0,322.2387798645925,1.6279169858749765
6508,euler_ramsey,0.5,2.0% Ramsey,risk_aversion,combined,0,215.28960882674596,1.7285637322032341
6508,euler_ramsey,0.5,2.5% Ramsey,risk_aversion,combined,0,143.1348036151216,1.7906093718651621
6509,euler_ramsey,0.5,1.5% Ramsey,risk_aversion,combined,0,97.24326751945988,1.8079267550265852
6509,euler_ramsey,0.5,2.0% Ramsey,risk_aversion,combined,0,73.5026485432827,1.9656640717541025
6509,euler_ramsey,0.5,2.5% Ramsey,risk_aversion,combined,0,57.98852908744997,2.073788502877871
6510,euler_ramsey,0.5,1.5% Ramsey,risk_aversion,combined,0,2249.639358830457,1.3893747598869397
6510,euler_ramsey,0.5,2.0% Ramsey,risk_aversion,combined,0,2389.372132859345,1.4273583608531413
6510,euler_ramsey,0.5,2.5% Ramsey,risk_aversion,combined,0,2106.179233745398,1.4417990353360148
6511,euler_ramsey,0.5,1.5% Ramsey,risk_aversion,combined,0,927.3533267579112,0.9194033532276104
6511,euler_ramsey,0.5,2.0% Ramsey,risk_aversion,combined,0,740.4875304751206,0.8583572050909596
6511,euler_ramsey,0.5,2.5% Ramsey,risk_aversion,combined,0,552.1695882078209,0.8049398398406534
6512,euler_ramsey,0.5,1.5% Ramsey,risk_aversion,combined,0,1141.8609449751086,0.9730936724717418
6512,euler_ramsey,0.5,2.0% Ramsey,risk_aversion,combined,0,786.2616315983939,0.9202497010555661
6512,euler_ramsey,0.5,2.5% Ramsey,risk_aversion,combined,0,557.3481633152701,0.8715863006640815
6513,euler_ramsey,0.5,1.5% Ramsey,risk_aversion,combined,0,215.90503138342962,2.1734214172960873
6513,euler_ramsey,0.5,2.0% Ramsey,risk_aversion,combined,0,146.741804698505,2.463123347567343
6513,euler_ramsey,0.5,2.5% Ramsey,risk_aversion,combined,0,108.41080983242342,2.6834130085579178
6514,euler_ramsey,0.5,1.5% Ramsey,risk_aversion,combined,0,-282.3446130664075,0.5153146939857663
6514,euler_ramsey,0.5,2.0% Ramsey,risk_aversion,combined,0,-226.11655228857268,0.4224353125199312
6514,euler_ramsey,0.5,2.5% Ramsey,risk_aversion,combined,0,-158.53701720737922,0.35822542678761554
6515,euler_ramsey,0.5,1.5% Ramsey,risk_aversion,combined,0,743.7265094847851,1.4411011511118827
6515,euler_ramsey,0.5,2.0% Ramsey,risk_aversion,combined,0,610.7652484257097,1.489605371112432
6515,euler_ramsey,0.5,2.5% Ramsey,risk_aversion,combined,0,478.35129171121054,1.5115948537485668
6516,euler_ramsey,0.5,1.5% Ramsey,risk_aversion,combined,0,698.6724199698832,0.24258719804399614
6516,euler_ramsey,0.5,2.0% Ramsey,risk_aversion,combined,0,305.743819267108,0.1676914908452638
6516,euler_ramsey,0.5,2.5% Ramsey,risk_aversion,combined,0,194.49850586337746,0.12461905561407066
6517,euler_ramsey,0.5,1.5% Ramsey,risk_aversion,combined,0,3152.8552825313477,0.5257920591346656
6517,euler_ramsey,0.5,2.0% Ramsey,risk_aversion,combined,0,2390.306752973925,0.43371886773332385
6517,euler_ramsey,0.5,2.5% Ramsey,risk_aversion,combined,0,1709.6396026353148,0.36962787068258746
6518,euler_ramsey,0.5,1.5% Ramsey,risk_aversion,combined,0,-354.05506907589836,0.6722239152700701
6518,euler_ramsey,0.5,2.0% Ramsey,risk_aversion,combined,0,-195.04674537605163,0.5849914146403429
6518,euler_ramsey,0.5,2.5% Ramsey,risk_aversion,combined,0,-112.2935368936432,0.5195495354303729
6519,euler_ramsey,0.5,1.5% Ramsey,risk_aversion,combined,0,208.83211512810726,0.47624493974983656
6519,euler_ramsey,0.5,2.0% Ramsey,risk_aversion,combined,0,154.49285181097974,0.3831031526479979
6519,euler_ramsey,0.5,2.5% Ramsey,risk_aversion,combined,0,111.74043010507465,0.3201194739112819
6520,euler_ramsey,0.5,1.5% Ramsey,risk_aversion,combined,0,-1031.392449429299,0.421913281045544
6520,euler_ramsey,0.5,2.0% Ramsey,risk_aversion,combined,0,-414.49005179569997,0.3304483527833422
6520,euler_ramsey,0.5,2.5% Ramsey,risk_aversion,combined,0,-49.14966163882009,0.2704881995798116
6521,euler_ramsey,0.5,1.5% Ramsey,risk_aversion,combined,0,1344.0080402888786,2.1052645845819
6521,euler_ramsey,0.5,2.0% Ramsey,risk_aversion,combined,0,868.8370410038589,2.369519668249414
6521,euler_ramsey,0.5,2.5% Ramsey,risk_aversion,combined,0,557.2236467232718,2.5678383344050486
6522,euler_ramsey,0.5,1.5% Ramsey,risk_aversion,combined,0,-335.6209837074423,1.2780066103291219
6522,euler_ramsey,0.5,2.0% Ramsey,risk_aversion,combined,0,-233.88948852327925,1.285146618774997
6522,euler_ramsey,0.5,2.5% Ramsey,risk_aversion,combined,0,-151.389851757833,1.276359905499897
6523,euler_ramsey,0.5,1.5% Ramsey,risk_aversion,combined,0,364.9332787117076,0.521990657644066
6523,euler_ramsey,0.5,2.0% Ramsey,risk_aversion,combined,0,307.6720907909481,0.4287663583334366
6523,euler_ramsey,0.5,2.5% Ramsey,risk_aversion,combined,0,246.96059026879664,0.3641215434288813
6524,euler_ramsey,0.5,1.5% Ramsey,risk_aversion,combined,0,742.6002301161337,1.028145143279511
6524,euler_ramsey,0.5,2.0% Ramsey,risk_aversion,combined,0,402.4290374215936,0.9849821992180691
6524,euler_ramsey,0.5,2.5% Ramsey,risk_aversion,combined,0,235.50029838492225,0.9424166209205569
6525,euler_ramsey,0.5,1.5% Ramsey,risk_aversion,combined,0,698.4120686027519,0.640760599358689
6525,euler_ramsey,0.5,2.0% Ramsey,risk_aversion,combined,0,589.572822051165,0.551851962062546
6525,euler_ramsey,0.5,2.5% Ramsey,risk_aversion,combined,0,460.6700786965924,0.48621748374701307
6526,euler_ramsey,0.5,1.5% Ramsey,risk_aversion,combined,0,349.5865276338965,1.526367430007311
6526,euler_ramsey,0.5,2.0% Ramsey,risk_aversion,combined,0,241.9266591059107,1.5979877164257215
6526,euler_ramsey,0.5,2.5% Ramsey,risk_aversion,combined,0,167.20940756146805,1.6374701023314642
6527,euler_ramsey,0.5,1.5% Ramsey,risk_aversion,combined,0,834.7925432907472,1.2404016563819433
6527,euler_ramsey,0.5,2.0% Ramsey,risk_aversion,combined,0,764.7988099390456,1.2395604286405562
6527,euler_ramsey,0.5,2.5% Ramsey,risk_aversion,combined,0,610.8162851206102,1.2253910607832024
6528,euler_ramsey,0.5,1.5% Ramsey,risk_aversion,combined,0,-1288.4288914157894,0.5070274381946678
6528,euler_ramsey,0.5,2.0% Ramsey,risk_aversion,combined,0,-768.9634647596023,0.4137937536439387
6528,euler_ramsey,0.5,2.5% Ramsey,risk_aversion,combined,0,-462.1154647553966,0.3496498286728003
6529,euler_ramsey,0.5,1.5% Ramsey,risk_aversion,combined,0,1821.768925493119,0.4766326562134734
6529,euler_ramsey,0.5,2.0% Ramsey,risk_aversion,combined,0,1007.4420275398986,0.3835394602637412
6529,euler_ramsey,0.5,2.5% Ramsey,risk_aversion,combined,0,572.963051279189,0.320568214964532
6530,euler_ramsey,0.5,1.5% Ramsey,risk_aversion,combined,0,208.6560817344978,1.204941803198166
6530,euler_ramsey,0.5,2.0% Ramsey,risk_aversion,combined,0,194.2585383455857,1.1953816048977908
6530,euler_ramsey,0.5,2.5% Ramsey,risk_aversion,combined,0,163.91089372577053,1.1749695888368539
6531,euler_ramsey,0.5,1.5% Ramsey,risk_aversion,combined,0,658.1594448009786,0.5132777134904675
6531,euler_ramsey,0.5,2.0% Ramsey,risk_aversion,combined,0,281.9522469316395,0.42008793697986874
6531,euler_ramsey,0.5,2.5% Ramsey,risk_aversion,combined,0,174.40704500089194,0.3557671510782777
6532,euler_ramsey,0.5,1.5% Ramsey,risk_aversion,combined,0,-3931.4414571719963,0.22085367525555188
6532,euler_ramsey,0.5,2.0% Ramsey,risk_aversion,combined,0,-1807.0455908481167,0.14955135829128555
6532,euler_ramsey,0.5,2.5% Ramsey,risk_aversion,combined,0,-1015.2355909866524,0.10938115402803111
6533,euler_ramsey,0.5,1.5% Ramsey,risk_aversion,combined,0,5594.6031234644515,0.2773296475624158
6533,euler_ramsey,0.5,2.0% Ramsey,risk_aversion,combined,0,2601.662943309383,0.19772403119870643
6533,euler_ramsey,0.5,2.5% Ramsey,risk_aversion,combined,0,1443.850818773623,0.15050403928474862
6534,euler_ramsey,0.5,1.5% Ramsey,risk_aversion,combined,0,2988.911633985516,1.676693560445734
6534,euler_ramsey,0.5,2.0% Ramsey,risk_aversion,combined,0,1929.3919022971193,1.795267502117688
6534,euler_ramsey,0.5,2.5% Ramsey,risk_aversion,combined,0,1191.0093227203681,1.8721344650648026
6535,euler_ramsey,0.5,1.5% Ramsey,risk_aversion,combined,0,248.493315443843,1.4056715931825825
6535,euler_ramsey,0.5,2.0% Ramsey,risk_aversion,combined,0,169.6545846893465,1.4440982522134234
6535,euler_ramsey,0.5,2.5% Ramsey,risk_aversion,combined,0,112.19003207259809,1.458209681116537
6536,euler_ramsey,0.5,1.5% Ramsey,risk_aversion,combined,0,88.65401904671812,1.1070367797834746
6536,euler_ramsey,0.5,2.0% Ramsey,risk_aversion,combined,0,83.56086454740168,1.0771464568141416
6536,euler_ramsey,0.5,2.5% Ramsey,risk_aversion,combined,0,72.17481388781046,1.0428811247444365
6537,euler_ramsey,0.5,1.5% Ramsey,risk_aversion,combined,0,1896.1573532046152,1.3672831005472041
6537,euler_ramsey,0.5,2.0% Ramsey,risk_aversion,combined,0,1520.7656484945967,1.398133983684143
6537,euler_ramsey,0.5,2.5% Ramsey,risk_aversion,combined,0,1080.1024178648527,1.4069717795183665
6538,euler_ramsey,0.5,1.5% Ramsey,risk_aversion,combined,0,1642.4343788138347,0.37763731887318913
6538,euler_ramsey,0.5,2.0% Ramsey,risk_aversion,combined,0,1536.1478263482768,0.2884841794835458
6538,euler_ramsey,0.5,2.5% Ramsey,risk_aversion,combined,0,1217.2949636503688,0.23162419347335492
6539,euler_ramsey,0.5,1.5% Ramsey,risk_aversion,combined,0,5228.027168786915,0.2474913087721239
6539,euler_ramsey,0.5,2.0% Ramsey,risk_aversion,combined,0,1917.1910134690079,0.17210446265339086
6539,euler_ramsey,0.5,2.5% Ramsey,risk_aversion,combined,0,1084.2401833118083,0.12850793594770485
6540,euler_ramsey,0.5,1.5% Ramsey,risk_aversion,combined,0,444.35623048980716,1.6133812248243122
6540,euler_ramsey,0.5,2.0% Ramsey,risk_aversion,combined,0,322.8144307802467,1.7100869654504534
6540,euler_ramsey,0.5,2.5% Ramsey,risk_aversion,combined,0,220.4281388993537,1.7691211838504
6541,euler_ramsey,0.5,1.5% Ramsey,risk_aversion,combined,0,6281.053646956187,0.38245468369743363
6541,euler_ramsey,0.5,2.0% Ramsey,risk_aversion,combined,0,4221.052006046141,0.2932840430294129
6541,euler_ramsey,0.5,2.5% Ramsey,risk_aversion,combined,0,2838.948562065352,0.2361990936699341
6542,euler_ramsey,0.5,1.5% Ramsey,risk_aversion,combined,0,412.32514736359053,1.3861281988063991
6542,euler_ramsey,0.5,2.0% Ramsey,risk_aversion,combined,0,372.2073849190693,1.4186897340504476
6542,euler_ramsey,0.5,2.5% Ramsey,risk_aversion,combined,0,298.8502528876297,1.4283530812120262
6543,euler_ramsey,0.5,1.5% Ramsey,risk_aversion,combined,0,597.8443337953353,1.2325333137016328
6543,euler_ramsey,0.5,2.0% Ramsey,risk_aversion,combined,0,417.7457068970281,1.229374533728561
6543,euler_ramsey,0.5,2.5% Ramsey,risk_aversion,combined,0,272.2252457879401,1.2133913496699142
6544,euler_ramsey,0.5,1.5% Ramsey,risk_aversion,combined,0,-204.94226596569837,0.6789537352345391
6544,euler_ramsey,0.5,2.0% Ramsey,risk_aversion,combined,0,-166.23596750590505,0.5924626391763579
6544,euler_ramsey,0.5,2.5% Ramsey,risk_aversion,combined,0,-118.98377617449118,0.5272982064504469
6545,euler_ramsey,0.5,1.5% Ramsey,risk_aversion,combined,0,159.13986485797295,1.9484157476430228
6545,euler_ramsey,0.5,2.0% Ramsey,risk_aversion,combined,0,115.67749590615148,2.1543456056200228
6545,euler_ramsey,0.5,2.5% Ramsey,risk_aversion,combined,0,83.91936947581893,2.302607326458226
6546,euler_ramsey,0.5,1.5% Ramsey,risk_aversion,combined,0,619.5037478317781,1.3110788340141881
6546,euler_ramsey,0.5,2.0% Ramsey,risk_aversion,combined,0,504.9324172554401,1.3254181560741423
6546,euler_ramsey,0.5,2.5% Ramsey,risk_aversion,combined,0,373.4251933850494,1.3217853683411043
6547,euler_ramsey,0.5,1.5% Ramsey,risk_aversion,combined,0,539.0643603869989,1.3984031180169512
6547,euler_ramsey,0.5,2.0% Ramsey,risk_aversion,combined,0,366.2089963265435,1.4361899700398526
6547,euler_ramsey,0.5,2.5% Ramsey,risk_aversion,combined,0,255.88051932459112,1.4499898869896204
6548,euler_ramsey,0.5,1.5% Ramsey,risk_aversion,combined,0,1005.6805024463971,1.4125078334676393
6548,euler_ramsey,0.5,2.0% Ramsey,risk_aversion,combined,0,758.8601887169056,1.4535845896356812
6548,euler_ramsey,0.5,2.5% Ramsey,risk_aversion,combined,0,523.9747059058495,1.4698574730927658
6549,euler_ramsey,0.5,1.5% Ramsey,risk_aversion,combined,0,274.8046869201003,0.2111850579040219
6549,euler_ramsey,0.5,2.0% Ramsey,risk_aversion,combined,0,186.3565367143916,0.14149328762638522
6549,euler_ramsey,0.5,2.5% Ramsey,risk_aversion,combined,0,133.84011556205945,0.10263789398741924
6550,euler_ramsey,0.5,1.5% Ramsey,risk_aversion,combined,0,2591.7723700571887,0.42719219303185035
6550,euler_ramsey,0.5,2.0% Ramsey,risk_aversion,combined,0,1482.076619053199,0.33540171198907526
6550,euler_ramsey,0.5,2.5% Ramsey,risk_aversion,combined,0,852.7292495631636,0.27505246573979397
6551,euler_ramsey,0.5,1.5% Ramsey,risk_aversion,combined,0,266.08816233883573,1.1743689269947741
6551,euler_ramsey,0.5,2.0% Ramsey,risk_aversion,combined,0,199.3682544913762,1.1590766607782788
6551,euler_ramsey,0.5,2.5% Ramsey,risk_aversion,combined,0,156.10533340332526,1.134733528306539
6552,euler_ramsey,0.5,1.5% Ramsey,risk_aversion,combined,0,516.0289099998428,0.6085910033976111
6552,euler_ramsey,0.5,2.0% Ramsey,risk_aversion,combined,0,288.88118367779407,0.5176461368036968
6552,euler_ramsey,0.5,2.5% Ramsey,risk_aversion,combined,0,161.2763893376552,0.451632319557195
6553,euler_ramsey,0.5,1.5% Ramsey,risk_aversion,combined,0,1906.9499936402888,0.6067274550245304
6553,euler_ramsey,0.5,2.0% Ramsey,risk_aversion,combined,0,1678.3137453902498,0.5166015405089361
6553,euler_ramsey,0.5,2.5% Ramsey,risk_aversion,combined,0,1312.3272001579335,0.45117235220867835
6554,euler_ramsey,0.5,1.5% Ramsey,risk_aversion,combined,0,389.6440719248372,1.4170846404724413
6554,euler_ramsey,0.5,2.0% Ramsey,risk_aversion,combined,0,298.1697154006096,1.4586271887989655
6554,euler_ramsey,0.5,2.5% Ramsey,risk_aversion,combined,0,213.9391821279366,1.4751140460531948
6555,euler_ramsey,0.5,1.5% Ramsey,risk_aversion,combined,0,2690.3237234824546,1.1205114077456217
6555,euler_ramsey,0.5,2.0% Ramsey,risk_aversion,combined,0,2384.1573383779555,1.0969076011086216
6555,euler_ramsey,0.5,2.5% Ramsey,risk_aversion,combined,0,1831.6159498056254,1.0673306732383014
6556,euler_ramsey,0.5,1.5% Ramsey,risk_aversion,combined,0,2077.162864406179,0.5710236239720364
6556,euler_ramsey,0.5,2.0% Ramsey,risk_aversion,combined,0,1391.329769202597,0.47882959461756247
6556,euler_ramsey,0.5,2.5% Ramsey,risk_aversion,combined,0,924.0104057775187,0.4132042514305751
6557,euler_ramsey,0.5,1.5% Ramsey,risk_aversion,combined,0,-428.706734902541,0.7879021347229611
6557,euler_ramsey,0.5,2.0% Ramsey,risk_aversion,combined,0,-364.59285206464705,0.7108114590684307
6557,euler_ramsey,0.5,2.5% Ramsey,risk_aversion,combined,0,-280.83044864221534,0.6491089615501235
6558,euler_ramsey,0.5,1.5% Ramsey,risk_aversion,combined,0,1622.948426807018,0.3448087617122863
6558,euler_ramsey,0.5,2.0% Ramsey,risk_aversion,combined,0,1200.9706779280623,0.25810678479894217
6558,euler_ramsey,0.5,2.5% Ramsey,risk_aversion,combined,0,852.3087362122195,0.2040055671096443
6559,euler_ramsey,0.5,1.5% Ramsey,risk_aversion,combined,0,306.63247019819437,2.968370257927268
6559,euler_ramsey,0.5,2.0% Ramsey,risk_aversion,combined,0,285.8466970095582,3.608042844188442
6559,euler_ramsey,0.5,2.5% Ramsey,risk_aversion,combined,0,235.18699154013785,4.1493584328114
6560,euler_ramsey,0.5,1.5% Ramsey,risk_aversion,combined,0,129.10797517729176,2.052181979903168
6560,euler_ramsey,0.5,2.0% Ramsey,risk_aversion,combined,0,86.26994828989304,2.295712800441943
6560,euler_ramsey,0.5,2.5% Ramsey,risk_aversion,combined,0,59.967678545069916,2.4759802264069144
6561,euler_ramsey,0.5,1.5% Ramsey,risk_aversion,combined,0,1029.6331316228707,0.29816627101443494
6561,euler_ramsey,0.5,2.0% Ramsey,risk_aversion,combined,0,747.5540572063668,0.21589452528369119
6561,euler_ramsey,0.5,2.5% Ramsey,risk_aversion,combined,0,520.8965228439616,0.1663001297319804
6562,euler_ramsey,0.5,1.5% Ramsey,risk_aversion,combined,0,3721.2148029890204,0.16678110450858952
6562,euler_ramsey,0.5,2.0% Ramsey,risk_aversion,combined,0,984.0562753051898,0.10597196983038823
6562,euler_ramsey,0.5,2.5% Ramsey,risk_aversion,combined,0,480.2682655004391,0.07378272124763534
6563,euler_ramsey,0.5,1.5% Ramsey,risk_aversion,combined,0,-1222.2894439560873,0.3530598349736713
6563,euler_ramsey,0.5,2.0% Ramsey,risk_aversion,combined,0,-749.7584588666723,0.26553734143006097
6563,euler_ramsey,0.5,2.5% Ramsey,risk_aversion,combined,0,-469.8674098190159,0.2106340817402471
6564,euler_ramsey,0.5,1.5% Ramsey,risk_aversion,combined,0,780.024600478934,0.476164037688632
6564,euler_ramsey,0.5,2.0% Ramsey,risk_aversion,combined,0,633.2081432862652,0.3831485095446105
6564,euler_ramsey,0.5,2.5% Ramsey,risk_aversion,combined,0,499.77075461346567,0.32024078064438133
6565,euler_ramsey,0.5,1.5% Ramsey,risk_aversion,combined,0,1205.4875943742807,0.8975161137301809
6565,euler_ramsey,0.5,2.0% Ramsey,risk_aversion,combined,0,1056.885714355925,0.8344249574192489
6565,euler_ramsey,0.5,2.5% Ramsey,risk_aversion,combined,0,816.4413764548364,0.7800214912361207
6566,euler_ramsey,0.5,1.5% Ramsey,risk_aversion,combined,0,-21.80560793216176,1.0146277719421664
6566,euler_ramsey,0.5,2.0% Ramsey,risk_aversion,combined,0,-10.27176987094077,0.9688720365420773
6566,euler_ramsey,0.5,2.5% Ramsey,risk_aversion,combined,0,-0.39634252579745455,0.9245287120625458
6567,euler_ramsey,0.5,1.5% Ramsey,risk_aversion,combined,0,441.3764078571932,1.1239342855689816
6567,euler_ramsey,0.5,2.0% Ramsey,risk_aversion,combined,0,317.8762880381363,1.0970947370958293
6567,euler_ramsey,0.5,2.5% Ramsey,risk_aversion,combined,0,224.68140183765317,1.0647492313194111
6568,euler_ramsey,0.5,1.5% Ramsey,risk_aversion,combined,0,1345.4780107197043,0.4225909625852192
6568,euler_ramsey,0.5,2.0% Ramsey,risk_aversion,combined,0,962.0528479646073,0.3310572234801728
6568,euler_ramsey,0.5,2.5% Ramsey,risk_aversion,combined,0,622.1431554183929,0.2710280373014198
6569,euler_ramsey,0.5,1.5% Ramsey,risk_aversion,combined,0,329.46702832255295,2.1169932795562385
6569,euler_ramsey,0.5,2.0% Ramsey,risk_aversion,combined,0,263.4989446218028,2.3850147733734537
6569,euler_ramsey,0.5,2.5% Ramsey,risk_aversion,combined,0,203.4236185607115,2.5864704406387893
6570,euler_ramsey,0.5,1.5% Ramsey,risk_aversion,combined,0,1377.3796887801057,0.8693474843720815
6570,euler_ramsey,0.5,2.0% Ramsey,risk_aversion,combined,0,1136.5521632324692,0.8018560733397447
6570,euler_ramsey,0.5,2.5% Ramsey,risk_aversion,combined,0,867.1433478818126,0.7449564385088104
6571,euler_ramsey,0.5,1.5% Ramsey,risk_aversion,combined,0,5780.688530959466,0.2871628201171774
6571,euler_ramsey,0.5,2.0% Ramsey,risk_aversion,combined,0,3028.22087274132,0.2065195006248017
6571,euler_ramsey,0.5,2.5% Ramsey,risk_aversion,combined,0,1693.325087873263,0.1582707952458532
6572,euler_ramsey,0.5,1.5% Ramsey,risk_aversion,combined,0,857.1114034213657,1.2635687527619794
6572,euler_ramsey,0.5,2.0% Ramsey,risk_aversion,combined,0,604.2916940313822,1.267489351523261
6572,euler_ramsey,0.5,2.5% Ramsey,risk_aversion,combined,0,407.81992089693205,1.2564920954276302
6573,euler_ramsey,0.5,1.5% Ramsey,risk_aversion,combined,0,392.0059963049353,0.2111393965922482
6573,euler_ramsey,0.5,2.0% Ramsey,risk_aversion,combined,0,228.00044360911753,0.14145621702778097
6573,euler_ramsey,0.5,2.5% Ramsey,risk_aversion,combined,0,136.22405670171293,0.1026071608313858
6574,euler_ramsey,0.5,1.5% Ramsey,risk_aversion,combined,0,689.7557379198164,2.0269631598522113
6574,euler_ramsey,0.5,2.0% Ramsey,risk_aversion,combined,0,548.3465720549436,2.2628949433091687
6574,euler_ramsey,0.5,2.5% Ramsey,risk_aversion,combined,0,412.71714468618177,2.4371899276422675
6575,euler_ramsey,0.5,1.5% Ramsey,risk_aversion,combined,0,630.4238824469012,0.6414451732997667
6575,euler_ramsey,0.5,2.0% Ramsey,risk_aversion,combined,0,486.6664086362203,0.5526474737186954
6575,euler_ramsey,0.5,2.5% Ramsey,risk_aversion,combined,0,361.930101365315,0.4870409669475465
6576,euler_ramsey,0.5,1.5% Ramsey,risk_aversion,combined,0,1368.0136550263967,0.8938169633709439
6576,euler_ramsey,0.5,2.0% Ramsey,risk_aversion,combined,0,1036.2077390090903,0.8291414108515307
6576,euler_ramsey,0.5,2.5% Ramsey,risk_aversion,combined,0,711.4667426665061,0.7736779531962473
6577,euler_ramsey,0.5,1.5% Ramsey,risk_aversion,combined,0,-768.5853557142335,0.24248278106380142
6577,euler_ramsey,0.5,2.0% Ramsey,risk_aversion,combined,0,-343.00011285027443,0.16760435219991004
6577,euler_ramsey,0.5,2.5% Ramsey,risk_aversion,combined,0,-200.76758104861236,0.12454417074071557
6578,euler_ramsey,0.5,1.5% Ramsey,risk_aversion,combined,0,334.2802085767009,0.43810969021841556
6578,euler_ramsey,0.5,2.0% Ramsey,risk_aversion,combined,0,274.0391777401555,0.3458791222909752
6578,euler_ramsey,0.5,2.5% Ramsey,risk_aversion,combined,0,206.78932988259407,0.28485426872880776
6579,euler_ramsey,0.5,1.5% Ramsey,risk_aversion,combined,0,6993.790122055883,0.4125230625847124
6579,euler_ramsey,0.5,2.0% Ramsey,risk_aversion,combined,0,6358.405164814707,0.322170347120343
6579,euler_ramsey,0.5,2.5% Ramsey,risk_aversion,combined,0,4860.728899805137,0.26318616966061403
6580,euler_ramsey,0.5,1.5% Ramsey,risk_aversion,combined,0,736.2472721959412,1.169864270028692
6580,euler_ramsey,0.5,2.0% Ramsey,risk_aversion,combined,0,522.522800711949,1.154259820385525
6580,euler_ramsey,0.5,2.5% Ramsey,risk_aversion,combined,0,375.0282705846304,1.1298186981676066
6581,euler_ramsey,0.5,1.5% Ramsey,risk_aversion,combined,0,209.2973917315679,1.942260846891294
6581,euler_ramsey,0.5,2.0% Ramsey,risk_aversion,combined,0,158.67865891008123,2.1460172573245044
6581,euler_ramsey,0.5,2.5% Ramsey,risk_aversion,combined,0,117.49445502355998,2.2924755976542293
6582,euler_ramsey,0.5,1.5% Ramsey,risk_aversion,combined,0,3662.477326247583,0.47179506439034413
6582,euler_ramsey,0.5,2.0% Ramsey,risk_aversion,combined,0,2742.8747175215717,0.3793044940956761
6582,euler_ramsey,0.5,2.5% Ramsey,risk_aversion,combined,0,1884.5028076483845,0.3168521103555676
6583,euler_ramsey,0.5,1.5% Ramsey,risk_aversion,combined,0,1198.751688349565,0.8599852807868367
6583,euler_ramsey,0.5,2.0% Ramsey,risk_aversion,combined,0,1018.9955617864931,0.7912728201433606
6583,euler_ramsey,0.5,2.5% Ramsey,risk_aversion,combined,0,783.3769254990586,0.7337220538480359
6584,euler_ramsey,0.5,1.5% Ramsey,risk_aversion,combined,0,1416.7573532972986,1.3968093443495635
6584,euler_ramsey,0.5,2.0% Ramsey,risk_aversion,combined,0,1036.7544796015095,1.4348116363401033
6584,euler_ramsey,0.5,2.5% Ramsey,risk_aversion,combined,0,735.4103074998969,1.4489836432608647
6585,euler_ramsey,0.5,1.5% Ramsey,risk_aversion,combined,0,176.94378687598845,1.7303858658707056
6585,euler_ramsey,0.5,2.0% Ramsey,risk_aversion,combined,0,141.04732806137486,1.8628426982265982
6585,euler_ramsey,0.5,2.5% Ramsey,risk_aversion,combined,0,108.25394357045458,1.9503884451970672
6586,euler_ramsey,0.5,1.5% Ramsey,risk_aversion,combined,0,449.36015235511127,1.9918679876058
6586,euler_ramsey,0.5,2.0% Ramsey,risk_aversion,combined,0,312.1537343148959,2.213333664196391
6586,euler_ramsey,0.5,2.5% Ramsey,risk_aversion,combined,0,224.1016261825789,2.374898903992968
6587,euler_ramsey,0.5,1.5% Ramsey,risk_aversion,combined,0,583.771112202519,1.1156075129768555
6587,euler_ramsey,0.5,2.0% Ramsey,risk_aversion,combined,0,467.6112795410294,1.0887380361975685
6587,euler_ramsey,0.5,2.5% Ramsey,risk_aversion,combined,0,341.5499962871886,1.0566401582999942
6588,euler_ramsey,0.5,1.5% Ramsey,risk_aversion,combined,0,3198.2750618674145,0.4800811851805201
6588,euler_ramsey,0.5,2.0% Ramsey,risk_aversion,combined,0,2628.486613087421,0.3872869686353592
6588,euler_ramsey,0.5,2.5% Ramsey,risk_aversion,combined,0,1947.6373596476485,0.32436118080522264
6589,euler_ramsey,0.5,1.5% Ramsey,risk_aversion,combined,0,1374.2387215180734,1.6357517085099471
6589,euler_ramsey,0.5,2.0% Ramsey,risk_aversion,combined,0,897.6978913625949,1.7413989067073692
6589,euler_ramsey,0.5,2.5% Ramsey,risk_aversion,combined,0,614.6848829728167,1.8079084654817195
6590,euler_ramsey,0.5,1.5% Ramsey,risk_aversion,combined,0,41.207819144492454,0.8690407121764524
6590,euler_ramsey,0.5,2.0% Ramsey,risk_aversion,combined,0,60.56462127326949,0.8012776512283322
6590,euler_ramsey,0.5,2.5% Ramsey,risk_aversion,combined,0,66.31783544698219,0.7441740010727126
6591,euler_ramsey,0.5,1.5% Ramsey,risk_aversion,combined,0,126.73545365232354,1.0375790836643632
6591,euler_ramsey,0.5,2.0% Ramsey,risk_aversion,combined,0,78.91748245066589,0.9957068342930748
6591,euler_ramsey,0.5,2.5% Ramsey,risk_aversion,combined,0,52.796571585078716,0.9538167811846322
6592,euler_ramsey,0.5,1.5% Ramsey,risk_aversion,combined,0,1572.4543569874759,0.6082957986845722
6592,euler_ramsey,0.5,2.0% Ramsey,risk_aversion,combined,0,806.4153737575015,0.5172918943024605
6592,euler_ramsey,0.5,2.5% Ramsey,risk_aversion,combined,0,431.5798929399206,0.45125597237825177
6593,euler_ramsey,0.5,1.5% Ramsey,risk_aversion,combined,0,5041.301194005212,1.1674385593397747
6593,euler_ramsey,0.5,2.0% Ramsey,risk_aversion,combined,0,3968.492942399454,1.1542421209873288
6593,euler_ramsey,0.5,2.5% Ramsey,risk_aversion,combined,0,2891.29223932312,1.1319061457811903
6594,euler_ramsey,0.5,1.5% Ramsey,risk_aversion,combined,0,7855.570160130824,0.489211596286822
6594,euler_ramsey,0.5,2.0% Ramsey,risk_aversion,combined,0,6615.759380367591,0.39751912183601046
6594,euler_ramsey,0.5,2.5% Ramsey,risk_aversion,combined,0,4865.745061892043,0.33489917989859436
6595,euler_ramsey,0.5,1.5% Ramsey,risk_aversion,combined,0,17.279357099931538,0.6809571187176009
6595,euler_ramsey,0.5,2.0% Ramsey,risk_aversion,combined,0,7.452391574575303,0.5936955136565714
6595,euler_ramsey,0.5,2.5% Ramsey,risk_aversion,combined,0,5.631631441072595,0.5279613844943638
6596,euler_ramsey,0.5,1.5% Ramsey,risk_aversion,combined,0,9.374599885284335,1.293526626085998
6596,euler_ramsey,0.5,2.0% Ramsey,risk_aversion,combined,0,6.002250463454243,1.3033883421676637
6596,euler_ramsey,0.5,2.5% Ramsey,risk_aversion,combined,0,11.730772286898604,1.2964407106043658
6597,euler_ramsey,0.5,1.5% Ramsey,risk_aversion,combined,0,657.9189795024646,1.532590591584858
6597,euler_ramsey,0.5,2.0% Ramsey,risk_aversion,combined,0,494.14928760790974,1.607020608653351
6597,euler_ramsey,0.5,2.5% Ramsey,risk_aversion,combined,0,363.59287738094696,1.6488606788144196
6598,euler_ramsey,0.5,1.5% Ramsey,risk_aversion,combined,0,4290.505176374062,0.3233009139439143
6598,euler_ramsey,0.5,2.0% Ramsey,risk_aversion,combined,0,2382.4223104042917,0.2386090236630045
6598,euler_ramsey,0.5,2.5% Ramsey,risk_aversion,combined,0,1320.409076194348,0.18654961794165084
6599,euler_ramsey,0.5,1.5% Ramsey,risk_aversion,combined,0,152.16580785775284,0.393960206918601
6599,euler_ramsey,0.5,2.0% Ramsey,risk_aversion,combined,0,122.36108136333567,0.30383720282360527
6599,euler_ramsey,0.5,2.5% Ramsey,risk_aversion,combined,0,86.49333198313288,0.245753811655161
6600,euler_ramsey,0.5,1.5% Ramsey,risk_aversion,combined,0,134.75268167257215,1.5930539220875826
6600,euler_ramsey,0.5,2.0% Ramsey,risk_aversion,combined,0,115.82278236237853,1.6834965702287519
6600,euler_ramsey,0.5,2.5% Ramsey,risk_aversion,combined,0,99.03833770348774,1.7375153780959858
6601,euler_ramsey,0.5,1.5% Ramsey,risk_aversion,combined,0,486.6123052300475,1.5534166270837448
6601,euler_ramsey,0.5,2.0% Ramsey,risk_aversion,combined,0,386.2497466296666,1.6333011248459894
6601,euler_ramsey,0.5,2.5% Ramsey,risk_aversion,combined,0,283.56261104906645,1.6792318572072915
6602,euler_ramsey,0.5,1.5% Ramsey,risk_aversion,combined,0,-157.59779420819325,0.7612625425202677
6602,euler_ramsey,0.5,2.0% Ramsey,risk_aversion,combined,0,-106.82827522603262,0.6812600960660968
6602,euler_ramsey,0.5,2.5% Ramsey,risk_aversion,combined,0,-64.44615677742775,0.6182295189479912
6603,euler_ramsey,0.5,1.5% Ramsey,risk_aversion,combined,0,15.005052262882304,0.7183104256831022
6603,euler_ramsey,0.5,2.0% Ramsey,risk_aversion,combined,0,3.610451080353964,0.633776603567024
6603,euler_ramsey,0.5,2.5% Ramsey,risk_aversion,combined,0,-2.014323900009337,0.56882259458422
6604,euler_ramsey,0.5,1.5% Ramsey,risk_aversion,combined,0,-654.2780702673541,0.35527388347007033
6604,euler_ramsey,0.5,2.0% Ramsey,risk_aversion,combined,0,-341.03988817186575,0.267585626135509
6604,euler_ramsey,0.5,2.5% Ramsey,risk_aversion,combined,0,-145.16113787739096,0.21249709148408544
6605,euler_ramsey,0.5,1.5% Ramsey,risk_aversion,combined,0,-805.0318077188216,0.32976635623367023
6605,euler_ramsey,0.5,2.0% Ramsey,risk_aversion,combined,0,-431.8763398762403,0.24423152220404082
6605,euler_ramsey,0.5,2.5% Ramsey,risk_aversion,combined,0,-228.03112869019503,0.19144155817789835
6606,euler_ramsey,0.5,1.5% Ramsey,risk_aversion,combined,0,3625.5380773901493,1.2632327316319172
6606,euler_ramsey,0.5,2.0% Ramsey,risk_aversion,combined,0,3497.5705685449443,1.270197252189678
6606,euler_ramsey,0.5,2.5% Ramsey,risk_aversion,combined,0,2810.9896708710794,1.2619970151407587
6607,euler_ramsey,0.5,1.5% Ramsey,risk_aversion,combined,0,741.6889830540119,1.0758528225531148
6607,euler_ramsey,0.5,2.0% Ramsey,risk_aversion,combined,0,606.9845499863893,1.0418233558483734
6607,euler_ramsey,0.5,2.5% Ramsey,risk_aversion,combined,0,453.78619816910935,1.0050955599992133
6608,euler_ramsey,0.5,1.5% Ramsey,risk_aversion,combined,0,129.1176930005929,1.545931070594529
6608,euler_ramsey,0.5,2.0% Ramsey,risk_aversion,combined,0,103.01957260625372,1.622752357417457
6608,euler_ramsey,0.5,2.5% Ramsey,risk_aversion,combined,0,80.040482449106,1.666105740888051
6609,euler_ramsey,0.5,1.5% Ramsey,risk_aversion,combined,0,1007.5805202662301,0.7181576542180232
6609,euler_ramsey,0.5,2.0% Ramsey,risk_aversion,combined,0,951.7990092812652,0.6343419619342819
6609,euler_ramsey,0.5,2.5% Ramsey,risk_aversion,combined,0,803.9159091485859,0.5699145112148011
6610,euler_ramsey,0.5,1.5% Ramsey,risk_aversion,combined,0,184.68600404356164,2.0207061108511692
6610,euler_ramsey,0.5,2.0% Ramsey,risk_aversion,combined,0,132.8166276148443,2.2527258540951673
6610,euler_ramsey,0.5,2.5% Ramsey,risk_aversion,combined,0,91.53215025840169,2.4231622009052534
6611,euler_ramsey,0.5,1.5% Ramsey,risk_aversion,combined,0,9913.110633813523,0.77346840955714
6611,euler_ramsey,0.5,2.0% Ramsey,risk_aversion,combined,0,9730.349949717829,0.6968060968934433
6611,euler_ramsey,0.5,2.5% Ramsey,risk_aversion,combined,0,7725.813403971691,0.6358205526350482
6612,euler_ramsey,0.5,1.5% Ramsey,risk_aversion,combined,0,669.2842747538408,0.6843403633300273
6612,euler_ramsey,0.5,2.0% Ramsey,risk_aversion,combined,0,438.2575056890421,0.5972482378057212
6612,euler_ramsey,0.5,2.5% Ramsey,risk_aversion,combined,0,289.3235078178305,0.5315309428255068
6613,euler_ramsey,0.5,1.5% Ramsey,risk_aversion,combined,0,-954.3688317994483,0.24165957808394878
6613,euler_ramsey,0.5,2.0% Ramsey,risk_aversion,combined,0,-697.4266301260252,0.16691120454811567
6613,euler_ramsey,0.5,2.5% Ramsey,risk_aversion,combined,0,-503.33221796021644,0.12395791462452559
6614,euler_ramsey,0.5,1.5% Ramsey,risk_aversion,combined,0,605.0420218542719,1.11813004136074
6614,euler_ramsey,0.5,2.0% Ramsey,risk_aversion,combined,0,571.1778633994945,1.0910481960317275
6614,euler_ramsey,0.5,2.5% Ramsey,risk_aversion,combined,0,475.96628286128396,1.0587272960846246
6615,euler_ramsey,0.5,1.5% Ramsey,risk_aversion,combined,0,1391.7856242802118,0.7745027320868624
6615,euler_ramsey,0.5,2.0% Ramsey,risk_aversion,combined,0,1154.561054956434,0.6955891355364839
6615,euler_ramsey,0.5,2.5% Ramsey,risk_aversion,combined,0,849.8964954566092,0.63298689255677
6616,euler_ramsey,0.5,1.5% Ramsey,risk_aversion,combined,0,-48.330434272671425,0.2949887947713359
6616,euler_ramsey,0.5,2.0% Ramsey,risk_aversion,combined,0,-58.918423890756245,0.21308361827768924
6616,euler_ramsey,0.5,2.5% Ramsey,risk_aversion,combined,0,-54.095134487011904,0.16382967734042791
6617,euler_ramsey,0.5,1.5% Ramsey,risk_aversion,combined,0,355.84066873978566,1.2933621767071213
6617,euler_ramsey,0.5,2.0% Ramsey,risk_aversion,combined,0,284.9496009665067,1.304547227305869
6617,euler_ramsey,0.5,2.5% Ramsey,risk_aversion,combined,0,226.3362763000854,1.298748291703441
6618,euler_ramsey,0.5,1.5% Ramsey,risk_aversion,combined,0,7857.361326291494,0.4055140677004725
6618,euler_ramsey,0.5,2.0% Ramsey,risk_aversion,combined,0,3836.5407264563137,0.31614843915816504
6618,euler_ramsey,0.5,2.5% Ramsey,risk_aversion,combined,0,2088.5156377907897,0.25796775700698077
6619,euler_ramsey,0.5,1.5% Ramsey,risk_aversion,combined,0,-255.03498447631443,0.6173407710938446
6619,euler_ramsey,0.5,2.0% Ramsey,risk_aversion,combined,0,-197.04733426011964,0.5269189087521161
6619,euler_ramsey,0.5,2.5% Ramsey,risk_aversion,combined,0,-140.59038425196837,0.46096471890889
6620,euler_ramsey,0.5,1.5% Ramsey,risk_aversion,combined,0,180.4602058259724,1.3005809238978188
6620,euler_ramsey,0.5,2.0% Ramsey,risk_aversion,combined,0,136.2360974245111,1.312590565406176
6620,euler_ramsey,0.5,2.5% Ramsey,risk_aversion,combined,0,94.9215316750129,1.307272415115433
6621,euler_ramsey,0.5,1.5% Ramsey,risk_aversion,combined,0,-72.14265515293775,1.9593361407587595
6621,euler_ramsey,0.5,2.0% Ramsey,risk_aversion,combined,0,-49.846304454355945,2.168885307352612
6621,euler_ramsey,0.5,2.5% Ramsey,risk_aversion,combined,0,-28.784936877660495,2.320224354304979
6622,euler_ramsey,0.5,1.5% Ramsey,risk_aversion,combined,0,1004.5086361429669,0.7298764760269304
6622,euler_ramsey,0.5,2.0% Ramsey,risk_aversion,combined,0,727.2368858075027,0.6473051812957973
6622,euler_ramsey,0.5,2.5% Ramsey,risk_aversion,combined,0,507.0359385849748,0.583401157071067
6623,euler_ramsey,0.5,1.5% Ramsey,risk_aversion,combined,0,310.52972198506444,1.9443086684526145
6623,euler_ramsey,0.5,2.0% Ramsey,risk_aversion,combined,0,218.5492926578483,2.149083451507
6623,euler_ramsey,0.5,2.5% Ramsey,risk_aversion,combined,0,155.21583615905857,2.296505955061917
6624,euler_ramsey,0.5,1.5% Ramsey,risk_aversion,combined,0,6118.414819660283,0.3245865536658617
6624,euler_ramsey,0.5,2.0% Ramsey,risk_aversion,combined,0,4222.316127937502,0.24045434922690456
6624,euler_ramsey,0.5,2.5% Ramsey,risk_aversion,combined,0,2826.5921352732853,0.1885854934992954
6625,euler_ramsey,0.5,1.5% Ramsey,risk_aversion,combined,0,3104.9611079209835,0.4112573704738638
6625,euler_ramsey,0.5,2.0% Ramsey,risk_aversion,combined,0,2249.7277886564575,0.32040509691345337
6625,euler_ramsey,0.5,2.5% Ramsey,risk_aversion,combined,0,1533.1135246105537,0.26120841958559676
6626,euler_ramsey,0.5,1.5% Ramsey,risk_aversion,combined,0,425.3872345286477,1.3954541644598448
6626,euler_ramsey,0.5,2.0% Ramsey,risk_aversion,combined,0,348.8688871407728,1.431431874186143
6626,euler_ramsey,0.5,2.5% Ramsey,risk_aversion,combined,0,265.81967601349635,1.4437739256271458
6627,euler_ramsey,0.5,1.5% Ramsey,risk_aversion,combined,0,146.03185132651535,1.8030021956807802
6627,euler_ramsey,0.5,2.0% Ramsey,risk_aversion,combined,0,106.16049888494196,1.9591970973799373
6627,euler_ramsey,0.5,2.5% Ramsey,risk_aversion,combined,0,75.6295541483016,2.0660752652830277
6628,euler_ramsey,0.5,1.5% Ramsey,risk_aversion,combined,0,1159.9200924961708,1.3632551818702765
6628,euler_ramsey,0.5,2.0% Ramsey,risk_aversion,combined,0,876.3251162295722,1.3910518466146957
6628,euler_ramsey,0.5,2.5% Ramsey,risk_aversion,combined,0,590.882596798981,1.397329994306801
6629,euler_ramsey,0.5,1.5% Ramsey,risk_aversion,combined,0,900.5742906653026,0.3836097680965712
6629,euler_ramsey,0.5,2.0% Ramsey,risk_aversion,combined,0,715.6660416748988,0.2939908670190751
6629,euler_ramsey,0.5,2.5% Ramsey,risk_aversion,combined,0,519.7124480549431,0.2366263785022642
6630,euler_ramsey,0.5,1.5% Ramsey,risk_aversion,combined,0,440.5424426642688,3.0280903944726805
6630,euler_ramsey,0.5,2.0% Ramsey,risk_aversion,combined,0,384.569386026716,3.6989909090807283
6630,euler_ramsey,0.5,2.5% Ramsey,risk_aversion,combined,0,316.47888214743296,4.270755634203155
6631,euler_ramsey,0.5,1.5% Ramsey,risk_aversion,combined,0,35.52539069486338,2.5556539772101132
6631,euler_ramsey,0.5,2.0% Ramsey,risk_aversion,combined,0,27.323283100670967,3.003662950774892
6631,euler_ramsey,0.5,2.5% Ramsey,risk_aversion,combined,0,21.442977724459503,3.36561508588594
6632,euler_ramsey,0.5,1.5% Ramsey,risk_aversion,combined,0,100.81469911721413,1.295737447879416
6632,euler_ramsey,0.5,2.0% Ramsey,risk_aversion,combined,0,64.90786112326832,1.306898275141832
6632,euler_ramsey,0.5,2.5% Ramsey,risk_aversion,combined,0,43.9432046731538,1.3009935786797269
6633,euler_ramsey,0.5,1.5% Ramsey,risk_aversion,combined,0,1107.7122360370347,0.4294523211467
6633,euler_ramsey,0.5,2.0% Ramsey,risk_aversion,combined,0,749.8216861480233,0.3377350841683154
6633,euler_ramsey,0.5,2.5% Ramsey,risk_aversion,combined,0,533.4511585222051,0.2773323293170635
6634,euler_ramsey,0.5,1.5% Ramsey,risk_aversion,combined,0,29.07921111365352,0.6974852553578541
6634,euler_ramsey,0.5,2.0% Ramsey,risk_aversion,combined,0,84.22952974974392,0.6124048094201473
6634,euler_ramsey,0.5,2.5% Ramsey,risk_aversion,combined,0,108.58384296084756,0.5476426945703344
6635,euler_ramsey,0.5,1.5% Ramsey,risk_aversion,combined,0,123.77998676479169,0.5850673259245732
6635,euler_ramsey,0.5,2.0% Ramsey,risk_aversion,combined,0,85.20789278943535,0.4929310590304569
6635,euler_ramsey,0.5,2.5% Ramsey,risk_aversion,combined,0,58.21404129211424,0.4268991398767582
6636,euler_ramsey,0.5,1.5% Ramsey,risk_aversion,combined,0,789.6213666017408,0.42729320856686737
6636,euler_ramsey,0.5,2.0% Ramsey,risk_aversion,combined,0,546.0732388655573,0.33547209034895525
6636,euler_ramsey,0.5,2.5% Ramsey,risk_aversion,combined,0,378.2612095160119,0.2751020357711123
6637,euler_ramsey,0.5,1.5% Ramsey,risk_aversion,combined,0,126.12575093096868,1.254478950466706
6637,euler_ramsey,0.5,2.0% Ramsey,risk_aversion,combined,0,82.1665181540421,1.2560315349326459
6637,euler_ramsey,0.5,2.5% Ramsey,risk_aversion,combined,0,59.89460344566852,1.2432645132174613
6638,euler_ramsey,0.5,1.5% Ramsey,risk_aversion,combined,0,5138.792731528132,0.3098430627199974
6638,euler_ramsey,0.5,2.0% Ramsey,risk_aversion,combined,0,3665.786405008612,0.2266438485861964
6638,euler_ramsey,0.5,2.5% Ramsey,risk_aversion,combined,0,2472.145017620747,0.1759857925798418
6639,euler_ramsey,0.5,1.5% Ramsey,risk_aversion,combined,0,475.95583595169876,0.7465565029601192
6639,euler_ramsey,0.5,2.0% Ramsey,risk_aversion,combined,0,352.89340847153625,0.6645249445882786
6639,euler_ramsey,0.5,2.5% Ramsey,risk_aversion,combined,0,246.88756551972656,0.6005173783529754
6640,euler_ramsey,0.5,1.5% Ramsey,risk_aversion,combined,0,-254.00495339988157,0.32214829675164774
6640,euler_ramsey,0.5,2.0% Ramsey,risk_aversion,combined,0,-165.23421405558048,0.23736800126224214
6640,euler_ramsey,0.5,2.5% Ramsey,risk_aversion,combined,0,-108.94544960806982,0.1853251772871959
6641,euler_ramsey,0.5,1.5% Ramsey,risk_aversion,combined,0,4808.547514747231,0.645995621950279
6641,euler_ramsey,0.5,2.0% Ramsey,risk_aversion,combined,0,2539.7857526193666,0.5591163717705885
6641,euler_ramsey,0.5,2.5% Ramsey,risk_aversion,combined,0,1497.6341328204326,0.494632424848188
6642,euler_ramsey,0.5,1.5% Ramsey,risk_aversion,combined,0,430.67239313864854,1.962783223495797
6642,euler_ramsey,0.5,2.0% Ramsey,risk_aversion,combined,0,319.6129596024525,2.1744379314432885
6642,euler_ramsey,0.5,2.5% Ramsey,risk_aversion,combined,0,223.6686403043267,2.3277272782495615
6643,euler_ramsey,0.5,1.5% Ramsey,risk_aversion,combined,0,105.41265773658992,0.8487072239222025
6643,euler_ramsey,0.5,2.0% Ramsey,risk_aversion,combined,0,94.34748935391308,0.7781536729529074
6643,euler_ramsey,0.5,2.5% Ramsey,risk_aversion,combined,0,76.07550183086182,0.7195144065808482
6644,euler_ramsey,0.5,1.5% Ramsey,risk_aversion,combined,0,163.26742752745727,0.7736359849906879
6644,euler_ramsey,0.5,2.0% Ramsey,risk_aversion,combined,0,129.36605143617666,0.6949881547445204
6644,euler_ramsey,0.5,2.5% Ramsey,risk_aversion,combined,0,93.1507355018561,0.6326279271838805
6645,euler_ramsey,0.5,1.5% Ramsey,risk_aversion,combined,0,3673.79459279667,1.0483646772257387
6645,euler_ramsey,0.5,2.0% Ramsey,risk_aversion,combined,0,3301.9972817955527,1.0119639005124326
6645,euler_ramsey,0.5,2.5% Ramsey,risk_aversion,combined,0,2526.857146423808,0.9742536686583212
6646,euler_ramsey,0.5,1.5% Ramsey,risk_aversion,combined,0,495.79365477865787,0.6273452839271644
6646,euler_ramsey,0.5,2.0% Ramsey,risk_aversion,combined,0,473.031098603045,0.5371787112756881
6646,euler_ramsey,0.5,2.5% Ramsey,risk_aversion,combined,0,402.1363076811943,0.4711051953404215
6647,euler_ramsey,0.5,1.5% Ramsey,risk_aversion,combined,0,726.7610739913365,1.50929006073018
6647,euler_ramsey,0.5,2.0% Ramsey,risk_aversion,combined,0,511.8909669433409,1.576202286249339
6647,euler_ramsey,0.5,2.5% Ramsey,risk_aversion,combined,0,348.41271336262764,1.6120550870382595
6648,euler_ramsey,0.5,1.5% Ramsey,risk_aversion,combined,0,831.2336976585933,0.9626753443990087
6648,euler_ramsey,0.5,2.0% Ramsey,risk_aversion,combined,0,658.0766427297001,0.907958885186774
6648,euler_ramsey,0.5,2.5% Ramsey,risk_aversion,combined,0,480.46105591079544,0.858137424596639
6649,euler_ramsey,0.5,1.5% Ramsey,risk_aversion,combined,0,215.97941605588926,2.0667232816483656
6649,euler_ramsey,0.5,2.0% Ramsey,risk_aversion,combined,0,159.41086369223086,2.3156906271024145
6649,euler_ramsey,0.5,2.5% Ramsey,risk_aversion,combined,0,121.12869956794184,2.5006564761865815
6650,euler_ramsey,0.5,1.5% Ramsey,risk_aversion,combined,0,-196.0519700421678,0.22251326063476667
6650,euler_ramsey,0.5,2.0% Ramsey,risk_aversion,combined,0,-117.7231464971363,0.1508601813574758
6650,euler_ramsey,0.5,2.5% Ramsey,risk_aversion,combined,0,-81.0004133697922,0.11044014374339978
6651,euler_ramsey,0.5,1.5% Ramsey,risk_aversion,combined,0,390.4384678970381,2.0396330714239324
6651,euler_ramsey,0.5,2.0% Ramsey,risk_aversion,combined,0,305.9342294434164,2.279024314018838
6651,euler_ramsey,0.5,2.5% Ramsey,risk_aversion,combined,0,230.91403301656237,2.4559342810721403
6652,euler_ramsey,0.5,1.5% Ramsey,risk_aversion,combined,0,2141.2537693819436,0.8359877337069725
6652,euler_ramsey,0.5,2.0% Ramsey,risk_aversion,combined,0,1749.3819643130116,0.7654015308552667
6652,euler_ramsey,0.5,2.5% Ramsey,risk_aversion,combined,0,1275.3520949778588,0.7071688617395526
6653,euler_ramsey,0.5,1.5% Ramsey,risk_aversion,combined,0,-17.423076458952977,1.4956512543309914
6653,euler_ramsey,0.5,2.0% Ramsey,risk_aversion,combined,0,-6.942072247227776,1.5584016459608265
6653,euler_ramsey,0.5,2.5% Ramsey,risk_aversion,combined,0,1.3750972190269075,1.5908970373510969
6654,euler_ramsey,0.5,1.5% Ramsey,risk_aversion,combined,0,-127.65175855686472,0.3566647103452967
6654,euler_ramsey,0.5,2.0% Ramsey,risk_aversion,combined,0,-135.43217047964154,0.26892629816756325
6654,euler_ramsey,0.5,2.5% Ramsey,risk_aversion,combined,0,-116.97706055469207,0.21374282855584978
6655,euler_ramsey,0.5,1.5% Ramsey,risk_aversion,combined,0,288.3105753794105,0.6163558507937495
6655,euler_ramsey,0.5,2.0% Ramsey,risk_aversion,combined,0,207.4009721061129,0.5261080119402956
6655,euler_ramsey,0.5,2.5% Ramsey,risk_aversion,combined,0,143.12897570237487,0.46032678274852357
6656,euler_ramsey,0.5,1.5% Ramsey,risk_aversion,combined,0,72.12829932205791,2.161540737558201
6656,euler_ramsey,0.5,2.0% Ramsey,risk_aversion,combined,0,57.37574265003879,2.4465031492017872
6656,euler_ramsey,0.5,2.5% Ramsey,risk_aversion,combined,0,46.80635917817234,2.662579039696546
6657,euler_ramsey,0.5,1.5% Ramsey,risk_aversion,combined,0,615.460246096603,1.1443185254905732
6657,euler_ramsey,0.5,2.0% Ramsey,risk_aversion,combined,0,445.38194978626785,1.1242074401527644
6657,euler_ramsey,0.5,2.5% Ramsey,risk_aversion,combined,0,319.8300723758592,1.0968233670168837
6658,euler_ramsey,0.5,1.5% Ramsey,risk_aversion,combined,0,441.33135020872425,1.1799622819514917
6658,euler_ramsey,0.5,2.0% Ramsey,risk_aversion,combined,0,323.7299886256838,1.1646381272707047
6658,euler_ramsey,0.5,2.5% Ramsey,risk_aversion,combined,0,232.91017510412686,1.1401487951891385
6659,euler_ramsey,0.5,1.5% Ramsey,risk_aversion,combined,0,497.6697730123029,0.45991478512757594
6659,euler_ramsey,0.5,2.0% Ramsey,risk_aversion,combined,0,463.9396393856634,0.3671614946929237
6659,euler_ramsey,0.5,2.5% Ramsey,risk_aversion,combined,0,398.52059136464857,0.3050063585132966
6660,euler_ramsey,0.5,1.5% Ramsey,risk_aversion,combined,0,315.940321481108,0.5362837605116876
6660,euler_ramsey,0.5,2.0% Ramsey,risk_aversion,combined,0,211.64998077028088,0.4430678378427326
6660,euler_ramsey,0.5,2.5% Ramsey,risk_aversion,combined,0,141.51119766517064,0.3779462890104336
6661,euler_ramsey,0.5,1.5% Ramsey,risk_aversion,combined,0,978.464902806259,0.38649687262754434
6661,euler_ramsey,0.5,2.0% Ramsey,risk_aversion,combined,0,872.0894120102106,0.2968729016072455
6661,euler_ramsey,0.5,2.5% Ramsey,risk_aversion,combined,0,676.2571154654385,0.23937553613833373
6662,euler_ramsey,0.5,1.5% Ramsey,risk_aversion,combined,0,160.95524394258612,0.9123333838305114
6662,euler_ramsey,0.5,2.0% Ramsey,risk_aversion,combined,0,105.38710862850405,0.8498958763043782
6662,euler_ramsey,0.5,2.5% Ramsey,risk_aversion,combined,0,71.05044452474844,0.7955608526274226
6663,euler_ramsey,0.5,1.5% Ramsey,risk_aversion,combined,0,1958.742046807455,0.5364081856517071
6663,euler_ramsey,0.5,2.0% Ramsey,risk_aversion,combined,0,1542.3008805098002,0.44363082348939925
6663,euler_ramsey,0.5,2.5% Ramsey,risk_aversion,combined,0,1087.5981340903177,0.37876942497144167
6664,euler_ramsey,0.5,1.5% Ramsey,risk_aversion,combined,0,383.69769173578425,1.7406436616308012
6664,euler_ramsey,0.5,2.0% Ramsey,risk_aversion,combined,0,287.89249939776556,1.8766924345604243
6664,euler_ramsey,0.5,2.5% Ramsey,risk_aversion,combined,0,204.76941005885672,1.9672142593569446
6665,euler_ramsey,0.5,1.5% Ramsey,risk_aversion,combined,0,-431.5605786262696,0.16659874181324347
6665,euler_ramsey,0.5,2.0% Ramsey,risk_aversion,combined,0,-263.9233648949983,0.10582607015207768
6665,euler_ramsey,0.5,2.5% Ramsey,risk_aversion,combined,0,-166.88099746976056,0.07366416574242864
6666,euler_ramsey,0.5,1.5% Ramsey,risk_aversion,combined,0,1515.4436008249188,0.8191647226118942
6666,euler_ramsey,0.5,2.0% Ramsey,risk_aversion,combined,0,1260.834025023078,0.7460465437302469
6666,euler_ramsey,0.5,2.5% Ramsey,risk_aversion,combined,0,945.3696193166112,0.6863591686229845
6667,euler_ramsey,0.5,1.5% Ramsey,risk_aversion,combined,0,1362.6335844267903,1.1523904194088816
6667,euler_ramsey,0.5,2.0% Ramsey,risk_aversion,combined,0,1000.6597913984839,1.1323976534585756
6667,euler_ramsey,0.5,2.5% Ramsey,risk_aversion,combined,0,695.303027771241,1.1049143694444779
6668,euler_ramsey,0.5,1.5% Ramsey,risk_aversion,combined,0,178.2598394665322,0.847634360105173
6668,euler_ramsey,0.5,2.0% Ramsey,risk_aversion,combined,0,129.62132821234906,0.776673802323167
6668,euler_ramsey,0.5,2.5% Ramsey,risk_aversion,combined,0,85.9128827793512,0.7178049118853825
6669,euler_ramsey,0.5,1.5% Ramsey,risk_aversion,combined,0,-175.17793888658917,0.5962101906237454
6669,euler_ramsey,0.5,2.0% Ramsey,risk_aversion,combined,0,-165.41763500829782,0.5045820365265744
6669,euler_ramsey,0.5,2.5% Ramsey,risk_aversion,combined,0,-141.50340609549357,0.4385144595423892
6670,euler_ramsey,0.5,1.5% Ramsey,risk_aversion,combined,0,5301.522843111461,0.1648013341801974
6670,euler_ramsey,0.5,2.0% Ramsey,risk_aversion,combined,0,2415.1555311366337,0.10456152692679212
6670,euler_ramsey,0.5,2.5% Ramsey,risk_aversion,combined,0,1486.1554896589669,0.07272752405420908
6671,euler_ramsey,0.5,1.5% Ramsey,risk_aversion,combined,0,267.50590737592677,0.6938801150613979
6671,euler_ramsey,0.5,2.0% Ramsey,risk_aversion,combined,0,154.74928475705846,0.6079017519971486
6671,euler_ramsey,0.5,2.5% Ramsey,risk_aversion,combined,0,91.79416835751366,0.5426500050844267
6672,euler_ramsey,0.5,1.5% Ramsey,risk_aversion,combined,0,307.91694792364257,1.5757652910890851
6672,euler_ramsey,0.5,2.0% Ramsey,risk_aversion,combined,0,200.68346349136584,1.6611855290725785
6672,euler_ramsey,0.5,2.5% Ramsey,risk_aversion,combined,0,137.85389013980264,1.7113067142295557
6673,euler_ramsey,0.5,1.5% Ramsey,risk_aversion,combined,0,407.82019990081346,0.75949952002908
6673,euler_ramsey,0.5,2.0% Ramsey,risk_aversion,combined,0,360.3969455540878,0.6799994265595121
6673,euler_ramsey,0.5,2.5% Ramsey,risk_aversion,combined,0,285.7557851382694,0.6174227237185979
6674,euler_ramsey,0.5,1.5% Ramsey,risk_aversion,combined,0,481.95531605360134,1.6870154825676131
6674,euler_ramsey,0.5,2.0% Ramsey,risk_aversion,combined,0,280.3084882214506,1.8064169002599624
6674,euler_ramsey,0.5,2.5% Ramsey,risk_aversion,combined,0,179.55468809481565,1.8836730427678319
6675,euler_ramsey,0.5,1.5% Ramsey,risk_aversion,combined,0,244.44215286411037,2.196214543762897
6675,euler_ramsey,0.5,2.0% Ramsey,risk_aversion,combined,0,166.28568769938488,2.4945937190927934
6675,euler_ramsey,0.5,2.5% Ramsey,risk_aversion,combined,0,111.00877591227771,2.7223940329191816
6676,euler_ramsey,0.5,1.5% Ramsey,risk_aversion,combined,0,-497.0897186631734,0.5341064976359025
6676,euler_ramsey,0.5,2.0% Ramsey,risk_aversion,combined,0,-328.14408824626395,0.4409249898367447
6676,euler_ramsey,0.5,2.5% Ramsey,risk_aversion,combined,0,-223.45183839571686,0.3758925698453913
6677,euler_ramsey,0.5,1.5% Ramsey,risk_aversion,combined,0,98.36058179628758,1.8681685716630219
6677,euler_ramsey,0.5,2.0% Ramsey,risk_aversion,combined,0,77.4558942893465,2.0462039287223965
6677,euler_ramsey,0.5,2.5% Ramsey,risk_aversion,combined,0,61.37159561336186,2.171159540609289
6678,euler_ramsey,0.5,1.5% Ramsey,risk_aversion,combined,0,1024.5362264650457,0.37297577383356967
6678,euler_ramsey,0.5,2.0% Ramsey,risk_aversion,combined,0,387.6650979789118,0.283989040830047
6678,euler_ramsey,0.5,2.5% Ramsey,risk_aversion,combined,0,204.97542547508138,0.22742596771185247
6679,euler_ramsey,0.5,1.5% Ramsey,risk_aversion,combined,0,1119.8923997003828,0.45811138405950624
6679,euler_ramsey,0.5,2.0% Ramsey,risk_aversion,combined,0,933.8576030886034,0.3654210559479488
6679,euler_ramsey,0.5,2.5% Ramsey,risk_aversion,combined,0,707.4683632417713,0.303369369804479
6680,euler_ramsey,0.5,1.5% Ramsey,risk_aversion,combined,0,-65.80774046213804,0.707872577284509
6680,euler_ramsey,0.5,2.0% Ramsey,risk_aversion,combined,0,-29.51121258159875,0.6230872600831004
6680,euler_ramsey,0.5,2.5% Ramsey,risk_aversion,combined,0,-8.417458759137443,0.5582363331232536
6681,euler_ramsey,0.5,1.5% Ramsey,risk_aversion,combined,0,378.2488229527473,0.5141752668839588
6681,euler_ramsey,0.5,2.0% Ramsey,risk_aversion,combined,0,127.3053130616682,0.42123760680726313
6681,euler_ramsey,0.5,2.5% Ramsey,risk_aversion,combined,0,52.56675913559356,0.35702207995753354
6682,euler_ramsey,0.5,1.5% Ramsey,risk_aversion,combined,0,74.51077858958713,1.7518725292725856
6682,euler_ramsey,0.5,2.0% Ramsey,risk_aversion,combined,0,52.45640110213161,1.8913103586221451
6682,euler_ramsey,0.5,2.5% Ramsey,risk_aversion,combined,0,37.91684852623604,1.9845170224360662
6683,euler_ramsey,0.5,1.5% Ramsey,risk_aversion,combined,0,157.72582631009746,2.6831204462599247
6683,euler_ramsey,0.5,2.0% Ramsey,risk_aversion,combined,0,97.22342276774991,3.1879165085099883
6683,euler_ramsey,0.5,2.5% Ramsey,risk_aversion,combined,0,62.963538787074405,3.6021651552386866
6684,euler_ramsey,0.5,1.5% Ramsey,risk_aversion,combined,0,1970.2624210305542,0.40704976117747854
6684,euler_ramsey,0.5,2.0% Ramsey,risk_aversion,combined,0,1336.0361086908804,0.3163649224783124
6684,euler_ramsey,0.5,2.5% Ramsey,risk_aversion,combined,0,930.8702616313604,0.25743381609825283
6685,euler_ramsey,0.5,1.5% Ramsey,risk_aversion,combined,0,151.4749358081784,0.4821282442106309
6685,euler_ramsey,0.5,2.0% Ramsey,risk_aversion,combined,0,124.37302026730106,0.3892807073031122
6685,euler_ramsey,0.5,2.5% Ramsey,risk_aversion,combined,0,90.77113479312665,0.3262455064135478
6686,euler_ramsey,0.5,1.5% Ramsey,risk_aversion,combined,0,1458.8358787638322,0.49198973343049235
6686,euler_ramsey,0.5,2.0% Ramsey,risk_aversion,combined,0,1144.5168468035245,0.39920449791177604
6686,euler_ramsey,0.5,2.5% Ramsey,risk_aversion,combined,0,816.847819495255,0.3358530342422764
6687,euler_ramsey,0.5,1.5% Ramsey,risk_aversion,combined,0,586.4801790626691,1.937838764961661
6687,euler_ramsey,0.5,2.0% Ramsey,risk_aversion,combined,0,482.82282199072824,2.14013157128908
6687,euler_ramsey,0.5,2.5% Ramsey,risk_aversion,combined,0,356.58419571956546,2.2853879737547023
6688,euler_ramsey,0.5,1.5% Ramsey,risk_aversion,combined,0,328.4900533676307,1.1904079002926853
6688,euler_ramsey,0.5,2.0% Ramsey,risk_aversion,combined,0,209.48184516181257,1.1777471727943551
6688,euler_ramsey,0.5,2.5% Ramsey,risk_aversion,combined,0,132.46056175858178,1.1551675046715189
6689,euler_ramsey,0.5,1.5% Ramsey,risk_aversion,combined,0,973.9583876741631,0.8050128070687015
6689,euler_ramsey,0.5,2.0% Ramsey,risk_aversion,combined,0,720.8959066282753,0.7300046675329522
6689,euler_ramsey,0.5,2.5% Ramsey,risk_aversion,combined,0,506.41555294350894,0.6693872251292816
6690,euler_ramsey,0.5,1.5% Ramsey,risk_aversion,combined,0,620.7950963428084,1.150271626124518
6690,euler_ramsey,0.5,2.0% Ramsey,risk_aversion,combined,0,526.1353410042545,1.129929034874683
6690,euler_ramsey,0.5,2.5% Ramsey,risk_aversion,combined,0,396.5932336417093,1.1022433471563442
6691,euler_ramsey,0.5,1.5% Ramsey,risk_aversion,combined,0,1001.556854522089,0.504555798208908
6691,euler_ramsey,0.5,2.0% Ramsey,risk_aversion,combined,0,879.1201405945225,0.41147341759160366
6691,euler_ramsey,0.5,2.5% Ramsey,risk_aversion,combined,0,685.452703390382,0.3475077774681367
6692,euler_ramsey,0.5,1.5% Ramsey,risk_aversion,combined,0,4080.3560501846337,1.8061536562780218
6692,euler_ramsey,0.5,2.0% Ramsey,risk_aversion,combined,0,3406.1357374570343,1.9650595520538012
6692,euler_ramsey,0.5,2.5% Ramsey,risk_aversion,combined,0,2485.6680002523635,2.0745727165608896
6693,euler_ramsey,0.5,1.5% Ramsey,risk_aversion,combined,0,632.7660518430528,0.9352784945945944
6693,euler_ramsey,0.5,2.0% Ramsey,risk_aversion,combined,0,587.3738737064817,0.876691732799058
6693,euler_ramsey,0.5,2.5% Ramsey,risk_aversion,combined,0,490.55363789897007,0.8247125004085886
6694,euler_ramsey,0.5,1.5% Ramsey,risk_aversion,combined,0,261.40591769253024,0.3483970244044629
6694,euler_ramsey,0.5,2.0% Ramsey,risk_aversion,combined,0,141.98163980950426,0.2612349814745704
6694,euler_ramsey,0.5,2.5% Ramsey,risk_aversion,combined,0,83.0232872048745,0.20673470365545926
6695,euler_ramsey,0.5,1.5% Ramsey,risk_aversion,combined,0,2184.565196463388,1.0509747596421843
6695,euler_ramsey,0.5,2.0% Ramsey,risk_aversion,combined,0,1773.2160083278222,1.0133874017172098
6695,euler_ramsey,0.5,2.5% Ramsey,risk_aversion,combined,0,1307.33319585295,0.9745728731006312
6696,euler_ramsey,0.5,1.5% Ramsey,risk_aversion,combined,0,2059.366133925799,0.2969593758258155
6696,euler_ramsey,0.5,2.0% Ramsey,risk_aversion,combined,0,880.5551679965932,0.21489755457341064
6696,euler_ramsey,0.5,2.5% Ramsey,risk_aversion,combined,0,488.4515481430551,0.16546476327542897
6697,euler_ramsey,0.5,1.5% Ramsey,risk_aversion,combined,0,191.4530223333995,1.6476869759609845
6697,euler_ramsey,0.5,2.0% Ramsey,risk_aversion,combined,0,137.26065693312208,1.7546616221615376
6697,euler_ramsey,0.5,2.5% Ramsey,risk_aversion,combined,0,102.55370899301307,1.8217371479774436
6698,euler_ramsey,0.5,1.5% Ramsey,risk_aversion,combined,0,236.67848294927506,1.2665408082916465
6698,euler_ramsey,0.5,2.0% Ramsey,risk_aversion,combined,0,175.47725621555534,1.2708930142605601
6698,euler_ramsey,0.5,2.5% Ramsey,risk_aversion,combined,0,129.12079575923661,1.2601365886823055
6699,euler_ramsey,0.5,1.5% Ramsey,risk_aversion,combined,0,105.02887382597291,2.6748053174978472
6699,euler_ramsey,0.5,2.0% Ramsey,risk_aversion,combined,0,76.72777277497823,3.1758866889781285
6699,euler_ramsey,0.5,2.5% Ramsey,risk_aversion,combined,0,58.963873959808296,3.5867075947295026
6700,euler_ramsey,0.5,1.5% Ramsey,risk_aversion,combined,0,346.59444371859934,1.9500617771227136
6700,euler_ramsey,0.5,2.0% Ramsey,risk_aversion,combined,0,274.9856801410617,2.1572676355486564
6700,euler_ramsey,0.5,2.5% Ramsey,risk_aversion,combined,0,209.8511449246953,2.3068323777686026
6701,euler_ramsey,0.5,1.5% Ramsey,risk_aversion,combined,0,205.48680008098344,0.8023745041745743
6701,euler_ramsey,0.5,2.0% Ramsey,risk_aversion,combined,0,121.22616201589952,0.7257963684405621
6701,euler_ramsey,0.5,2.5% Ramsey,risk_aversion,combined,0,81.09229401771044,0.6640847871146356
6702,euler_ramsey,0.5,1.5% Ramsey,risk_aversion,combined,0,103.39630966123694,0.5284114083432551
6702,euler_ramsey,0.5,2.0% Ramsey,risk_aversion,combined,0,121.61466384436483,0.4353604755254721
6702,euler_ramsey,0.5,2.5% Ramsey,risk_aversion,combined,0,128.27699605107384,0.3706006662177964
6703,euler_ramsey,0.5,1.5% Ramsey,risk_aversion,combined,0,355.9216232347402,3.842858826459453
6703,euler_ramsey,0.5,2.0% Ramsey,risk_aversion,combined,0,290.3951275459739,4.950856098566579
6703,euler_ramsey,0.5,2.5% Ramsey,risk_aversion,combined,0,231.93022660870983,5.955882866088381
6704,euler_ramsey,0.5,1.5% Ramsey,risk_aversion,combined,0,66.5534545177357,0.9061968303901929
6704,euler_ramsey,0.5,2.0% Ramsey,risk_aversion,combined,0,42.24777044778059,0.8431441259507569
6704,euler_ramsey,0.5,2.5% Ramsey,risk_aversion,combined,0,25.627922756313446,0.7885219497453875
6705,euler_ramsey,0.5,1.5% Ramsey,risk_aversion,combined,0,1105.5143042209413,0.5911886583264919
6705,euler_ramsey,0.5,2.0% Ramsey,risk_aversion,combined,0,856.9314876133967,0.49994146788456173
6705,euler_ramsey,0.5,2.5% Ramsey,risk_aversion,combined,0,604.2760390348058,0.43427102992004607
6706,euler_ramsey,0.5,1.5% Ramsey,risk_aversion,combined,0,2744.865525536123,1.0458118435760733
6706,euler_ramsey,0.5,2.0% Ramsey,risk_aversion,combined,0,1988.8652121065102,1.0068573889268593
6706,euler_ramsey,0.5,2.5% Ramsey,risk_aversion,combined,0,1358.545249317054,0.9670576354204422
6707,euler_ramsey,0.5,1.5% Ramsey,risk_aversion,combined,0,33.57698284820659,1.9144415270474509
6707,euler_ramsey,0.5,2.0% Ramsey,risk_aversion,combined,0,25.112137673651233,2.108529540108047
6707,euler_ramsey,0.5,2.5% Ramsey,risk_aversion,combined,0,22.37336844641033,2.2468655528717525
6708,euler_ramsey,0.5,1.5% Ramsey,risk_aversion,combined,0,604.0829510008501,1.0451496794551234
6708,euler_ramsey,0.5,2.0% Ramsey,risk_aversion,combined,0,454.85688097980375,1.0038161383446516
6708,euler_ramsey,0.5,2.5% Ramsey,risk_aversion,combined,0,327.3239937632386,0.9621679578414741
6709,euler_ramsey,0.5,1.5% Ramsey,risk_aversion,combined,0,283.1729975939198,1.3196493217898602
6709,euler_ramsey,0.5,2.0% Ramsey,risk_aversion,combined,0,217.79141032037535,1.3363098664984456
6709,euler_ramsey,0.5,2.5% Ramsey,risk_aversion,combined,0,154.76101293006323,1.3343749106701672
6710,euler_ramsey,0.5,1.5% Ramsey,risk_aversion,combined,0,271.1770230769326,2.7039301912571205
6710,euler_ramsey,0.5,2.0% Ramsey,risk_aversion,combined,0,170.48904628572555,3.2186837565062563
6710,euler_ramsey,0.5,2.5% Ramsey,risk_aversion,combined,0,119.83492524001707,3.642393101849546
6711,euler_ramsey,0.5,1.5% Ramsey,risk_aversion,combined,0,311.67272177350105,1.3905776444386582
6711,euler_ramsey,0.5,2.0% Ramsey,risk_aversion,combined,0,214.84851025703088,1.42591081950343
6711,euler_ramsey,0.5,2.5% Ramsey,risk_aversion,combined,0,150.9698838128882,1.4378525563644469
6712,euler_ramsey,0.5,1.5% Ramsey,risk_aversion,combined,0,-588.6570477900319,0.5502823564864956
6712,euler_ramsey,0.5,2.0% Ramsey,risk_aversion,combined,0,-426.16332752887325,0.45734410711280343
6712,euler_ramsey,0.5,2.5% Ramsey,risk_aversion,combined,0,-253.03226231305544,0.3919274891884015
6713,euler_ramsey,0.5,1.5% Ramsey,risk_aversion,combined,0,1500.9546710560896,1.9282592046655258
6713,euler_ramsey,0.5,2.0% Ramsey,risk_aversion,combined,0,1022.2080520458186,2.128873684168053
6713,euler_ramsey,0.5,2.5% Ramsey,risk_aversion,combined,0,667.2400084386077,2.2730800816822394
6714,euler_ramsey,0.5,1.5% Ramsey,risk_aversion,combined,0,668.4191378660411,1.0989209294997864
6714,euler_ramsey,0.5,2.0% Ramsey,risk_aversion,combined,0,545.6159062126482,1.0684142262546836
6714,euler_ramsey,0.5,2.5% Ramsey,risk_aversion,combined,0,418.75503215508024,1.0338888344125812
6715,euler_ramsey,0.5,1.5% Ramsey,risk_aversion,combined,0,604.2650651268186,1.3742294206943735
6715,euler_ramsey,0.5,2.0% Ramsey,risk_aversion,combined,0,440.83508703290374,1.405596004547886
6715,euler_ramsey,0.5,2.5% Ramsey,risk_aversion,combined,0,323.18822770221067,1.4147138777323816
6716,euler_ramsey,0.5,1.5% Ramsey,risk_aversion,combined,0,3767.046142945399,0.2745693901914475
6716,euler_ramsey,0.5,2.0% Ramsey,risk_aversion,combined,0,1736.420689865859,0.19525837487434583
6716,euler_ramsey,0.5,2.5% Ramsey,risk_aversion,combined,0,990.5604183553612,0.14833064238125257
6717,euler_ramsey,0.5,1.5% Ramsey,risk_aversion,combined,0,514.8502104628043,0.47893117755659126
6717,euler_ramsey,0.5,2.0% Ramsey,risk_aversion,combined,0,453.07055117232824,0.3859952553332937
6717,euler_ramsey,0.5,2.5% Ramsey,risk_aversion,combined,0,355.8237811980824,0.3230256562375794
6718,euler_ramsey,0.5,1.5% Ramsey,risk_aversion,combined,0,1945.3625573197628,1.21068678827068
6718,euler_ramsey,0.5,2.0% Ramsey,risk_aversion,combined,0,1755.4193995456187,1.2036630869096214
6718,euler_ramsey,0.5,2.5% Ramsey,risk_aversion,combined,0,1383.3886143204238,1.1851104190580681
6719,euler_ramsey,0.5,1.5% Ramsey,risk_aversion,combined,0,270.54471590196124,1.633682220786608
6719,euler_ramsey,0.5,2.0% Ramsey,risk_aversion,combined,0,141.0176261112602,1.735927447643169
6719,euler_ramsey,0.5,2.5% Ramsey,risk_aversion,combined,0,92.3447374909931,1.7992030620661015
6720,euler_ramsey,0.5,1.5% Ramsey,risk_aversion,combined,0,600.3978573602866,2.108079436588246
6720,euler_ramsey,0.5,2.0% Ramsey,risk_aversion,combined,0,409.93014120435527,2.373320516414869
6720,euler_ramsey,0.5,2.5% Ramsey,risk_aversion,combined,0,286.28076646390855,2.5725023720141973
6721,euler_ramsey,0.5,1.5% Ramsey,risk_aversion,combined,0,955.6155585053256,1.6131265583212853
6721,euler_ramsey,0.5,2.0% Ramsey,risk_aversion,combined,0,719.1570542489536,1.7102229561982167
6721,euler_ramsey,0.5,2.5% Ramsey,risk_aversion,combined,0,519.587343427117,1.7696504375613449
6722,euler_ramsey,0.5,1.5% Ramsey,risk_aversion,combined,0,-161.038175598886,0.8085055376796154
6722,euler_ramsey,0.5,2.0% Ramsey,risk_aversion,combined,0,-77.6595555944467,0.73356567722321
6722,euler_ramsey,0.5,2.5% Ramsey,risk_aversion,combined,0,-26.568925066408852,0.6728374518713096
6723,euler_ramsey,0.5,1.5% Ramsey,risk_aversion,combined,0,539.0564082688605,0.5439708415944762
6723,euler_ramsey,0.5,2.0% Ramsey,risk_aversion,combined,0,413.64541117699594,0.45087170218729006
6723,euler_ramsey,0.5,2.5% Ramsey,risk_aversion,combined,0,287.46508695051193,0.3855663812704699
6724,euler_ramsey,0.5,1.5% Ramsey,risk_aversion,combined,0,-271.9479363745702,0.3597111675578613
6724,euler_ramsey,0.5,2.0% Ramsey,risk_aversion,combined,0,-193.97295475056316,0.27176075637577096
6724,euler_ramsey,0.5,2.5% Ramsey,risk_aversion,combined,0,-143.41580127817392,0.21632643742830845
6725,euler_ramsey,0.5,1.5% Ramsey,risk_aversion,combined,0,37.963830575261134,1.6532588284623282
6725,euler_ramsey,0.5,2.0% Ramsey,risk_aversion,combined,0,28.796306903219598,1.7617278690652358
6725,euler_ramsey,0.5,2.5% Ramsey,risk_aversion,combined,0,24.101780389389386,1.8300035961378167
6726,euler_ramsey,0.5,1.5% Ramsey,risk_aversion,combined,0,857.9302153151388,0.3784630254168629
6726,euler_ramsey,0.5,2.0% Ramsey,risk_aversion,combined,0,533.0958327378867,0.28911141226141984
6726,euler_ramsey,0.5,2.5% Ramsey,risk_aversion,combined,0,337.05588399307686,0.23211346532392926
6727,euler_ramsey,0.5,1.5% Ramsey,risk_aversion,combined,0,1007.7443713138053,0.7514725973206112
6727,euler_ramsey,0.5,2.0% Ramsey,risk_aversion,combined,0,862.582108496414,0.6701984906691071
6727,euler_ramsey,0.5,2.5% Ramsey,risk_aversion,combined,0,638.3922204696362,0.6065663697794427
6728,euler_ramsey,0.5,1.5% Ramsey,risk_aversion,combined,0,1233.9724028215203,0.3526288926844239
6728,euler_ramsey,0.5,2.0% Ramsey,risk_aversion,combined,0,1162.8856273561398,0.2653371258042456
6728,euler_ramsey,0.5,2.5% Ramsey,risk_aversion,combined,0,940.183996461107,0.21056615221974392
6729,euler_ramsey,0.5,1.5% Ramsey,risk_aversion,combined,0,7700.115008591016,0.41376146239784073
6729,euler_ramsey,0.5,2.0% Ramsey,risk_aversion,combined,0,6032.412141371265,0.32420405802798696
6729,euler_ramsey,0.5,2.5% Ramsey,risk_aversion,combined,0,4337.970238132159,0.2655927911018248
6730,euler_ramsey,0.5,1.5% Ramsey,risk_aversion,combined,0,32.54235861269708,0.29009657137432193
6730,euler_ramsey,0.5,2.0% Ramsey,risk_aversion,combined,0,45.6889505825974,0.20874583298294386
6730,euler_ramsey,0.5,2.5% Ramsey,risk_aversion,combined,0,48.25926744377157,0.16001825022435245
6731,euler_ramsey,0.5,1.5% Ramsey,risk_aversion,combined,0,4549.0545113329845,0.41687837224994134
6731,euler_ramsey,0.5,2.0% Ramsey,risk_aversion,combined,0,3088.058656620061,0.32666595898528245
6731,euler_ramsey,0.5,2.5% Ramsey,risk_aversion,combined,0,2110.514084459795,0.2675730565237201
6732,euler_ramsey,0.5,1.5% Ramsey,risk_aversion,combined,0,699.0850420080591,0.3053520531126599
6732,euler_ramsey,0.5,2.0% Ramsey,risk_aversion,combined,0,625.8309487700777,0.2222794528613076
6732,euler_ramsey,0.5,2.5% Ramsey,risk_aversion,combined,0,491.01996398995504,0.17192518200986784
6733,euler_ramsey,0.5,1.5% Ramsey,risk_aversion,combined,0,1412.6496969988473,0.7573097068104633
6733,euler_ramsey,0.5,2.0% Ramsey,risk_aversion,combined,0,1287.784521203564,0.6767806857776195
6733,euler_ramsey,0.5,2.5% Ramsey,risk_aversion,combined,0,995.5463895517772,0.6135086816658871
6734,euler_ramsey,0.5,1.5% Ramsey,risk_aversion,combined,0,827.5520703735281,0.3116610551878718
6734,euler_ramsey,0.5,2.0% Ramsey,risk_aversion,combined,0,457.8274254846691,0.22791802524443305
6734,euler_ramsey,0.5,2.5% Ramsey,risk_aversion,combined,0,288.30812518112805,0.17691476184356333
6735,euler_ramsey,0.5,1.5% Ramsey,risk_aversion,combined,0,414.75601716001256,1.4693393481316364
6735,euler_ramsey,0.5,2.0% Ramsey,risk_aversion,combined,0,408.85255261344315,1.5252598087528193
6735,euler_ramsey,0.5,2.5% Ramsey,risk_aversion,combined,0,343.343730338228,1.5527899740282187
6736,euler_ramsey,0.5,1.5% Ramsey,risk_aversion,combined,0,2551.1603185914846,0.6473837986855245
6736,euler_ramsey,0.5,2.0% Ramsey,risk_aversion,combined,0,1628.4460443681924,0.5589585186240972
6736,euler_ramsey,0.5,2.5% Ramsey,risk_aversion,combined,0,1052.9723141848278,0.4934253002138453
6737,euler_ramsey,0.5,1.5% Ramsey,risk_aversion,combined,0,6381.6684243169175,0.5820471882646849
6737,euler_ramsey,0.5,2.0% Ramsey,risk_aversion,combined,0,5258.016967991293,0.4908724180399271
6737,euler_ramsey,0.5,2.5% Ramsey,risk_aversion,combined,0,3795.5561723838414,0.42553129028150694
6738,euler_ramsey,0.5,1.5% Ramsey,risk_aversion,combined,0,883.427422422719,1.8536119362424799
6738,euler_ramsey,0.5,2.0% Ramsey,risk_aversion,combined,0,633.1051318526335,2.0273490409262283
6738,euler_ramsey,0.5,2.5% Ramsey,risk_aversion,combined,0,436.4890976740635,2.148923480025438
6739,euler_ramsey,0.5,1.5% Ramsey,risk_aversion,combined,0,874.0363414187078,0.9099262966210787
6739,euler_ramsey,0.5,2.0% Ramsey,risk_aversion,combined,0,674.1153933385444,0.8477166848952628
6739,euler_ramsey,0.5,2.5% Ramsey,risk_aversion,combined,0,512.0206950932908,0.7936981367446867
6740,euler_ramsey,0.5,1.5% Ramsey,risk_aversion,combined,0,182.3428997450878,2.0670658761449454
6740,euler_ramsey,0.5,2.0% Ramsey,risk_aversion,combined,0,138.43500174821233,2.3161652470004483
6740,euler_ramsey,0.5,2.5% Ramsey,risk_aversion,combined,0,108.54941537533087,2.5012474906437627
6741,euler_ramsey,0.5,1.5% Ramsey,risk_aversion,combined,0,7710.839704417532,0.666822381428183
6741,euler_ramsey,0.5,2.0% Ramsey,risk_aversion,combined,0,6149.493319183609,0.5809011472019079
6741,euler_ramsey,0.5,2.5% Ramsey,risk_aversion,combined,0,4311.2929304417485,0.5164759610267111
6742,euler_ramsey,0.5,1.5% Ramsey,risk_aversion,combined,0,-305.51090703436034,1.1477621725426037
6742,euler_ramsey,0.5,2.0% Ramsey,risk_aversion,combined,0,-231.41277796543235,1.1271564070679934
6742,euler_ramsey,0.5,2.5% Ramsey,risk_aversion,combined,0,-166.37770343626994,1.0991348974231063
6743,euler_ramsey,0.5,1.5% Ramsey,risk_aversion,combined,0,222.98378975751265,2.7598226688636194
6743,euler_ramsey,0.5,2.0% Ramsey,risk_aversion,combined,0,150.69887819327505,3.29994790284374
6743,euler_ramsey,0.5,2.5% Ramsey,risk_aversion,combined,0,106.57024335037092,3.747178964749758
6744,euler_ramsey,0.5,1.5% Ramsey,risk_aversion,combined,0,770.3558593193145,0.8600600177000594
6744,euler_ramsey,0.5,2.0% Ramsey,risk_aversion,combined,0,689.6518853278046,0.7924588894750735
6744,euler_ramsey,0.5,2.5% Ramsey,risk_aversion,combined,0,576.1405186498831,0.7356958890443351
6745,euler_ramsey,0.5,1.5% Ramsey,risk_aversion,combined,0,-78.36527836764067,0.6971730929182042
6745,euler_ramsey,0.5,2.0% Ramsey,risk_aversion,combined,0,-27.24234147532619,0.6119769512315021
6745,euler_ramsey,0.5,2.5% Ramsey,risk_aversion,combined,0,2.890845961131772,0.5471408338528607
6746,euler_ramsey,0.5,1.5% Ramsey,risk_aversion,combined,0,1208.4998646205472,0.25526386535171214
6746,euler_ramsey,0.5,2.0% Ramsey,risk_aversion,combined,0,622.3334789976926,0.17847494217528237
6746,euler_ramsey,0.5,2.5% Ramsey,risk_aversion,combined,0,355.7532478338449,0.13380465612624
6747,euler_ramsey,0.5,1.5% Ramsey,risk_aversion,combined,0,461.77465595497085,2.0459742750861714
6747,euler_ramsey,0.5,2.0% Ramsey,risk_aversion,combined,0,362.09249933901884,2.2880265312516777
6747,euler_ramsey,0.5,2.5% Ramsey,risk_aversion,combined,0,272.52424731883434,2.4672875184257506
6748,euler_ramsey,0.5,1.5% Ramsey,risk_aversion,combined,0,722.9586150377669,1.029113162834505
6748,euler_ramsey,0.5,2.0% Ramsey,risk_aversion,combined,0,562.6911828719004,0.9859711330989328
6748,euler_ramsey,0.5,2.5% Ramsey,risk_aversion,combined,0,418.22367303076567,0.9433578251031937
6749,euler_ramsey,0.5,1.5% Ramsey,risk_aversion,combined,0,348.8223239797712,1.1861090974588524
6749,euler_ramsey,0.5,2.0% Ramsey,risk_aversion,combined,0,260.51405295475837,1.1724100257601817
6749,euler_ramsey,0.5,2.5% Ramsey,risk_aversion,combined,0,191.44839770975474,1.1491009768906817
6750,euler_ramsey,0.5,1.5% Ramsey,risk_aversion,combined,0,187.22626514022804,0.46431545332401836
6750,euler_ramsey,0.5,2.0% Ramsey,risk_aversion,combined,0,128.7309277396603,0.37141424205837986
6750,euler_ramsey,0.5,2.5% Ramsey,risk_aversion,combined,0,94.85579283989763,0.3090101920176182
6751,euler_ramsey,0.5,1.5% Ramsey,risk_aversion,combined,0,752.345032260874,0.4934103616679424
6751,euler_ramsey,0.5,2.0% Ramsey,risk_aversion,combined,0,668.2470310207948,0.40030435377718254
6751,euler_ramsey,0.5,2.5% Ramsey,risk_aversion,combined,0,524.0734401850283,0.3367173859021264
6752,euler_ramsey,0.5,1.5% Ramsey,risk_aversion,combined,0,290.42445976203317,1.202217936074861
6752,euler_ramsey,0.5,2.0% Ramsey,risk_aversion,combined,0,187.47046789191995,1.1921935736159095
6752,euler_ramsey,0.5,2.5% Ramsey,risk_aversion,combined,0,116.8526325255266,1.1713719281978823
6753,euler_ramsey,0.5,1.5% Ramsey,risk_aversion,combined,0,-228.26594517328462,0.2898383656219922
6753,euler_ramsey,0.5,2.0% Ramsey,risk_aversion,combined,0,-145.92538622023028,0.20854741376225175
6753,euler_ramsey,0.5,2.5% Ramsey,risk_aversion,combined,0,-95.82679964035373,0.15985934078025882
6754,euler_ramsey,0.5,1.5% Ramsey,risk_aversion,combined,0,393.80529468456274,1.564995877670557
6754,euler_ramsey,0.5,2.0% Ramsey,risk_aversion,combined,0,226.66652416742355,1.6469295461689941
6754,euler_ramsey,0.5,2.5% Ramsey,risk_aversion,combined,0,135.7981213485342,1.694248522224989
6755,euler_ramsey,0.5,1.5% Ramsey,risk_aversion,combined,0,842.8985893482267,0.6168448359603815
6755,euler_ramsey,0.5,2.0% Ramsey,risk_aversion,combined,0,614.2243253038228,0.5264835489782493
6755,euler_ramsey,0.5,2.5% Ramsey,risk_aversion,combined,0,437.56459388939896,0.46059565510337336
6756,euler_ramsey,0.5,1.5% Ramsey,risk_aversion,combined,0,1807.153232964839,0.3562275072762384
6756,euler_ramsey,0.5,2.0% Ramsey,risk_aversion,combined,0,1390.8760020299835,0.2688734482617765
6756,euler_ramsey,0.5,2.5% Ramsey,risk_aversion,combined,0,1034.5821845830935,0.2139019906085794
6757,euler_ramsey,0.5,1.5% Ramsey,risk_aversion,combined,0,59.570101929633026,0.8140277970105151
6757,euler_ramsey,0.5,2.0% Ramsey,risk_aversion,combined,0,78.78812754583218,0.7408605232913099
6757,euler_ramsey,0.5,2.5% Ramsey,risk_aversion,combined,0,84.37155767559949,0.6812509325873356
6758,euler_ramsey,0.5,1.5% Ramsey,risk_aversion,combined,0,516.0092972892761,0.9073681752367817
6758,euler_ramsey,0.5,2.0% Ramsey,risk_aversion,combined,0,345.3834253317196,0.8449584790777963
6758,euler_ramsey,0.5,2.5% Ramsey,risk_aversion,combined,0,230.1542594298723,0.7908328698111958
6759,euler_ramsey,0.5,1.5% Ramsey,risk_aversion,combined,0,286.56832858378203,1.771274710033955
6759,euler_ramsey,0.5,2.0% Ramsey,risk_aversion,combined,0,213.56106678405584,1.9171555170062236
6759,euler_ramsey,0.5,2.5% Ramsey,risk_aversion,combined,0,152.63064939469896,2.015673207734858
6760,euler_ramsey,0.5,1.5% Ramsey,risk_aversion,combined,0,2035.259857750625,0.6039131093378919
6760,euler_ramsey,0.5,2.0% Ramsey,risk_aversion,combined,0,1327.682332980056,0.5129807058102114
6760,euler_ramsey,0.5,2.5% Ramsey,risk_aversion,combined,0,840.357609012527,0.4471245205892191
6761,euler_ramsey,0.5,1.5% Ramsey,risk_aversion,combined,0,340.29888394798746,1.6249885141606186
6761,euler_ramsey,0.5,2.0% Ramsey,risk_aversion,combined,0,294.5665247851808,1.724998274140408
6761,euler_ramsey,0.5,2.5% Ramsey,risk_aversion,combined,0,241.1773970373805,1.7865967986075648
6762,euler_ramsey,0.5,1.5% Ramsey,risk_aversion,combined,0,317.38981630372456,2.1156148837692084
6762,euler_ramsey,0.5,2.0% Ramsey,risk_aversion,combined,0,228.3935580921214,2.3834324608647686
6762,euler_ramsey,0.5,2.5% Ramsey,risk_aversion,combined,0,160.52051437085015,2.584789626852177
6763,euler_ramsey,0.5,1.5% Ramsey,risk_aversion,combined,0,235.1179591299818,1.9559912695566473
6763,euler_ramsey,0.5,2.0% Ramsey,risk_aversion,combined,0,165.0063647039153,2.1648152017568734
6763,euler_ramsey,0.5,2.5% Ramsey,risk_aversion,combined,0,117.45358333674022,2.315653480169387
6764,euler_ramsey,0.5,1.5% Ramsey,risk_aversion,combined,0,208.560794297096,1.8595024292092237
6764,euler_ramsey,0.5,2.0% Ramsey,risk_aversion,combined,0,133.91447356630337,2.034494834372569
6764,euler_ramsey,0.5,2.5% Ramsey,risk_aversion,combined,0,86.92727354538144,2.1568277711057586
6765,euler_ramsey,0.5,1.5% Ramsey,risk_aversion,combined,0,192.82036131813973,1.2369153719878552
6765,euler_ramsey,0.5,2.0% Ramsey,risk_aversion,combined,0,169.72938039397084,1.234254669581913
6765,euler_ramsey,0.5,2.5% Ramsey,risk_aversion,combined,0,133.91655302578405,1.2186137168042699
6766,euler_ramsey,0.5,1.5% Ramsey,risk_aversion,combined,0,1287.2520992824457,0.49746947481388987
6766,euler_ramsey,0.5,2.0% Ramsey,risk_aversion,combined,0,1107.9373285828233,0.4044133885357654
6766,euler_ramsey,0.5,2.5% Ramsey,risk_aversion,combined,0,844.4645014528367,0.3407129941921246
6767,euler_ramsey,0.5,1.5% Ramsey,risk_aversion,combined,0,-115.87327585001717,0.3986677338144665
6767,euler_ramsey,0.5,2.0% Ramsey,risk_aversion,combined,0,-47.13755804474156,0.3081354686608058
6767,euler_ramsey,0.5,2.5% Ramsey,risk_aversion,combined,0,-3.2882401723430297,0.24964102185513767
6768,euler_ramsey,0.5,1.5% Ramsey,risk_aversion,combined,0,330.6792103319747,1.358995406247498
6768,euler_ramsey,0.5,2.0% Ramsey,risk_aversion,combined,0,215.1165253709391,1.385719323469976
6768,euler_ramsey,0.5,2.5% Ramsey,risk_aversion,combined,0,138.9246898422891,1.3912849990424998
6769,euler_ramsey,0.5,1.5% Ramsey,risk_aversion,combined,0,12422.787900219046,0.29938093694921714
6769,euler_ramsey,0.5,2.0% Ramsey,risk_aversion,combined,0,7005.868697914499,0.21805829860193315
6769,euler_ramsey,0.5,2.5% Ramsey,risk_aversion,combined,0,4276.357910755308,0.16881454411155045
6770,euler_ramsey,0.5,1.5% Ramsey,risk_aversion,combined,0,1049.8497991336033,2.7994810324664052
6770,euler_ramsey,0.5,2.0% Ramsey,risk_aversion,combined,0,942.2214325658201,3.3666530081703074
6770,euler_ramsey,0.5,2.5% Ramsey,risk_aversion,combined,0,770.417637608273,3.841252297307053
6771,euler_ramsey,0.5,1.5% Ramsey,risk_aversion,combined,0,1805.7567041543286,0.6202731355617788
6771,euler_ramsey,0.5,2.0% Ramsey,risk_aversion,combined,0,991.4960508748899,0.5299996350414533
6771,euler_ramsey,0.5,2.5% Ramsey,risk_aversion,combined,0,544.7154744931161,0.4640660625072084
6772,euler_ramsey,0.5,1.5% Ramsey,risk_aversion,combined,0,680.0013659011857,0.6780542025805235
6772,euler_ramsey,0.5,2.0% Ramsey,risk_aversion,combined,0,661.8219177335994,0.5917635505011385
6772,euler_ramsey,0.5,2.5% Ramsey,risk_aversion,combined,0,601.6363837460118,0.5267620925602435
6773,euler_ramsey,0.5,1.5% Ramsey,risk_aversion,combined,0,406.17840303322504,0.4850773256477794
6773,euler_ramsey,0.5,2.0% Ramsey,risk_aversion,combined,0,274.6248789426442,0.39182473792992173
6773,euler_ramsey,0.5,2.5% Ramsey,risk_aversion,combined,0,190.04534818318078,0.32845600152935944
6774,euler_ramsey,0.5,1.5% Ramsey,risk_aversion,combined,0,-220.08545480280986,0.7633552658459749
6774,euler_ramsey,0.5,2.0% Ramsey,risk_aversion,combined,0,-198.75049363919703,0.683081050608256
6774,euler_ramsey,0.5,2.5% Ramsey,risk_aversion,combined,0,-161.00778998298492,0.619821349884813
6775,euler_ramsey,0.5,1.5% Ramsey,risk_aversion,combined,0,238.3221459515183,2.52869623077206
6775,euler_ramsey,0.5,2.0% Ramsey,risk_aversion,combined,0,193.74364572421675,2.965028496846014
6775,euler_ramsey,0.5,2.5% Ramsey,risk_aversion,combined,0,150.33181244646252,3.3164567773830895
6776,euler_ramsey,0.5,1.5% Ramsey,risk_aversion,combined,0,23.583455032598916,1.212303100037242
6776,euler_ramsey,0.5,2.0% Ramsey,risk_aversion,combined,0,17.049028717066772,1.204565538254541
6776,euler_ramsey,0.5,2.5% Ramsey,risk_aversion,combined,0,12.255991363520792,1.1853447669369856
6777,euler_ramsey,0.5,1.5% Ramsey,risk_aversion,combined,0,778.293056452823,1.135543049322132
6777,euler_ramsey,0.5,2.0% Ramsey,risk_aversion,combined,0,476.05002417985634,1.113242991978812
6777,euler_ramsey,0.5,2.5% Ramsey,risk_aversion,combined,0,312.72463329833084,1.0842321642472592
6778,euler_ramsey,0.5,1.5% Ramsey,risk_aversion,combined,0,78.74246350709538,2.6361085818334047
6778,euler_ramsey,0.5,2.0% Ramsey,risk_aversion,combined,0,69.98934723678123,3.1197209151716465
6778,euler_ramsey,0.5,2.5% Ramsey,risk_aversion,combined,0,61.030834551393916,3.51444596601952
6779,euler_ramsey,0.5,1.5% Ramsey,risk_aversion,combined,0,1388.6367968380268,0.4076696239843129
6779,euler_ramsey,0.5,2.0% Ramsey,risk_aversion,combined,0,1214.8038457085704,0.31695816388986026
6779,euler_ramsey,0.5,2.5% Ramsey,risk_aversion,combined,0,918.5011430221506,0.2579844380678174
6780,euler_ramsey,0.5,1.5% Ramsey,risk_aversion,combined,0,-331.266747399928,0.5168979878959282
6780,euler_ramsey,0.5,2.0% Ramsey,risk_aversion,combined,0,-236.6931853148825,0.42361771087941724
6780,euler_ramsey,0.5,2.5% Ramsey,risk_aversion,combined,0,-139.93904397362215,0.3591130698618472
6781,euler_ramsey,0.5,1.5% Ramsey,risk_aversion,combined,0,752.7804520365663,1.93939768867485
6781,euler_ramsey,0.5,2.0% Ramsey,risk_aversion,combined,0,584.6206143751202,2.1427404607926213
6781,euler_ramsey,0.5,2.5% Ramsey,risk_aversion,combined,0,425.610149781025,2.2890543567721977
6782,euler_ramsey,0.5,1.5% Ramsey,risk_aversion,combined,0,419.52779866455194,1.8315169431911258
6782,euler_ramsey,0.5,2.0% Ramsey,risk_aversion,combined,0,271.81277339374793,1.9971253395006376
6782,euler_ramsey,0.5,2.5% Ramsey,risk_aversion,combined,0,187.103333414594,2.1118059508559224
6783,euler_ramsey,0.5,1.5% Ramsey,risk_aversion,combined,0,898.8958132233546,0.9008224448898555
6783,euler_ramsey,0.5,2.0% Ramsey,risk_aversion,combined,0,589.8658355357562,0.8391853466819471
6783,euler_ramsey,0.5,2.5% Ramsey,risk_aversion,combined,0,394.63815002552263,0.7857620448201892
6784,euler_ramsey,0.5,1.5% Ramsey,risk_aversion,combined,0,2180.7517728870043,0.1371292366502368
6784,euler_ramsey,0.5,2.0% Ramsey,risk_aversion,combined,0,1758.710026672704,0.08338993889933752
6784,euler_ramsey,0.5,2.5% Ramsey,risk_aversion,combined,0,1302.2377350465263,0.05612300619177728
6785,euler_ramsey,0.5,1.5% Ramsey,risk_aversion,combined,0,526.5649338215175,0.3584363004740572
6785,euler_ramsey,0.5,2.0% Ramsey,risk_aversion,combined,0,387.8367739865073,0.2705099336824577
6785,euler_ramsey,0.5,2.5% Ramsey,risk_aversion,combined,0,286.4401228466306,0.2151535199193747
6786,euler_ramsey,0.5,1.5% Ramsey,risk_aversion,combined,0,2954.45757053699,0.3842800056117626
6786,euler_ramsey,0.5,2.0% Ramsey,risk_aversion,combined,0,2110.714853026287,0.29516816093361903
6786,euler_ramsey,0.5,2.5% Ramsey,risk_aversion,combined,0,1485.6038957804512,0.23803255273778556
6787,euler_ramsey,0.5,1.5% Ramsey,risk_aversion,combined,0,451.2412501782444,0.7884123988660741
6787,euler_ramsey,0.5,2.0% Ramsey,risk_aversion,combined,0,334.5575860760485,0.7121920360208382
6787,euler_ramsey,0.5,2.5% Ramsey,risk_aversion,combined,0,241.04490648584203,0.6510863743029551
6788,euler_ramsey,0.5,1.5% Ramsey,risk_aversion,combined,0,1066.3408805511149,1.233645860362859
6788,euler_ramsey,0.5,2.0% Ramsey,risk_aversion,combined,0,1192.4179297646047,1.2301672647311608
6788,euler_ramsey,0.5,2.5% Ramsey,risk_aversion,combined,0,1087.0526607621302,1.2138367687107017
6789,euler_ramsey,0.5,1.5% Ramsey,risk_aversion,combined,0,838.5298118558878,0.7436247565042268
6789,euler_ramsey,0.5,2.0% Ramsey,risk_aversion,combined,0,578.7430558727021,0.6613198211827415
6789,euler_ramsey,0.5,2.5% Ramsey,risk_aversion,combined,0,368.7038850708846,0.5972021810064371
6790,euler_ramsey,0.5,1.5% Ramsey,risk_aversion,combined,0,91.52030375968783,0.96876134261799
6790,euler_ramsey,0.5,2.0% Ramsey,risk_aversion,combined,0,78.9377571222875,0.9148577237707411
6790,euler_ramsey,0.5,2.5% Ramsey,risk_aversion,combined,0,70.69162199995586,0.8655058433551802
6791,euler_ramsey,0.5,1.5% Ramsey,risk_aversion,combined,0,97.06903317166358,0.47460923679800465
6791,euler_ramsey,0.5,2.0% Ramsey,risk_aversion,combined,0,103.44947460225241,0.3817314184491331
6791,euler_ramsey,0.5,2.5% Ramsey,risk_aversion,combined,0,98.76344139845742,0.31895225086462775
6792,euler_ramsey,0.5,1.5% Ramsey,risk_aversion,combined,0,68.84820573179935,1.3061649046232784
6792,euler_ramsey,0.5,2.0% Ramsey,risk_aversion,combined,0,47.61958517258201,1.3196874887521324
6792,euler_ramsey,0.5,2.5% Ramsey,risk_aversion,combined,0,33.74554080887399,1.3154994298176168
6793,euler_ramsey,0.5,1.5% Ramsey,risk_aversion,combined,0,669.5395587107442,1.206464687096278
6793,euler_ramsey,0.5,2.0% Ramsey,risk_aversion,combined,0,536.4125292606358,1.1967581950134336
6793,euler_ramsey,0.5,2.5% Ramsey,risk_aversion,combined,0,408.713080488039,1.1760440459107908
6794,euler_ramsey,0.5,1.5% Ramsey,risk_aversion,combined,0,-317.57908044073827,1.2711388244650847
6794,euler_ramsey,0.5,2.0% Ramsey,risk_aversion,combined,0,-171.85011995975594,1.2768148668936241
6794,euler_ramsey,0.5,2.5% Ramsey,risk_aversion,combined,0,-87.00174569079645,1.2670058445902104
6795,euler_ramsey,0.5,1.5% Ramsey,risk_aversion,combined,0,458.2559129445449,2.781240125694885
6795,euler_ramsey,0.5,2.0% Ramsey,risk_aversion,combined,0,396.3597358452926,3.3335813325778725
6795,euler_ramsey,0.5,2.5% Ramsey,risk_aversion,combined,0,315.2462033597724,3.792878284597533
6796,euler_ramsey,0.5,1.5% Ramsey,risk_aversion,combined,0,-440.299955025482,0.5182781078928702
6796,euler_ramsey,0.5,2.0% Ramsey,risk_aversion,combined,0,-351.7641998579297,0.4252538647674954
6796,euler_ramsey,0.5,2.5% Ramsey,risk_aversion,combined,0,-257.1496518631773,0.3608407341416853
6797,euler_ramsey,0.5,1.5% Ramsey,risk_aversion,combined,0,812.35707032691,0.4762445975636285
6797,euler_ramsey,0.5,2.0% Ramsey,risk_aversion,combined,0,681.9851447883913,0.3831065750576646
6797,euler_ramsey,0.5,2.5% Ramsey,risk_aversion,combined,0,526.8144998959067,0.32012527140603414
6798,euler_ramsey,0.5,1.5% Ramsey,risk_aversion,combined,0,1376.431461366864,0.5816037756664655
6798,euler_ramsey,0.5,2.0% Ramsey,risk_aversion,combined,0,885.9837189237116,0.4898207882832866
6798,euler_ramsey,0.5,2.5% Ramsey,risk_aversion,combined,0,547.2046918509733,0.4241156626608128
6799,euler_ramsey,0.5,1.5% Ramsey,risk_aversion,combined,0,189.28482276111092,3.2889234384576156
6799,euler_ramsey,0.5,2.0% Ramsey,risk_aversion,combined,0,131.30992863429518,4.090698929885447
6799,euler_ramsey,0.5,2.5% Ramsey,risk_aversion,combined,0,91.8133456551954,4.788797851683603
6800,euler_ramsey,0.5,1.5% Ramsey,risk_aversion,combined,0,480.1553004978227,2.047905817046929
6800,euler_ramsey,0.5,2.0% Ramsey,risk_aversion,combined,0,455.7524023849766,2.290898871298978
6800,euler_ramsey,0.5,2.5% Ramsey,risk_aversion,combined,0,392.9141597060013,2.4710454976827174
6801,euler_ramsey,0.5,1.5% Ramsey,risk_aversion,combined,0,890.7833970326856,0.4400500192846993
6801,euler_ramsey,0.5,2.0% Ramsey,risk_aversion,combined,0,737.9570516693351,0.3478435005225942
6801,euler_ramsey,0.5,2.5% Ramsey,risk_aversion,combined,0,550.3700025897216,0.28675616022882394
6802,euler_ramsey,0.5,1.5% Ramsey,risk_aversion,combined,0,1184.2181602558696,0.5329216277448022
6802,euler_ramsey,0.5,2.0% Ramsey,risk_aversion,combined,0,913.22736875986,0.4397774856390139
6802,euler_ramsey,0.5,2.5% Ramsey,risk_aversion,combined,0,641.4623909664327,0.37481176391340826
6803,euler_ramsey,0.5,1.5% Ramsey,risk_aversion,combined,0,1098.4703259793916,0.716571301826316
6803,euler_ramsey,0.5,2.0% Ramsey,risk_aversion,combined,0,1086.829935745782,0.633003996424899
6803,euler_ramsey,0.5,2.5% Ramsey,risk_aversion,combined,0,921.5838042420544,0.5688081897478899
6804,euler_ramsey,0.5,1.5% Ramsey,risk_aversion,combined,0,124.8022419718039,3.3511970500245614
6804,euler_ramsey,0.5,2.0% Ramsey,risk_aversion,combined,0,91.65164533235215,4.185575802274575
6804,euler_ramsey,0.5,2.5% Ramsey,risk_aversion,combined,0,68.7470544920193,4.9155710007262945
6805,euler_ramsey,0.5,1.5% Ramsey,risk_aversion,combined,0,355.5270062479594,0.6042813490694745
6805,euler_ramsey,0.5,2.0% Ramsey,risk_aversion,combined,0,208.8778214541655,0.5134338681869489
6805,euler_ramsey,0.5,2.5% Ramsey,risk_aversion,combined,0,129.59478588159192,0.4476092453562876
6806,euler_ramsey,0.5,1.5% Ramsey,risk_aversion,combined,0,-181.9585324516655,1.0333540782807082
6806,euler_ramsey,0.5,2.0% Ramsey,risk_aversion,combined,0,-120.57046838435294,0.9908956179002593
6806,euler_ramsey,0.5,2.5% Ramsey,risk_aversion,combined,0,-80.69111513125986,0.9486552476367027
6807,euler_ramsey,0.5,1.5% Ramsey,risk_aversion,combined,0,178.03350676863678,1.8247405914202883
6807,euler_ramsey,0.5,2.0% Ramsey,risk_aversion,combined,0,111.92043097725859,1.9880970569353336
6807,euler_ramsey,0.5,2.5% Ramsey,risk_aversion,combined,0,78.85991439208046,2.10088362086184
6808,euler_ramsey,0.5,1.5% Ramsey,risk_aversion,combined,0,691.0415424817741,0.7958623699335134
6808,euler_ramsey,0.5,2.0% Ramsey,risk_aversion,combined,0,693.8830571105677,0.7187064450688112
6808,euler_ramsey,0.5,2.5% Ramsey,risk_aversion,combined,0,577.4998889241538,0.656762801015756
6809,euler_ramsey,0.5,1.5% Ramsey,risk_aversion,combined,0,1163.032864068504,0.36358837785524223
6809,euler_ramsey,0.5,2.0% Ramsey,risk_aversion,combined,0,862.8392898172002,0.2752737501682701
6809,euler_ramsey,0.5,2.5% Ramsey,risk_aversion,combined,0,636.3362303091947,0.21948203443848716
6810,euler_ramsey,0.5,1.5% Ramsey,risk_aversion,combined,0,-1011.1296154093421,0.29203588215340076
6810,euler_ramsey,0.5,2.0% Ramsey,risk_aversion,combined,0,-449.82552427747,0.21049049529748706
6810,euler_ramsey,0.5,2.5% Ramsey,risk_aversion,combined,0,-264.70859470941974,0.161563494251366
6811,euler_ramsey,0.5,1.5% Ramsey,risk_aversion,combined,0,-249.62717994000803,0.47834662241179304
6811,euler_ramsey,0.5,2.0% Ramsey,risk_aversion,combined,0,-194.82505193929538,0.3855813264398274
6811,euler_ramsey,0.5,2.5% Ramsey,risk_aversion,combined,0,-145.35372004010182,0.3227207493224587
6812,euler_ramsey,0.5,1.5% Ramsey,risk_aversion,combined,0,32.190770241658214,0.6738727853442115
6812,euler_ramsey,0.5,2.0% Ramsey,risk_aversion,combined,0,39.470454056016095,0.5870162609774837
6812,euler_ramsey,0.5,2.5% Ramsey,risk_aversion,combined,0,39.547762031090315,0.5217746455845431
6813,euler_ramsey,0.5,1.5% Ramsey,risk_aversion,combined,0,1114.644316626091,0.6764433931613367
6813,euler_ramsey,0.5,2.0% Ramsey,risk_aversion,combined,0,910.2808912797511,0.5899303013689113
6813,euler_ramsey,0.5,2.5% Ramsey,risk_aversion,combined,0,706.6753479798673,0.5248249038163114
6814,euler_ramsey,0.5,1.5% Ramsey,risk_aversion,combined,0,620.2508748729814,1.2996672047766389
6814,euler_ramsey,0.5,2.0% Ramsey,risk_aversion,combined,0,415.5829797463789,1.3121260602489815
6814,euler_ramsey,0.5,2.5% Ramsey,risk_aversion,combined,0,282.5367935987212,1.3072589871712859
6815,euler_ramsey,0.5,1.5% Ramsey,risk_aversion,combined,0,25.848869038689497,0.8559598823502749
6815,euler_ramsey,0.5,2.0% Ramsey,risk_aversion,combined,0,20.12367186605557,0.7871967765426309
6815,euler_ramsey,0.5,2.5% Ramsey,risk_aversion,combined,0,14.888345127208549,0.7297141505884347
6816,euler_ramsey,0.5,1.5% Ramsey,risk_aversion,combined,0,824.6634053832818,0.9424851271636762
6816,euler_ramsey,0.5,2.0% Ramsey,risk_aversion,combined,0,590.1633803837841,0.8845014468665888
6816,euler_ramsey,0.5,2.5% Ramsey,risk_aversion,combined,0,391.508719965738,0.8327389890998401
6817,euler_ramsey,0.5,1.5% Ramsey,risk_aversion,combined,0,499.7816412993734,1.2591003277461372
6817,euler_ramsey,0.5,2.0% Ramsey,risk_aversion,combined,0,402.0361503667386,1.2619696064598662
6817,euler_ramsey,0.5,2.5% Ramsey,risk_aversion,combined,0,297.3268872918626,1.2502343300444418
6818,euler_ramsey,0.5,1.5% Ramsey,risk_aversion,combined,0,222.50955289609837,1.0140010925666165
6818,euler_ramsey,0.5,2.0% Ramsey,risk_aversion,combined,0,168.00368787827438,0.967729620395836
6818,euler_ramsey,0.5,2.5% Ramsey,risk_aversion,combined,0,115.0871655716011,0.9230616453471806
6819,euler_ramsey,0.5,1.5% Ramsey,risk_aversion,combined,0,-289.0230516679154,0.46138565915281976
6819,euler_ramsey,0.5,2.0% Ramsey,risk_aversion,combined,0,-275.62815175942467,0.3686907234531691
6819,euler_ramsey,0.5,2.5% Ramsey,risk_aversion,combined,0,-229.80891195686124,0.3065037355599904
6820,euler_ramsey,0.5,1.5% Ramsey,risk_aversion,combined,0,1208.6785652942976,0.8691928225687027
6820,euler_ramsey,0.5,2.0% Ramsey,risk_aversion,combined,0,993.7611490629832,0.802354846953375
6820,euler_ramsey,0.5,2.5% Ramsey,risk_aversion,combined,0,760.7743818571987,0.7459731503536149
6821,euler_ramsey,0.5,1.5% Ramsey,risk_aversion,combined,0,-383.2003949778062,0.3767910085012727
6821,euler_ramsey,0.5,2.0% Ramsey,risk_aversion,combined,0,-325.71398499836766,0.2877222397791911
6821,euler_ramsey,0.5,2.5% Ramsey,risk_aversion,combined,0,-234.0726782221168,0.2309390766318649
6822,euler_ramsey,0.5,1.5% Ramsey,risk_aversion,combined,0,624.1383981319389,1.20158348203588
6822,euler_ramsey,0.5,2.0% Ramsey,risk_aversion,combined,0,574.6454770258622,1.192028609404061
6822,euler_ramsey,0.5,2.5% Ramsey,risk_aversion,combined,0,474.8880996400683,1.1716108318106842
6823,euler_ramsey,0.5,1.5% Ramsey,risk_aversion,combined,0,323.76060567712665,0.835460605608001
6823,euler_ramsey,0.5,2.0% Ramsey,risk_aversion,combined,0,247.63446227687655,0.7632313881441708
6823,euler_ramsey,0.5,2.5% Ramsey,risk_aversion,combined,0,173.4597654862581,0.7037344802703044
6824,euler_ramsey,0.5,1.5% Ramsey,risk_aversion,combined,0,29.55885489730709,0.4118013301947122
6824,euler_ramsey,0.5,2.0% Ramsey,risk_aversion,combined,0,25.798015928387976,0.32060600322903177
6824,euler_ramsey,0.5,2.5% Ramsey,risk_aversion,combined,0,25.026238940499844,0.2612055668315929
6825,euler_ramsey,0.5,1.5% Ramsey,risk_aversion,combined,0,66.41376610252381,0.47207243289889056
6825,euler_ramsey,0.5,2.0% Ramsey,risk_aversion,combined,0,67.21079942588939,0.37947233598032554
6825,euler_ramsey,0.5,2.5% Ramsey,risk_aversion,combined,0,56.633344119352415,0.31694011043973935
6826,euler_ramsey,0.5,1.5% Ramsey,risk_aversion,combined,0,320.0094258067119,0.8578718331520918
6826,euler_ramsey,0.5,2.0% Ramsey,risk_aversion,combined,0,258.1810523331872,0.7879841138227738
6826,euler_ramsey,0.5,2.5% Ramsey,risk_aversion,combined,0,193.55348576217332,0.7296336010956206
6827,euler_ramsey,0.5,1.5% Ramsey,risk_aversion,combined,0,-1349.1474554621827,0.3417407197808592
6827,euler_ramsey,0.5,2.0% Ramsey,risk_aversion,combined,0,-684.8337858345276,0.25518611484393655
6827,euler_ramsey,0.5,2.5% Ramsey,risk_aversion,combined,0,-394.35222311083146,0.201303966344004
6828,euler_ramsey,0.5,1.5% Ramsey,risk_aversion,combined,0,52.15804959688584,0.8884157127452829
6828,euler_ramsey,0.5,2.0% Ramsey,risk_aversion,combined,0,52.82620410954558,0.8226000595222474
6828,euler_ramsey,0.5,2.5% Ramsey,risk_aversion,combined,0,55.6865228986701,0.766452550608898
6829,euler_ramsey,0.5,1.5% Ramsey,risk_aversion,combined,0,571.105986913301,0.8802249517311783
6829,euler_ramsey,0.5,2.0% Ramsey,risk_aversion,combined,0,482.2769750932915,0.8145130735313817
6829,euler_ramsey,0.5,2.5% Ramsey,risk_aversion,combined,0,384.1024515587975,0.7585864513253245
6830,euler_ramsey,0.5,1.5% Ramsey,risk_aversion,combined,0,3810.2313794246793,0.5005830078506966
6830,euler_ramsey,0.5,2.0% Ramsey,risk_aversion,combined,0,3271.3568373164358,0.407886782427147
6830,euler_ramsey,0.5,2.5% Ramsey,risk_aversion,combined,0,2463.0616622833763,0.34428787700830765
6831,euler_ramsey,0.5,1.5% Ramsey,risk_aversion,combined,0,457.84650188124033,0.6168151916192984
6831,euler_ramsey,0.5,2.0% Ramsey,risk_aversion,combined,0,459.52307622710504,0.5262970091824738
6831,euler_ramsey,0.5,2.5% Ramsey,risk_aversion,combined,0,415.79948873917556,0.4603136955035794
6832,euler_ramsey,0.5,1.5% Ramsey,risk_aversion,combined,0,38.8077570809593,0.323137270595474
6832,euler_ramsey,0.5,2.0% Ramsey,risk_aversion,combined,0,12.153463730664205,0.23823405403862016
6832,euler_ramsey,0.5,2.5% Ramsey,risk_aversion,combined,0,2.6912440120502263,0.1860835329677709
6833,euler_ramsey,0.5,1.5% Ramsey,risk_aversion,combined,0,82.68307900042566,1.5716543594610282
6833,euler_ramsey,0.5,2.0% Ramsey,risk_aversion,combined,0,65.82584225996918,1.6557466774938296
6833,euler_ramsey,0.5,2.5% Ramsey,risk_aversion,combined,0,51.807858903122145,1.7047862744738453
6834,euler_ramsey,0.5,1.5% Ramsey,risk_aversion,combined,0,-59.96611713803355,0.8942910397264615
6834,euler_ramsey,0.5,2.0% Ramsey,risk_aversion,combined,0,-50.11668742004386,0.8297041518440207
6834,euler_ramsey,0.5,2.5% Ramsey,risk_aversion,combined,0,-37.30831951272734,0.7742489286988807
6835,euler_ramsey,0.5,1.5% Ramsey,risk_aversion,combined,0,70.75544015366326,2.087599158668613
6835,euler_ramsey,0.5,2.0% Ramsey,risk_aversion,combined,0,48.90656471515804,2.344368008866363
6835,euler_ramsey,0.5,2.5% Ramsey,risk_aversion,combined,0,36.71567229598823,2.5360124839548983
6836,euler_ramsey,0.5,1.5% Ramsey,risk_aversion,combined,0,1733.204322935354,0.2815580377487097
6836,euler_ramsey,0.5,2.0% Ramsey,risk_aversion,combined,0,867.284547995041,0.20129140605418916
6836,euler_ramsey,0.5,2.5% Ramsey,risk_aversion,combined,0,528.2628954287032,0.15353582556114598
6837,euler_ramsey,0.5,1.5% Ramsey,risk_aversion,combined,0,4395.4273022100815,0.13765406655272008
6837,euler_ramsey,0.5,2.0% Ramsey,risk_aversion,combined,0,3575.214708516095,0.08382581642393719
6837,euler_ramsey,0.5,2.5% Ramsey,risk_aversion,combined,0,2656.6646588060976,0.05648021569430267
6838,euler_ramsey,0.5,1.5% Ramsey,risk_aversion,combined,0,476.58131494942023,0.7453585772440096
6838,euler_ramsey,0.5,2.0% Ramsey,risk_aversion,combined,0,483.94854254015104,0.6637403320693864
6838,euler_ramsey,0.5,2.5% Ramsey,risk_aversion,combined,0,448.23697010111886,0.6000702327530663
6839,euler_ramsey,0.5,1.5% Ramsey,risk_aversion,combined,0,215.57855439051102,2.3501532976082493
6839,euler_ramsey,0.5,2.0% Ramsey,risk_aversion,combined,0,266.17387184310536,2.710923191289643
6839,euler_ramsey,0.5,2.5% Ramsey,risk_aversion,combined,0,278.5441511973967,2.994117258013694
6840,euler_ramsey,0.5,1.5% Ramsey,risk_aversion,combined,0,880.2476146379671,0.8536662187949958
6840,euler_ramsey,0.5,2.0% Ramsey,risk_aversion,combined,0,716.97283421106,0.7841314146456574
6840,euler_ramsey,0.5,2.5% Ramsey,risk_aversion,combined,0,541.4114112295499,0.7261673591185223
6841,euler_ramsey,0.5,1.5% Ramsey,risk_aversion,combined,0,-436.0468280746088,0.7053573839594213
6841,euler_ramsey,0.5,2.0% Ramsey,risk_aversion,combined,0,-402.7375512693422,0.6199835941317463
6841,euler_ramsey,0.5,2.5% Ramsey,risk_aversion,combined,0,-323.4774186192253,0.5548153973321941
6842,euler_ramsey,0.5,1.5% Ramsey,risk_aversion,combined,0,1966.6054335920555,0.848595857188594
6842,euler_ramsey,0.5,2.0% Ramsey,risk_aversion,combined,0,1722.9961017360438,0.7802354568169578
6842,euler_ramsey,0.5,2.5% Ramsey,risk_aversion,combined,0,1316.1093602049827,0.7233295453856838
6843,euler_ramsey,0.5,1.5% Ramsey,risk_aversion,combined,0,2.4524336362097863,2.106958029093753
6843,euler_ramsey,0.5,2.0% Ramsey,risk_aversion,combined,0,9.200356164897148,2.3709926409894893
6843,euler_ramsey,0.5,2.5% Ramsey,risk_aversion,combined,0,11.256986333762876,2.5688570752201674
6844,euler_ramsey,0.5,1.5% Ramsey,risk_aversion,combined,0,4162.650314458589,0.2352315700847523
6844,euler_ramsey,0.5,2.0% Ramsey,risk_aversion,combined,0,2360.8841624366714,0.16164070157997207
6844,euler_ramsey,0.5,2.5% Ramsey,risk_aversion,combined,0,1605.4405019838405,0.11958153619998242
6845,euler_ramsey,0.5,1.5% Ramsey,risk_aversion,combined,0,120.62117536128224,2.5501044392827295
6845,euler_ramsey,0.5,2.0% Ramsey,risk_aversion,combined,0,87.966199305273,2.9955219447092842
6845,euler_ramsey,0.5,2.5% Ramsey,risk_aversion,combined,0,64.63474218981757,3.3551157148666197
6846,euler_ramsey,0.5,1.5% Ramsey,risk_aversion,combined,0,427.7442236867452,1.3273031771615487
6846,euler_ramsey,0.5,2.0% Ramsey,risk_aversion,combined,0,317.1718728666534,1.3458473692347448
6846,euler_ramsey,0.5,2.5% Ramsey,risk_aversion,combined,0,215.86269249167623,1.3452864894195224
6847,euler_ramsey,0.5,1.5% Ramsey,risk_aversion,combined,0,569.4961888751488,1.0520564508731738
6847,euler_ramsey,0.5,2.0% Ramsey,risk_aversion,combined,0,298.0935082525243,1.0121030216402658
6847,euler_ramsey,0.5,2.5% Ramsey,risk_aversion,combined,0,178.98291903679902,0.9713149834714003
6848,euler_ramsey,0.5,1.5% Ramsey,risk_aversion,combined,0,678.1638186853276,1.5873313480164866
6848,euler_ramsey,0.5,2.0% Ramsey,risk_aversion,combined,0,491.8970234574769,1.6789369180632465
6848,euler_ramsey,0.5,2.5% Ramsey,risk_aversion,combined,0,359.9383104950381,1.7343686800910831
6849,euler_ramsey,0.5,1.5% Ramsey,risk_aversion,combined,0,-120.13324188879304,1.0794215668310652
6849,euler_ramsey,0.5,2.0% Ramsey,risk_aversion,combined,0,-78.3174482167031,1.0443327625504664
6849,euler_ramsey,0.5,2.5% Ramsey,risk_aversion,combined,0,-40.32851426211719,1.0066690714225512
6850,euler_ramsey,0.5,1.5% Ramsey,risk_aversion,combined,0,412.5018984758863,0.5619635081530837
6850,euler_ramsey,0.5,2.0% Ramsey,risk_aversion,combined,0,352.87376394372916,0.4697826684705073
6850,euler_ramsey,0.5,2.5% Ramsey,risk_aversion,combined,0,286.99562289517553,0.4044427029783205
6851,euler_ramsey,0.5,1.5% Ramsey,risk_aversion,combined,0,3489.620249388951,2.0760205315563307
6851,euler_ramsey,0.5,2.0% Ramsey,risk_aversion,combined,0,2623.642814033319,2.330098229631397
6851,euler_ramsey,0.5,2.5% Ramsey,risk_aversion,combined,0,1778.3466406062585,2.519858207937815
6852,euler_ramsey,0.5,1.5% Ramsey,risk_aversion,combined,0,1102.1331524499324,0.8702749853092275
6852,euler_ramsey,0.5,2.0% Ramsey,risk_aversion,combined,0,611.7279650094823,0.8037714900735916
6852,euler_ramsey,0.5,2.5% Ramsey,risk_aversion,combined,0,371.17090729793836,0.747652256037046
6853,euler_ramsey,0.5,1.5% Ramsey,risk_aversion,combined,0,607.8240453447912,1.1752488917150978
6853,euler_ramsey,0.5,2.0% Ramsey,risk_aversion,combined,0,541.007801261404,1.160278628333031
6853,euler_ramsey,0.5,2.5% Ramsey,risk_aversion,combined,0,429.2489122162419,1.1362858984969864
6854,euler_ramsey,0.5,1.5% Ramsey,risk_aversion,combined,0,921.8516522647435,0.40331687912945957
6854,euler_ramsey,0.5,2.0% Ramsey,risk_aversion,combined,0,665.5989902243789,0.31259218171565867
6854,euler_ramsey,0.5,2.5% Ramsey,risk_aversion,combined,0,456.54429028747734,0.25379813115414224
6855,euler_ramsey,0.5,1.5% Ramsey,risk_aversion,combined,0,720.2403271571816,0.7967504867546282
6855,euler_ramsey,0.5,2.0% Ramsey,risk_aversion,combined,0,512.5434113454266,0.7208935427989959
6855,euler_ramsey,0.5,2.5% Ramsey,risk_aversion,combined,0,354.5882233450332,0.6598400762916484
6856,euler_ramsey,0.5,1.5% Ramsey,risk_aversion,combined,0,586.9492445201464,0.33522343475795957
6856,euler_ramsey,0.5,2.0% Ramsey,risk_aversion,combined,0,306.506306657307,0.24919053932702415
6856,euler_ramsey,0.5,2.5% Ramsey,risk_aversion,combined,0,177.73658712908406,0.19588761634617907
6857,euler_ramsey,0.5,1.5% Ramsey,risk_aversion,combined,0,194.89824657478366,1.7381703092392122
6857,euler_ramsey,0.5,2.0% Ramsey,risk_aversion,combined,0,148.8306331466116,1.873174326815886
6857,euler_ramsey,0.5,2.5% Ramsey,risk_aversion,combined,0,112.39808210361394,1.9628390012904942
6858,euler_ramsey,0.5,1.5% Ramsey,risk_aversion,combined,0,-473.6505875066483,0.7410728692233189
6858,euler_ramsey,0.5,2.0% Ramsey,risk_aversion,combined,0,-390.545625562367,0.6587864923455238
6858,euler_ramsey,0.5,2.5% Ramsey,risk_aversion,combined,0,-278.2903656602989,0.594732167347613
6859,euler_ramsey,0.5,1.5% Ramsey,risk_aversion,combined,0,-1010.5831503894976,0.5291872898838572
6859,euler_ramsey,0.5,2.0% Ramsey,risk_aversion,combined,0,-798.9017752714822,0.43605740808487253
6859,euler_ramsey,0.5,2.5% Ramsey,risk_aversion,combined,0,-562.9418640756146,0.371217374612852
6860,euler_ramsey,0.5,1.5% Ramsey,risk_aversion,combined,0,155.6316980370994,1.9255044389481362
6860,euler_ramsey,0.5,2.0% Ramsey,risk_aversion,combined,0,103.88329022375416,2.1230619259752688
6860,euler_ramsey,0.5,2.5% Ramsey,risk_aversion,combined,0,63.942630129032594,2.2642291061001933
6861,euler_ramsey,0.5,1.5% Ramsey,risk_aversion,combined,0,564.5300665145503,0.6711837996342791
6861,euler_ramsey,0.5,2.0% Ramsey,risk_aversion,combined,0,238.28725343488955,0.5837923119928625
6861,euler_ramsey,0.5,2.5% Ramsey,risk_aversion,combined,0,129.99201767179233,0.5182604490621487
6862,euler_ramsey,0.5,1.5% Ramsey,risk_aversion,combined,0,5172.61667541888,0.6094552089631499
6862,euler_ramsey,0.5,2.0% Ramsey,risk_aversion,combined,0,4067.111343968476,0.519198436717943
6862,euler_ramsey,0.5,2.5% Ramsey,risk_aversion,combined,0,2924.733211269016,0.4536035736755522
6863,euler_ramsey,0.5,1.5% Ramsey,risk_aversion,combined,0,-326.2819439193109,0.6658604927162268
6863,euler_ramsey,0.5,2.0% Ramsey,risk_aversion,combined,0,-265.06947876992996,0.5780749963433737
6863,euler_ramsey,0.5,2.5% Ramsey,risk_aversion,combined,0,-196.1445338935665,0.5124095082844539
6864,euler_ramsey,0.5,1.5% Ramsey,risk_aversion,combined,0,1099.4998403821935,1.8456691132357215
6864,euler_ramsey,0.5,2.0% Ramsey,risk_aversion,combined,0,741.7726418033468,2.0166137793670478
6864,euler_ramsey,0.5,2.5% Ramsey,risk_aversion,combined,0,480.4110558036344,2.135851061410947
6865,euler_ramsey,0.5,1.5% Ramsey,risk_aversion,combined,0,2078.759292391192,0.665705024182307
6865,euler_ramsey,0.5,2.0% Ramsey,risk_aversion,combined,0,1483.6407617050554,0.5780422401204899
6865,euler_ramsey,0.5,2.5% Ramsey,risk_aversion,combined,0,982.0225408494305,0.5124890077125202
6866,euler_ramsey,0.5,1.5% Ramsey,risk_aversion,combined,0,1135.2860150569713,0.3110012994061804
6866,euler_ramsey,0.5,2.0% Ramsey,risk_aversion,combined,0,1026.164531283549,0.22736835931435798
6866,euler_ramsey,0.5,2.5% Ramsey,risk_aversion,combined,0,811.0303872621469,0.17645142807902137
6867,euler_ramsey,0.5,1.5% Ramsey,risk_aversion,combined,0,22563.116943635086,0.1356528681896272
6867,euler_ramsey,0.5,2.0% Ramsey,risk_aversion,combined,0,17675.484646733254,0.08281809426063493
6867,euler_ramsey,0.5,2.5% Ramsey,risk_aversion,combined,0,12969.673407638915,0.055941478652315704
6868,euler_ramsey,0.5,1.5% Ramsey,risk_aversion,combined,0,510.6920705534006,0.24254767700148053
6868,euler_ramsey,0.5,2.0% Ramsey,risk_aversion,combined,0,224.53582782289786,0.167653517781674
6868,euler_ramsey,0.5,2.5% Ramsey,risk_aversion,combined,0,144.10082777284043,0.12458429102998933
6869,euler_ramsey,0.5,1.5% Ramsey,risk_aversion,combined,0,1286.240686793138,0.636776785199896
6869,euler_ramsey,0.5,2.0% Ramsey,risk_aversion,combined,0,1058.4214539922102,0.5479816416688161
6869,euler_ramsey,0.5,2.5% Ramsey,risk_aversion,combined,0,806.922711317766,0.4825651445364493
6870,euler_ramsey,0.5,1.5% Ramsey,risk_aversion,combined,0,560.5197935815725,2.0490580679124464
6870,euler_ramsey,0.5,2.0% Ramsey,risk_aversion,combined,0,439.2707795115571,2.29241027106733
6870,euler_ramsey,0.5,2.5% Ramsey,risk_aversion,combined,0,329.41006579637167,2.472818997333439
6871,euler_ramsey,0.5,1.5% Ramsey,risk_aversion,combined,0,644.9484662455161,0.5854200344708703
6871,euler_ramsey,0.5,2.0% Ramsey,risk_aversion,combined,0,479.3245618502973,0.4933291088738806
6871,euler_ramsey,0.5,2.5% Ramsey,risk_aversion,combined,0,338.17930598080403,0.4273157095349195
6872,euler_ramsey,0.5,1.5% Ramsey,risk_aversion,combined,0,3844.27129427863,0.514948684995065
6872,euler_ramsey,0.5,2.0% Ramsey,risk_aversion,combined,0,3305.623834570497,0.4220366019250975
6872,euler_ramsey,0.5,2.5% Ramsey,risk_aversion,combined,0,2471.266025391248,0.35781559177106176
6873,euler_ramsey,0.5,1.5% Ramsey,risk_aversion,combined,0,462.61213119512746,0.6339443739296523
6873,euler_ramsey,0.5,2.0% Ramsey,risk_aversion,combined,0,384.03141930931054,0.544023815136745
6873,euler_ramsey,0.5,2.5% Ramsey,risk_aversion,combined,0,279.41636881855015,0.47790894499333003
6874,euler_ramsey,0.5,1.5% Ramsey,risk_aversion,combined,0,268.6121483322003,0.4452527781137101
6874,euler_ramsey,0.5,2.0% Ramsey,risk_aversion,combined,0,203.36910104592465,0.35279092746911317
6874,euler_ramsey,0.5,2.5% Ramsey,risk_aversion,combined,0,139.34610873790498,0.29135804989561737
6875,euler_ramsey,0.5,1.5% Ramsey,risk_aversion,combined,0,2633.8026457973206,0.9219294579431476
6875,euler_ramsey,0.5,2.0% Ramsey,risk_aversion,combined,0,1671.651163281937,0.8617918984586751
6875,euler_ramsey,0.5,2.5% Ramsey,risk_aversion,combined,0,995.0459416371053,0.8089541826124195
6876,euler_ramsey,0.5,1.5% Ramsey,risk_aversion,combined,0,-303.47048866866544,0.7351255749932482
6876,euler_ramsey,0.5,2.0% Ramsey,risk_aversion,combined,0,-203.07663476183353,0.6521771970212946
6876,euler_ramsey,0.5,2.5% Ramsey,risk_aversion,combined,0,-122.74947994843184,0.5878434054278094
6877,euler_ramsey,0.5,1.5% Ramsey,risk_aversion,combined,0,848.5151486086216,0.38397508119736823
6877,euler_ramsey,0.5,2.0% Ramsey,risk_aversion,combined,0,652.7640585478466,0.294319470710855
6877,euler_ramsey,0.5,2.5% Ramsey,risk_aversion,combined,0,441.11849798757436,0.2369181014609525
6878,euler_ramsey,0.5,1.5% Ramsey,risk_aversion,combined,0,319.3693694053397,2.0849803235946793
6878,euler_ramsey,0.5,2.0% Ramsey,risk_aversion,combined,0,243.38927527365016,2.340975183248014
6878,euler_ramsey,0.5,2.5% Ramsey,risk_aversion,combined,0,176.1745149869052,2.532062554167455
6879,euler_ramsey,0.5,1.5% Ramsey,risk_aversion,combined,0,-1223.412945322076,0.2393734467587306
6879,euler_ramsey,0.5,2.0% Ramsey,risk_aversion,combined,0,-555.5934868701004,0.16499586717006307
6879,euler_ramsey,0.5,2.5% Ramsey,risk_aversion,combined,0,-339.31310879393095,0.1223432787983843
6880,euler_ramsey,0.5,1.5% Ramsey,risk_aversion,combined,0,32.12889477363611,0.8695019333959321
6880,euler_ramsey,0.5,2.0% Ramsey,risk_aversion,combined,0,61.17704803019258,0.8018018548474588
6880,euler_ramsey,0.5,2.5% Ramsey,risk_aversion,combined,0,73.7587399618679,0.7447596022920517
6881,euler_ramsey,0.5,1.5% Ramsey,risk_aversion,combined,0,213.95667386552063,2.210296359792358
6881,euler_ramsey,0.5,2.0% Ramsey,risk_aversion,combined,0,142.56081307284987,2.5143662999487697
6881,euler_ramsey,0.5,2.5% Ramsey,risk_aversion,combined,0,100.46575624122367,2.7472694553368737
6882,euler_ramsey,0.5,1.5% Ramsey,risk_aversion,combined,0,3269.333859899694,0.3038862780738835
6882,euler_ramsey,0.5,2.0% Ramsey,risk_aversion,combined,0,1505.7266338999607,0.22108465275759598
6882,euler_ramsey,0.5,2.5% Ramsey,risk_aversion,combined,0,858.3104909339686,0.17093374185037544
6883,euler_ramsey,0.5,1.5% Ramsey,risk_aversion,combined,0,-745.8423767156029,0.1908599244293881
6883,euler_ramsey,0.5,2.0% Ramsey,risk_aversion,combined,0,-299.298240876935,0.12500272595828946
6883,euler_ramsey,0.5,2.5% Ramsey,risk_aversion,combined,0,-168.03424051618373,0.08909591672008547
6884,euler_ramsey,0.5,1.5% Ramsey,risk_aversion,combined,0,5528.235047596927,0.6100891395469278
6884,euler_ramsey,0.5,2.0% Ramsey,risk_aversion,combined,0,2556.8753383102926,0.521135561122597
6884,euler_ramsey,0.5,2.5% Ramsey,risk_aversion,combined,0,1420.4293904042106,0.45634763154967356
6885,euler_ramsey,0.5,1.5% Ramsey,risk_aversion,combined,0,202.20357078629297,1.7229507752244462
6885,euler_ramsey,0.5,2.0% Ramsey,risk_aversion,combined,0,138.24360646124444,1.8530188245196428
6885,euler_ramsey,0.5,2.5% Ramsey,risk_aversion,combined,0,102.3364701122863,1.9386119979482932
6886,euler_ramsey,0.5,1.5% Ramsey,risk_aversion,combined,0,1061.8764112086017,1.1481551776749945
6886,euler_ramsey,0.5,2.0% Ramsey,risk_aversion,combined,0,795.08572981737,1.1269007361545085
6886,euler_ramsey,0.5,2.5% Ramsey,risk_aversion,combined,0,574.5422457311487,1.098420127786772
6887,euler_ramsey,0.5,1.5% Ramsey,risk_aversion,combined,0,376.8432280094232,1.2018097463781898
6887,euler_ramsey,0.5,2.0% Ramsey,risk_aversion,combined,0,319.0554987592483,1.1911083368242326
6887,euler_ramsey,0.5,2.5% Ramsey,risk_aversion,combined,0,258.02511612464167,1.1697083946502813
6888,euler_ramsey,0.5,1.5% Ramsey,risk_aversion,combined,0,280.72235249611464,1.3111529947656688
6888,euler_ramsey,0.5,2.0% Ramsey,risk_aversion,combined,0,171.55629080978997,1.3263374357677296
6888,euler_ramsey,0.5,2.5% Ramsey,risk_aversion,combined,0,107.46597798954298,1.3233968420469728
6889,euler_ramsey,0.5,1.5% Ramsey,risk_aversion,combined,0,16.73541156493256,0.9698723726883107
6889,euler_ramsey,0.5,2.0% Ramsey,risk_aversion,combined,0,9.62024555434758,0.9168626671347155
6889,euler_ramsey,0.5,2.5% Ramsey,risk_aversion,combined,0,8.159393073862194,0.8681785030641627
6890,euler_ramsey,0.5,1.5% Ramsey,risk_aversion,combined,0,103.39334552257519,1.3576023846047505
6890,euler_ramsey,0.5,2.0% Ramsey,risk_aversion,combined,0,72.90920216466542,1.384230875847555
6890,euler_ramsey,0.5,2.5% Ramsey,risk_aversion,combined,0,56.852499710848505,1.3896887849325212
6891,euler_ramsey,0.5,1.5% Ramsey,risk_aversion,combined,0,-559.2276724648011,0.19345055471519468
6891,euler_ramsey,0.5,2.0% Ramsey,risk_aversion,combined,0,-347.43964460869654,0.1271039493303213
6891,euler_ramsey,0.5,2.5% Ramsey,risk_aversion,combined,0,-240.08819776895717,0.09081784231918019
6892,euler_ramsey,0.5,1.5% Ramsey,risk_aversion,combined,0,391.9357359449722,1.1821750662281754
6892,euler_ramsey,0.5,2.0% Ramsey,risk_aversion,combined,0,347.8241383016326,1.168073951039048
6892,euler_ramsey,0.5,2.5% Ramsey,risk_aversion,combined,0,276.98413753111896,1.1445703143163608
6893,euler_ramsey,0.5,1.5% Ramsey,risk_aversion,combined,0,732.2619965601888,1.3771521668021616
6893,euler_ramsey,0.5,2.0% Ramsey,risk_aversion,combined,0,486.8095640685581,1.4089979922469582
6893,euler_ramsey,0.5,2.5% Ramsey,risk_aversion,combined,0,324.2595846642199,1.418394742081817
6894,euler_ramsey,0.5,1.5% Ramsey,risk_aversion,combined,0,628.5450565197474,1.9576563110456497
6894,euler_ramsey,0.5,2.0% Ramsey,risk_aversion,combined,0,496.87884132949574,2.167512424545392
6894,euler_ramsey,0.5,2.5% Ramsey,risk_aversion,combined,0,370.38399049512003,2.319304284179298
6895,euler_ramsey,0.5,1.5% Ramsey,risk_aversion,combined,0,589.977309944597,1.096760470212142
6895,euler_ramsey,0.5,2.0% Ramsey,risk_aversion,combined,0,365.8995312162044,1.0658924277927482
6895,euler_ramsey,0.5,2.5% Ramsey,risk_aversion,combined,0,230.9545569943007,1.0311209792142908
6896,euler_ramsey,0.5,1.5% Ramsey,risk_aversion,combined,0,5434.362846346895,0.30838537215587947
6896,euler_ramsey,0.5,2.0% Ramsey,risk_aversion,combined,0,2750.0846065106266,0.2253049124994235
6896,euler_ramsey,0.5,2.5% Ramsey,risk_aversion,combined,0,1558.2268931765286,0.17478013088002245
6897,euler_ramsey,0.5,1.5% Ramsey,risk_aversion,combined,0,395.8458869475995,1.2613250177781998
6897,euler_ramsey,0.5,2.0% Ramsey,risk_aversion,combined,0,311.6865544350296,1.2662726783949836
6897,euler_ramsey,0.5,2.5% Ramsey,risk_aversion,combined,0,230.38241902174573,1.2562197810329603
6898,euler_ramsey,0.5,1.5% Ramsey,risk_aversion,combined,0,4718.612232534436,0.5347057490909809
6898,euler_ramsey,0.5,2.0% Ramsey,risk_aversion,combined,0,3204.588741654014,0.4424453293223384
6898,euler_ramsey,0.5,2.5% Ramsey,risk_aversion,combined,0,2089.5543982429226,0.37794845114682807
6899,euler_ramsey,0.5,1.5% Ramsey,risk_aversion,combined,0,1882.8758169178263,1.0738301591064565
6899,euler_ramsey,0.5,2.0% Ramsey,risk_aversion,combined,0,1323.8947373941191,1.038674706752525
6899,euler_ramsey,0.5,2.5% Ramsey,risk_aversion,combined,0,906.8772297471471,1.001160164601158
6900,euler_ramsey,0.5,1.5% Ramsey,risk_aversion,combined,0,830.1325729182271,0.5843038212879905
6900,euler_ramsey,0.5,2.0% Ramsey,risk_aversion,combined,0,664.5173499600844,0.49220316948384707
6900,euler_ramsey,0.5,2.5% Ramsey,risk_aversion,combined,0,485.77703718330343,0.42621895566563894
6901,euler_ramsey,0.5,1.5% Ramsey,risk_aversion,combined,0,1954.6690269865755,1.1288986584730905
6901,euler_ramsey,0.5,2.0% Ramsey,risk_aversion,combined,0,1365.432579057617,1.1060361729425254
6901,euler_ramsey,0.5,2.5% Ramsey,risk_aversion,combined,0,945.6347052428986,1.0769418814308458
6902,euler_ramsey,0.5,1.5% Ramsey,risk_aversion,combined,0,325.2621519286978,1.9966186782114035
6902,euler_ramsey,0.5,2.0% Ramsey,risk_aversion,combined,0,265.352000911402,2.220443912515054
6902,euler_ramsey,0.5,2.5% Ramsey,risk_aversion,combined,0,205.93878771755251,2.3840747516990115
6903,euler_ramsey,0.5,1.5% Ramsey,risk_aversion,combined,0,1601.265176207207,0.3959525051695424
6903,euler_ramsey,0.5,2.0% Ramsey,risk_aversion,combined,0,917.1225142219785,0.30573698400118876
6903,euler_ramsey,0.5,2.5% Ramsey,risk_aversion,combined,0,607.9366760924713,0.24752475461033177
6904,euler_ramsey,0.5,1.5% Ramsey,risk_aversion,combined,0,467.3314528087824,0.8587148194533638
6904,euler_ramsey,0.5,2.0% Ramsey,risk_aversion,combined,0,380.807086294009,0.7893395450599344
6904,euler_ramsey,0.5,2.5% Ramsey,risk_aversion,combined,0,285.7770812530762,0.7313596794042078
6905,euler_ramsey,0.5,1.5% Ramsey,risk_aversion,combined,0,781.7894493697485,1.695377444390891
6905,euler_ramsey,0.5,2.0% Ramsey,risk_aversion,combined,0,509.5345183905954,1.8172339769219088
6905,euler_ramsey,0.5,2.5% Ramsey,risk_aversion,combined,0,335.95027329858095,1.8963376843505464
6906,euler_ramsey,0.5,1.5% Ramsey,risk_aversion,combined,0,334.376607399558,1.6508308903115334
6906,euler_ramsey,0.5,2.0% Ramsey,risk_aversion,combined,0,238.0946206873928,1.7584114520257155
6906,euler_ramsey,0.5,2.5% Ramsey,risk_aversion,combined,0,164.90868108598997,1.825961229928562
6907,euler_ramsey,0.5,1.5% Ramsey,risk_aversion,combined,0,-23.904470106120655,3.987254743150825
6907,euler_ramsey,0.5,2.0% Ramsey,risk_aversion,combined,0,-18.82537490098176,5.179040093235871
6907,euler_ramsey,0.5,2.5% Ramsey,risk_aversion,combined,0,-13.79041638810816,6.269521511886805
6908,euler_ramsey,0.5,1.5% Ramsey,risk_aversion,combined,0,-1298.9280362964384,0.4515669189003623
6908,euler_ramsey,0.5,2.0% Ramsey,risk_aversion,combined,0,-1054.9971781397971,0.3591671334557517
6908,euler_ramsey,0.5,2.5% Ramsey,risk_aversion,combined,0,-763.3477659386491,0.29751507051351134
6909,euler_ramsey,0.5,1.5% Ramsey,risk_aversion,combined,0,645.6297048733262,1.0628017016328235
6909,euler_ramsey,0.5,2.0% Ramsey,risk_aversion,combined,0,585.2158631681804,1.0251194698780226
6909,euler_ramsey,0.5,2.5% Ramsey,risk_aversion,combined,0,477.6963525056296,0.9859199528962386
6910,euler_ramsey,0.5,1.5% Ramsey,risk_aversion,combined,0,8191.799773641801,0.25972226977942037
6910,euler_ramsey,0.5,2.0% Ramsey,risk_aversion,combined,0,4662.234261335747,0.18246513693492278
6910,euler_ramsey,0.5,2.5% Ramsey,risk_aversion,combined,0,2836.9439192247078,0.1373173546183385
6911,euler_ramsey,0.5,1.5% Ramsey,risk_aversion,combined,0,2962.467463272296,0.6040948872468529
6911,euler_ramsey,0.5,2.0% Ramsey,risk_aversion,combined,0,2606.4912699666,0.5134826545152489
6911,euler_ramsey,0.5,2.5% Ramsey,risk_aversion,combined,0,1980.1511047053637,0.4478236697184947
6912,euler_ramsey,0.5,1.5% Ramsey,risk_aversion,combined,0,603.9705795687396,0.8464819418118865
6912,euler_ramsey,0.5,2.0% Ramsey,risk_aversion,combined,0,401.5835881030878,0.7766327704816415
6912,euler_ramsey,0.5,2.5% Ramsey,risk_aversion,combined,0,261.1161387271323,0.7185657993086191
6913,euler_ramsey,0.5,1.5% Ramsey,risk_aversion,combined,0,149.09912394077324,2.171187534141694
6913,euler_ramsey,0.5,2.0% Ramsey,risk_aversion,combined,0,183.94109168537605,2.4599423200072192
6913,euler_ramsey,0.5,2.5% Ramsey,risk_aversion,combined,0,187.10129049350925,2.679341831934528
6914,euler_ramsey,0.5,1.5% Ramsey,risk_aversion,combined,0,-1178.4637244121404,0.4739248227458638
6914,euler_ramsey,0.5,2.0% Ramsey,risk_aversion,combined,0,-467.0422756516143,0.38098751268786707
6914,euler_ramsey,0.5,2.5% Ramsey,risk_aversion,combined,0,-213.20554268080028,0.318201026448319
6915,euler_ramsey,0.5,1.5% Ramsey,risk_aversion,combined,0,4733.684074818967,0.8979369531612158
6915,euler_ramsey,0.5,2.0% Ramsey,risk_aversion,combined,0,3929.669579456616,0.8373428135589186
6915,euler_ramsey,0.5,2.5% Ramsey,risk_aversion,combined,0,2878.185081948106,0.7848220261638637
6916,euler_ramsey,0.5,1.5% Ramsey,risk_aversion,combined,0,237.62375242501062,1.0194921929149845
6916,euler_ramsey,0.5,2.0% Ramsey,risk_aversion,combined,0,227.84217134071915,0.9747486267111996
6916,euler_ramsey,0.5,2.5% Ramsey,risk_aversion,combined,0,195.13653498694157,0.9310915777455169
6917,euler_ramsey,0.5,1.5% Ramsey,risk_aversion,combined,0,888.6963648668635,0.5728906924285696
6917,euler_ramsey,0.5,2.0% Ramsey,risk_aversion,combined,0,309.26040687537386,0.4812758874584078
6917,euler_ramsey,0.5,2.5% Ramsey,risk_aversion,combined,0,159.426648844684,0.4159569060395462
6918,euler_ramsey,0.5,1.5% Ramsey,risk_aversion,combined,0,-482.9283161414493,0.44286589733690757
6918,euler_ramsey,0.5,2.0% Ramsey,risk_aversion,combined,0,-381.7509241786738,0.35048820211670584
6918,euler_ramsey,0.5,2.5% Ramsey,risk_aversion,combined,0,-257.3834046796659,0.2891934738610747
6919,euler_ramsey,0.5,1.5% Ramsey,risk_aversion,combined,0,1974.9424671259285,0.3220707602366802
6919,euler_ramsey,0.5,2.0% Ramsey,risk_aversion,combined,0,1005.711213432193,0.23727073135506363
6919,euler_ramsey,0.5,2.5% Ramsey,risk_aversion,combined,0,507.9948275279238,0.18522537031199104
6920,euler_ramsey,0.5,1.5% Ramsey,risk_aversion,combined,0,832.5444740822082,0.5744058564776054
6920,euler_ramsey,0.5,2.0% Ramsey,risk_aversion,combined,0,539.5492150150071,0.4826192944233125
6920,euler_ramsey,0.5,2.5% Ramsey,risk_aversion,combined,0,345.4145618479833,0.41713039850010236
6921,euler_ramsey,0.5,1.5% Ramsey,risk_aversion,combined,0,-1970.5663086018044,0.3917941953785597
6921,euler_ramsey,0.5,2.0% Ramsey,risk_aversion,combined,0,-1789.6422812817711,0.3019838499174883
6921,euler_ramsey,0.5,2.5% Ramsey,risk_aversion,combined,0,-1404.1203019070604,0.2441486235048394
6922,euler_ramsey,0.5,1.5% Ramsey,risk_aversion,combined,0,955.8939965860291,0.8071938628668391
6922,euler_ramsey,0.5,2.0% Ramsey,risk_aversion,combined,0,628.7099367382591,0.7317879785419079
6922,euler_ramsey,0.5,2.5% Ramsey,risk_aversion,combined,0,397.8878351049988,0.6708142503046343
6923,euler_ramsey,0.5,1.5% Ramsey,risk_aversion,combined,0,6161.382221962097,0.1402817895323588
6923,euler_ramsey,0.5,2.0% Ramsey,risk_aversion,combined,0,5081.811362591658,0.08575007385796539
6923,euler_ramsey,0.5,2.5% Ramsey,risk_aversion,combined,0,3663.1186717952723,0.05794353479045986
6924,euler_ramsey,0.5,1.5% Ramsey,risk_aversion,combined,0,462.5396131056323,1.7795921926400582
6924,euler_ramsey,0.5,2.0% Ramsey,risk_aversion,combined,0,358.493833903821,1.9283068817798328
6924,euler_ramsey,0.5,2.5% Ramsey,risk_aversion,combined,0,260.4303205561392,2.029180769291081
6925,euler_ramsey,0.5,1.5% Ramsey,risk_aversion,combined,0,4839.896347945898,0.24818238709037882
6925,euler_ramsey,0.5,2.0% Ramsey,risk_aversion,combined,0,1668.8145220498575,0.1725603978353427
6925,euler_ramsey,0.5,2.5% Ramsey,risk_aversion,combined,0,899.2164718349891,0.12882486593690345
6926,euler_ramsey,0.5,1.5% Ramsey,risk_aversion,combined,0,444.5614519129276,0.948024988243239
6926,euler_ramsey,0.5,2.0% Ramsey,risk_aversion,combined,0,290.5197797012085,0.8920417956986518
6926,euler_ramsey,0.5,2.5% Ramsey,risk_aversion,combined,0,190.81695715332708,0.8416785087792694
6927,euler_ramsey,0.5,1.5% Ramsey,risk_aversion,combined,0,1972.7051746536192,0.5503441286200415
6927,euler_ramsey,0.5,2.0% Ramsey,risk_aversion,combined,0,1584.8376668698374,0.45779639224926627
6927,euler_ramsey,0.5,2.5% Ramsey,risk_aversion,combined,0,1131.3655038344652,0.3926170700296395
6928,euler_ramsey,0.5,1.5% Ramsey,risk_aversion,combined,0,121.74867345079126,0.9144880859318955
6928,euler_ramsey,0.5,2.0% Ramsey,risk_aversion,combined,0,75.0399100867395,0.8526024775734456
6928,euler_ramsey,0.5,2.5% Ramsey,risk_aversion,combined,0,47.4992697566447,0.79861061634997
6929,euler_ramsey,0.5,1.5% Ramsey,risk_aversion,combined,0,-213.3954011910467,0.7637522643871298
6929,euler_ramsey,0.5,2.0% Ramsey,risk_aversion,combined,0,-196.53450527237223,0.6835975544562732
6929,euler_ramsey,0.5,2.5% Ramsey,risk_aversion,combined,0,-163.41113821067262,0.6204060601100394
6930,euler_ramsey,0.5,1.5% Ramsey,risk_aversion,combined,0,447.97057659542565,0.9258106071042745
6930,euler_ramsey,0.5,2.0% Ramsey,risk_aversion,combined,0,331.93203623544304,0.8660461665092071
6930,euler_ramsey,0.5,2.5% Ramsey,risk_aversion,combined,0,235.08383317698434,0.8133603927310898
6931,euler_ramsey,0.5,1.5% Ramsey,risk_aversion,combined,0,-1174.1479289835609,0.2674988522617906
6931,euler_ramsey,0.5,2.0% Ramsey,risk_aversion,combined,0,-590.5903793216274,0.18901602808444973
6931,euler_ramsey,0.5,2.5% Ramsey,risk_aversion,combined,0,-340.8603610178032,0.14286968574401143
6932,euler_ramsey,0.5,1.5% Ramsey,risk_aversion,combined,0,150.73010854920415,0.6212057067015647
6932,euler_ramsey,0.5,2.0% Ramsey,risk_aversion,combined,0,98.40543614513,0.5307407401505284
6932,euler_ramsey,0.5,2.5% Ramsey,risk_aversion,combined,0,56.97073797899137,0.4646510863574864
6933,euler_ramsey,0.5,1.5% Ramsey,risk_aversion,combined,0,357.2490387354971,2.126329069329355
6933,euler_ramsey,0.5,2.0% Ramsey,risk_aversion,combined,0,278.2359281512292,2.3977710263948144
6933,euler_ramsey,0.5,2.5% Ramsey,risk_aversion,combined,0,201.62480544181497,2.60213825806111
6934,euler_ramsey,0.5,1.5% Ramsey,risk_aversion,combined,0,1934.6365021809615,0.5489587088375998
6934,euler_ramsey,0.5,2.0% Ramsey,risk_aversion,combined,0,1244.1283546278476,0.45612641997680686
6934,euler_ramsey,0.5,2.5% Ramsey,risk_aversion,combined,0,814.3542565717028,0.39082060008058206
6935,euler_ramsey,0.5,1.5% Ramsey,risk_aversion,combined,0,751.6821173663184,0.5171127605588471
6935,euler_ramsey,0.5,2.0% Ramsey,risk_aversion,combined,0,216.40970064701307,0.42385604326138343
6935,euler_ramsey,0.5,2.5% Ramsey,risk_aversion,combined,0,99.58936035983751,0.3593614541948432
6936,euler_ramsey,0.5,1.5% Ramsey,risk_aversion,combined,0,236.76328671857377,2.7353355383191973
6936,euler_ramsey,0.5,2.0% Ramsey,risk_aversion,combined,0,154.24066207130724,3.2643544683950925
6936,euler_ramsey,0.5,2.5% Ramsey,risk_aversion,combined,0,107.32456878528878,3.701355068332871
6937,euler_ramsey,0.5,1.5% Ramsey,risk_aversion,combined,0,1722.909948856673,0.3096799111563926
6937,euler_ramsey,0.5,2.0% Ramsey,risk_aversion,combined,0,590.621625327591,0.22618113809562904
6937,euler_ramsey,0.5,2.5% Ramsey,risk_aversion,combined,0,304.9353923621942,0.1753970521163437
6938,euler_ramsey,0.5,1.5% Ramsey,risk_aversion,combined,0,-391.95455518836485,0.30395852044176397
6938,euler_ramsey,0.5,2.0% Ramsey,risk_aversion,combined,0,-219.09166677376444,0.2210476158393437
6938,euler_ramsey,0.5,2.5% Ramsey,risk_aversion,combined,0,-136.14065134607057,0.17084110272558745
6939,euler_ramsey,0.5,1.5% Ramsey,risk_aversion,combined,0,-227.5573880679388,0.38579205999044575
6939,euler_ramsey,0.5,2.0% Ramsey,risk_aversion,combined,0,-166.63904015476737,0.29599114520247494
6939,euler_ramsey,0.5,2.5% Ramsey,risk_aversion,combined,0,-107.43799117167902,0.23843534305261965
6940,euler_ramsey,0.5,1.5% Ramsey,risk_aversion,combined,0,230.22495925568842,1.8580041069104811
6940,euler_ramsey,0.5,2.0% Ramsey,risk_aversion,combined,0,160.40917610908474,2.032616601257804
6940,euler_ramsey,0.5,2.5% Ramsey,risk_aversion,combined,0,111.14298416321964,2.1547531729269838
6941,euler_ramsey,0.5,1.5% Ramsey,risk_aversion,combined,0,-198.53645829226855,0.5412991367556947
6941,euler_ramsey,0.5,2.0% Ramsey,risk_aversion,combined,0,-91.00102382695815,0.4482576125545096
6941,euler_ramsey,0.5,2.5% Ramsey,risk_aversion,combined,0,-44.68663619889445,0.3830711633969018
6942,euler_ramsey,0.5,1.5% Ramsey,risk_aversion,combined,0,312.85074844767337,1.9683230730832446
6942,euler_ramsey,0.5,2.0% Ramsey,risk_aversion,combined,0,253.81474052358968,2.1815405333999003
6942,euler_ramsey,0.5,2.5% Ramsey,risk_aversion,combined,0,196.76602720313022,2.336092232316631
6943,euler_ramsey,0.5,1.5% Ramsey,risk_aversion,combined,0,-7.1104947589138945,1.7253260248177538
6943,euler_ramsey,0.5,2.0% Ramsey,risk_aversion,combined,0,-8.210341205225106,1.8563137287486131
6943,euler_ramsey,0.5,2.5% Ramsey,risk_aversion,combined,0,-4.634760981733425,1.9426212030629795
6944,euler_ramsey,0.5,1.5% Ramsey,risk_aversion,combined,0,676.8111046904521,1.5106195409436292
6944,euler_ramsey,0.5,2.0% Ramsey,risk_aversion,combined,0,515.403371106389,1.577759861891755
6944,euler_ramsey,0.5,2.5% Ramsey,risk_aversion,combined,0,367.7404772090533,1.6138215713694077
6945,euler_ramsey,0.5,1.5% Ramsey,risk_aversion,combined,0,87.24599425748279,2.120432767256961
6945,euler_ramsey,0.5,2.0% Ramsey,risk_aversion,combined,0,58.28988435976688,2.3895918615622813
6945,euler_ramsey,0.5,2.5% Ramsey,risk_aversion,combined,0,40.62140223193682,2.591925592435281
6946,euler_ramsey,0.5,1.5% Ramsey,risk_aversion,combined,0,1267.934609398411,0.3896191493937355
6946,euler_ramsey,0.5,2.0% Ramsey,risk_aversion,combined,0,814.6732876900604,0.2997716285500827
6946,euler_ramsey,0.5,2.5% Ramsey,risk_aversion,combined,0,522.8762687845905,0.24202101419151703
6947,euler_ramsey,0.5,1.5% Ramsey,risk_aversion,combined,0,16302.405489512621,0.5089196833244354
6947,euler_ramsey,0.5,2.0% Ramsey,risk_aversion,combined,0,5538.614202281313,0.4170895867226648
6947,euler_ramsey,0.5,2.5% Ramsey,risk_aversion,combined,0,2297.783342662367,0.3537148422363682
6948,euler_ramsey,0.5,1.5% Ramsey,risk_aversion,combined,0,110.71742882816261,0.2923194675976477
6948,euler_ramsey,0.5,2.0% Ramsey,risk_aversion,combined,0,42.71803835353527,0.210808194332242
6948,euler_ramsey,0.5,2.5% Ramsey,risk_aversion,combined,0,15.771336511342469,0.1618792380730853
6949,euler_ramsey,0.5,1.5% Ramsey,risk_aversion,combined,0,734.7681394298237,0.8406550556228678
6949,euler_ramsey,0.5,2.0% Ramsey,risk_aversion,combined,0,649.3378578473954,0.7702812285441801
6949,euler_ramsey,0.5,2.5% Ramsey,risk_aversion,combined,0,512.7501198216381,0.7120357700841329
6950,euler_ramsey,0.5,1.5% Ramsey,risk_aversion,combined,0,1181.682280872549,0.387667123145986
6950,euler_ramsey,0.5,2.0% Ramsey,risk_aversion,combined,0,603.6206132881607,0.2978682845012802
6950,euler_ramsey,0.5,2.5% Ramsey,risk_aversion,combined,0,358.49942511452326,0.24023300449502216
6951,euler_ramsey,0.5,1.5% Ramsey,risk_aversion,combined,0,1115.4541233335528,1.3936789351416279
6951,euler_ramsey,0.5,2.0% Ramsey,risk_aversion,combined,0,803.0163197310927,1.4302605642912072
6951,euler_ramsey,0.5,2.5% Ramsey,risk_aversion,combined,0,547.317726989762,1.4432358277825323
6952,euler_ramsey,0.5,1.5% Ramsey,risk_aversion,combined,0,665.4987169281045,1.3832935528814174
6952,euler_ramsey,0.5,2.0% Ramsey,risk_aversion,combined,0,663.3034954768962,1.4174296915378937
6952,euler_ramsey,0.5,2.5% Ramsey,risk_aversion,combined,0,558.3218630399657,1.4285647908699972
6953,euler_ramsey,0.5,1.5% Ramsey,risk_aversion,combined,0,487.56874183462236,0.7601666633105264
6953,euler_ramsey,0.5,2.0% Ramsey,risk_aversion,combined,0,418.26747098291696,0.6803051857710678
6953,euler_ramsey,0.5,2.5% Ramsey,risk_aversion,combined,0,345.33463123683805,0.6174226038936435
6954,euler_ramsey,0.5,1.5% Ramsey,risk_aversion,combined,0,14.23754647475959,1.4955295597837306
6954,euler_ramsey,0.5,2.0% Ramsey,risk_aversion,combined,0,14.584765747453465,1.558252358041728
6954,euler_ramsey,0.5,2.5% Ramsey,risk_aversion,combined,0,14.752593237207112,1.5907261786809797
6955,euler_ramsey,0.5,1.5% Ramsey,risk_aversion,combined,0,328.979192681241,0.6308605711863159
6955,euler_ramsey,0.5,2.0% Ramsey,risk_aversion,combined,0,241.71614921663206,0.541279180664608
6955,euler_ramsey,0.5,2.5% Ramsey,risk_aversion,combined,0,172.44752553650906,0.4754671951840051
6956,euler_ramsey,0.5,1.5% Ramsey,risk_aversion,combined,0,-102.94786752911435,0.7399950146633972
6956,euler_ramsey,0.5,2.0% Ramsey,risk_aversion,combined,0,-73.88536755671099,0.6575983755292858
6956,euler_ramsey,0.5,2.5% Ramsey,risk_aversion,combined,0,-40.76155019546442,0.5935002173210399
6957,euler_ramsey,0.5,1.5% Ramsey,risk_aversion,combined,0,260.56201141524497,1.5663062643862382
6957,euler_ramsey,0.5,2.0% Ramsey,risk_aversion,combined,0,212.26154676942772,1.6494928715292752
6957,euler_ramsey,0.5,2.5% Ramsey,risk_aversion,combined,0,163.05095748136273,1.6979042499104717
6958,euler_ramsey,0.5,1.5% Ramsey,risk_aversion,combined,0,715.8581718964679,0.9318706923072358
6958,euler_ramsey,0.5,2.0% Ramsey,risk_aversion,combined,0,700.9144698023524,0.8724822732995702
6958,euler_ramsey,0.5,2.5% Ramsey,risk_aversion,combined,0,581.29335040979,0.8199324890223282
6959,euler_ramsey,0.5,1.5% Ramsey,risk_aversion,combined,0,977.0524156488011,0.9367378854520131
6959,euler_ramsey,0.5,2.0% Ramsey,risk_aversion,combined,0,847.5562494483281,0.8788097859546405
6959,euler_ramsey,0.5,2.5% Ramsey,risk_aversion,combined,0,676.6057943361001,0.8272894813238989
6960,euler_ramsey,0.5,1.5% Ramsey,risk_aversion,combined,0,-189.69434861311757,0.6221473872937557
6960,euler_ramsey,0.5,2.0% Ramsey,risk_aversion,combined,0,-115.58275683665006,0.5316301168799455
6960,euler_ramsey,0.5,2.5% Ramsey,risk_aversion,combined,0,-62.17283911865464,0.465482442713498
6961,euler_ramsey,0.5,1.5% Ramsey,risk_aversion,combined,0,182.80029166854263,1.7494985106049628
6961,euler_ramsey,0.5,2.0% Ramsey,risk_aversion,combined,0,145.70569330052336,1.887915528379818
6961,euler_ramsey,0.5,2.5% Ramsey,risk_aversion,combined,0,112.28744168754457,1.9802911872191455
6962,euler_ramsey,0.5,1.5% Ramsey,risk_aversion,combined,0,-404.22927188715244,0.5168238161731467
6962,euler_ramsey,0.5,2.0% Ramsey,risk_aversion,combined,0,-316.3148256701973,0.42349182044140565
6962,euler_ramsey,0.5,2.5% Ramsey,risk_aversion,combined,0,-219.47302182331603,0.35895608113814054
6963,euler_ramsey,0.5,1.5% Ramsey,risk_aversion,combined,0,552.2297828954488,0.24218578310036176
6963,euler_ramsey,0.5,2.0% Ramsey,risk_aversion,combined,0,289.8896352925274,0.16733878050610812
6963,euler_ramsey,0.5,2.5% Ramsey,risk_aversion,combined,0,168.5313747395139,0.12431204255962916
6964,euler_ramsey,0.5,1.5% Ramsey,risk_aversion,combined,0,1079.9112102266195,2.6718053104101207
6964,euler_ramsey,0.5,2.0% Ramsey,risk_aversion,combined,0,845.0725857820878,3.1738801025709997
6964,euler_ramsey,0.5,2.5% Ramsey,risk_aversion,combined,0,603.0520828020558,3.5863657539400116
6965,euler_ramsey,0.5,1.5% Ramsey,risk_aversion,combined,0,187.75172923297592,1.9761952523055712
6965,euler_ramsey,0.5,2.0% Ramsey,risk_aversion,combined,0,143.0405229998099,2.1920402981235543
6965,euler_ramsey,0.5,2.5% Ramsey,risk_aversion,combined,0,103.07766100331699,2.3487168479616036
6966,euler_ramsey,0.5,1.5% Ramsey,risk_aversion,combined,0,-22.214438511532475,0.3834778451436527
6966,euler_ramsey,0.5,2.0% Ramsey,risk_aversion,combined,0,-40.10290195406175,0.2938937078942494
6966,euler_ramsey,0.5,2.5% Ramsey,risk_aversion,combined,0,-45.4564067780143,0.2365487770918998
6967,euler_ramsey,0.5,1.5% Ramsey,risk_aversion,combined,0,-319.13157738383825,0.7046477328539523
6967,euler_ramsey,0.5,2.0% Ramsey,risk_aversion,combined,0,-283.2854516232662,0.6190279554200909
6967,euler_ramsey,0.5,2.5% Ramsey,risk_aversion,combined,0,-211.51304408550567,0.5537230188886063
6968,euler_ramsey,0.5,1.5% Ramsey,risk_aversion,combined,0,174.35029530485002,1.9693053100811968
6968,euler_ramsey,0.5,2.0% Ramsey,risk_aversion,combined,0,107.6873393437555,2.182737482758009
6968,euler_ramsey,0.5,2.5% Ramsey,risk_aversion,combined,0,68.95141317670607,2.3373801424059466
6969,euler_ramsey,0.5,1.5% Ramsey,risk_aversion,combined,0,371.938741182417,1.2601820023454902
6969,euler_ramsey,0.5,2.0% Ramsey,risk_aversion,combined,0,306.1634941324581,1.2633253317872897
6969,euler_ramsey,0.5,2.5% Ramsey,risk_aversion,combined,0,234.97271243724106,1.2517980589913276
6970,euler_ramsey,0.5,1.5% Ramsey,risk_aversion,combined,0,896.8442238615033,1.1057761818242344
6970,euler_ramsey,0.5,2.0% Ramsey,risk_aversion,combined,0,706.3787718430837,1.0764756687684076
6970,euler_ramsey,0.5,2.5% Ramsey,risk_aversion,combined,0,511.5893404460449,1.0427215405331596
6971,euler_ramsey,0.5,1.5% Ramsey,risk_aversion,combined,0,37.840872973237886,0.7387197206235981
6971,euler_ramsey,0.5,2.0% Ramsey,risk_aversion,combined,0,38.59966337606953,0.6568821594792924
6971,euler_ramsey,0.5,2.5% Ramsey,risk_aversion,combined,0,31.411859968903098,0.5932120471794571
6972,euler_ramsey,0.5,1.5% Ramsey,risk_aversion,combined,0,356.74881304246514,1.2120099883996514
6972,euler_ramsey,0.5,2.0% Ramsey,risk_aversion,combined,0,317.24437721995434,1.2046456138199881
6972,euler_ramsey,0.5,2.5% Ramsey,risk_aversion,combined,0,250.20295174689457,1.185857107830482
6973,euler_ramsey,0.5,1.5% Ramsey,risk_aversion,combined,0,109.4169909184166,0.5059831495477655
6973,euler_ramsey,0.5,2.0% Ramsey,risk_aversion,combined,0,134.25290439200512,0.4128022555673726
6973,euler_ramsey,0.5,2.5% Ramsey,risk_aversion,combined,0,135.97703043407245,0.348731346905808
6974,euler_ramsey,0.5,1.5% Ramsey,risk_aversion,combined,0,2463.6229938528913,0.7684866463778006
6974,euler_ramsey,0.5,2.0% Ramsey,risk_aversion,combined,0,2335.586219278773,0.690228439031747
6974,euler_ramsey,0.5,2.5% Ramsey,risk_aversion,combined,0,1878.75970899138,0.6282481719350381
6975,euler_ramsey,0.5,1.5% Ramsey,risk_aversion,combined,0,696.8661268471558,1.9744167105608432
6975,euler_ramsey,0.5,2.0% Ramsey,risk_aversion,combined,0,453.23262699941034,2.1913459239222024
6975,euler_ramsey,0.5,2.5% Ramsey,risk_aversion,combined,0,316.2250516500597,2.3493835421912856
6976,euler_ramsey,0.5,1.5% Ramsey,risk_aversion,combined,0,850.6386556752922,1.3824146898714893
6976,euler_ramsey,0.5,2.0% Ramsey,risk_aversion,combined,0,689.4840862431331,1.417172019591401
6976,euler_ramsey,0.5,2.5% Ramsey,risk_aversion,combined,0,504.78565949354413,1.4289526396612826
6977,euler_ramsey,0.5,1.5% Ramsey,risk_aversion,combined,0,1334.904659535898,0.46478200755627724
6977,euler_ramsey,0.5,2.0% Ramsey,risk_aversion,combined,0,1051.5233317192974,0.3718368290177301
6977,euler_ramsey,0.5,2.5% Ramsey,risk_aversion,combined,0,726.5220825776686,0.3093887469588053
6978,euler_ramsey,0.5,1.5% Ramsey,risk_aversion,combined,0,-962.1125864186486,0.2976494201330847
6978,euler_ramsey,0.5,2.0% Ramsey,risk_aversion,combined,0,-644.5319494925477,0.2154985038895749
6978,euler_ramsey,0.5,2.5% Ramsey,risk_aversion,combined,0,-444.02199084719615,0.1659826926138131
6979,euler_ramsey,0.5,1.5% Ramsey,risk_aversion,combined,0,-153.42465721564784,0.38111300826565897
6979,euler_ramsey,0.5,2.0% Ramsey,risk_aversion,combined,0,-123.28493824633186,0.29161430313578307
6979,euler_ramsey,0.5,2.5% Ramsey,risk_aversion,combined,0,-91.73193949798527,0.23442079912026118
6980,euler_ramsey,0.5,1.5% Ramsey,risk_aversion,combined,0,97.463052813213,0.9604072044861078
6980,euler_ramsey,0.5,2.0% Ramsey,risk_aversion,combined,0,77.73731255522999,0.9058408411545085
6980,euler_ramsey,0.5,2.5% Ramsey,risk_aversion,combined,0,59.92845520759219,0.8561700815053117
6981,euler_ramsey,0.5,1.5% Ramsey,risk_aversion,combined,0,1235.3772329669816,1.5859229836001463
6981,euler_ramsey,0.5,2.0% Ramsey,risk_aversion,combined,0,1035.9517602871624,1.6772703091109822
6981,euler_ramsey,0.5,2.5% Ramsey,risk_aversion,combined,0,786.6906162301709,1.7325357803031003
6982,euler_ramsey,0.5,1.5% Ramsey,risk_aversion,combined,0,543.324596983962,0.8699084577140549
6982,euler_ramsey,0.5,2.0% Ramsey,risk_aversion,combined,0,357.61895756695793,0.8031961428734831
6982,euler_ramsey,0.5,2.5% Ramsey,risk_aversion,combined,0,226.2755564141303,0.7468833235209893
6983,euler_ramsey,0.5,1.5% Ramsey,risk_aversion,combined,0,508.9755522034237,0.8738109329017374
6983,euler_ramsey,0.5,2.0% Ramsey,risk_aversion,combined,0,366.4672239747961,0.8057697295632086
6983,euler_ramsey,0.5,2.5% Ramsey,risk_aversion,combined,0,243.7549101511773,0.7483178286881346
6984,euler_ramsey,0.5,1.5% Ramsey,risk_aversion,combined,0,11234.343903252458,0.37780994572434057
6984,euler_ramsey,0.5,2.0% Ramsey,risk_aversion,combined,0,4201.953389949189,0.2901726588942289
6984,euler_ramsey,0.5,2.5% Ramsey,risk_aversion,combined,0,2196.4839834104732,0.2340665036069766
6985,euler_ramsey,0.5,1.5% Ramsey,risk_aversion,combined,0,-1810.2504658911082,0.3984640026160628
6985,euler_ramsey,0.5,2.0% Ramsey,risk_aversion,combined,0,-1261.2100466212023,0.30814369817010334
6985,euler_ramsey,0.5,2.5% Ramsey,risk_aversion,combined,0,-853.047361348807,0.24976015673902044
6986,euler_ramsey,0.5,1.5% Ramsey,risk_aversion,combined,0,998.8693147207093,1.4169218061371789
6986,euler_ramsey,0.5,2.0% Ramsey,risk_aversion,combined,0,585.40672461511,1.4594427904144627
6986,euler_ramsey,0.5,2.5% Ramsey,risk_aversion,combined,0,377.67673948929576,1.476907007397892
6987,euler_ramsey,0.5,1.5% Ramsey,risk_aversion,combined,0,27118.110595286,0.27704629972673683
6987,euler_ramsey,0.5,2.0% Ramsey,risk_aversion,combined,0,14251.641667195117,0.1985055730542715
6987,euler_ramsey,0.5,2.5% Ramsey,risk_aversion,combined,0,7392.458845096175,0.15175300990360807
6988,euler_ramsey,0.5,1.5% Ramsey,risk_aversion,combined,0,-125.62587373333363,0.6768763341996937
6988,euler_ramsey,0.5,2.0% Ramsey,risk_aversion,combined,0,-95.68511358135551,0.5898642135989397
6988,euler_ramsey,0.5,2.5% Ramsey,risk_aversion,combined,0,-71.80067578034134,0.5243932173833615
6989,euler_ramsey,0.5,1.5% Ramsey,risk_aversion,combined,0,1629.106934010536,0.42677109543397074
6989,euler_ramsey,0.5,2.0% Ramsey,risk_aversion,combined,0,914.2244655607091,0.33495210660248675
6989,euler_ramsey,0.5,2.5% Ramsey,risk_aversion,combined,0,516.5719433248911,0.27460396772432233
6990,euler_ramsey,0.5,1.5% Ramsey,risk_aversion,combined,0,2402.4249846932757,0.5024053469964511
6990,euler_ramsey,0.5,2.0% Ramsey,risk_aversion,combined,0,2029.0888985942988,0.40961335125368936
6990,euler_ramsey,0.5,2.5% Ramsey,risk_aversion,combined,0,1484.7209756001814,0.34589822876714094
6991,euler_ramsey,0.5,1.5% Ramsey,risk_aversion,combined,0,610.8641805644143,1.3300223983068953
6991,euler_ramsey,0.5,2.0% Ramsey,risk_aversion,combined,0,496.5648548517575,1.3496495036671643
6991,euler_ramsey,0.5,2.5% Ramsey,risk_aversion,combined,0,367.5271288477573,1.349950902182544
6992,euler_ramsey,0.5,1.5% Ramsey,risk_aversion,combined,0,283.5710898750611,0.9786097406159989
6992,euler_ramsey,0.5,2.0% Ramsey,risk_aversion,combined,0,193.09603059521953,0.926931276134368
6992,euler_ramsey,0.5,2.5% Ramsey,risk_aversion,combined,0,130.63579517668745,0.8790241949032689
6993,euler_ramsey,0.5,1.5% Ramsey,risk_aversion,combined,0,218.6682112821922,2.0784371018254637
6993,euler_ramsey,0.5,2.0% Ramsey,risk_aversion,combined,0,181.72937454667252,2.3318271627049225
6993,euler_ramsey,0.5,2.5% Ramsey,risk_aversion,combined,0,145.2477134834113,2.5206338650344238
6994,euler_ramsey,0.5,1.5% Ramsey,risk_aversion,combined,0,-225.79928762909915,0.9698544138714807
6994,euler_ramsey,0.5,2.0% Ramsey,risk_aversion,combined,0,-172.5274110278709,0.9168069276331208
6994,euler_ramsey,0.5,2.5% Ramsey,risk_aversion,combined,0,-120.96262484930789,0.8680557628465871
6995,euler_ramsey,0.5,1.5% Ramsey,risk_aversion,combined,0,206.5069926940694,0.5014992477360917
6995,euler_ramsey,0.5,2.0% Ramsey,risk_aversion,combined,0,141.26743981588413,0.4082165340272107
6995,euler_ramsey,0.5,2.5% Ramsey,risk_aversion,combined,0,96.55952477911737,0.34424164829792675
6996,euler_ramsey,0.5,1.5% Ramsey,risk_aversion,combined,0,3132.3623311895017,0.15380414773965123
6996,euler_ramsey,0.5,2.0% Ramsey,risk_aversion,combined,0,1228.731217116447,0.09596626991967268
6996,euler_ramsey,0.5,2.5% Ramsey,risk_aversion,combined,0,639.290783405849,0.06588382798402488
6997,euler_ramsey,0.5,1.5% Ramsey,risk_aversion,combined,0,569.3186042681921,1.6439874143252322
6997,euler_ramsey,0.5,2.0% Ramsey,risk_aversion,combined,0,376.0736572288977,1.750166036472709
6997,euler_ramsey,0.5,2.5% Ramsey,risk_aversion,combined,0,263.4789521793368,1.8167626973919546
6998,euler_ramsey,0.5,1.5% Ramsey,risk_aversion,combined,0,-72.62049204469476,0.43057228990703306
6998,euler_ramsey,0.5,2.0% Ramsey,risk_aversion,combined,0,-68.2360922896588,0.33862504979736613
6998,euler_ramsey,0.5,2.5% Ramsey,risk_aversion,combined,0,-55.27769270634481,0.27805117581821487
6999,euler_ramsey,0.5,1.5% Ramsey,risk_aversion,combined,0,290.82850250642804,1.23406381865946
6999,euler_ramsey,0.5,2.0% Ramsey,risk_aversion,combined,0,220.67363584653464,1.2312520755249945
6999,euler_ramsey,0.5,2.5% Ramsey,risk_aversion,combined,0,170.598689728064,1.2154477273876696
7000,euler_ramsey,0.5,1.5% Ramsey,risk_aversion,combined,0,1227.0398526725796,0.3196558262809882
7000,euler_ramsey,0.5,2.0% Ramsey,risk_aversion,combined,0,868.7262411833301,0.23515049448097394
7000,euler_ramsey,0.5,2.5% Ramsey,risk_aversion,combined,0,626.510249655624,0.1833696661607479
7001,euler_ramsey,0.5,1.5% Ramsey,risk_aversion,combined,0,-486.4303145310957,0.594674088298529
7001,euler_ramsey,0.5,2.0% Ramsey,risk_aversion,combined,0,-348.59550935313985,0.5032084829517437
7001,euler_ramsey,0.5,2.5% Ramsey,risk_aversion,combined,0,-254.4630158386537,0.4372837381465174
7002,euler_ramsey,0.5,1.5% Ramsey,risk_aversion,combined,0,1840.9719189201683,1.6246037850678334
7002,euler_ramsey,0.5,2.0% Ramsey,risk_aversion,combined,0,860.3124679362019,1.7261546558462317
7002,euler_ramsey,0.5,2.5% Ramsey,risk_aversion,combined,0,473.81584059399904,1.7893558589631011
7003,euler_ramsey,0.5,1.5% Ramsey,risk_aversion,combined,0,384.3006715586172,2.033914343517621
7003,euler_ramsey,0.5,2.0% Ramsey,risk_aversion,combined,0,308.6480330725769,2.270937252454382
7003,euler_ramsey,0.5,2.5% Ramsey,risk_aversion,combined,0,242.1400893259782,2.445751499178141
7004,euler_ramsey,0.5,1.5% Ramsey,risk_aversion,combined,0,708.2447408801055,1.1787418394343578
7004,euler_ramsey,0.5,2.0% Ramsey,risk_aversion,combined,0,521.1753570304912,1.1649772477585596
7004,euler_ramsey,0.5,2.5% Ramsey,risk_aversion,combined,0,362.44539992417765,1.1418778565147973
7005,euler_ramsey,0.5,1.5% Ramsey,risk_aversion,combined,0,1693.3777909615346,0.414152576686997
7005,euler_ramsey,0.5,2.0% Ramsey,risk_aversion,combined,0,1377.4923562290412,0.3229597008019073
7005,euler_ramsey,0.5,2.5% Ramsey,risk_aversion,combined,0,1013.8779078931761,0.26346320190850486
7006,euler_ramsey,0.5,1.5% Ramsey,risk_aversion,combined,0,202.81974259138826,2.0214142874404306
7006,euler_ramsey,0.5,2.0% Ramsey,risk_aversion,combined,0,145.98906300167587,2.2536838210432175
7006,euler_ramsey,0.5,2.5% Ramsey,risk_aversion,combined,0,100.76711495677557,2.424338162588434
7007,euler_ramsey,0.5,1.5% Ramsey,risk_aversion,combined,0,114.16855723583643,0.8864871980124417
7007,euler_ramsey,0.5,2.0% Ramsey,risk_aversion,combined,0,96.22468338177674,0.8220961041089947
7007,euler_ramsey,0.5,2.5% Ramsey,risk_aversion,combined,0,78.5673814678662,0.766964074383593
7008,euler_ramsey,0.5,1.5% Ramsey,risk_aversion,combined,0,2412.1926037252515,0.3842676883110809
7008,euler_ramsey,0.5,2.0% Ramsey,risk_aversion,combined,0,1627.9964357730937,0.2948147711609221
7008,euler_ramsey,0.5,2.5% Ramsey,risk_aversion,combined,0,1058.5828011690758,0.23750435094183397
7009,euler_ramsey,0.5,1.5% Ramsey,risk_aversion,combined,0,7141.900267812054,0.14128389701533983
7009,euler_ramsey,0.5,2.0% Ramsey,risk_aversion,combined,0,4822.144351719656,0.08654372982141255
7009,euler_ramsey,0.5,2.5% Ramsey,risk_aversion,combined,0,3328.7121841171215,0.05857751826044634
7010,euler_ramsey,0.5,1.5% Ramsey,risk_aversion,combined,0,3877.0372389121085,0.12997153502867473
7010,euler_ramsey,0.5,2.0% Ramsey,risk_aversion,combined,0,2650.1162211584483,0.07810514731646541
7010,euler_ramsey,0.5,2.5% Ramsey,risk_aversion,combined,0,1862.5683734590377,0.05208713145501846
7011,euler_ramsey,0.5,1.5% Ramsey,risk_aversion,combined,0,835.0278747106454,0.4965394906499536
7011,euler_ramsey,0.5,2.0% Ramsey,risk_aversion,combined,0,734.6162113430729,0.4034616865647271
7011,euler_ramsey,0.5,2.5% Ramsey,risk_aversion,combined,0,573.0706440958638,0.3397799144255457
7012,euler_ramsey,0.5,1.5% Ramsey,risk_aversion,combined,0,1885.5830762293035,0.30752265990633576
7012,euler_ramsey,0.5,2.0% Ramsey,risk_aversion,combined,0,1442.1877620344414,0.22430226923617147
7012,euler_ramsey,0.5,2.5% Ramsey,risk_aversion,combined,0,1063.3218006795498,0.1737622813712445
7013,euler_ramsey,0.5,1.5% Ramsey,risk_aversion,combined,0,1723.9017998779175,0.35936385393061443
7013,euler_ramsey,0.5,2.0% Ramsey,risk_aversion,combined,0,1617.3456285550635,0.27159671524422146
7013,euler_ramsey,0.5,2.5% Ramsey,risk_aversion,combined,0,1291.1643570911249,0.21627116110170996
7014,euler_ramsey,0.5,1.5% Ramsey,risk_aversion,combined,0,-139.77246401849666,0.801874791199079
7014,euler_ramsey,0.5,2.0% Ramsey,risk_aversion,combined,0,-91.72567642387989,0.7252422709866772
7014,euler_ramsey,0.5,2.5% Ramsey,risk_aversion,combined,0,-60.271676917418276,0.6634995650942437
7015,euler_ramsey,0.5,1.5% Ramsey,risk_aversion,combined,0,-265.64044480372155,1.3358069568274644
7015,euler_ramsey,0.5,2.0% Ramsey,risk_aversion,combined,0,-211.65954650757897,1.3573345609395133
7015,euler_ramsey,0.5,2.5% Ramsey,risk_aversion,combined,0,-151.62150987554094,1.3590181479635897
7016,euler_ramsey,0.5,1.5% Ramsey,risk_aversion,combined,0,1432.6741558607691,0.30283128883952354
7016,euler_ramsey,0.5,2.0% Ramsey,risk_aversion,combined,0,642.003840779539,0.22004055095219874
7016,euler_ramsey,0.5,2.5% Ramsey,risk_aversion,combined,0,358.7055207341566,0.16995286708655735
7017,euler_ramsey,0.5,1.5% Ramsey,risk_aversion,combined,0,696.3494797345469,1.3461391526151198
7017,euler_ramsey,0.5,2.0% Ramsey,risk_aversion,combined,0,530.2792170347373,1.369293984779447
7017,euler_ramsey,0.5,2.5% Ramsey,risk_aversion,combined,0,362.22847451319006,1.372096533152552
7018,euler_ramsey,0.5,1.5% Ramsey,risk_aversion,combined,0,447.15048322358194,0.8153471336474706
7018,euler_ramsey,0.5,2.0% Ramsey,risk_aversion,combined,0,409.13081124729337,0.7413643334150678
7018,euler_ramsey,0.5,2.5% Ramsey,risk_aversion,combined,0,336.18888400027936,0.6812184129191015
7019,euler_ramsey,0.5,1.5% Ramsey,risk_aversion,combined,0,2038.2949860849697,0.36832794462392837
7019,euler_ramsey,0.5,2.0% Ramsey,risk_aversion,combined,0,1685.1699354791992,0.27996264897258355
7019,euler_ramsey,0.5,2.5% Ramsey,risk_aversion,combined,0,1277.9476840430889,0.22392457302490462
7020,euler_ramsey,0.5,1.5% Ramsey,risk_aversion,combined,0,300.4294727446037,2.0507915637074303
7020,euler_ramsey,0.5,2.0% Ramsey,risk_aversion,combined,0,256.0910449754318,2.293910559753835
7020,euler_ramsey,0.5,2.5% Ramsey,risk_aversion,combined,0,202.54168655264462,2.4738997889523384
7021,euler_ramsey,0.5,1.5% Ramsey,risk_aversion,combined,0,1222.3457759817948,0.6472587499868346
7021,euler_ramsey,0.5,2.0% Ramsey,risk_aversion,combined,0,939.2219826996485,0.5584926406779355
7021,euler_ramsey,0.5,2.5% Ramsey,risk_aversion,combined,0,704.3064443711621,0.4927469043275465
7022,euler_ramsey,0.5,1.5% Ramsey,risk_aversion,combined,0,711.8948580909133,1.6011310614785543
7022,euler_ramsey,0.5,2.0% Ramsey,risk_aversion,combined,0,320.66038370682094,1.6940416831980052
7022,euler_ramsey,0.5,2.5% Ramsey,risk_aversion,combined,0,172.85935272971545,1.7501230336398732
7023,euler_ramsey,0.5,1.5% Ramsey,risk_aversion,combined,0,696.2504021047213,0.31426046947015834
7023,euler_ramsey,0.5,2.0% Ramsey,risk_aversion,combined,0,434.63595437215685,0.23028104484846396
7023,euler_ramsey,0.5,2.5% Ramsey,risk_aversion,combined,0,297.79768522758707,0.1790298428784294
7024,euler_ramsey,0.5,1.5% Ramsey,risk_aversion,combined,0,5887.444208860236,0.132706674454463
7024,euler_ramsey,0.5,2.0% Ramsey,risk_aversion,combined,0,3747.6242157973647,0.08010574364286664
7024,euler_ramsey,0.5,2.5% Ramsey,risk_aversion,combined,0,2438.127412169363,0.05360492894438984
7025,euler_ramsey,0.5,1.5% Ramsey,risk_aversion,combined,0,3040.7497894631715,0.1369970670697298
7025,euler_ramsey,0.5,2.0% Ramsey,risk_aversion,combined,0,2486.1478239876737,0.08329360451452697
7025,euler_ramsey,0.5,2.5% Ramsey,risk_aversion,combined,0,1855.5982701906305,0.05605001719793004
7026,euler_ramsey,0.5,1.5% Ramsey,risk_aversion,combined,0,817.1610608888166,1.2090089822312913
7026,euler_ramsey,0.5,2.0% Ramsey,risk_aversion,combined,0,669.4275320558473,1.2000612712810115
7026,euler_ramsey,0.5,2.5% Ramsey,risk_aversion,combined,0,519.4129055968272,1.179909458819083
7027,euler_ramsey,0.5,1.5% Ramsey,risk_aversion,combined,0,1754.255261368179,0.31905467367088164
7027,euler_ramsey,0.5,2.0% Ramsey,risk_aversion,combined,0,1124.9183732009164,0.23457167862314413
7027,euler_ramsey,0.5,2.5% Ramsey,risk_aversion,combined,0,742.1102548008489,0.1828327999151003
7028,euler_ramsey,0.5,1.5% Ramsey,risk_aversion,combined,0,45.2390265844057,0.9426407965457582
7028,euler_ramsey,0.5,2.0% Ramsey,risk_aversion,combined,0,50.51956514266742,0.8846028188399615
7028,euler_ramsey,0.5,2.5% Ramsey,risk_aversion,combined,0,46.33359731201321,0.8327679685121396
7029,euler_ramsey,0.5,1.5% Ramsey,risk_aversion,combined,0,498.5245154973577,0.4670674755987766
7029,euler_ramsey,0.5,2.0% Ramsey,risk_aversion,combined,0,308.14496187304627,0.3740847929659118
7029,euler_ramsey,0.5,2.5% Ramsey,risk_aversion,combined,0,206.60443624215887,0.3115312689025574
7030,euler_ramsey,0.5,1.5% Ramsey,risk_aversion,combined,0,438.5755761353924,0.6229053853986541
7030,euler_ramsey,0.5,2.0% Ramsey,risk_aversion,combined,0,329.5973215135693,0.5325867768036764
7030,euler_ramsey,0.5,2.5% Ramsey,risk_aversion,combined,0,233.09685230753433,0.46654491854818614
7031,euler_ramsey,0.5,1.5% Ramsey,risk_aversion,combined,0,692.0284306346529,1.6065475752275782
7031,euler_ramsey,0.5,2.0% Ramsey,risk_aversion,combined,0,485.3064039459923,1.7010344628217549
7031,euler_ramsey,0.5,2.5% Ramsey,risk_aversion,combined,0,335.64708397239,1.7583556370508442
7032,euler_ramsey,0.5,1.5% Ramsey,risk_aversion,combined,0,2922.4147650397713,0.6282349233871721
7032,euler_ramsey,0.5,2.0% Ramsey,risk_aversion,combined,0,2321.6470950706375,0.5391544822067649
7032,euler_ramsey,0.5,2.5% Ramsey,risk_aversion,combined,0,1700.4075524640762,0.47378888959454396
7033,euler_ramsey,0.5,1.5% Ramsey,risk_aversion,combined,0,546.2851862893291,1.8436302626606333
7033,euler_ramsey,0.5,2.0% Ramsey,risk_aversion,combined,0,416.7777892085722,2.013533273181023
7033,euler_ramsey,0.5,2.5% Ramsey,risk_aversion,combined,0,302.9582845305768,2.1319143015818027
7034,euler_ramsey,0.5,1.5% Ramsey,risk_aversion,combined,0,1233.0188540770077,1.1071266517287393
7034,euler_ramsey,0.5,2.0% Ramsey,risk_aversion,combined,0,964.8980055047922,1.078187365496095
7034,euler_ramsey,0.5,2.5% Ramsey,risk_aversion,combined,0,678.8410041192919,1.0447099389529104
7035,euler_ramsey,0.5,1.5% Ramsey,risk_aversion,combined,0,1592.1888817956974,1.0772255026815918
7035,euler_ramsey,0.5,2.0% Ramsey,risk_aversion,combined,0,1280.6170960324469,1.043482826241891
7035,euler_ramsey,0.5,2.5% Ramsey,risk_aversion,combined,0,941.1510308127608,1.0069631824097054
7036,euler_ramsey,0.5,1.5% Ramsey,risk_aversion,combined,0,2287.44251581668,0.5423167977124831
7036,euler_ramsey,0.5,2.0% Ramsey,risk_aversion,combined,0,1739.0980024788291,0.44941634420724313
7036,euler_ramsey,0.5,2.5% Ramsey,risk_aversion,combined,0,1172.2923827738673,0.3842860494724976
7037,euler_ramsey,0.5,1.5% Ramsey,risk_aversion,combined,0,4124.720038197433,0.30309286183811646
7037,euler_ramsey,0.5,2.0% Ramsey,risk_aversion,combined,0,2543.848575194393,0.2205402382689613
7037,euler_ramsey,0.5,2.5% Ramsey,risk_aversion,combined,0,1559.2308503097488,0.17054442761824287
7038,euler_ramsey,0.5,1.5% Ramsey,risk_aversion,combined,0,1084.2504988005064,0.7938501816387923
7038,euler_ramsey,0.5,2.0% Ramsey,risk_aversion,combined,0,840.6705904889191,0.7173453656326109
7038,euler_ramsey,0.5,2.5% Ramsey,risk_aversion,combined,0,634.2076345681971,0.655952055845492
7039,euler_ramsey,0.5,1.5% Ramsey,risk_aversion,combined,0,996.9662043506248,0.8646496773020186
7039,euler_ramsey,0.5,2.0% Ramsey,risk_aversion,combined,0,751.6803154096808,0.7969352963458836
7039,euler_ramsey,0.5,2.5% Ramsey,risk_aversion,combined,0,538.9259291682406,0.7399485619216521
7040,euler_ramsey,0.5,1.5% Ramsey,risk_aversion,combined,0,751.1169826031894,0.37171162973086064
7040,euler_ramsey,0.5,2.0% Ramsey,risk_aversion,combined,0,714.114771352181,0.28300831672864135
7040,euler_ramsey,0.5,2.5% Ramsey,risk_aversion,combined,0,575.0243594736297,0.22664174524566694
7041,euler_ramsey,0.5,1.5% Ramsey,risk_aversion,combined,0,444.49429390351673,0.9008730163022165
7041,euler_ramsey,0.5,2.0% Ramsey,risk_aversion,combined,0,316.29087549445876,0.8376972476832221
7041,euler_ramsey,0.5,2.5% Ramsey,risk_aversion,combined,0,232.3649254151656,0.7831469050804838
7042,euler_ramsey,0.5,1.5% Ramsey,risk_aversion,combined,0,60.221767057179406,2.143727695894571
7042,euler_ramsey,0.5,2.0% Ramsey,risk_aversion,combined,0,45.8679991799637,2.421785738928042
7042,euler_ramsey,0.5,2.5% Ramsey,risk_aversion,combined,0,38.07217920680331,2.6318610571979613
7043,euler_ramsey,0.5,1.5% Ramsey,risk_aversion,combined,0,-417.54230357219853,0.6937883273791016
7043,euler_ramsey,0.5,2.0% Ramsey,risk_aversion,combined,0,-258.8220755974889,0.6078150927924714
7043,euler_ramsey,0.5,2.5% Ramsey,risk_aversion,combined,0,-146.5042982107117,0.5426062159957067
7044,euler_ramsey,0.5,1.5% Ramsey,risk_aversion,combined,0,2611.6092973923946,0.4326149355272479
7044,euler_ramsey,0.5,2.0% Ramsey,risk_aversion,combined,0,2459.2320795061114,0.3409700194133001
7044,euler_ramsey,0.5,2.5% Ramsey,risk_aversion,combined,0,1967.9892031510667,0.2804808732092577
7045,euler_ramsey,0.5,1.5% Ramsey,risk_aversion,combined,0,1080.5260515184182,0.8071248920448572
7045,euler_ramsey,0.5,2.0% Ramsey,risk_aversion,combined,0,792.4744763420191,0.733575221351771
7045,euler_ramsey,0.5,2.5% Ramsey,risk_aversion,combined,0,563.4865660585401,0.6739119227558262
7046,euler_ramsey,0.5,1.5% Ramsey,risk_aversion,combined,0,388.80480533507614,0.6345574458062951
7046,euler_ramsey,0.5,2.0% Ramsey,risk_aversion,combined,0,291.0363690134265,0.5447121999761807
7046,euler_ramsey,0.5,2.5% Ramsey,risk_aversion,combined,0,210.41186485016013,0.47863395766300243
7047,euler_ramsey,0.5,1.5% Ramsey,risk_aversion,combined,0,2431.0371345886724,0.30798624286161475
7047,euler_ramsey,0.5,2.0% Ramsey,risk_aversion,combined,0,2183.364664623737,0.22474482186526057
7047,euler_ramsey,0.5,2.5% Ramsey,risk_aversion,combined,0,1670.5482206020072,0.17416987299063108
7048,euler_ramsey,0.5,1.5% Ramsey,risk_aversion,combined,0,1475.3701259824916,0.7134522135649228
7048,euler_ramsey,0.5,2.0% Ramsey,risk_aversion,combined,0,1243.2005780084824,0.6289382096821948
7048,euler_ramsey,0.5,2.5% Ramsey,risk_aversion,combined,0,949.0263226482207,0.5641605733918676
7049,euler_ramsey,0.5,1.5% Ramsey,risk_aversion,combined,0,149.9130146518156,1.8502492430705142
7049,euler_ramsey,0.5,2.0% Ramsey,risk_aversion,combined,0,101.32630317278657,2.022165541378378
7049,euler_ramsey,0.5,2.5% Ramsey,risk_aversion,combined,0,68.49148170710171,2.141984726666424
7050,euler_ramsey,0.5,1.5% Ramsey,risk_aversion,combined,0,936.7200023863849,0.5947963827304965
7050,euler_ramsey,0.5,2.0% Ramsey,risk_aversion,combined,0,407.9971754689028,0.5031839462149675
7050,euler_ramsey,0.5,2.5% Ramsey,risk_aversion,combined,0,225.81695179624907,0.4371774929972127
7051,euler_ramsey,0.5,1.5% Ramsey,risk_aversion,combined,0,1123.5703884821653,0.36174263453582484
7051,euler_ramsey,0.5,2.0% Ramsey,risk_aversion,combined,0,810.2884459294941,0.27356044552650177
7051,euler_ramsey,0.5,2.5% Ramsey,risk_aversion,combined,0,584.6614939313527,0.21792109922253425
7052,euler_ramsey,0.5,1.5% Ramsey,risk_aversion,combined,0,1241.4852034380497,0.8393498521139139
7052,euler_ramsey,0.5,2.0% Ramsey,risk_aversion,combined,0,991.5356203294707,0.767489203146535
7052,euler_ramsey,0.5,2.5% Ramsey,risk_aversion,combined,0,706.780605178294,0.7081760462600859
7053,euler_ramsey,0.5,1.5% Ramsey,risk_aversion,combined,0,366.364426346131,0.6075042293327737
7053,euler_ramsey,0.5,2.0% Ramsey,risk_aversion,combined,0,304.770152477458,0.5163902445722235
7053,euler_ramsey,0.5,2.5% Ramsey,risk_aversion,combined,0,236.75499029823044,0.4503032599192025
7054,euler_ramsey,0.5,1.5% Ramsey,risk_aversion,combined,0,3152.1139273222266,0.6967496651739316
7054,euler_ramsey,0.5,2.0% Ramsey,risk_aversion,combined,0,2774.44921896586,0.6112608250427937
7054,euler_ramsey,0.5,2.5% Ramsey,risk_aversion,combined,0,2078.3614067090084,0.5462695512451896
7055,euler_ramsey,0.5,1.5% Ramsey,risk_aversion,combined,0,256.37548845919446,0.6264037478481368
7055,euler_ramsey,0.5,2.0% Ramsey,risk_aversion,combined,0,191.31630952943732,0.5359703944547571
7055,euler_ramsey,0.5,2.5% Ramsey,risk_aversion,combined,0,150.77765000403892,0.46975604727014303
7056,euler_ramsey,0.5,1.5% Ramsey,risk_aversion,combined,0,77.53710305287417,3.02249080486059
7056,euler_ramsey,0.5,2.0% Ramsey,risk_aversion,combined,0,59.30980081833487,3.6887735243988438
7056,euler_ramsey,0.5,2.5% Ramsey,risk_aversion,combined,0,45.82924426347449,4.255615596829613
7057,euler_ramsey,0.5,1.5% Ramsey,risk_aversion,combined,0,272.5153127856817,0.8823202741767117
7057,euler_ramsey,0.5,2.0% Ramsey,risk_aversion,combined,0,189.70626347934018,0.816230500652446
7057,euler_ramsey,0.5,2.5% Ramsey,risk_aversion,combined,0,138.26499041535058,0.7600026220711229
7058,euler_ramsey,0.5,1.5% Ramsey,risk_aversion,combined,0,2105.790021645199,0.7897434565146145
7058,euler_ramsey,0.5,2.0% Ramsey,risk_aversion,combined,0,1413.4512208258493,0.7130265708686129
7058,euler_ramsey,0.5,2.5% Ramsey,risk_aversion,combined,0,967.238753992829,0.6515580832751984
7059,euler_ramsey,0.5,1.5% Ramsey,risk_aversion,combined,0,372.7471740993907,1.2806920646802173
7059,euler_ramsey,0.5,2.0% Ramsey,risk_aversion,combined,0,282.53915945366276,1.288597517105324
7059,euler_ramsey,0.5,2.5% Ramsey,risk_aversion,combined,0,220.24114577240945,1.280446584006576
7060,euler_ramsey,0.5,1.5% Ramsey,risk_aversion,combined,0,937.5237264880718,0.6868942543013346
7060,euler_ramsey,0.5,2.0% Ramsey,risk_aversion,combined,0,623.8908970064347,0.6003021289106673
7060,euler_ramsey,0.5,2.5% Ramsey,risk_aversion,combined,0,409.2285756579132,0.5348650610352179
7061,euler_ramsey,0.5,1.5% Ramsey,risk_aversion,combined,0,672.7013436181464,1.0980439548650973
7061,euler_ramsey,0.5,2.0% Ramsey,risk_aversion,combined,0,546.0429119906886,1.0673140371079615
7061,euler_ramsey,0.5,2.5% Ramsey,risk_aversion,combined,0,415.12254736470027,1.032632176415474
7062,euler_ramsey,0.5,1.5% Ramsey,risk_aversion,combined,0,2094.3684832838594,0.4643080791164425
7062,euler_ramsey,0.5,2.0% Ramsey,risk_aversion,combined,0,1084.496712121389,0.37181099607631873
7062,euler_ramsey,0.5,2.5% Ramsey,risk_aversion,combined,0,625.3983675828204,0.3096322308111484
7063,euler_ramsey,0.5,1.5% Ramsey,risk_aversion,combined,0,334.9616709079723,0.7737582402894365
7063,euler_ramsey,0.5,2.0% Ramsey,risk_aversion,combined,0,231.95483810594902,0.6944110304981541
7063,euler_ramsey,0.5,2.5% Ramsey,risk_aversion,combined,0,157.89801537707856,0.6315312770681227
7064,euler_ramsey,0.5,1.5% Ramsey,risk_aversion,combined,0,232.19349422556692,0.39017198439090867
7064,euler_ramsey,0.5,2.0% Ramsey,risk_aversion,combined,0,213.72879262690012,0.300137826324574
7064,euler_ramsey,0.5,2.5% Ramsey,risk_aversion,combined,0,192.94334074981847,0.24227118958707938
7065,euler_ramsey,0.5,1.5% Ramsey,risk_aversion,combined,0,2998.0337580801975,1.897077756171044
7065,euler_ramsey,0.5,2.0% Ramsey,risk_aversion,combined,0,2595.2453553902974,2.0891096992800855
7065,euler_ramsey,0.5,2.5% Ramsey,risk_aversion,combined,0,2009.8323879829209,2.226528670455297
7066,euler_ramsey,0.5,1.5% Ramsey,risk_aversion,combined,0,480.3777544373378,0.5525556107964268
7066,euler_ramsey,0.5,2.0% Ramsey,risk_aversion,combined,0,367.026490073437,0.4599148074047768
7066,euler_ramsey,0.5,2.5% Ramsey,risk_aversion,combined,0,277.9695454107122,0.39460210332642415
7067,euler_ramsey,0.5,1.5% Ramsey,risk_aversion,combined,0,1626.551167382741,0.6669205128113058
7067,euler_ramsey,0.5,2.0% Ramsey,risk_aversion,combined,0,1574.0197659567737,0.5799230771556076
7067,euler_ramsey,0.5,2.5% Ramsey,risk_aversion,combined,0,1292.4361643423263,0.5147662786620125
7068,euler_ramsey,0.5,1.5% Ramsey,risk_aversion,combined,0,873.010380344034,0.4337216374122826
7068,euler_ramsey,0.5,2.0% Ramsey,risk_aversion,combined,0,318.2971384827019,0.3416375211030451
7068,euler_ramsey,0.5,2.5% Ramsey,risk_aversion,combined,0,133.54340214025183,0.28086491780434036
7069,euler_ramsey,0.5,1.5% Ramsey,risk_aversion,combined,0,622.5472895336987,0.59818396079742
7069,euler_ramsey,0.5,2.0% Ramsey,risk_aversion,combined,0,504.1668250053598,0.5065987822009395
7069,euler_ramsey,0.5,2.5% Ramsey,risk_aversion,combined,0,385.12302583682975,0.4405074248047386
7070,euler_ramsey,0.5,1.5% Ramsey,risk_aversion,combined,0,309.3092711298174,2.6599770038633745
7070,euler_ramsey,0.5,2.0% Ramsey,risk_aversion,combined,0,213.95668510434612,3.1544429900740387
7070,euler_ramsey,0.5,2.5% Ramsey,risk_aversion,combined,0,152.29127096994532,3.5592440969404793
7071,euler_ramsey,0.5,1.5% Ramsey,risk_aversion,combined,0,1458.746054359198,1.1450767923762784
7071,euler_ramsey,0.5,2.0% Ramsey,risk_aversion,combined,0,1152.4260869772133,1.12470572388404
7071,euler_ramsey,0.5,2.5% Ramsey,risk_aversion,combined,0,828.4224416583477,1.0970842028341365
7072,euler_ramsey,0.5,1.5% Ramsey,risk_aversion,combined,0,457.67921879758075,1.4137201087108748
7072,euler_ramsey,0.5,2.0% Ramsey,risk_aversion,combined,0,416.52210875844224,1.4531622650898874
7072,euler_ramsey,0.5,2.5% Ramsey,risk_aversion,combined,0,344.2168118537008,1.4679466994033414
7073,euler_ramsey,0.5,1.5% Ramsey,risk_aversion,combined,0,159.15352125071456,1.180535198393885
7073,euler_ramsey,0.5,2.0% Ramsey,risk_aversion,combined,0,149.76814835553247,1.1663964027046898
7073,euler_ramsey,0.5,2.5% Ramsey,risk_aversion,combined,0,133.2245959180989,1.1427980752452487
7074,euler_ramsey,0.5,1.5% Ramsey,risk_aversion,combined,0,2837.7963570753955,0.3904736651336118
7074,euler_ramsey,0.5,2.0% Ramsey,risk_aversion,combined,0,2566.0586444540763,0.3008548859271234
7074,euler_ramsey,0.5,2.5% Ramsey,risk_aversion,combined,0,1994.5882127858504,0.2431875218394627
7075,euler_ramsey,0.5,1.5% Ramsey,risk_aversion,combined,0,1382.12975841555,1.6450017648368915
7075,euler_ramsey,0.5,2.0% Ramsey,risk_aversion,combined,0,1072.4535911267128,1.754572469306723
7075,euler_ramsey,0.5,2.5% Ramsey,risk_aversion,combined,0,825.1630562539432,1.8243657794783676
7076,euler_ramsey,0.5,1.5% Ramsey,risk_aversion,combined,0,286.8219205530556,1.0953781008009398
7076,euler_ramsey,0.5,2.0% Ramsey,risk_aversion,combined,0,242.18527530888377,1.0635452581109484
7076,euler_ramsey,0.5,2.5% Ramsey,risk_aversion,combined,0,194.80823522597868,1.0280385256645173
7077,euler_ramsey,0.5,1.5% Ramsey,risk_aversion,combined,0,129.1873072662536,1.0457211845729273
7077,euler_ramsey,0.5,2.0% Ramsey,risk_aversion,combined,0,109.98438694112072,1.0045957117558406
7077,euler_ramsey,0.5,2.5% Ramsey,risk_aversion,combined,0,87.82196744866467,0.9630493855982372
7078,euler_ramsey,0.5,1.5% Ramsey,risk_aversion,combined,0,-819.1890471999318,0.3535431921237511
7078,euler_ramsey,0.5,2.0% Ramsey,risk_aversion,combined,0,-532.7096095307454,0.2660467342540799
7078,euler_ramsey,0.5,2.5% Ramsey,risk_aversion,combined,0,-356.1135646767783,0.2111303562667845
7079,euler_ramsey,0.5,1.5% Ramsey,risk_aversion,combined,0,97.18456215272906,2.8347318861543886
7079,euler_ramsey,0.5,2.0% Ramsey,risk_aversion,combined,0,72.07508964805768,3.4099810289491397
7079,euler_ramsey,0.5,2.5% Ramsey,risk_aversion,combined,0,54.44727052271748,3.8901204763640354
7080,euler_ramsey,0.5,1.5% Ramsey,risk_aversion,combined,0,2076.3774661143802,0.4471823512981965
7080,euler_ramsey,0.5,2.0% Ramsey,risk_aversion,combined,0,1201.883958801779,0.35491519149465567
7080,euler_ramsey,0.5,2.5% Ramsey,risk_aversion,combined,0,746.4553857436246,0.29351605977752204
7081,euler_ramsey,0.5,1.5% Ramsey,risk_aversion,combined,0,1233.740644671809,0.2585555931552644
7081,euler_ramsey,0.5,2.0% Ramsey,risk_aversion,combined,0,677.9162188943042,0.18130085069664534
7081,euler_ramsey,0.5,2.5% Ramsey,risk_aversion,combined,0,414.1503546105273,0.1362284951251242
7082,euler_ramsey,0.5,1.5% Ramsey,risk_aversion,combined,0,283.6705043342438,2.4154199342938356
7082,euler_ramsey,0.5,2.0% Ramsey,risk_aversion,combined,0,187.9122614314204,2.8030184703917085
7082,euler_ramsey,0.5,2.5% Ramsey,risk_aversion,combined,0,121.72007750022419,3.110196730314796
7083,euler_ramsey,0.5,1.5% Ramsey,risk_aversion,combined,0,701.8701243321153,0.5070003933391849
7083,euler_ramsey,0.5,2.0% Ramsey,risk_aversion,combined,0,492.5874311144479,0.4138142490562812
7083,euler_ramsey,0.5,2.5% Ramsey,risk_aversion,combined,0,340.90009363523023,0.34970398681645787
7084,euler_ramsey,0.5,1.5% Ramsey,risk_aversion,combined,0,1862.8320586653986,1.314542775321019
7084,euler_ramsey,0.5,2.0% Ramsey,risk_aversion,combined,0,1360.0004310230115,1.331462149651527
7084,euler_ramsey,0.5,2.5% Ramsey,risk_aversion,combined,0,944.4114264805686,1.329971325585636
7085,euler_ramsey,0.5,1.5% Ramsey,risk_aversion,combined,0,7223.122730157169,0.14431788874014942
7085,euler_ramsey,0.5,2.0% Ramsey,risk_aversion,combined,0,2918.978317364502,0.08892235259383621
7085,euler_ramsey,0.5,2.5% Ramsey,risk_aversion,combined,0,1816.5830661106636,0.06046737428776158
7086,euler_ramsey,0.5,1.5% Ramsey,risk_aversion,combined,0,340.308542761267,1.7180010374173182
7086,euler_ramsey,0.5,2.0% Ramsey,risk_aversion,combined,0,217.7765808056369,1.8467642665873887
7086,euler_ramsey,0.5,2.5% Ramsey,risk_aversion,combined,0,147.62061607631063,1.931381951997287
7087,euler_ramsey,0.5,1.5% Ramsey,risk_aversion,combined,0,-243.31538697102673,0.2906078529441186
7087,euler_ramsey,0.5,2.0% Ramsey,risk_aversion,combined,0,-196.65986101455542,0.20930074727225007
7087,euler_ramsey,0.5,2.5% Ramsey,risk_aversion,combined,0,-152.6962874420112,0.16055926055228353
7088,euler_ramsey,0.5,1.5% Ramsey,risk_aversion,combined,0,7040.285913260493,0.2640077428466496
7088,euler_ramsey,0.5,2.0% Ramsey,risk_aversion,combined,0,3612.525533639299,0.18663742429999564
7088,euler_ramsey,0.5,2.5% Ramsey,risk_aversion,combined,0,2139.9437358319456,0.14117046547820636
7089,euler_ramsey,0.5,1.5% Ramsey,risk_aversion,combined,0,344.88107063801493,1.3355605345859622
7089,euler_ramsey,0.5,2.0% Ramsey,risk_aversion,combined,0,244.83089517784765,1.356926333681808
7089,euler_ramsey,0.5,2.5% Ramsey,risk_aversion,combined,0,179.12148365275934,1.358589209072604
7090,euler_ramsey,0.5,1.5% Ramsey,risk_aversion,combined,0,300.8221885890349,0.7333102067608702
7090,euler_ramsey,0.5,2.0% Ramsey,risk_aversion,combined,0,270.9610665909304,0.6514613722390135
7090,euler_ramsey,0.5,2.5% Ramsey,risk_aversion,combined,0,221.70810153045204,0.5879718406294946
7091,euler_ramsey,0.5,1.5% Ramsey,risk_aversion,combined,0,95.67522930543969,0.8006734672059524
7091,euler_ramsey,0.5,2.0% Ramsey,risk_aversion,combined,0,72.8719463739289,0.7246170858515764
7091,euler_ramsey,0.5,2.5% Ramsey,risk_aversion,combined,0,56.43968972833939,0.6633570775256019
7092,euler_ramsey,0.5,1.5% Ramsey,risk_aversion,combined,0,-1559.3346478282558,0.44652293508185126
7092,euler_ramsey,0.5,2.0% Ramsey,risk_aversion,combined,0,-906.7398478397588,0.35415934336158167
7092,euler_ramsey,0.5,2.5% Ramsey,risk_aversion,combined,0,-555.8245557570658,0.2927251007346917
7093,euler_ramsey,0.5,1.5% Ramsey,risk_aversion,combined,0,405.5094070671245,0.15323772600020857
7093,euler_ramsey,0.5,2.0% Ramsey,risk_aversion,combined,0,163.95751257861536,0.0955255171439156
7093,euler_ramsey,0.5,2.5% Ramsey,risk_aversion,combined,0,71.50420080780043,0.06553389535306482
7094,euler_ramsey,0.5,1.5% Ramsey,risk_aversion,combined,0,790.7066072432273,0.3758420057018572
7094,euler_ramsey,0.5,2.0% Ramsey,risk_aversion,combined,0,529.6120475917801,0.28666437350053015
7094,euler_ramsey,0.5,2.5% Ramsey,risk_aversion,combined,0,360.93569467170096,0.2298742344821235
7095,euler_ramsey,0.5,1.5% Ramsey,risk_aversion,combined,0,2602.0471400868864,0.1399153668389825
7095,euler_ramsey,0.5,2.0% Ramsey,risk_aversion,combined,0,2059.6237197206447,0.08545465185010727
7095,euler_ramsey,0.5,2.5% Ramsey,risk_aversion,combined,0,1421.1000582439406,0.05770483126245211
7096,euler_ramsey,0.5,1.5% Ramsey,risk_aversion,combined,0,3036.147440771506,0.893015296574163
7096,euler_ramsey,0.5,2.0% Ramsey,risk_aversion,combined,0,2034.5254297078554,0.8322871584109415
7096,euler_ramsey,0.5,2.5% Ramsey,risk_aversion,combined,0,1300.5285978882348,0.7799232440987837
7097,euler_ramsey,0.5,1.5% Ramsey,risk_aversion,combined,0,405.6991855788619,1.3451220684935794
7097,euler_ramsey,0.5,2.0% Ramsey,risk_aversion,combined,0,284.94849212581806,1.3693967626008978
7097,euler_ramsey,0.5,2.5% Ramsey,risk_aversion,combined,0,204.13637333845782,1.3732087029864946
7098,euler_ramsey,0.5,1.5% Ramsey,risk_aversion,combined,0,1974.511877119564,1.1609149572536053
7098,euler_ramsey,0.5,2.0% Ramsey,risk_aversion,combined,0,1506.0949187502526,1.1436052472475908
7098,euler_ramsey,0.5,2.5% Ramsey,risk_aversion,combined,0,1102.978333467137,1.117998618890093
7099,euler_ramsey,0.5,1.5% Ramsey,risk_aversion,combined,0,199.22985448153025,1.1073014160916423
7099,euler_ramsey,0.5,2.0% Ramsey,risk_aversion,combined,0,145.83147743917235,1.0769933886633847
7099,euler_ramsey,0.5,2.5% Ramsey,risk_aversion,combined,0,108.73735248982572,1.042318253672864
7100,euler_ramsey,0.5,1.5% Ramsey,risk_aversion,combined,0,746.6192556276583,0.8586290023957955
7100,euler_ramsey,0.5,2.0% Ramsey,risk_aversion,combined,0,607.2698828400672,0.7894087086769239
7100,euler_ramsey,0.5,2.5% Ramsey,risk_aversion,combined,0,452.84198314311703,0.7315361022941161
7101,euler_ramsey,0.5,1.5% Ramsey,risk_aversion,combined,0,971.0018144368604,0.6278658674087265
7101,euler_ramsey,0.5,2.0% Ramsey,risk_aversion,combined,0,762.1495023512473,0.5383318521441315
7101,euler_ramsey,0.5,2.5% Ramsey,risk_aversion,combined,0,561.5873047400696,0.4726476367500476
7102,euler_ramsey,0.5,1.5% Ramsey,risk_aversion,combined,0,163.16337365329275,1.1632541985660605
7102,euler_ramsey,0.5,2.0% Ramsey,risk_aversion,combined,0,133.4184232219907,1.1455879854782367
7102,euler_ramsey,0.5,2.5% Ramsey,risk_aversion,combined,0,105.04688747026563,1.1195951392807646
7103,euler_ramsey,0.5,1.5% Ramsey,risk_aversion,combined,0,384.4662444683064,1.2845220401151587
7103,euler_ramsey,0.5,2.0% Ramsey,risk_aversion,combined,0,302.6691147735915,1.293158578424592
7103,euler_ramsey,0.5,2.5% Ramsey,risk_aversion,combined,0,219.33333511561463,1.2855009349630375
7104,euler_ramsey,0.5,1.5% Ramsey,risk_aversion,combined,0,509.68248936437607,1.473417761801495
7104,euler_ramsey,0.5,2.0% Ramsey,risk_aversion,combined,0,402.8859375486281,1.530306939691798
7104,euler_ramsey,0.5,2.5% Ramsey,risk_aversion,combined,0,300.190736051131,1.5584565124832308
7105,euler_ramsey,0.5,1.5% Ramsey,risk_aversion,combined,0,702.3315703507619,4.194467276061665
7105,euler_ramsey,0.5,2.0% Ramsey,risk_aversion,combined,0,576.8525134529959,5.5164869211204195
7105,euler_ramsey,0.5,2.5% Ramsey,risk_aversion,combined,0,435.03543798459725,6.744143102142299
7106,euler_ramsey,0.5,1.5% Ramsey,risk_aversion,combined,0,504.0449861274576,0.5402139231896043
7106,euler_ramsey,0.5,2.0% Ramsey,risk_aversion,combined,0,344.26846156036845,0.4470546998421386
7106,euler_ramsey,0.5,2.5% Ramsey,risk_aversion,combined,0,231.49679840822745,0.3818374732958876
7107,euler_ramsey,0.5,1.5% Ramsey,risk_aversion,combined,0,421.02094421840945,1.7681630663868322
7107,euler_ramsey,0.5,2.0% Ramsey,risk_aversion,combined,0,293.2777461135833,1.9133940983867808
7107,euler_ramsey,0.5,2.5% Ramsey,risk_aversion,combined,0,202.27974040117252,2.011472486240894
7108,euler_ramsey,0.5,1.5% Ramsey,risk_aversion,combined,0,116.76163183949292,1.0431648899344026
7108,euler_ramsey,0.5,2.0% Ramsey,risk_aversion,combined,0,86.22158281839965,1.0033861141616263
7108,euler_ramsey,0.5,2.5% Ramsey,risk_aversion,combined,0,62.77378903565612,0.9629151750141463
7109,euler_ramsey,0.5,1.5% Ramsey,risk_aversion,combined,0,-156.63995708802506,1.7000007354701225
7109,euler_ramsey,0.5,2.0% Ramsey,risk_aversion,combined,0,-114.81938430509526,1.8231008747906199
7109,euler_ramsey,0.5,2.5% Ramsey,risk_aversion,combined,0,-73.05075858409917,1.9030390263478363
7110,euler_ramsey,0.5,1.5% Ramsey,risk_aversion,combined,0,-310.52806336061593,0.655444466304117
7110,euler_ramsey,0.5,2.0% Ramsey,risk_aversion,combined,0,-197.03810959949666,0.5666913531391375
7110,euler_ramsey,0.5,2.5% Ramsey,risk_aversion,combined,0,-121.66428948503692,0.5007186114057476
7111,euler_ramsey,0.5,1.5% Ramsey,risk_aversion,combined,0,163.5673659140632,0.7076108509158914
7111,euler_ramsey,0.5,2.0% Ramsey,risk_aversion,combined,0,155.30948698192546,0.622854839067021
7111,euler_ramsey,0.5,2.5% Ramsey,risk_aversion,combined,0,133.54596395645024,0.5580834122100944
7112,euler_ramsey,0.5,1.5% Ramsey,risk_aversion,combined,0,401.1494947746372,0.6256515723709751
7112,euler_ramsey,0.5,2.0% Ramsey,risk_aversion,combined,0,336.1178007133902,0.535335561468418
7112,euler_ramsey,0.5,2.5% Ramsey,risk_aversion,combined,0,244.38380919598987,0.4692160781813988
7113,euler_ramsey,0.5,1.5% Ramsey,risk_aversion,combined,0,493.2736711423819,0.41465036135089395
7113,euler_ramsey,0.5,2.0% Ramsey,risk_aversion,combined,0,349.5752834955882,0.32339178062190893
7113,euler_ramsey,0.5,2.5% Ramsey,risk_aversion,combined,0,256.6164156626383,0.2638405911023196
7114,euler_ramsey,0.5,1.5% Ramsey,risk_aversion,combined,0,1076.436003108993,1.298231464292498
7114,euler_ramsey,0.5,2.0% Ramsey,risk_aversion,combined,0,746.6672948284961,1.311755600456685
7114,euler_ramsey,0.5,2.5% Ramsey,risk_aversion,combined,0,517.2768482104917,1.3078573158125144
7115,euler_ramsey,0.5,1.5% Ramsey,risk_aversion,combined,0,282.46562212939756,1.1651793403094506
7115,euler_ramsey,0.5,2.0% Ramsey,risk_aversion,combined,0,191.08895275331352,1.147305271148215
7115,euler_ramsey,0.5,2.5% Ramsey,risk_aversion,combined,0,123.69228478367826,1.1210889053375057
7116,euler_ramsey,0.5,1.5% Ramsey,risk_aversion,combined,0,-531.088763858616,0.38495010505639754
7116,euler_ramsey,0.5,2.0% Ramsey,risk_aversion,combined,0,-412.89848904072346,0.29522733604131296
7116,euler_ramsey,0.5,2.5% Ramsey,risk_aversion,combined,0,-289.052076801648,0.23774750289765023
7117,euler_ramsey,0.5,1.5% Ramsey,risk_aversion,combined,0,382.3732170037978,0.9430494610746567
7117,euler_ramsey,0.5,2.0% Ramsey,risk_aversion,combined,0,285.2041426324412,0.8852139698614554
7117,euler_ramsey,0.5,2.5% Ramsey,risk_aversion,combined,0,201.8892950820726,0.8335573407190965
7118,euler_ramsey,0.5,1.5% Ramsey,risk_aversion,combined,0,1984.2635921671579,0.39772087596229294
7118,euler_ramsey,0.5,2.0% Ramsey,risk_aversion,combined,0,1417.1619283007356,0.3074353551406216
7118,euler_ramsey,0.5,2.5% Ramsey,risk_aversion,combined,0,964.1774302894892,0.24911028951223213
7119,euler_ramsey,0.5,1.5% Ramsey,risk_aversion,combined,0,-393.60921255916315,0.49196407862447866
7119,euler_ramsey,0.5,2.0% Ramsey,risk_aversion,combined,0,-235.41338260947953,0.39867094749879045
7119,euler_ramsey,0.5,2.5% Ramsey,risk_aversion,combined,0,-141.70307933026854,0.33502823890025424
7120,euler_ramsey,0.5,1.5% Ramsey,risk_aversion,combined,0,129.3497762144472,2.5890603260891742
7120,euler_ramsey,0.5,2.0% Ramsey,risk_aversion,combined,0,111.32184169345966,3.051714922897699
7120,euler_ramsey,0.5,2.5% Ramsey,risk_aversion,combined,0,90.10870799072157,3.4271772277322787
7121,euler_ramsey,0.5,1.5% Ramsey,risk_aversion,combined,0,601.2495138934994,0.7412461270307825
7121,euler_ramsey,0.5,2.0% Ramsey,risk_aversion,combined,0,556.9111131516514,0.6590291681929669
7121,euler_ramsey,0.5,2.5% Ramsey,risk_aversion,combined,0,471.189953343661,0.5950526139154377
7122,euler_ramsey,0.5,1.5% Ramsey,risk_aversion,combined,0,-277.57258992703413,0.9263789559778421
7122,euler_ramsey,0.5,2.0% Ramsey,risk_aversion,combined,0,-253.6588919339679,0.8659983683212665
7122,euler_ramsey,0.5,2.5% Ramsey,risk_aversion,combined,0,-197.74001931234395,0.8128225249005585
7123,euler_ramsey,0.5,1.5% Ramsey,risk_aversion,combined,0,3058.312168607454,0.5866729536946675
7123,euler_ramsey,0.5,2.0% Ramsey,risk_aversion,combined,0,1778.6625823422069,0.494833049060767
7123,euler_ramsey,0.5,2.5% Ramsey,risk_aversion,combined,0,1039.7762996050162,0.42893802199392495
7124,euler_ramsey,0.5,1.5% Ramsey,risk_aversion,combined,0,623.7387982890668,0.7552739196345575
7124,euler_ramsey,0.5,2.0% Ramsey,risk_aversion,combined,0,411.3270061939203,0.6750153673314323
7124,euler_ramsey,0.5,2.5% Ramsey,risk_aversion,combined,0,275.11556206782825,0.6119864266262242
7125,euler_ramsey,0.5,1.5% Ramsey,risk_aversion,combined,0,153.44963131703113,0.2566658538687917
7125,euler_ramsey,0.5,2.0% Ramsey,risk_aversion,combined,0,47.061168364283375,0.17967800951704863
7125,euler_ramsey,0.5,2.5% Ramsey,risk_aversion,combined,0,13.05588146222716,0.1348353120276523
7126,euler_ramsey,0.5,1.5% Ramsey,risk_aversion,combined,0,12557.414000450277,0.5153682371738175
7126,euler_ramsey,0.5,2.0% Ramsey,risk_aversion,combined,0,10905.974630304681,0.4243628703287035
7126,euler_ramsey,0.5,2.5% Ramsey,risk_aversion,combined,0,7909.500338818285,0.361246677408772
7127,euler_ramsey,0.5,1.5% Ramsey,risk_aversion,combined,0,394.35368318626,0.6699304740797491
7127,euler_ramsey,0.5,2.0% Ramsey,risk_aversion,combined,0,434.7653829999249,0.5827063247475579
7127,euler_ramsey,0.5,2.5% Ramsey,risk_aversion,combined,0,383.38565359715113,0.5172952858283687
7128,euler_ramsey,0.5,1.5% Ramsey,risk_aversion,combined,0,10309.449300443723,0.2798278649750641
7128,euler_ramsey,0.5,2.0% Ramsey,risk_aversion,combined,0,4708.884495509575,0.2001967251800648
7128,euler_ramsey,0.5,2.5% Ramsey,risk_aversion,combined,0,2495.098002507615,0.15281505529335432
7129,euler_ramsey,0.5,1.5% Ramsey,risk_aversion,combined,0,406.9318283885079,2.189580682016465
7129,euler_ramsey,0.5,2.0% Ramsey,risk_aversion,combined,0,345.3435247004219,2.4859934836619453
7129,euler_ramsey,0.5,2.5% Ramsey,risk_aversion,combined,0,279.39898899897696,2.7123125981678946
7130,euler_ramsey,0.5,1.5% Ramsey,risk_aversion,combined,0,611.6222464228799,1.8381886617140624
7130,euler_ramsey,0.5,2.0% Ramsey,risk_aversion,combined,0,463.36544874165105,2.0069054772462467
7130,euler_ramsey,0.5,2.5% Ramsey,risk_aversion,combined,0,352.47615821261985,2.1244160589973853
7131,euler_ramsey,0.5,1.5% Ramsey,risk_aversion,combined,0,192.16797904590493,0.9618782223393827
7131,euler_ramsey,0.5,2.0% Ramsey,risk_aversion,combined,0,161.19868919468286,0.9077175733763376
7131,euler_ramsey,0.5,2.5% Ramsey,risk_aversion,combined,0,125.03879616710681,0.8583395083152208
7132,euler_ramsey,0.5,1.5% Ramsey,risk_aversion,combined,0,1447.7268343585633,0.5896555732146944
7132,euler_ramsey,0.5,2.0% Ramsey,risk_aversion,combined,0,658.66745605448,0.4978341964438873
7132,euler_ramsey,0.5,2.5% Ramsey,risk_aversion,combined,0,356.99743971471156,0.43185818201943577
7133,euler_ramsey,0.5,1.5% Ramsey,risk_aversion,combined,0,632.3886943810928,2.658875906643701
7133,euler_ramsey,0.5,2.0% Ramsey,risk_aversion,combined,0,544.3613688800796,3.154732664508327
7133,euler_ramsey,0.5,2.5% Ramsey,risk_aversion,combined,0,430.4715633730827,3.561335755352527
7134,euler_ramsey,0.5,1.5% Ramsey,risk_aversion,combined,0,2247.1971794195174,0.6719400409338993
7134,euler_ramsey,0.5,2.0% Ramsey,risk_aversion,combined,0,1686.6797124532743,0.5854879423280877
7134,euler_ramsey,0.5,2.5% Ramsey,risk_aversion,combined,0,1192.766311531622,0.5205497023668151
7135,euler_ramsey,0.5,1.5% Ramsey,risk_aversion,combined,0,-214.92787943975205,1.3356453313553598
7135,euler_ramsey,0.5,2.0% Ramsey,risk_aversion,combined,0,-167.57460540922204,1.3572783520992782
7135,euler_ramsey,0.5,2.5% Ramsey,risk_aversion,combined,0,-115.37701114974881,1.35909980525541
7136,euler_ramsey,0.5,1.5% Ramsey,risk_aversion,combined,0,-153.56676831782224,0.911164630546546
7136,euler_ramsey,0.5,2.0% Ramsey,risk_aversion,combined,0,-113.58447997576044,0.8487928101160779
7136,euler_ramsey,0.5,2.5% Ramsey,risk_aversion,combined,0,-77.68936264128995,0.7945546787577572
7137,euler_ramsey,0.5,1.5% Ramsey,risk_aversion,combined,0,271.7757035331884,1.2342824543344677
7137,euler_ramsey,0.5,2.0% Ramsey,risk_aversion,combined,0,186.63164925071843,1.2313480714695038
7137,euler_ramsey,0.5,2.5% Ramsey,risk_aversion,combined,0,124.8108393480495,1.215440460308038
7138,euler_ramsey,0.5,1.5% Ramsey,risk_aversion,combined,0,1444.562804813908,0.6874505955767876
7138,euler_ramsey,0.5,2.0% Ramsey,risk_aversion,combined,0,962.0137245465676,0.6009491169395677
7138,euler_ramsey,0.5,2.5% Ramsey,risk_aversion,combined,0,628.1866714529542,0.5355596542018112
7139,euler_ramsey,0.5,1.5% Ramsey,risk_aversion,combined,0,439.5891889588355,1.2384630085215962
7139,euler_ramsey,0.5,2.0% Ramsey,risk_aversion,combined,0,333.8663259251478,1.2366744564858663
7139,euler_ramsey,0.5,2.5% Ramsey,risk_aversion,combined,0,250.6655658998225,1.2216009400015537
7140,euler_ramsey,0.5,1.5% Ramsey,risk_aversion,combined,0,199.52074767756406,1.4387329606644603
7140,euler_ramsey,0.5,2.0% Ramsey,risk_aversion,combined,0,146.5150940200618,1.4861075766184104
7140,euler_ramsey,0.5,2.5% Ramsey,risk_aversion,combined,0,105.84370440581736,1.50696524322235
7141,euler_ramsey,0.5,1.5% Ramsey,risk_aversion,combined,0,3144.1457434680187,0.1916702968595616
7141,euler_ramsey,0.5,2.0% Ramsey,risk_aversion,combined,0,927.8364747322048,0.12566586625062062
7141,euler_ramsey,0.5,2.5% Ramsey,risk_aversion,combined,0,442.13224633593734,0.08964347654643039
7142,euler_ramsey,0.5,1.5% Ramsey,risk_aversion,combined,0,-1662.9601906273908,0.5074768693832956
7142,euler_ramsey,0.5,2.0% Ramsey,risk_aversion,combined,0,-1011.8047625588737,0.41431733840806134
7142,euler_ramsey,0.5,2.5% Ramsey,risk_aversion,combined,0,-621.0073420317555,0.3501988553346755
7143,euler_ramsey,0.5,1.5% Ramsey,risk_aversion,combined,0,2627.270411349304,0.38470258418826503
7143,euler_ramsey,0.5,2.0% Ramsey,risk_aversion,combined,0,1764.5466949220406,0.2953072434521206
7143,euler_ramsey,0.5,2.5% Ramsey,risk_aversion,combined,0,1163.7997481284851,0.2380084653551806
7144,euler_ramsey,0.5,1.5% Ramsey,risk_aversion,combined,0,2456.7958683699057,1.144820844332622
7144,euler_ramsey,0.5,2.0% Ramsey,risk_aversion,combined,0,1898.0507018212008,1.1244077709699465
7144,euler_ramsey,0.5,2.5% Ramsey,risk_aversion,combined,0,1329.412120184256,1.0968043292798635
7145,euler_ramsey,0.5,1.5% Ramsey,risk_aversion,combined,0,698.2200092064315,0.7944090467634711
7145,euler_ramsey,0.5,2.0% Ramsey,risk_aversion,combined,0,594.9413859105301,0.7177677507137079
7145,euler_ramsey,0.5,2.5% Ramsey,risk_aversion,combined,0,457.3480966130556,0.6562402980143537
7146,euler_ramsey,0.5,1.5% Ramsey,risk_aversion,combined,0,2256.0411306262267,0.572494614701666
7146,euler_ramsey,0.5,2.0% Ramsey,risk_aversion,combined,0,1640.7054868674047,0.4801988239760735
7146,euler_ramsey,0.5,2.5% Ramsey,risk_aversion,combined,0,1096.105272230077,0.4144653427671503
7147,euler_ramsey,0.5,1.5% Ramsey,risk_aversion,combined,0,1262.5821661823124,1.1419684287255674
7147,euler_ramsey,0.5,2.0% Ramsey,risk_aversion,combined,0,1095.772430611675,1.1196051065634463
7147,euler_ramsey,0.5,2.5% Ramsey,risk_aversion,combined,0,829.8823298958391,1.090407584788597
7148,euler_ramsey,0.5,1.5% Ramsey,risk_aversion,combined,0,408.27830645501336,0.9527657520821653
7148,euler_ramsey,0.5,2.0% Ramsey,risk_aversion,combined,0,327.97228777085945,0.8962533016747134
7148,euler_ramsey,0.5,2.5% Ramsey,risk_aversion,combined,0,251.1532546437456,0.8453228268043398
7149,euler_ramsey,0.5,1.5% Ramsey,risk_aversion,combined,0,536.2022607870496,0.790281197947743
7149,euler_ramsey,0.5,2.0% Ramsey,risk_aversion,combined,0,446.43800774155994,0.7135249301225359
7149,euler_ramsey,0.5,2.5% Ramsey,risk_aversion,combined,0,340.83083197157043,0.6520544068443621
7150,euler_ramsey,0.5,1.5% Ramsey,risk_aversion,combined,0,589.0946753417849,1.3396296720067684
7150,euler_ramsey,0.5,2.0% Ramsey,risk_aversion,combined,0,528.1965605359276,1.3623269766916306
7150,euler_ramsey,0.5,2.5% Ramsey,risk_aversion,combined,0,427.58492973197707,1.365039295633477
7151,euler_ramsey,0.5,1.5% Ramsey,risk_aversion,combined,0,8333.449928297669,0.17833312575030116
7151,euler_ramsey,0.5,2.0% Ramsey,risk_aversion,combined,0,4516.605432655831,0.11522372067550643
7151,euler_ramsey,0.5,2.5% Ramsey,risk_aversion,combined,0,2676.6918861979766,0.08128231071593686
7152,euler_ramsey,0.5,1.5% Ramsey,risk_aversion,combined,0,369.75707261496564,0.9439073738893978
7152,euler_ramsey,0.5,2.0% Ramsey,risk_aversion,combined,0,287.2843320844375,0.8863466687938931
7152,euler_ramsey,0.5,2.5% Ramsey,risk_aversion,combined,0,212.6689836952219,0.8348610735636788
7153,euler_ramsey,0.5,1.5% Ramsey,risk_aversion,combined,0,1898.42205284676,0.24556669959553334
7153,euler_ramsey,0.5,2.0% Ramsey,risk_aversion,combined,0,822.5021744979105,0.1702229278966056
7153,euler_ramsey,0.5,2.5% Ramsey,risk_aversion,combined,0,424.5658134362957,0.12677261462253672
7154,euler_ramsey,0.5,1.5% Ramsey,risk_aversion,combined,0,430.9796284401441,2.1198059200677006
7154,euler_ramsey,0.5,2.0% Ramsey,risk_aversion,combined,0,277.62052394964326,2.3891561046909318
7154,euler_ramsey,0.5,2.5% Ramsey,risk_aversion,combined,0,180.76573182948914,2.591842109350242
7155,euler_ramsey,0.5,1.5% Ramsey,risk_aversion,combined,0,-1479.29641489612,0.3113323174109334
7155,euler_ramsey,0.5,2.0% Ramsey,risk_aversion,combined,0,-945.914272848102,0.22762890513376652
7155,euler_ramsey,0.5,2.5% Ramsey,risk_aversion,combined,0,-561.675380558118,0.17665952820672234
7156,euler_ramsey,0.5,1.5% Ramsey,risk_aversion,combined,0,1191.1753186133667,0.43644858684859894
7156,euler_ramsey,0.5,2.0% Ramsey,risk_aversion,combined,0,950.5113267080025,0.3442858324784583
7156,euler_ramsey,0.5,2.5% Ramsey,risk_aversion,combined,0,679.139166072691,0.28336405859345637
7157,euler_ramsey,0.5,1.5% Ramsey,risk_aversion,combined,0,577.533679418964,1.4142009428497204
7157,euler_ramsey,0.5,2.0% Ramsey,risk_aversion,combined,0,459.674435546106,1.4549678784229476
7157,euler_ramsey,0.5,2.5% Ramsey,risk_aversion,combined,0,334.7773888215884,1.470872509315434
7158,euler_ramsey,0.5,1.5% Ramsey,risk_aversion,combined,0,279.61375322908776,1.0378568822923946
7158,euler_ramsey,0.5,2.0% Ramsey,risk_aversion,combined,0,181.903064707465,0.9958135601801923
7158,euler_ramsey,0.5,2.5% Ramsey,risk_aversion,combined,0,121.30197640821589,0.9537191019059496
7159,euler_ramsey,0.5,1.5% Ramsey,risk_aversion,combined,0,908.8393782630335,1.1139928401663641
7159,euler_ramsey,0.5,2.0% Ramsey,risk_aversion,combined,0,577.4342222857384,1.0856066973858787
7159,euler_ramsey,0.5,2.5% Ramsey,risk_aversion,combined,0,348.3452195272324,1.0523100696730014
7160,euler_ramsey,0.5,1.5% Ramsey,risk_aversion,combined,0,64.20512716101483,2.7188804847279044
7160,euler_ramsey,0.5,2.0% Ramsey,risk_aversion,combined,0,38.941924161278315,3.2400553584403275
7160,euler_ramsey,0.5,2.5% Ramsey,risk_aversion,combined,0,25.69848883811056,3.6695585527663934
7161,euler_ramsey,0.5,1.5% Ramsey,risk_aversion,combined,0,1561.0796447327575,1.338233833104787
7161,euler_ramsey,0.5,2.0% Ramsey,risk_aversion,combined,0,1380.2954345270136,1.3627131085757949
7161,euler_ramsey,0.5,2.5% Ramsey,risk_aversion,combined,0,1095.631392497706,1.367054751609788
7162,euler_ramsey,0.5,1.5% Ramsey,risk_aversion,combined,0,2048.2649271250707,0.6741403533606044
7162,euler_ramsey,0.5,2.0% Ramsey,risk_aversion,combined,0,1475.4081843443196,0.5868095635713481
7162,euler_ramsey,0.5,2.5% Ramsey,risk_aversion,combined,0,1031.501355327449,0.5212378076038665
7163,euler_ramsey,0.5,1.5% Ramsey,risk_aversion,combined,0,241.79947799736692,2.104356209242108
7163,euler_ramsey,0.5,2.0% Ramsey,risk_aversion,combined,0,161.12813225846335,2.367484925746051
7163,euler_ramsey,0.5,2.5% Ramsey,risk_aversion,combined,0,110.1425692943546,2.5646776667465945
7164,euler_ramsey,0.5,1.5% Ramsey,risk_aversion,combined,0,620.0101842041695,1.0129987407085328
7164,euler_ramsey,0.5,2.0% Ramsey,risk_aversion,combined,0,414.55459787463195,0.9676186059000891
7164,euler_ramsey,0.5,2.5% Ramsey,risk_aversion,combined,0,276.635071245287,0.9236799665176272
7165,euler_ramsey,0.5,1.5% Ramsey,risk_aversion,combined,0,281.5038557571119,1.378094847375122
7165,euler_ramsey,0.5,2.0% Ramsey,risk_aversion,combined,0,217.42038271650725,1.409572221479798
7165,euler_ramsey,0.5,2.5% Ramsey,risk_aversion,combined,0,172.0795346052409,1.418580272807092
7166,euler_ramsey,0.5,1.5% Ramsey,risk_aversion,combined,0,475.4720960492977,2.1185603617944357
7166,euler_ramsey,0.5,2.0% Ramsey,risk_aversion,combined,0,396.2308481387068,2.3871291672986823
7166,euler_ramsey,0.5,2.5% Ramsey,risk_aversion,combined,0,305.663923553972,2.5890433341643537
7167,euler_ramsey,0.5,1.5% Ramsey,risk_aversion,combined,0,3275.2812792446975,0.4075865585555727
7167,euler_ramsey,0.5,2.0% Ramsey,risk_aversion,combined,0,3044.5442131909517,0.31682946861262445
7167,euler_ramsey,0.5,2.5% Ramsey,risk_aversion,combined,0,2368.7901948036583,0.25783659307605017
7168,euler_ramsey,0.5,1.5% Ramsey,risk_aversion,combined,0,275.1096138973618,2.061908109276465
7168,euler_ramsey,0.5,2.0% Ramsey,risk_aversion,combined,0,224.87184738011422,2.3091846042254254
7168,euler_ramsey,0.5,2.5% Ramsey,risk_aversion,combined,0,174.26228811420174,2.492755909195954
7169,euler_ramsey,0.5,1.5% Ramsey,risk_aversion,combined,0,-171.85110743476065,1.1005219458571818
7169,euler_ramsey,0.5,2.0% Ramsey,risk_aversion,combined,0,-115.875844654128,1.0694153555039116
7169,euler_ramsey,0.5,2.5% Ramsey,risk_aversion,combined,0,-62.823898473869136,1.0342948847965212
7170,euler_ramsey,0.5,1.5% Ramsey,risk_aversion,combined,0,430.58439885557743,1.0185108145309452
7170,euler_ramsey,0.5,2.0% Ramsey,risk_aversion,combined,0,360.27055725260607,0.9742836312001779
7170,euler_ramsey,0.5,2.5% Ramsey,risk_aversion,combined,0,280.37007016915214,0.9310901446267531
7171,euler_ramsey,0.5,1.5% Ramsey,risk_aversion,combined,0,854.8455361128362,0.642486843644589
7171,euler_ramsey,0.5,2.0% Ramsey,risk_aversion,combined,0,623.9425852670284,0.5540241701135372
7171,euler_ramsey,0.5,2.5% Ramsey,risk_aversion,combined,0,447.50915965806786,0.4885991703768378
7172,euler_ramsey,0.5,1.5% Ramsey,risk_aversion,combined,0,264.5782757758298,1.3943814045784804
7172,euler_ramsey,0.5,2.0% Ramsey,risk_aversion,combined,0,210.70435844721484,1.429847263851434
7172,euler_ramsey,0.5,2.5% Ramsey,risk_aversion,combined,0,159.26861215075428,1.441754130464432
7173,euler_ramsey,0.5,1.5% Ramsey,risk_aversion,combined,0,-199.77371618561162,0.3266817639116523
7173,euler_ramsey,0.5,2.0% Ramsey,risk_aversion,combined,0,55.16000584827901,0.24146292261872618
7173,euler_ramsey,0.5,2.5% Ramsey,risk_aversion,combined,0,91.61764181470667,0.18898206950287533
7174,euler_ramsey,0.5,1.5% Ramsey,risk_aversion,combined,0,12156.182122728762,0.5562834446919634
7174,euler_ramsey,0.5,2.0% Ramsey,risk_aversion,combined,0,10805.88917060691,0.46994376146208844
7174,euler_ramsey,0.5,2.5% Ramsey,risk_aversion,combined,0,8296.641444432724,0.408391508204548
7175,euler_ramsey,0.5,1.5% Ramsey,risk_aversion,combined,0,-1623.9264744121676,0.3970509700389285
7175,euler_ramsey,0.5,2.0% Ramsey,risk_aversion,combined,0,-798.0373204771355,0.3065974252318011
7175,euler_ramsey,0.5,2.5% Ramsey,risk_aversion,combined,0,-406.9738141616166,0.24821305386906367
7176,euler_ramsey,0.5,1.5% Ramsey,risk_aversion,combined,0,314.8609435319782,0.8752488564239972
7176,euler_ramsey,0.5,2.0% Ramsey,risk_aversion,combined,0,260.022667622637,0.8082326365949168
7176,euler_ramsey,0.5,2.5% Ramsey,risk_aversion,combined,0,202.22746697314489,0.7515338866918678
7177,euler_ramsey,0.5,1.5% Ramsey,risk_aversion,combined,0,2016.2290819127968,0.6596919237954418
7177,euler_ramsey,0.5,2.0% Ramsey,risk_aversion,combined,0,752.8727343585363,0.572151924562859
7177,euler_ramsey,0.5,2.5% Ramsey,risk_aversion,combined,0,342.58184556095085,0.5068373112446639
7178,euler_ramsey,0.5,1.5% Ramsey,risk_aversion,combined,0,818.7249377188778,0.801268227382476
7178,euler_ramsey,0.5,2.0% Ramsey,risk_aversion,combined,0,649.625306643446,0.72565372734221
7178,euler_ramsey,0.5,2.5% Ramsey,risk_aversion,combined,0,481.6236168459748,0.6647070180608143
7179,euler_ramsey,0.5,1.5% Ramsey,risk_aversion,combined,0,620.6785423246398,1.7495874397980469
7179,euler_ramsey,0.5,2.0% Ramsey,risk_aversion,combined,0,486.8536094083049,1.8900801037791128
7179,euler_ramsey,0.5,2.5% Ramsey,risk_aversion,combined,0,369.20303301283025,1.9846357823562233
7180,euler_ramsey,0.5,1.5% Ramsey,risk_aversion,combined,0,703.1141157022319,0.4972219192959614
7180,euler_ramsey,0.5,2.0% Ramsey,risk_aversion,combined,0,610.4479795215902,0.40445055133750263
7180,euler_ramsey,0.5,2.5% Ramsey,risk_aversion,combined,0,469.52643069937193,0.3409417500356763
7181,euler_ramsey,0.5,1.5% Ramsey,risk_aversion,combined,0,2666.7724706908657,0.7171084598842646
7181,euler_ramsey,0.5,2.0% Ramsey,risk_aversion,combined,0,2528.473985562434,0.634430592449653
7181,euler_ramsey,0.5,2.5% Ramsey,risk_aversion,combined,0,2127.7006149376793,0.5708087515867609
7182,euler_ramsey,0.5,1.5% Ramsey,risk_aversion,combined,0,2252.6228143501817,0.23826054077725226
7182,euler_ramsey,0.5,2.0% Ramsey,risk_aversion,combined,0,697.9779545187371,0.1640939709196062
7182,euler_ramsey,0.5,2.5% Ramsey,risk_aversion,combined,0,375.0153072882966,0.12160259830975328
7183,euler_ramsey,0.5,1.5% Ramsey,risk_aversion,combined,0,239.2075808669338,2.353348690808674
7183,euler_ramsey,0.5,2.0% Ramsey,risk_aversion,combined,0,173.96956822212988,2.714981638067967
7183,euler_ramsey,0.5,2.5% Ramsey,risk_aversion,combined,0,128.6927175927961,2.9988156285937615
7184,euler_ramsey,0.5,1.5% Ramsey,risk_aversion,combined,0,265.77680413990015,4.194508175957676
7184,euler_ramsey,0.5,2.0% Ramsey,risk_aversion,combined,0,247.48437933775736,5.51119974804351
7184,euler_ramsey,0.5,2.5% Ramsey,risk_aversion,combined,0,209.7081506130455,6.731511072744649
7185,euler_ramsey,0.5,1.5% Ramsey,risk_aversion,combined,0,1616.8452625610698,0.30806175886446124
7185,euler_ramsey,0.5,2.0% Ramsey,risk_aversion,combined,0,1237.5629198032666,0.2247586006118174
7185,euler_ramsey,0.5,2.5% Ramsey,risk_aversion,combined,0,891.1983177082122,0.17415152968415915
7186,euler_ramsey,0.5,1.5% Ramsey,risk_aversion,combined,0,1284.8270703348564,0.8588278066321352
7186,euler_ramsey,0.5,2.0% Ramsey,risk_aversion,combined,0,1040.6763582389567,0.7895902592235968
7186,euler_ramsey,0.5,2.5% Ramsey,risk_aversion,combined,0,749.9182351877297,0.7316520187461286
7187,euler_ramsey,0.5,1.5% Ramsey,risk_aversion,combined,0,2136.3408114471345,0.34568091312752136
7187,euler_ramsey,0.5,2.0% Ramsey,risk_aversion,combined,0,1611.1047205212076,0.25900627392385134
7187,euler_ramsey,0.5,2.5% Ramsey,risk_aversion,combined,0,1166.6193448458098,0.20487523504024008
7188,euler_ramsey,0.5,1.5% Ramsey,risk_aversion,combined,0,3207.2058336291584,0.2595735888507342
7188,euler_ramsey,0.5,2.0% Ramsey,risk_aversion,combined,0,1584.7459507462336,0.1823151766389486
7188,euler_ramsey,0.5,2.5% Ramsey,risk_aversion,combined,0,913.6509467599357,0.13717644381760166
7189,euler_ramsey,0.5,1.5% Ramsey,risk_aversion,combined,0,1224.1173498203595,2.086261059862621
7189,euler_ramsey,0.5,2.0% Ramsey,risk_aversion,combined,0,1190.6655841372194,2.346186271885909
7189,euler_ramsey,0.5,2.5% Ramsey,risk_aversion,combined,0,1028.1501221407416,2.541372675956544
7190,euler_ramsey,0.5,1.5% Ramsey,risk_aversion,combined,0,11700.838872983666,0.18460935858049532
7190,euler_ramsey,0.5,2.0% Ramsey,risk_aversion,combined,0,7456.357438662446,0.12029795730304979
7190,euler_ramsey,0.5,2.5% Ramsey,risk_aversion,combined,0,4429.880844487702,0.08542779811288792
7191,euler_ramsey,0.5,1.5% Ramsey,risk_aversion,combined,0,-906.252264247382,0.3760170078768034
7191,euler_ramsey,0.5,2.0% Ramsey,risk_aversion,combined,0,-807.9883146214775,0.2869980117822412
7191,euler_ramsey,0.5,2.5% Ramsey,risk_aversion,combined,0,-612.3473776254157,0.2302738521534684
7192,euler_ramsey,0.5,1.5% Ramsey,risk_aversion,combined,0,284.0426873510321,0.3903894013898986
7192,euler_ramsey,0.5,2.0% Ramsey,risk_aversion,combined,0,258.8501894963845,0.3005222134435974
7192,euler_ramsey,0.5,2.5% Ramsey,risk_aversion,combined,0,215.93387247876788,0.242727815975472
7193,euler_ramsey,0.5,1.5% Ramsey,risk_aversion,combined,0,578.3079406640192,0.5935776963680707
7193,euler_ramsey,0.5,2.0% Ramsey,risk_aversion,combined,0,352.788689962351,0.5017383889895095
7193,euler_ramsey,0.5,2.5% Ramsey,risk_aversion,combined,0,218.0399424329143,0.4356280896858754
7194,euler_ramsey,0.5,1.5% Ramsey,risk_aversion,combined,0,-18.869054714758782,0.7937320229595713
7194,euler_ramsey,0.5,2.0% Ramsey,risk_aversion,combined,0,-12.273569324174941,0.7171103311624372
7194,euler_ramsey,0.5,2.5% Ramsey,risk_aversion,combined,0,-7.3740713316774995,0.6555758463021818
7195,euler_ramsey,0.5,1.5% Ramsey,risk_aversion,combined,0,2995.397536121678,1.156599589312153
7195,euler_ramsey,0.5,2.0% Ramsey,risk_aversion,combined,0,2746.0011309266683,1.1432815634801106
7195,euler_ramsey,0.5,2.5% Ramsey,risk_aversion,combined,0,2244.1750735564747,1.121154194376896
7196,euler_ramsey,0.5,1.5% Ramsey,risk_aversion,combined,0,120.25337545890875,0.9092612593064283
7196,euler_ramsey,0.5,2.0% Ramsey,risk_aversion,combined,0,88.01508038576384,0.845948225218662
7196,euler_ramsey,0.5,2.5% Ramsey,risk_aversion,combined,0,62.46905003667033,0.7910524195513666
7197,euler_ramsey,0.5,1.5% Ramsey,risk_aversion,combined,0,-955.0604463104487,0.1909861546435509
7197,euler_ramsey,0.5,2.0% Ramsey,risk_aversion,combined,0,-572.3054030511555,0.1251103361664297
7197,euler_ramsey,0.5,2.5% Ramsey,risk_aversion,combined,0,-338.32328125833203,0.0891865198119339
7198,euler_ramsey,0.5,1.5% Ramsey,risk_aversion,combined,0,-486.61959256524074,0.45847399474488504
7198,euler_ramsey,0.5,2.0% Ramsey,risk_aversion,combined,0,-427.3899301660151,0.36569548807213065
7198,euler_ramsey,0.5,2.5% Ramsey,risk_aversion,combined,0,-325.8709599939441,0.3035764881252788
7199,euler_ramsey,0.5,1.5% Ramsey,risk_aversion,combined,0,2806.1115368311434,0.6377642326866262
7199,euler_ramsey,0.5,2.0% Ramsey,risk_aversion,combined,0,2615.3528297277417,0.5492256267622346
7199,euler_ramsey,0.5,2.5% Ramsey,risk_aversion,combined,0,2109.1778376156194,0.48390979870179957
7200,euler_ramsey,0.5,1.5% Ramsey,risk_aversion,combined,0,666.9816440900117,0.6431666805302689
7200,euler_ramsey,0.5,2.0% Ramsey,risk_aversion,combined,0,534.4487300683877,0.5540655545968758
7200,euler_ramsey,0.5,2.5% Ramsey,risk_aversion,combined,0,401.8405984888482,0.48821358024573286
7201,euler_ramsey,0.5,1.5% Ramsey,risk_aversion,combined,0,2541.864119331181,0.4732157078922982
7201,euler_ramsey,0.5,2.0% Ramsey,risk_aversion,combined,0,1989.565154121691,0.38032533222882436
7201,euler_ramsey,0.5,2.5% Ramsey,risk_aversion,combined,0,1401.2847292507315,0.3175967321199586
7202,euler_ramsey,0.5,1.5% Ramsey,risk_aversion,combined,0,510.35762816907544,1.4052266226966579
7202,euler_ramsey,0.5,2.0% Ramsey,risk_aversion,combined,0,294.4506416952153,1.444054070564585
7202,euler_ramsey,0.5,2.5% Ramsey,risk_aversion,combined,0,177.22166536049485,1.4585853682964802
7203,euler_ramsey,0.5,1.5% Ramsey,risk_aversion,combined,0,821.3949115611243,1.9889730251881375
7203,euler_ramsey,0.5,2.0% Ramsey,risk_aversion,combined,0,605.1350154613293,2.2118079894379568
7203,euler_ramsey,0.5,2.5% Ramsey,risk_aversion,combined,0,431.32748831782436,2.37493265202215
7204,euler_ramsey,0.5,1.5% Ramsey,risk_aversion,combined,0,304.51788077306077,0.24237544178585343
7204,euler_ramsey,0.5,2.0% Ramsey,risk_aversion,combined,0,103.03209594456162,0.1674991573481801
7204,euler_ramsey,0.5,2.5% Ramsey,risk_aversion,combined,0,54.849641711674735,0.12444819461137889
7205,euler_ramsey,0.5,1.5% Ramsey,risk_aversion,combined,0,521.8790112204401,3.2092879883069747
7205,euler_ramsey,0.5,2.0% Ramsey,risk_aversion,combined,0,417.8879102076076,3.971436472831797
7205,euler_ramsey,0.5,2.5% Ramsey,risk_aversion,combined,0,316.4010077748741,4.631492921307986
7206,euler_ramsey,0.5,1.5% Ramsey,risk_aversion,combined,0,74.9663116888995,1.2068924596749684
7206,euler_ramsey,0.5,2.0% Ramsey,risk_aversion,combined,0,69.19802572514683,1.1983609779141768
7206,euler_ramsey,0.5,2.5% Ramsey,risk_aversion,combined,0,61.813065398911256,1.1785886138777546
7207,euler_ramsey,0.5,1.5% Ramsey,risk_aversion,combined,0,-363.5106612501851,0.7220395655592711
7207,euler_ramsey,0.5,2.0% Ramsey,risk_aversion,combined,0,-230.35919865672196,0.6383629765557759
7207,euler_ramsey,0.5,2.5% Ramsey,risk_aversion,combined,0,-136.76541795836818,0.5738724777752147
7208,euler_ramsey,0.5,1.5% Ramsey,risk_aversion,combined,0,277.0852906387359,1.248707290337795
7208,euler_ramsey,0.5,2.0% Ramsey,risk_aversion,combined,0,213.29434754248845,1.2494351900843166
7208,euler_ramsey,0.5,2.5% Ramsey,risk_aversion,combined,0,162.63870893610658,1.2361469757811505
7209,euler_ramsey,0.5,1.5% Ramsey,risk_aversion,combined,0,474.3130546372365,1.5427225585728892
7209,euler_ramsey,0.5,2.0% Ramsey,risk_aversion,combined,0,309.24163321536724,1.6190892096785203
7209,euler_ramsey,0.5,2.5% Ramsey,risk_aversion,combined,0,209.3487734224265,1.6622921585030963
7210,euler_ramsey,0.5,1.5% Ramsey,risk_aversion,combined,0,276.31650742916605,1.9358179624566427
7210,euler_ramsey,0.5,2.0% Ramsey,risk_aversion,combined,0,171.58975739651774,2.1373517990223614
7210,euler_ramsey,0.5,2.5% Ramsey,risk_aversion,combined,0,109.64110651321764,2.281977163423236
7211,euler_ramsey,0.5,1.5% Ramsey,risk_aversion,combined,0,138.40260015763045,0.9893890768791653
7211,euler_ramsey,0.5,2.0% Ramsey,risk_aversion,combined,0,120.66430133698992,0.9394688966226801
7211,euler_ramsey,0.5,2.5% Ramsey,risk_aversion,combined,0,96.86739991735301,0.8925899595188964
7212,euler_ramsey,0.5,1.5% Ramsey,risk_aversion,combined,0,149.58975435746513,1.7208991722827742
7212,euler_ramsey,0.5,2.0% Ramsey,risk_aversion,combined,0,110.11077025546844,1.8503702605926189
7212,euler_ramsey,0.5,2.5% Ramsey,risk_aversion,combined,0,84.42789969898652,1.9354753396039663
7213,euler_ramsey,0.5,1.5% Ramsey,risk_aversion,combined,0,785.9638843380519,0.4523591750466867
7213,euler_ramsey,0.5,2.0% Ramsey,risk_aversion,combined,0,721.8052217847205,0.35977457526049506
7213,euler_ramsey,0.5,2.5% Ramsey,risk_aversion,combined,0,607.4174915350367,0.2980010469653221
7214,euler_ramsey,0.5,1.5% Ramsey,risk_aversion,combined,0,2370.5654362142013,0.3665407879405438
7214,euler_ramsey,0.5,2.0% Ramsey,risk_aversion,combined,0,906.2820678089344,0.27823742664115
7214,euler_ramsey,0.5,2.5% Ramsey,risk_aversion,combined,0,497.8729079229372,0.22231333694892724
7215,euler_ramsey,0.5,1.5% Ramsey,risk_aversion,combined,0,112.6903055497966,1.3674721506614373
7215,euler_ramsey,0.5,2.0% Ramsey,risk_aversion,combined,0,92.15235650653898,1.3963073837856794
7215,euler_ramsey,0.5,2.5% Ramsey,risk_aversion,combined,0,74.36155525405131,1.4033904016598953
7216,euler_ramsey,0.5,1.5% Ramsey,risk_aversion,combined,0,-683.3202216743181,0.243535969399271
7216,euler_ramsey,0.5,2.0% Ramsey,risk_aversion,combined,0,-414.97567575642125,0.1685057300174689
7216,euler_ramsey,0.5,2.5% Ramsey,risk_aversion,combined,0,-270.62241391683415,0.12531406508177384
7217,euler_ramsey,0.5,1.5% Ramsey,risk_aversion,combined,0,10236.454525943262,0.4124891680950037
7217,euler_ramsey,0.5,2.0% Ramsey,risk_aversion,combined,0,10076.26945486297,0.3220089128721735
7217,euler_ramsey,0.5,2.5% Ramsey,risk_aversion,combined,0,7997.460192141168,0.2629583383435348
7218,euler_ramsey,0.5,1.5% Ramsey,risk_aversion,combined,0,189.22265910824117,1.8194460777676948
7218,euler_ramsey,0.5,2.0% Ramsey,risk_aversion,combined,0,127.31342151366762,1.981168233080215
7218,euler_ramsey,0.5,2.5% Ramsey,risk_aversion,combined,0,90.11369479458038,2.0926679848649044
7219,euler_ramsey,0.5,1.5% Ramsey,risk_aversion,combined,0,-51.7929126118881,0.7797943335425236
7219,euler_ramsey,0.5,2.0% Ramsey,risk_aversion,combined,0,-30.084733617406012,0.7014934510203421
7219,euler_ramsey,0.5,2.5% Ramsey,risk_aversion,combined,0,-14.756264989770086,0.6391858630964545
7220,euler_ramsey,0.5,1.5% Ramsey,risk_aversion,combined,0,-1269.9036328912111,0.2947735677886441
7220,euler_ramsey,0.5,2.0% Ramsey,risk_aversion,combined,0,-974.7734189938025,0.2130287935328324
7220,euler_ramsey,0.5,2.5% Ramsey,risk_aversion,combined,0,-716.5278960089843,0.1638539091720802
7221,euler_ramsey,0.5,1.5% Ramsey,risk_aversion,combined,0,2626.791024781767,0.3464603113915311
7221,euler_ramsey,0.5,2.0% Ramsey,risk_aversion,combined,0,1445.8772154119483,0.2596539427724045
7221,euler_ramsey,0.5,2.5% Ramsey,risk_aversion,combined,0,897.0977867511045,0.20542153041864702
7222,euler_ramsey,0.5,1.5% Ramsey,risk_aversion,combined,0,509.1217579943832,3.5444741616208018
7222,euler_ramsey,0.5,2.0% Ramsey,risk_aversion,combined,0,406.9101278825128,4.486967340571193
7222,euler_ramsey,0.5,2.5% Ramsey,risk_aversion,combined,0,300.9388375692074,5.325601806463997
7223,euler_ramsey,0.5,1.5% Ramsey,risk_aversion,combined,0,111.37182931327948,1.3234859965425756
7223,euler_ramsey,0.5,2.0% Ramsey,risk_aversion,combined,0,78.6201948531894,1.3410017667765757
7223,euler_ramsey,0.5,2.5% Ramsey,risk_aversion,combined,0,52.26240460006044,1.3396552165715043
7224,euler_ramsey,0.5,1.5% Ramsey,risk_aversion,combined,0,414.02376282708406,0.8173906175482386
7224,euler_ramsey,0.5,2.0% Ramsey,risk_aversion,combined,0,339.9544587726796,0.7434565573265426
7224,euler_ramsey,0.5,2.5% Ramsey,risk_aversion,combined,0,261.21200760403127,0.683213447064427
7225,euler_ramsey,0.5,1.5% Ramsey,risk_aversion,combined,0,-63.62645012765595,0.807188568981313
7225,euler_ramsey,0.5,2.0% Ramsey,risk_aversion,combined,0,-61.962406647317806,0.7314180942147354
7225,euler_ramsey,0.5,2.5% Ramsey,risk_aversion,combined,0,-52.23879787280011,0.6701507763309561
7226,euler_ramsey,0.5,1.5% Ramsey,risk_aversion,combined,0,-45.012447996508705,1.5033002608513726
7226,euler_ramsey,0.5,2.0% Ramsey,risk_aversion,combined,0,-13.163395642154086,1.5681378097679188
7226,euler_ramsey,0.5,2.5% Ramsey,risk_aversion,combined,0,4.5312457114368705,1.6022615692835345
7227,euler_ramsey,0.5,1.5% Ramsey,risk_aversion,combined,0,1067.6376182763483,1.0399075706730272
7227,euler_ramsey,0.5,2.0% Ramsey,risk_aversion,combined,0,843.1779058309453,0.9984789840850032
7227,euler_ramsey,0.5,2.5% Ramsey,risk_aversion,combined,0,624.9000460485072,0.956926087041068
7228,euler_ramsey,0.5,1.5% Ramsey,risk_aversion,combined,0,2158.068147805972,0.5625288397328743
7228,euler_ramsey,0.5,2.0% Ramsey,risk_aversion,combined,0,1744.0602079245748,0.4704593448778853
7228,euler_ramsey,0.5,2.5% Ramsey,risk_aversion,combined,0,1270.8343602204989,0.4051794511112525
7229,euler_ramsey,0.5,1.5% Ramsey,risk_aversion,combined,0,662.5474089615975,1.047183427692243
7229,euler_ramsey,0.5,2.0% Ramsey,risk_aversion,combined,0,443.41316073812504,1.0064019790094645
7229,euler_ramsey,0.5,2.5% Ramsey,risk_aversion,combined,0,289.41188564672956,0.965124097909592
7230,euler_ramsey,0.5,1.5% Ramsey,risk_aversion,combined,0,4253.543900540802,0.48481825053059474
7230,euler_ramsey,0.5,2.0% Ramsey,risk_aversion,combined,0,3530.7788725996647,0.39235358105706325
7230,euler_ramsey,0.5,2.5% Ramsey,risk_aversion,combined,0,2636.929493521088,0.32944309040282116
7231,euler_ramsey,0.5,1.5% Ramsey,risk_aversion,combined,0,1582.1768151728074,0.7325574004614172
7231,euler_ramsey,0.5,2.0% Ramsey,risk_aversion,combined,0,1635.7454408630388,0.6506518517550063
7231,euler_ramsey,0.5,2.5% Ramsey,risk_aversion,combined,0,1448.2990907116505,0.587117285803513
7232,euler_ramsey,0.5,1.5% Ramsey,risk_aversion,combined,0,113.74832107313385,1.6528615348216278
7232,euler_ramsey,0.5,2.0% Ramsey,risk_aversion,combined,0,79.39905272191947,1.7613097200879038
7232,euler_ramsey,0.5,2.5% Ramsey,risk_aversion,combined,0,57.34688320909541,1.8295958916474406
7233,euler_ramsey,0.5,1.5% Ramsey,risk_aversion,combined,0,1294.5847031334838,1.1196090560414727
7233,euler_ramsey,0.5,2.0% Ramsey,risk_aversion,combined,0,1056.363656088349,1.093324484297271
7233,euler_ramsey,0.5,2.5% Ramsey,risk_aversion,combined,0,814.879578402801,1.0616250265925902
7234,euler_ramsey,0.5,1.5% Ramsey,risk_aversion,combined,0,255.9733336737848,1.0033926607719157
7234,euler_ramsey,0.5,2.0% Ramsey,risk_aversion,combined,0,210.3102935332881,0.955889978217513
7234,euler_ramsey,0.5,2.5% Ramsey,risk_aversion,combined,0,158.44328664620608,0.910526978237862
7235,euler_ramsey,0.5,1.5% Ramsey,risk_aversion,combined,0,380.0835279501871,1.1673237539790644
7235,euler_ramsey,0.5,2.0% Ramsey,risk_aversion,combined,0,254.99071930505934,1.1497630932448797
7235,euler_ramsey,0.5,2.5% Ramsey,risk_aversion,combined,0,172.17567452453935,1.1237396822731962
7236,euler_ramsey,0.5,1.5% Ramsey,risk_aversion,combined,0,4097.561366916763,0.7292705809499327
7236,euler_ramsey,0.5,2.0% Ramsey,risk_aversion,combined,0,2659.783152799117,0.6464601843727538
7236,euler_ramsey,0.5,2.5% Ramsey,risk_aversion,combined,0,1627.6268307892942,0.5823846483994846
7237,euler_ramsey,0.5,1.5% Ramsey,risk_aversion,combined,0,448.03739665464275,0.9288394390521422
7237,euler_ramsey,0.5,2.0% Ramsey,risk_aversion,combined,0,335.7286857314578,0.8701272352015785
7237,euler_ramsey,0.5,2.5% Ramsey,risk_aversion,combined,0,232.16760746186822,0.818141933996016
7238,euler_ramsey,0.5,1.5% Ramsey,risk_aversion,combined,0,584.0588135208081,0.93881942239116
7238,euler_ramsey,0.5,2.0% Ramsey,risk_aversion,combined,0,425.2190712523536,0.8804246470414231
7238,euler_ramsey,0.5,2.5% Ramsey,risk_aversion,combined,0,305.9556166048131,0.8284715933401616
7239,euler_ramsey,0.5,1.5% Ramsey,risk_aversion,combined,0,427.3658435689588,1.48637527864229
7239,euler_ramsey,0.5,2.0% Ramsey,risk_aversion,combined,0,312.6165110219393,1.5462929520134168
7239,euler_ramsey,0.5,2.5% Ramsey,risk_aversion,combined,0,214.8189183346508,1.5767133683728891
7240,euler_ramsey,0.5,1.5% Ramsey,risk_aversion,combined,0,114.81605881507082,0.8889115808203908
7240,euler_ramsey,0.5,2.0% Ramsey,risk_aversion,combined,0,106.20754596054974,0.8233976487453413
7240,euler_ramsey,0.5,2.5% Ramsey,risk_aversion,combined,0,96.65998179988328,0.7674569253843709
7241,euler_ramsey,0.5,1.5% Ramsey,risk_aversion,combined,0,-100.07128506696657,0.8725275265629703
7241,euler_ramsey,0.5,2.0% Ramsey,risk_aversion,combined,0,-74.08733153911047,0.8047980859572128
7241,euler_ramsey,0.5,2.5% Ramsey,risk_aversion,combined,0,-53.239922989398416,0.7475943640375927
7242,euler_ramsey,0.5,1.5% Ramsey,risk_aversion,combined,0,236.2899242804481,2.5625445131137385
7242,euler_ramsey,0.5,2.0% Ramsey,risk_aversion,combined,0,159.5064166740429,3.0134070137225955
7242,euler_ramsey,0.5,2.5% Ramsey,risk_aversion,combined,0,104.60848738532152,3.377980728764842
7243,euler_ramsey,0.5,1.5% Ramsey,risk_aversion,combined,0,1600.9079459555667,0.5900436982162396
7243,euler_ramsey,0.5,2.0% Ramsey,risk_aversion,combined,0,1201.5414727836333,0.4990950788180456
7243,euler_ramsey,0.5,2.5% Ramsey,risk_aversion,combined,0,822.1682296944848,0.43365066751231834
7244,euler_ramsey,0.5,1.5% Ramsey,risk_aversion,combined,0,880.203271436863,0.8868975271535001
7244,euler_ramsey,0.5,2.0% Ramsey,risk_aversion,combined,0,955.1046680228444,0.8217805270768413
7244,euler_ramsey,0.5,2.5% Ramsey,risk_aversion,combined,0,864.4865299304455,0.7661489211068845
7245,euler_ramsey,0.5,1.5% Ramsey,risk_aversion,combined,0,1304.361836054884,1.0598403157708134
7245,euler_ramsey,0.5,2.0% Ramsey,risk_aversion,combined,0,831.6067214347052,1.0225579404452876
7245,euler_ramsey,0.5,2.5% Ramsey,risk_aversion,combined,0,523.7838275831233,0.9836707445701945
7246,euler_ramsey,0.5,1.5% Ramsey,risk_aversion,combined,0,-244.73295074931858,1.0969229413902362
7246,euler_ramsey,0.5,2.0% Ramsey,risk_aversion,combined,0,-176.33956007860613,1.0652646686374274
7246,euler_ramsey,0.5,2.5% Ramsey,risk_aversion,combined,0,-111.53369447788336,1.029822441529616
7247,euler_ramsey,0.5,1.5% Ramsey,risk_aversion,combined,0,1293.435199892558,0.4375231450492782
7247,euler_ramsey,0.5,2.0% Ramsey,risk_aversion,combined,0,1086.087634636553,0.3454794041497766
7247,euler_ramsey,0.5,2.5% Ramsey,risk_aversion,combined,0,825.6249712021619,0.28458033145285644
7248,euler_ramsey,0.5,1.5% Ramsey,risk_aversion,combined,0,330.57720671762775,0.6707937933201737
7248,euler_ramsey,0.5,2.0% Ramsey,risk_aversion,combined,0,361.8703244737276,0.5836708627494045
7248,euler_ramsey,0.5,2.5% Ramsey,risk_aversion,combined,0,318.21211108494595,0.5183013471674035
7249,euler_ramsey,0.5,1.5% Ramsey,risk_aversion,combined,0,-958.0313719090935,0.502341087885601
7249,euler_ramsey,0.5,2.0% Ramsey,risk_aversion,combined,0,-748.5557654986104,0.40935835226880524
7249,euler_ramsey,0.5,2.5% Ramsey,risk_aversion,combined,0,-529.3136443150636,0.3455173780335621
7250,euler_ramsey,0.5,1.5% Ramsey,risk_aversion,combined,0,47.644089957978224,1.5703299278221736
7250,euler_ramsey,0.5,2.0% Ramsey,risk_aversion,combined,0,27.139496114728196,1.6541317144748109
7250,euler_ramsey,0.5,2.5% Ramsey,risk_aversion,combined,0,19.28452908325962,1.7029335235452616
7251,euler_ramsey,0.5,1.5% Ramsey,risk_aversion,combined,0,1253.6399857429612,0.8224239654147792
7251,euler_ramsey,0.5,2.0% Ramsey,risk_aversion,combined,0,1018.4092494935868,0.7486272027474828
7251,euler_ramsey,0.5,2.5% Ramsey,risk_aversion,combined,0,743.1150192874271,0.6883656246927604
7252,euler_ramsey,0.5,1.5% Ramsey,risk_aversion,combined,0,3217.2548509829935,0.5427490039462577
7252,euler_ramsey,0.5,2.0% Ramsey,risk_aversion,combined,0,1533.3472909066343,0.45027988004516234
7252,euler_ramsey,0.5,2.5% Ramsey,risk_aversion,combined,0,789.8818275663045,0.38539423709362725
7253,euler_ramsey,0.5,1.5% Ramsey,risk_aversion,combined,0,161.24604403921435,1.8409597016344619
7253,euler_ramsey,0.5,2.0% Ramsey,risk_aversion,combined,0,115.52129654127381,2.009707065880215
7253,euler_ramsey,0.5,2.5% Ramsey,risk_aversion,combined,0,81.72382233644153,2.1269010799068475
7254,euler_ramsey,0.5,1.5% Ramsey,risk_aversion,combined,0,698.5335527160842,0.46502491113581357
7254,euler_ramsey,0.5,2.0% Ramsey,risk_aversion,combined,0,410.2924082299156,0.372183855584668
7254,euler_ramsey,0.5,2.5% Ramsey,risk_aversion,combined,0,262.34727913712027,0.30978733357559685
7255,euler_ramsey,0.5,1.5% Ramsey,risk_aversion,combined,0,715.9897803229104,2.0721184502848797
7255,euler_ramsey,0.5,2.0% Ramsey,risk_aversion,combined,0,569.2370603919284,2.3240234347155266
7255,euler_ramsey,0.5,2.5% Ramsey,risk_aversion,combined,0,428.80885352633504,2.511777851629369
7256,euler_ramsey,0.5,1.5% Ramsey,risk_aversion,combined,0,175.29747784672998,1.1089843880911923
7256,euler_ramsey,0.5,2.0% Ramsey,risk_aversion,combined,0,163.92195168192285,1.0806424252497502
7256,euler_ramsey,0.5,2.5% Ramsey,risk_aversion,combined,0,139.99183702292382,1.047519120968342
7257,euler_ramsey,0.5,1.5% Ramsey,risk_aversion,combined,0,813.4722712025656,1.1512230935645615
7257,euler_ramsey,0.5,2.0% Ramsey,risk_aversion,combined,0,667.2858233528815,1.1304044919746747
7257,euler_ramsey,0.5,2.5% Ramsey,risk_aversion,combined,0,501.0492493024985,1.102218697057527
7258,euler_ramsey,0.5,1.5% Ramsey,risk_aversion,combined,0,1236.705373436428,0.5909881819249514
7258,euler_ramsey,0.5,2.0% Ramsey,risk_aversion,combined,0,992.8152671315986,0.4998013522992477
7258,euler_ramsey,0.5,2.5% Ramsey,risk_aversion,combined,0,750.9805107333854,0.43417655870895183
7259,euler_ramsey,0.5,1.5% Ramsey,risk_aversion,combined,0,2961.695772127213,0.5694125080121817
7259,euler_ramsey,0.5,2.0% Ramsey,risk_aversion,combined,0,2282.7395868973363,0.4780109454130805
7259,euler_ramsey,0.5,2.5% Ramsey,risk_aversion,combined,0,1638.9924571984775,0.4129259273209768
7260,euler_ramsey,0.5,1.5% Ramsey,risk_aversion,combined,0,2324.453165885063,1.908217614757165
7260,euler_ramsey,0.5,2.0% Ramsey,risk_aversion,combined,0,1954.837409005799,2.103295081441987
7260,euler_ramsey,0.5,2.5% Ramsey,risk_aversion,combined,0,1481.6060537418625,2.2431502310920854
7261,euler_ramsey,0.5,1.5% Ramsey,risk_aversion,combined,0,810.6310180134981,1.085675168199212
7261,euler_ramsey,0.5,2.0% Ramsey,risk_aversion,combined,0,657.4139996752228,1.052782122591323
7261,euler_ramsey,0.5,2.5% Ramsey,risk_aversion,combined,0,483.7147952346996,1.0167430315547334
7262,euler_ramsey,0.5,1.5% Ramsey,risk_aversion,combined,0,160.95821466266378,2.764728371227663
7262,euler_ramsey,0.5,2.0% Ramsey,risk_aversion,combined,0,89.34295998431178,3.307120007402545
7262,euler_ramsey,0.5,2.5% Ramsey,risk_aversion,combined,0,52.137025423581804,3.756422053558711
7263,euler_ramsey,0.5,1.5% Ramsey,risk_aversion,combined,0,854.6125152948051,1.8667253583880887
7263,euler_ramsey,0.5,2.0% Ramsey,risk_aversion,combined,0,615.6224387039609,2.0449562828483883
7263,euler_ramsey,0.5,2.5% Ramsey,risk_aversion,combined,0,422.9570372536998,2.1702710005591426
7264,euler_ramsey,0.5,1.5% Ramsey,risk_aversion,combined,0,1401.0759841724644,1.413258333287943
7264,euler_ramsey,0.5,2.0% Ramsey,risk_aversion,combined,0,826.4589175207018,1.4551578556821092
7264,euler_ramsey,0.5,2.5% Ramsey,risk_aversion,combined,0,518.4201015787696,1.4721795108490718
7265,euler_ramsey,0.5,1.5% Ramsey,risk_aversion,combined,0,1041.4345672778136,1.2007039949921168
7265,euler_ramsey,0.5,2.0% Ramsey,risk_aversion,combined,0,771.202301796746,1.1906225650577962
7265,euler_ramsey,0.5,2.5% Ramsey,risk_aversion,combined,0,530.3404673877681,1.169814342551396
7266,euler_ramsey,0.5,1.5% Ramsey,risk_aversion,combined,0,97.6110369822082,1.2101748203008367
7266,euler_ramsey,0.5,2.0% Ramsey,risk_aversion,combined,0,76.86336917359215,1.2013334100615283
7266,euler_ramsey,0.5,2.5% Ramsey,risk_aversion,combined,0,62.30235095634005,1.1812813707543788
7267,euler_ramsey,0.5,1.5% Ramsey,risk_aversion,combined,0,544.6674369297604,0.7081677595996512
7267,euler_ramsey,0.5,2.0% Ramsey,risk_aversion,combined,0,406.32620309908646,0.62356345045749
7267,euler_ramsey,0.5,2.5% Ramsey,risk_aversion,combined,0,274.9079762853633,0.5588323278218771
7268,euler_ramsey,0.5,1.5% Ramsey,risk_aversion,combined,0,9173.402110799867,0.18633341509851054
7268,euler_ramsey,0.5,2.0% Ramsey,risk_aversion,combined,0,3696.404638124462,0.12156211169857757
7268,euler_ramsey,0.5,2.5% Ramsey,risk_aversion,combined,0,1942.325027011884,0.08639548196988721
7269,euler_ramsey,0.5,1.5% Ramsey,risk_aversion,combined,0,528.1163846323919,1.9053205177588601
7269,euler_ramsey,0.5,2.0% Ramsey,risk_aversion,combined,0,316.28318708407477,2.0963525883063054
7269,euler_ramsey,0.5,2.5% Ramsey,risk_aversion,combined,0,192.63843512872313,2.23223531251416
7270,euler_ramsey,0.5,1.5% Ramsey,risk_aversion,combined,0,290.1123340664523,1.299525799601739
7270,euler_ramsey,0.5,2.0% Ramsey,risk_aversion,combined,0,179.54756913683897,1.3111512253303386
7270,euler_ramsey,0.5,2.5% Ramsey,risk_aversion,combined,0,127.21328790700156,1.3055634594625953
7271,euler_ramsey,0.5,1.5% Ramsey,risk_aversion,combined,0,6394.902088918714,0.31045627101103473
7271,euler_ramsey,0.5,2.0% Ramsey,risk_aversion,combined,0,4659.39489043262,0.22727824666232793
7271,euler_ramsey,0.5,2.5% Ramsey,risk_aversion,combined,0,3154.8490516769643,0.1765961655585017
7272,euler_ramsey,0.5,1.5% Ramsey,risk_aversion,combined,0,165.27511003542773,0.451904755175816
7272,euler_ramsey,0.5,2.0% Ramsey,risk_aversion,combined,0,73.8175168173814,0.3592879241940687
7272,euler_ramsey,0.5,2.5% Ramsey,risk_aversion,combined,0,32.16279933373979,0.2975097415095981
7273,euler_ramsey,0.5,1.5% Ramsey,risk_aversion,combined,0,-253.53477471993202,0.46175896060246796
7273,euler_ramsey,0.5,2.0% Ramsey,risk_aversion,combined,0,-198.81196179933843,0.36890589189442774
7273,euler_ramsey,0.5,2.5% Ramsey,risk_aversion,combined,0,-143.34641386643722,0.3066209963608289
7274,euler_ramsey,0.5,1.5% Ramsey,risk_aversion,combined,0,-32.59649380655135,1.2112754108949435
7274,euler_ramsey,0.5,2.0% Ramsey,risk_aversion,combined,0,-24.668194081933912,1.203860621233503
7274,euler_ramsey,0.5,2.5% Ramsey,risk_aversion,combined,0,-16.487745309364065,1.184944253244797
7275,euler_ramsey,0.5,1.5% Ramsey,risk_aversion,combined,0,-225.96511483588614,0.34012906606683346
7275,euler_ramsey,0.5,2.0% Ramsey,risk_aversion,combined,0,-157.21378666961948,0.2537112729204453
7275,euler_ramsey,0.5,2.5% Ramsey,risk_aversion,combined,0,-111.25009349291742,0.19997503761287552
7276,euler_ramsey,0.5,1.5% Ramsey,risk_aversion,combined,0,931.8430337453105,0.7520994001070378
7276,euler_ramsey,0.5,2.0% Ramsey,risk_aversion,combined,0,761.5001980287708,0.6718398753343751
7276,euler_ramsey,0.5,2.5% Ramsey,risk_aversion,combined,0,596.0500446761071,0.6089002466095726
7277,euler_ramsey,0.5,1.5% Ramsey,risk_aversion,combined,0,682.7203840687755,0.6221314103847672
7277,euler_ramsey,0.5,2.0% Ramsey,risk_aversion,combined,0,1245.5329794415172,0.5319857122337074
7277,euler_ramsey,0.5,2.5% Ramsey,risk_aversion,combined,0,1681.1950097481024,0.46607421817595523
7278,euler_ramsey,0.5,1.5% Ramsey,risk_aversion,combined,0,78.46681159386762,1.322647518939498
7278,euler_ramsey,0.5,2.0% Ramsey,risk_aversion,combined,0,67.85348142973335,1.3406141616283387
7278,euler_ramsey,0.5,2.5% Ramsey,risk_aversion,combined,0,57.263238827578014,1.339647816606085
7279,euler_ramsey,0.5,1.5% Ramsey,risk_aversion,combined,0,352.2220782598199,1.0909518807408434
7279,euler_ramsey,0.5,2.0% Ramsey,risk_aversion,combined,0,228.4334647278471,1.0574957888376288
7279,euler_ramsey,0.5,2.5% Ramsey,risk_aversion,combined,0,145.80913471451882,1.0207542812235764
7280,euler_ramsey,0.5,1.5% Ramsey,risk_aversion,combined,0,1125.0199984566584,0.8335373377523393
7280,euler_ramsey,0.5,2.0% Ramsey,risk_aversion,combined,0,1147.2729398769206,0.7615976095963101
7280,euler_ramsey,0.5,2.5% Ramsey,risk_aversion,combined,0,985.9766964619145,0.7024364115730669
7281,euler_ramsey,0.5,1.5% Ramsey,risk_aversion,combined,0,723.8247539985922,0.8757441432087184
7281,euler_ramsey,0.5,2.0% Ramsey,risk_aversion,combined,0,582.1742098697591,0.8093096955253072
7281,euler_ramsey,0.5,2.5% Ramsey,risk_aversion,combined,0,433.65962677470407,0.7529750994315387
7282,euler_ramsey,0.5,1.5% Ramsey,risk_aversion,combined,0,506.4145251441387,1.383890598240062
7282,euler_ramsey,0.5,2.0% Ramsey,risk_aversion,combined,0,481.763087971402,1.4173660833656396
7282,euler_ramsey,0.5,2.5% Ramsey,risk_aversion,combined,0,401.2897364646211,1.4279582836585993
7283,euler_ramsey,0.5,1.5% Ramsey,risk_aversion,combined,0,-1037.962282769995,0.28382394981359976
7283,euler_ramsey,0.5,2.0% Ramsey,risk_aversion,combined,0,-647.0383415261633,0.20330930585193446
7283,euler_ramsey,0.5,2.5% Ramsey,risk_aversion,combined,0,-434.1492324927001,0.1553083142710115
7284,euler_ramsey,0.5,1.5% Ramsey,risk_aversion,combined,0,615.3813358239458,0.6083556326815657
7284,euler_ramsey,0.5,2.0% Ramsey,risk_aversion,combined,0,531.4656074147333,0.517359130187309
7284,euler_ramsey,0.5,2.5% Ramsey,risk_aversion,combined,0,428.0454042955033,0.4513247247463087
7285,euler_ramsey,0.5,1.5% Ramsey,risk_aversion,combined,0,127.45408453060412,3.725390041847223
7285,euler_ramsey,0.5,2.0% Ramsey,risk_aversion,combined,0,103.27604097011492,4.765090159241113
7285,euler_ramsey,0.5,2.5% Ramsey,risk_aversion,combined,0,81.78142596188614,5.700251313193008
7286,euler_ramsey,0.5,1.5% Ramsey,risk_aversion,combined,0,189.19516984925076,1.4436279497083688
7286,euler_ramsey,0.5,2.0% Ramsey,risk_aversion,combined,0,128.70231130745069,1.4921712089575565
7286,euler_ramsey,0.5,2.5% Ramsey,risk_aversion,combined,0,93.80818920610618,1.5138852169138057
7287,euler_ramsey,0.5,1.5% Ramsey,risk_aversion,combined,0,-1082.0621686502507,0.2912668192581944
7287,euler_ramsey,0.5,2.0% Ramsey,risk_aversion,combined,0,-593.1550743090799,0.20997612932107554
7287,euler_ramsey,0.5,2.5% Ramsey,risk_aversion,combined,0,-401.5865987457036,0.16120072867589605
7288,euler_ramsey,0.5,1.5% Ramsey,risk_aversion,combined,0,4347.000876254762,0.12872574669509304
7288,euler_ramsey,0.5,2.0% Ramsey,risk_aversion,combined,0,3051.763454352839,0.07720991339280596
7288,euler_ramsey,0.5,2.5% Ramsey,risk_aversion,combined,0,2157.231558803572,0.05141598561336542
7289,euler_ramsey,0.5,1.5% Ramsey,risk_aversion,combined,0,-194.6301332950397,1.1026809531608224
7289,euler_ramsey,0.5,2.0% Ramsey,risk_aversion,combined,0,-137.57370727588204,1.0719458528462087
7289,euler_ramsey,0.5,2.5% Ramsey,risk_aversion,combined,0,-84.51183915723347,1.0370992348262893
7290,euler_ramsey,0.5,1.5% Ramsey,risk_aversion,combined,0,955.8832464205888,0.8772695601912321
7290,euler_ramsey,0.5,2.0% Ramsey,risk_aversion,combined,0,792.2437776311565,0.8103283174240168
7290,euler_ramsey,0.5,2.5% Ramsey,risk_aversion,combined,0,597.4562632726748,0.7536350916088819
7291,euler_ramsey,0.5,1.5% Ramsey,risk_aversion,combined,0,1387.1174954380194,0.28144159437331984
7291,euler_ramsey,0.5,2.0% Ramsey,risk_aversion,combined,0,784.4728260120943,0.20122336580208056
7291,euler_ramsey,0.5,2.5% Ramsey,risk_aversion,combined,0,532.4962960314937,0.15349555075625232
7292,euler_ramsey,0.5,1.5% Ramsey,risk_aversion,combined,0,1229.3273440608777,0.25327243544112976
7292,euler_ramsey,0.5,2.0% Ramsey,risk_aversion,combined,0,263.19757235290814,0.1767702120752302
7292,euler_ramsey,0.5,2.5% Ramsey,risk_aversion,combined,0,112.0775988285137,0.1323456281464086
7293,euler_ramsey,0.5,1.5% Ramsey,risk_aversion,combined,0,470.6670051419258,0.3925420916539219
7293,euler_ramsey,0.5,2.0% Ramsey,risk_aversion,combined,0,339.3189942870112,0.3023515190767998
7293,euler_ramsey,0.5,2.5% Ramsey,risk_aversion,combined,0,238.03470300969,0.2443000818838921
7294,euler_ramsey,0.5,1.5% Ramsey,risk_aversion,combined,0,2887.9242519700056,0.6940623251813505
7294,euler_ramsey,0.5,2.0% Ramsey,risk_aversion,combined,0,2167.3981674521597,0.610672989160784
7294,euler_ramsey,0.5,2.5% Ramsey,risk_aversion,combined,0,1547.9275776199433,0.5471598142243383
7295,euler_ramsey,0.5,1.5% Ramsey,risk_aversion,combined,0,127.57362845480415,1.1827201672387928
7295,euler_ramsey,0.5,2.0% Ramsey,risk_aversion,combined,0,91.1894488694474,1.1681965076061191
7295,euler_ramsey,0.5,2.5% Ramsey,risk_aversion,combined,0,64.06045775359313,1.1442533376382933
7296,euler_ramsey,0.5,1.5% Ramsey,risk_aversion,combined,0,4005.345868297774,0.3760228200281566
7296,euler_ramsey,0.5,2.0% Ramsey,risk_aversion,combined,0,2841.4865237226136,0.28720498407863243
7296,euler_ramsey,0.5,2.5% Ramsey,risk_aversion,combined,0,2031.4383562890675,0.23058774558921594
7297,euler_ramsey,0.5,1.5% Ramsey,risk_aversion,combined,0,115.89004502696426,2.719008015503458
7297,euler_ramsey,0.5,2.0% Ramsey,risk_aversion,combined,0,98.53893135434674,3.2405006085491155
7297,euler_ramsey,0.5,2.5% Ramsey,risk_aversion,combined,0,82.07085946532047,3.670507262421951
7298,euler_ramsey,0.5,1.5% Ramsey,risk_aversion,combined,0,180.3391000224045,2.1731504331652283
7298,euler_ramsey,0.5,2.0% Ramsey,risk_aversion,combined,0,216.29279380733317,2.462654603453404
7298,euler_ramsey,0.5,2.5% Ramsey,risk_aversion,combined,0,219.75539690538324,2.6827853025786244
7299,euler_ramsey,0.5,1.5% Ramsey,risk_aversion,combined,0,-1.7006016434684013,0.9344122546657558
7299,euler_ramsey,0.5,2.0% Ramsey,risk_aversion,combined,0,-15.872665461691636,0.8750886358267337
7299,euler_ramsey,0.5,2.5% Ramsey,risk_aversion,combined,0,-17.82214616354202,0.8225001840325118
7300,euler_ramsey,0.5,1.5% Ramsey,risk_aversion,combined,0,-2.4457529944196215,1.545235611571886
7300,euler_ramsey,0.5,2.0% Ramsey,risk_aversion,combined,0,-4.710453668676697,1.6219421816018114
7300,euler_ramsey,0.5,2.5% Ramsey,risk_aversion,combined,0,-1.6566612009657744,1.6652375665317172
7301,euler_ramsey,0.5,1.5% Ramsey,risk_aversion,combined,0,-165.20102203936347,0.821500602169972
7301,euler_ramsey,0.5,2.0% Ramsey,risk_aversion,combined,0,-132.22027080003113,0.747982382823074
7301,euler_ramsey,0.5,2.5% Ramsey,risk_aversion,combined,0,-94.46312892650245,0.6879744459796822
7302,euler_ramsey,0.5,1.5% Ramsey,risk_aversion,combined,0,178.13718129453113,2.031044951763943
7302,euler_ramsey,0.5,2.0% Ramsey,risk_aversion,combined,0,114.04913122138947,2.2667881492095847
7302,euler_ramsey,0.5,2.5% Ramsey,risk_aversion,combined,0,75.9785271271288,2.4403934654129165
7303,euler_ramsey,0.5,1.5% Ramsey,risk_aversion,combined,0,1848.859691295986,0.4835655181417183
7303,euler_ramsey,0.5,2.0% Ramsey,risk_aversion,combined,0,980.5038682709107,0.39039718295094394
7303,euler_ramsey,0.5,2.5% Ramsey,risk_aversion,combined,0,576.5768625106139,0.32713258740832507
7304,euler_ramsey,0.5,1.5% Ramsey,risk_aversion,combined,0,405.6322026650727,1.6205297995688566
7304,euler_ramsey,0.5,2.0% Ramsey,risk_aversion,combined,0,281.7326879822682,1.7187048330454706
7304,euler_ramsey,0.5,2.5% Ramsey,risk_aversion,combined,0,203.28366580963325,1.7786936830044924
7305,euler_ramsey,0.5,1.5% Ramsey,risk_aversion,combined,0,1517.6457872694896,0.4796169723509996
7305,euler_ramsey,0.5,2.0% Ramsey,risk_aversion,combined,0,1029.1429597238375,0.38658247482074354
7305,euler_ramsey,0.5,2.5% Ramsey,risk_aversion,combined,0,712.4379609479803,0.32353776046949206
7306,euler_ramsey,0.5,1.5% Ramsey,risk_aversion,combined,0,1551.4256699046052,0.7171334866206522
7306,euler_ramsey,0.5,2.0% Ramsey,risk_aversion,combined,0,1373.9431194803371,0.6328857345456884
7306,euler_ramsey,0.5,2.5% Ramsey,risk_aversion,combined,0,1087.205390581627,0.5681840706876238
7307,euler_ramsey,0.5,1.5% Ramsey,risk_aversion,combined,0,467.70600636259303,1.149361609745516
7307,euler_ramsey,0.5,2.0% Ramsey,risk_aversion,combined,0,381.9688196176505,1.1279597273241595
7307,euler_ramsey,0.5,2.5% Ramsey,risk_aversion,combined,0,288.45736314612884,1.0993365783708338
7308,euler_ramsey,0.5,1.5% Ramsey,risk_aversion,combined,0,6250.905429165776,0.37030545898317585
7308,euler_ramsey,0.5,2.0% Ramsey,risk_aversion,combined,0,3865.3568136076533,0.28222498666770496
7308,euler_ramsey,0.5,2.5% Ramsey,risk_aversion,combined,0,2381.3629111987675,0.22623598755493896
7309,euler_ramsey,0.5,1.5% Ramsey,risk_aversion,combined,0,673.3051253965489,0.8142025434075929
7309,euler_ramsey,0.5,2.0% Ramsey,risk_aversion,combined,0,615.4184634000518,0.7403097201825285
7309,euler_ramsey,0.5,2.5% Ramsey,risk_aversion,combined,0,504.976151876224,0.6802664356661968
7310,euler_ramsey,0.5,1.5% Ramsey,risk_aversion,combined,0,198.57384613353227,0.8868174822520022
7310,euler_ramsey,0.5,2.0% Ramsey,risk_aversion,combined,0,152.7630592854257,0.8225508847294826
7310,euler_ramsey,0.5,2.5% Ramsey,risk_aversion,combined,0,116.98255744889643,0.7675055896612478
7311,euler_ramsey,0.5,1.5% Ramsey,risk_aversion,combined,0,442.33160896029216,1.1256858102020737
7311,euler_ramsey,0.5,2.0% Ramsey,risk_aversion,combined,0,334.8961886484926,1.0997789516269678
7311,euler_ramsey,0.5,2.5% Ramsey,risk_aversion,combined,0,247.7054181173095,1.0682026409369643
7312,euler_ramsey,0.5,1.5% Ramsey,risk_aversion,combined,0,2256.159594422784,0.47670267328888855
7312,euler_ramsey,0.5,2.0% Ramsey,risk_aversion,combined,0,1914.0865088596026,0.38392979821464746
7312,euler_ramsey,0.5,2.5% Ramsey,risk_aversion,combined,0,1444.8547700242457,0.3211391382646225
7313,euler_ramsey,0.5,1.5% Ramsey,risk_aversion,combined,0,1823.9578123149568,0.7316350715403283
7313,euler_ramsey,0.5,2.0% Ramsey,risk_aversion,combined,0,1382.221824484265,0.6499014297217058
7313,euler_ramsey,0.5,2.5% Ramsey,risk_aversion,combined,0,997.6062875787959,0.5865169795002072
7314,euler_ramsey,0.5,1.5% Ramsey,risk_aversion,combined,0,3070.031613801313,0.34225611135458106
7314,euler_ramsey,0.5,2.0% Ramsey,risk_aversion,combined,0,2357.5372888851234,0.25584993002717815
7314,euler_ramsey,0.5,2.5% Ramsey,risk_aversion,combined,0,1648.867361936593,0.2020168587844119
7315,euler_ramsey,0.5,1.5% Ramsey,risk_aversion,combined,0,2040.8875851248852,0.6056152301630977
7315,euler_ramsey,0.5,2.0% Ramsey,risk_aversion,combined,0,1790.9376315196998,0.5147247546328827
7315,euler_ramsey,0.5,2.5% Ramsey,risk_aversion,combined,0,1349.575452170083,0.44884317588119127
7316,euler_ramsey,0.5,1.5% Ramsey,risk_aversion,combined,0,704.0764252654536,1.1203103776584384
7316,euler_ramsey,0.5,2.0% Ramsey,risk_aversion,combined,0,579.0065849402699,1.094931439962666
7316,euler_ramsey,0.5,2.5% Ramsey,risk_aversion,combined,0,437.90780014958966,1.063930135846494
7317,euler_ramsey,0.5,1.5% Ramsey,risk_aversion,combined,0,976.9786783456453,1.191466344011657
7317,euler_ramsey,0.5,2.0% Ramsey,risk_aversion,combined,0,862.6717732087001,1.1804601092965614
7317,euler_ramsey,0.5,2.5% Ramsey,risk_aversion,combined,0,683.5506937306345,1.159285196538617
7318,euler_ramsey,0.5,1.5% Ramsey,risk_aversion,combined,0,370.5177542723551,3.974444652256001
7318,euler_ramsey,0.5,2.0% Ramsey,risk_aversion,combined,0,267.9902722796498,5.158786787404181
7318,euler_ramsey,0.5,2.5% Ramsey,risk_aversion,combined,0,185.57809382919908,6.241829913231707
7319,euler_ramsey,0.5,1.5% Ramsey,risk_aversion,combined,0,1556.633790740669,0.5972378928371269
7319,euler_ramsey,0.5,2.0% Ramsey,risk_aversion,combined,0,2805.3482567365036,0.5062376401709017
7319,euler_ramsey,0.5,2.5% Ramsey,risk_aversion,combined,0,3734.6001273245765,0.4405465856631492
7320,euler_ramsey,0.5,1.5% Ramsey,risk_aversion,combined,0,1021.5061884934845,1.6933416084006467
7320,euler_ramsey,0.5,2.0% Ramsey,risk_aversion,combined,0,722.5231436430832,1.8151487277700267
7320,euler_ramsey,0.5,2.5% Ramsey,risk_aversion,combined,0,486.6874271931453,1.89429859725816
7321,euler_ramsey,0.5,1.5% Ramsey,risk_aversion,combined,0,2350.8817129536897,0.4271975685326647
7321,euler_ramsey,0.5,2.0% Ramsey,risk_aversion,combined,0,1781.655388527002,0.3354875843971635
7321,euler_ramsey,0.5,2.5% Ramsey,risk_aversion,combined,0,1222.6644981264167,0.2751815378364681
7322,euler_ramsey,0.5,1.5% Ramsey,risk_aversion,combined,0,-234.08688051506414,1.3513190415197454
7322,euler_ramsey,0.5,2.0% Ramsey,risk_aversion,combined,0,-176.43388611665014,1.3757525172203753
7322,euler_ramsey,0.5,2.5% Ramsey,risk_aversion,combined,0,-116.8173929418698,1.3794394485116064
7323,euler_ramsey,0.5,1.5% Ramsey,risk_aversion,combined,0,-87.26546314803083,0.8923784733525888
7323,euler_ramsey,0.5,2.0% Ramsey,risk_aversion,combined,0,-56.02519653798955,0.8282255529034598
7323,euler_ramsey,0.5,2.5% Ramsey,risk_aversion,combined,0,-34.91499111090671,0.7731859643456638
7324,euler_ramsey,0.5,1.5% Ramsey,risk_aversion,combined,0,506.1435315780401,2.081502280673119
7324,euler_ramsey,0.5,2.0% Ramsey,risk_aversion,combined,0,398.79657386798317,2.337083786123066
7324,euler_ramsey,0.5,2.5% Ramsey,risk_aversion,combined,0,303.3026359880221,2.5280037143696843
7325,euler_ramsey,0.5,1.5% Ramsey,risk_aversion,combined,0,-218.51910923490226,0.5647746148436061
7325,euler_ramsey,0.5,2.0% Ramsey,risk_aversion,combined,0,-174.9923694114008,0.4722256104314453
7325,euler_ramsey,0.5,2.5% Ramsey,risk_aversion,combined,0,-127.43448316753803,0.40657131321296913
7326,euler_ramsey,0.5,1.5% Ramsey,risk_aversion,combined,0,2821.911133694919,0.6598481950516141
7326,euler_ramsey,0.5,2.0% Ramsey,risk_aversion,combined,0,2600.4344847145603,0.5731064093939754
7326,euler_ramsey,0.5,2.5% Ramsey,risk_aversion,combined,0,2076.368154180452,0.5083276319568915
7327,euler_ramsey,0.5,1.5% Ramsey,risk_aversion,combined,0,-2023.5004078940988,0.3125042631479736
7327,euler_ramsey,0.5,2.0% Ramsey,risk_aversion,combined,0,-1349.906269396209,0.22883216467773707
7327,euler_ramsey,0.5,2.5% Ramsey,risk_aversion,combined,0,-903.5757141734152,0.17780897050344338
7328,euler_ramsey,0.5,1.5% Ramsey,risk_aversion,combined,0,732.5323868059231,0.8716491180970446
7328,euler_ramsey,0.5,2.0% Ramsey,risk_aversion,combined,0,464.39667206158884,0.8054335082726479
7328,euler_ramsey,0.5,2.5% Ramsey,risk_aversion,combined,0,285.0438028145208,0.7494606310424569
7329,euler_ramsey,0.5,1.5% Ramsey,risk_aversion,combined,0,157.42853331774282,2.014529561075359
7329,euler_ramsey,0.5,2.0% Ramsey,risk_aversion,combined,0,116.90237758153758,2.2442774414815982
7329,euler_ramsey,0.5,2.5% Ramsey,risk_aversion,combined,0,84.91315347122372,2.41279355944753
7330,euler_ramsey,0.5,1.5% Ramsey,risk_aversion,combined,0,3016.1360776171437,0.2827434081818521
7330,euler_ramsey,0.5,2.0% Ramsey,risk_aversion,combined,0,1734.2491522770133,0.20239371371375853
7330,euler_ramsey,0.5,2.5% Ramsey,risk_aversion,combined,0,1098.1744699632723,0.15453205160548497
7331,euler_ramsey,0.5,1.5% Ramsey,risk_aversion,combined,0,114.83013085553456,1.8827254617781923
7331,euler_ramsey,0.5,2.0% Ramsey,risk_aversion,combined,0,73.88330246529877,2.0656918186125175
7331,euler_ramsey,0.5,2.5% Ramsey,risk_aversion,combined,0,49.60032003523027,2.1946521231834857
7332,euler_ramsey,0.5,1.5% Ramsey,risk_aversion,combined,0,1516.3542351003784,0.9918804162781351
7332,euler_ramsey,0.5,2.0% Ramsey,risk_aversion,combined,0,1397.2824615303916,0.9439380950865153
7332,euler_ramsey,0.5,2.5% Ramsey,risk_aversion,combined,0,1118.6450483153305,0.8985906252835251
7333,euler_ramsey,0.5,1.5% Ramsey,risk_aversion,combined,0,-132.8359126419379,1.0174243586124474
7333,euler_ramsey,0.5,2.0% Ramsey,risk_aversion,combined,0,-102.2370114229409,0.9718909775486333
7333,euler_ramsey,0.5,2.5% Ramsey,risk_aversion,combined,0,-59.401140514035674,0.927761420681025
7334,euler_ramsey,0.5,1.5% Ramsey,risk_aversion,combined,0,-93.61209103302902,0.7336889865741238
7334,euler_ramsey,0.5,2.0% Ramsey,risk_aversion,combined,0,-57.84701256462137,0.650939400318193
7334,euler_ramsey,0.5,2.5% Ramsey,risk_aversion,combined,0,-29.95810268251354,0.5867665371290038
7335,euler_ramsey,0.5,1.5% Ramsey,risk_aversion,combined,0,1798.2722714455258,0.5461860016454414
7335,euler_ramsey,0.5,2.0% Ramsey,risk_aversion,combined,0,1448.6373379089223,0.4534296950667058
7335,euler_ramsey,0.5,2.5% Ramsey,risk_aversion,combined,0,1036.039386245672,0.3882596071574161
7336,euler_ramsey,0.5,1.5% Ramsey,risk_aversion,combined,0,134.68677171817916,3.622868005397732
7336,euler_ramsey,0.5,2.0% Ramsey,risk_aversion,combined,0,78.47596213854264,4.605167773636343
7336,euler_ramsey,0.5,2.5% Ramsey,risk_aversion,combined,0,53.19587799646215,5.482605888403424
7337,euler_ramsey,0.5,1.5% Ramsey,risk_aversion,combined,0,1205.9207405847126,0.4472997972960431
7337,euler_ramsey,0.5,2.0% Ramsey,risk_aversion,combined,0,1093.6902716954123,0.35501001438826857
7337,euler_ramsey,0.5,2.5% Ramsey,risk_aversion,combined,0,859.1024777484201,0.2935920490785811
7338,euler_ramsey,0.5,1.5% Ramsey,risk_aversion,combined,0,217.39388388019458,1.7154793128747179
7338,euler_ramsey,0.5,2.0% Ramsey,risk_aversion,combined,0,162.37966120812578,1.8431728346126064
7338,euler_ramsey,0.5,2.5% Ramsey,risk_aversion,combined,0,120.60308522004364,1.9269090981569135
7339,euler_ramsey,0.5,1.5% Ramsey,risk_aversion,combined,0,259.2869229956843,1.7429869249749337
7339,euler_ramsey,0.5,2.0% Ramsey,risk_aversion,combined,0,169.17731598652512,1.879591605995881
7339,euler_ramsey,0.5,2.5% Ramsey,risk_aversion,combined,0,114.41323924847622,1.970512721143535
7340,euler_ramsey,0.5,1.5% Ramsey,risk_aversion,combined,0,-840.0222791958329,0.3871641575732701
7340,euler_ramsey,0.5,2.0% Ramsey,risk_aversion,combined,0,-683.6324374256836,0.297331293763777
7340,euler_ramsey,0.5,2.5% Ramsey,risk_aversion,combined,0,-493.3961477664542,0.23969660150877725
7341,euler_ramsey,0.5,1.5% Ramsey,risk_aversion,combined,0,819.1473422118216,0.8500523777753309
7341,euler_ramsey,0.5,2.0% Ramsey,risk_aversion,combined,0,690.5922168107548,0.7804306109799084
7341,euler_ramsey,0.5,2.5% Ramsey,risk_aversion,combined,0,528.9226454829402,0.7225065777376852
7342,euler_ramsey,0.5,1.5% Ramsey,risk_aversion,combined,0,278.78973327682075,1.3689006387010274
7342,euler_ramsey,0.5,2.0% Ramsey,risk_aversion,combined,0,211.53129427787272,1.3985877625521426
7342,euler_ramsey,0.5,2.5% Ramsey,risk_aversion,combined,0,162.10394381321754,1.4063794218507988
7343,euler_ramsey,0.5,1.5% Ramsey,risk_aversion,combined,0,571.1824707098301,1.3886594120692688
7343,euler_ramsey,0.5,2.0% Ramsey,risk_aversion,combined,0,299.45730937790586,1.4226410537307508
7343,euler_ramsey,0.5,2.5% Ramsey,risk_aversion,combined,0,170.15175919081364,1.4335080852746855
7344,euler_ramsey,0.5,1.5% Ramsey,risk_aversion,combined,0,122.69113156018642,0.8363754924226464
7344,euler_ramsey,0.5,2.0% Ramsey,risk_aversion,combined,0,91.77767637194222,0.7643989279397799
7344,euler_ramsey,0.5,2.5% Ramsey,risk_aversion,combined,0,67.34802722441938,0.7050991384779399
7345,euler_ramsey,0.5,1.5% Ramsey,risk_aversion,combined,0,397.88755530306065,0.8641282837541621
7345,euler_ramsey,0.5,2.0% Ramsey,risk_aversion,combined,0,322.8644645886959,0.7961330517254473
7345,euler_ramsey,0.5,2.5% Ramsey,risk_aversion,combined,0,243.24880883832927,0.7390076004283163
7346,euler_ramsey,0.5,1.5% Ramsey,risk_aversion,combined,0,901.8105489659669,1.368516993520471
7346,euler_ramsey,0.5,2.0% Ramsey,risk_aversion,combined,0,733.817774163912,1.3982696019945766
7346,euler_ramsey,0.5,2.5% Ramsey,risk_aversion,combined,0,555.3459221757048,1.4061140863987205
7347,euler_ramsey,0.5,1.5% Ramsey,risk_aversion,combined,0,38.17551252551913,1.0750342935437285
7347,euler_ramsey,0.5,2.0% Ramsey,risk_aversion,combined,0,26.28830330403943,1.0392439806068883
7347,euler_ramsey,0.5,2.5% Ramsey,risk_aversion,combined,0,18.622303516709525,1.0010874521343411
7348,euler_ramsey,0.5,1.5% Ramsey,risk_aversion,combined,0,137.9673343112326,1.0765528239697382
7348,euler_ramsey,0.5,2.0% Ramsey,risk_aversion,combined,0,131.11628368386144,1.0409308432960132
7348,euler_ramsey,0.5,2.5% Ramsey,risk_aversion,combined,0,115.37988101992255,1.0028687963376504
7349,euler_ramsey,0.5,1.5% Ramsey,risk_aversion,combined,0,-614.4748357931979,0.6113998208414149
7349,euler_ramsey,0.5,2.0% Ramsey,risk_aversion,combined,0,-409.04968215247993,0.5207540415524772
7349,euler_ramsey,0.5,2.5% Ramsey,risk_aversion,combined,0,-258.67744254772623,0.45484456264556705
7350,euler_ramsey,0.5,1.5% Ramsey,risk_aversion,combined,0,328.0929702333419,1.16069890223614
7350,euler_ramsey,0.5,2.0% Ramsey,risk_aversion,combined,0,255.17433310003887,1.1423675826609552
7350,euler_ramsey,0.5,2.5% Ramsey,risk_aversion,combined,0,178.1223184850748,1.115888484191763
7351,euler_ramsey,0.5,1.5% Ramsey,risk_aversion,combined,0,355.38445572264493,1.3189906411257293
7351,euler_ramsey,0.5,2.0% Ramsey,risk_aversion,combined,0,248.47462051979008,1.335715576982354
7351,euler_ramsey,0.5,2.5% Ramsey,risk_aversion,combined,0,179.20293290865197,1.3338638240555858
7352,euler_ramsey,0.5,1.5% Ramsey,risk_aversion,combined,0,444.2643425537812,0.7984944619198955
7352,euler_ramsey,0.5,2.0% Ramsey,risk_aversion,combined,0,356.2258169500736,0.7222145241168687
7352,euler_ramsey,0.5,2.5% Ramsey,risk_aversion,combined,0,256.0449758497743,0.6608150339314429
7353,euler_ramsey,0.5,1.5% Ramsey,risk_aversion,combined,0,922.3731047917913,1.1995758963204355
7353,euler_ramsey,0.5,2.0% Ramsey,risk_aversion,combined,0,805.838921148677,1.1901752827704397
7353,euler_ramsey,0.5,2.5% Ramsey,risk_aversion,combined,0,628.4341093628917,1.1700906893363197
7354,euler_ramsey,0.5,1.5% Ramsey,risk_aversion,combined,0,2432.5765953398245,1.1317570499848824
7354,euler_ramsey,0.5,2.0% Ramsey,risk_aversion,combined,0,1819.8884374751751,1.1087391239028548
7354,euler_ramsey,0.5,2.5% Ramsey,risk_aversion,combined,0,1307.297285512361,1.079353183051994
7355,euler_ramsey,0.5,1.5% Ramsey,risk_aversion,combined,0,1029.8178536093558,0.6026762368946161
7355,euler_ramsey,0.5,2.0% Ramsey,risk_aversion,combined,0,1884.5908748105135,0.511655153683618
7355,euler_ramsey,0.5,2.5% Ramsey,risk_aversion,combined,0,2525.934902480835,0.4457757387118282
7356,euler_ramsey,0.5,1.5% Ramsey,risk_aversion,combined,0,256.06677254088225,0.6042032864489132
7356,euler_ramsey,0.5,2.0% Ramsey,risk_aversion,combined,0,228.98720235622628,0.5129059484129413
7356,euler_ramsey,0.5,2.5% Ramsey,risk_aversion,combined,0,177.5788569158287,0.4468124127163467
7357,euler_ramsey,0.5,1.5% Ramsey,risk_aversion,combined,0,99.53478217005569,1.510778892030916
7357,euler_ramsey,0.5,2.0% Ramsey,risk_aversion,combined,0,81.78517684702385,1.5775348832221905
7357,euler_ramsey,0.5,2.5% Ramsey,risk_aversion,combined,0,66.59451121632041,1.6131408163882357
7358,euler_ramsey,0.5,1.5% Ramsey,risk_aversion,combined,0,1042.3399494229309,1.0673650797104102
7358,euler_ramsey,0.5,2.0% Ramsey,risk_aversion,combined,0,831.0957092695429,1.0318291422677848
7358,euler_ramsey,0.5,2.5% Ramsey,risk_aversion,combined,0,593.0259788092,0.9941363818000937
7359,euler_ramsey,0.5,1.5% Ramsey,risk_aversion,combined,0,-57.21435055005462,1.1481929341994486
7359,euler_ramsey,0.5,2.0% Ramsey,risk_aversion,combined,0,-45.77572233461226,1.1260357285720988
7359,euler_ramsey,0.5,2.5% Ramsey,risk_aversion,combined,0,-31.503733102736692,1.0967716300260184
7360,euler_ramsey,0.5,1.5% Ramsey,risk_aversion,combined,0,129.5974335955166,0.8812875337711535
7360,euler_ramsey,0.5,2.0% Ramsey,risk_aversion,combined,0,102.4285722168248,0.8161018944022669
7360,euler_ramsey,0.5,2.5% Ramsey,risk_aversion,combined,0,78.44444054677955,0.7606069207496934
7361,euler_ramsey,0.5,1.5% Ramsey,risk_aversion,combined,0,585.2801761856971,0.6056159853360827
7361,euler_ramsey,0.5,2.0% Ramsey,risk_aversion,combined,0,518.2261121150705,0.5149167327939309
7361,euler_ramsey,0.5,2.5% Ramsey,risk_aversion,combined,0,412.7572604801334,0.449150772056199
7362,euler_ramsey,0.5,1.5% Ramsey,risk_aversion,combined,0,2655.2421759511253,0.5746977243186185
7362,euler_ramsey,0.5,2.0% Ramsey,risk_aversion,combined,0,2053.521878067049,0.48292290665045395
7362,euler_ramsey,0.5,2.5% Ramsey,risk_aversion,combined,0,1394.4944561630366,0.41743364745094785
7363,euler_ramsey,0.5,1.5% Ramsey,risk_aversion,combined,0,2097.093654781634,0.5567539764963138
7363,euler_ramsey,0.5,2.0% Ramsey,risk_aversion,combined,0,1056.8172609570688,0.4649729037976165
7363,euler_ramsey,0.5,2.5% Ramsey,risk_aversion,combined,0,614.0083967843856,0.4000540419015406
7364,euler_ramsey,0.5,1.5% Ramsey,risk_aversion,combined,0,349.6618335845836,2.0633337525455415
7364,euler_ramsey,0.5,2.0% Ramsey,risk_aversion,combined,0,292.51667610196137,2.311338936183353
7364,euler_ramsey,0.5,2.5% Ramsey,risk_aversion,combined,0,227.69417149770203,2.4955973480497424
7365,euler_ramsey,0.5,1.5% Ramsey,risk_aversion,combined,0,1995.4606318399979,0.8021844590752959
7365,euler_ramsey,0.5,2.0% Ramsey,risk_aversion,combined,0,1960.4655749533292,0.7279214993003492
7365,euler_ramsey,0.5,2.5% Ramsey,risk_aversion,combined,0,1670.813540728214,0.6679309038183584
7366,euler_ramsey,0.5,1.5% Ramsey,risk_aversion,combined,0,127.75124655808223,0.7535996229409785
7366,euler_ramsey,0.5,2.0% Ramsey,risk_aversion,combined,0,113.01353573205532,0.672462493473767
7366,euler_ramsey,0.5,2.5% Ramsey,risk_aversion,combined,0,84.60398251878266,0.6088581943851796
7367,euler_ramsey,0.5,1.5% Ramsey,risk_aversion,combined,0,-79.08480813780449,0.7948713571433264
7367,euler_ramsey,0.5,2.0% Ramsey,risk_aversion,combined,0,-63.783551209788115,0.7179698385401774
7367,euler_ramsey,0.5,2.5% Ramsey,risk_aversion,combined,0,-30.957385245069965,0.6562742638530176
7368,euler_ramsey,0.5,1.5% Ramsey,risk_aversion,combined,0,728.4498804261805,0.6656547647889373
7368,euler_ramsey,0.5,2.0% Ramsey,risk_aversion,combined,0,529.264488727346,0.5776819496578279
7368,euler_ramsey,0.5,2.5% Ramsey,risk_aversion,combined,0,354.62360575193844,0.5119133878393592
7369,euler_ramsey,0.5,1.5% Ramsey,risk_aversion,combined,0,1282.4451702523736,1.0958520440864024
7369,euler_ramsey,0.5,2.0% Ramsey,risk_aversion,combined,0,1031.2864934742763,1.0650080757059994
7369,euler_ramsey,0.5,2.5% Ramsey,risk_aversion,combined,0,766.5379344888188,1.0302818939553318
7370,euler_ramsey,0.5,1.5% Ramsey,risk_aversion,combined,0,166.67946550430716,1.6317612652266986
7370,euler_ramsey,0.5,2.0% Ramsey,risk_aversion,combined,0,113.30723643271355,1.7337281762577816
7370,euler_ramsey,0.5,2.5% Ramsey,risk_aversion,combined,0,80.26319626164982,1.796857753533764
7371,euler_ramsey,0.5,1.5% Ramsey,risk_aversion,combined,0,346.2918840410556,1.8349437557046056
7371,euler_ramsey,0.5,2.0% Ramsey,risk_aversion,combined,0,267.56878741140065,2.001787972271037
7371,euler_ramsey,0.5,2.5% Ramsey,risk_aversion,combined,0,201.76418134693083,2.117503590643499
7372,euler_ramsey,0.5,1.5% Ramsey,risk_aversion,combined,0,333.28861642365985,2.160659319256513
7372,euler_ramsey,0.5,2.0% Ramsey,risk_aversion,combined,0,193.1358798674961,2.445643169464721
7372,euler_ramsey,0.5,2.5% Ramsey,risk_aversion,combined,0,126.1947758092045,2.6618934667197904
7373,euler_ramsey,0.5,1.5% Ramsey,risk_aversion,combined,0,-285.9082910583918,0.45182502018652104
7373,euler_ramsey,0.5,2.0% Ramsey,risk_aversion,combined,0,-241.3161221865965,0.3591857897566364
7373,euler_ramsey,0.5,2.5% Ramsey,risk_aversion,combined,0,-175.52150950892812,0.2973997761070086
7374,euler_ramsey,0.5,1.5% Ramsey,risk_aversion,combined,0,475.9240380806269,1.9717819529634686
7374,euler_ramsey,0.5,2.0% Ramsey,risk_aversion,combined,0,335.0313779866037,2.1869499738067475
7374,euler_ramsey,0.5,2.5% Ramsey,risk_aversion,combined,0,236.64214754629117,2.343319231979937
7375,euler_ramsey,0.5,1.5% Ramsey,risk_aversion,combined,0,224.7218720178659,0.8352406858435435
7375,euler_ramsey,0.5,2.0% Ramsey,risk_aversion,combined,0,196.88213964923702,0.7634727068237853
7375,euler_ramsey,0.5,2.5% Ramsey,risk_aversion,combined,0,154.74342197070567,0.7043352314446812
7376,euler_ramsey,0.5,1.5% Ramsey,risk_aversion,combined,0,-1169.4706610741866,0.3568533850055617
7376,euler_ramsey,0.5,2.0% Ramsey,risk_aversion,combined,0,-1131.4961318750422,0.2692026939338407
7376,euler_ramsey,0.5,2.5% Ramsey,risk_aversion,combined,0,-934.1005990709083,0.21404936786466328
7377,euler_ramsey,0.5,1.5% Ramsey,risk_aversion,combined,0,683.9653729736904,1.9951968483207796
7377,euler_ramsey,0.5,2.0% Ramsey,risk_aversion,combined,0,489.79227944491737,2.219008819324243
7377,euler_ramsey,0.5,2.5% Ramsey,risk_aversion,combined,0,337.863341315902,2.3828149233450864
7378,euler_ramsey,0.5,1.5% Ramsey,risk_aversion,combined,0,209.6234862702226,1.0446848483698437
7378,euler_ramsey,0.5,2.0% Ramsey,risk_aversion,combined,0,175.6270497857798,1.004026004275471
7378,euler_ramsey,0.5,2.5% Ramsey,risk_aversion,combined,0,132.9047494984494,0.9629646507435987
7379,euler_ramsey,0.5,1.5% Ramsey,risk_aversion,combined,0,392.0323177766245,0.9156284299842914
7379,euler_ramsey,0.5,2.0% Ramsey,risk_aversion,combined,0,346.7233897276525,0.8536246893603838
7379,euler_ramsey,0.5,2.5% Ramsey,risk_aversion,combined,0,281.67005591532546,0.7995771328586667
7380,euler_ramsey,0.5,1.5% Ramsey,risk_aversion,combined,0,445.66148990228214,1.2804367890929893
7380,euler_ramsey,0.5,2.0% Ramsey,risk_aversion,combined,0,320.683550862678,1.2883322021097443
7380,euler_ramsey,0.5,2.5% Ramsey,risk_aversion,combined,0,213.99890742484766,1.2801878210130628
7381,euler_ramsey,0.5,1.5% Ramsey,risk_aversion,combined,0,-409.2854205089743,0.49395979693651837
7381,euler_ramsey,0.5,2.0% Ramsey,risk_aversion,combined,0,-359.3500426542058,0.4008304400513596
7381,euler_ramsey,0.5,2.5% Ramsey,risk_aversion,combined,0,-276.45997623973415,0.3372056147276055
7382,euler_ramsey,0.5,1.5% Ramsey,risk_aversion,combined,0,3284.293779515769,0.13054560597775808
7382,euler_ramsey,0.5,2.0% Ramsey,risk_aversion,combined,0,2165.599150225266,0.07850670177939106
7382,euler_ramsey,0.5,2.5% Ramsey,risk_aversion,combined,0,1460.004523990653,0.05238261584848371
7383,euler_ramsey,0.5,1.5% Ramsey,risk_aversion,combined,0,26.476567611607383,1.3372475200019223
7383,euler_ramsey,0.5,2.0% Ramsey,risk_aversion,combined,0,13.021254056111031,1.3587733699111475
7383,euler_ramsey,0.5,2.5% Ramsey,risk_aversion,combined,0,10.584395156329826,1.3604082665783916
7384,euler_ramsey,0.5,1.5% Ramsey,risk_aversion,combined,0,1099.865814448966,1.1138735944410332
7384,euler_ramsey,0.5,2.0% Ramsey,risk_aversion,combined,0,812.110798622208,1.0865656695884582
7384,euler_ramsey,0.5,2.5% Ramsey,risk_aversion,combined,0,588.8649054861477,1.054196207902028
7385,euler_ramsey,0.5,1.5% Ramsey,risk_aversion,combined,0,231.63531204972873,0.6875850814233199
7385,euler_ramsey,0.5,2.0% Ramsey,risk_aversion,combined,0,146.62488297482432,0.6015591074725524
7385,euler_ramsey,0.5,2.5% Ramsey,risk_aversion,combined,0,97.75724326487087,0.5365023241901715
7386,euler_ramsey,0.5,1.5% Ramsey,risk_aversion,combined,0,91.24729505723545,2.1312257913069894
7386,euler_ramsey,0.5,2.0% Ramsey,risk_aversion,combined,0,61.50509062577945,2.4045595739700696
7386,euler_ramsey,0.5,2.5% Ramsey,risk_aversion,combined,0,42.69134716952489,2.6104693531401204
7387,euler_ramsey,0.5,1.5% Ramsey,risk_aversion,combined,0,3092.7441695304133,0.7427629146789554
7387,euler_ramsey,0.5,2.0% Ramsey,risk_aversion,combined,0,2809.179043294654,0.6628403813213247
7387,euler_ramsey,0.5,2.5% Ramsey,risk_aversion,combined,0,2200.4917781880467,0.6003933847061701
7388,euler_ramsey,0.5,1.5% Ramsey,risk_aversion,combined,0,-779.2382957440793,0.2834512671210874
7388,euler_ramsey,0.5,2.0% Ramsey,risk_aversion,combined,0,-447.0707264307738,0.20290992446430708
7388,euler_ramsey,0.5,2.5% Ramsey,risk_aversion,combined,0,-273.38772056488966,0.15492205333063172
7389,euler_ramsey,0.5,1.5% Ramsey,risk_aversion,combined,0,192.72985320387806,2.569275032960057
7389,euler_ramsey,0.5,2.0% Ramsey,risk_aversion,combined,0,168.37645069393966,3.0233196365450916
7389,euler_ramsey,0.5,2.5% Ramsey,risk_aversion,combined,0,139.90847772865195,3.3909403079466576
7390,euler_ramsey,0.5,1.5% Ramsey,risk_aversion,combined,0,-519.8878259657196,1.3781878879597649
7390,euler_ramsey,0.5,2.0% Ramsey,risk_aversion,combined,0,-339.7046109506441,1.4092541943139936
7390,euler_ramsey,0.5,2.5% Ramsey,risk_aversion,combined,0,-205.0470810204187,1.4178146050692635
7391,euler_ramsey,0.5,1.5% Ramsey,risk_aversion,combined,0,4977.613577254374,0.7528698350078853
7391,euler_ramsey,0.5,2.0% Ramsey,risk_aversion,combined,0,4315.741825928115,0.6734188585050763
7391,euler_ramsey,0.5,2.5% Ramsey,risk_aversion,combined,0,3125.2186458863403,0.6110345735769405
7392,euler_ramsey,0.5,1.5% Ramsey,risk_aversion,combined,0,-280.46366282941176,0.6858265409818012
7392,euler_ramsey,0.5,2.0% Ramsey,risk_aversion,combined,0,-182.5937104712885,0.5991382281633121
7392,euler_ramsey,0.5,2.5% Ramsey,risk_aversion,combined,0,-121.0200535316436,0.5336376567312966
7393,euler_ramsey,0.5,1.5% Ramsey,risk_aversion,combined,0,1094.5054634865876,0.39773385236798725
7393,euler_ramsey,0.5,2.0% Ramsey,risk_aversion,combined,0,978.0093066867635,0.3075206559652293
7393,euler_ramsey,0.5,2.5% Ramsey,risk_aversion,combined,0,766.5293108899417,0.24922999059871095
7394,euler_ramsey,0.5,1.5% Ramsey,risk_aversion,combined,0,4354.840471222453,0.3566212631018491
7394,euler_ramsey,0.5,2.0% Ramsey,risk_aversion,combined,0,3732.266725175825,0.26932606522015623
7394,euler_ramsey,0.5,2.5% Ramsey,risk_aversion,combined,0,2812.84825654183,0.21436454557088053
7395,euler_ramsey,0.5,1.5% Ramsey,risk_aversion,combined,0,1315.0246510442723,0.5756086917397674
7395,euler_ramsey,0.5,2.0% Ramsey,risk_aversion,combined,0,843.4579507579919,0.48342307184045324
7395,euler_ramsey,0.5,2.5% Ramsey,risk_aversion,combined,0,524.9973861362737,0.41765935812742977
7396,euler_ramsey,0.5,1.5% Ramsey,risk_aversion,combined,0,47.42254516095062,1.5314971492591356
7396,euler_ramsey,0.5,2.0% Ramsey,risk_aversion,combined,0,30.375778599744475,1.6041341578134303
7396,euler_ramsey,0.5,2.5% Ramsey,risk_aversion,combined,0,24.465303780814576,1.6442683158855227
7397,euler_ramsey,0.5,1.5% Ramsey,risk_aversion,combined,0,714.6189814359506,0.9143546615161181
7397,euler_ramsey,0.5,2.0% Ramsey,risk_aversion,combined,0,528.7727479645135,0.852284216144655
7397,euler_ramsey,0.5,2.5% Ramsey,risk_aversion,combined,0,376.76081589529696,0.7982085852152877
7398,euler_ramsey,0.5,1.5% Ramsey,risk_aversion,combined,0,162.97665224352107,0.4897425747217563
7398,euler_ramsey,0.5,2.0% Ramsey,risk_aversion,combined,0,149.1459068828976,0.39644276578885634
7398,euler_ramsey,0.5,2.5% Ramsey,risk_aversion,combined,0,129.1281095916005,0.3328780815562162
7399,euler_ramsey,0.5,1.5% Ramsey,risk_aversion,combined,0,5858.506855386143,0.19439383901796065
7399,euler_ramsey,0.5,2.0% Ramsey,risk_aversion,combined,0,2099.0333735204854,0.12794441047566626
7399,euler_ramsey,0.5,2.5% Ramsey,risk_aversion,combined,0,1159.3367068099321,0.0915480528235014
7400,euler_ramsey,0.5,1.5% Ramsey,risk_aversion,combined,0,2836.656438380309,0.2907937323724947
7400,euler_ramsey,0.5,2.0% Ramsey,risk_aversion,combined,0,1360.8074010759979,0.20943427572869153
7400,euler_ramsey,0.5,2.5% Ramsey,risk_aversion,combined,0,781.0664497276049,0.16066345042652644
7401,euler_ramsey,0.5,1.5% Ramsey,risk_aversion,combined,0,705.2080424422912,0.5692316963252511
7401,euler_ramsey,0.5,2.0% Ramsey,risk_aversion,combined,0,540.4910661928329,0.47707405969082917
7401,euler_ramsey,0.5,2.5% Ramsey,risk_aversion,combined,0,387.55365074744026,0.41152287774475693
7402,euler_ramsey,0.5,1.5% Ramsey,risk_aversion,combined,0,-133.68218443946012,0.6088432274476996
7402,euler_ramsey,0.5,2.0% Ramsey,risk_aversion,combined,0,-109.17758954009525,0.517971160258631
7402,euler_ramsey,0.5,2.5% Ramsey,risk_aversion,combined,0,-85.6918760876483,0.4519880874986125
7403,euler_ramsey,0.5,1.5% Ramsey,risk_aversion,combined,0,684.7635842526275,0.9606220438665333
7403,euler_ramsey,0.5,2.0% Ramsey,risk_aversion,combined,0,467.82355035700766,0.9071492717220817
7403,euler_ramsey,0.5,2.5% Ramsey,risk_aversion,combined,0,330.9042172141068,0.858339458290324
7404,euler_ramsey,0.5,1.5% Ramsey,risk_aversion,combined,0,420.54464037881496,0.7119443903279976
7404,euler_ramsey,0.5,2.0% Ramsey,risk_aversion,combined,0,407.5859937258976,0.6274600017658893
7404,euler_ramsey,0.5,2.5% Ramsey,risk_aversion,combined,0,344.2102405017397,0.5627531607224885
7405,euler_ramsey,0.5,1.5% Ramsey,risk_aversion,combined,0,4403.374577031958,0.3894838237920235
7405,euler_ramsey,0.5,2.0% Ramsey,risk_aversion,combined,0,3009.336426918806,0.2999036738999622
7405,euler_ramsey,0.5,2.5% Ramsey,risk_aversion,combined,0,1929.5385715960408,0.24229915344780503
7406,euler_ramsey,0.5,1.5% Ramsey,risk_aversion,combined,0,-580.339753052685,1.0082426831671087
7406,euler_ramsey,0.5,2.0% Ramsey,risk_aversion,combined,0,-492.43406581843254,0.961027814430127
7406,euler_ramsey,0.5,2.5% Ramsey,risk_aversion,combined,0,-358.6999692043827,0.9157959387278831
7407,euler_ramsey,0.5,1.5% Ramsey,risk_aversion,combined,0,2253.89792884185,0.32470606674259306
7407,euler_ramsey,0.5,2.0% Ramsey,risk_aversion,combined,0,1400.2765312916597,0.23982676057612146
7407,euler_ramsey,0.5,2.5% Ramsey,risk_aversion,combined,0,881.710750427088,0.18760706273548955
7408,euler_ramsey,0.5,1.5% Ramsey,risk_aversion,combined,0,272.21187512657724,1.307420444978146
7408,euler_ramsey,0.5,2.0% Ramsey,risk_aversion,combined,0,229.6528677456028,1.3208576186942635
7408,euler_ramsey,0.5,2.5% Ramsey,risk_aversion,combined,0,182.57869501492755,1.316628201948165
7409,euler_ramsey,0.5,1.5% Ramsey,risk_aversion,combined,0,-221.86444200433172,0.8443985143922101
7409,euler_ramsey,0.5,2.0% Ramsey,risk_aversion,combined,0,-190.4427061074742,0.7736224421107046
7409,euler_ramsey,0.5,2.5% Ramsey,risk_aversion,combined,0,-145.07997408995692,0.7149385735690524
7410,euler_ramsey,0.5,1.5% Ramsey,risk_aversion,combined,0,413.02669763196343,1.3420979249639728
7410,euler_ramsey,0.5,2.0% Ramsey,risk_aversion,combined,0,464.88062892791004,1.3639622617923761
7410,euler_ramsey,0.5,2.5% Ramsey,risk_aversion,combined,0,431.3651641525356,1.3657528113106105
7411,euler_ramsey,0.5,1.5% Ramsey,risk_aversion,combined,0,714.660597575259,0.5283410582390918
7411,euler_ramsey,0.5,2.0% Ramsey,risk_aversion,combined,0,362.46008690058557,0.4351379709996282
7411,euler_ramsey,0.5,2.5% Ramsey,risk_aversion,combined,0,225.264919383705,0.3702924473622286
7412,euler_ramsey,0.5,1.5% Ramsey,risk_aversion,combined,0,1935.1135060421625,1.5515860460185338
7412,euler_ramsey,0.5,2.0% Ramsey,risk_aversion,combined,0,1576.7826464653522,1.630633433449943
7412,euler_ramsey,0.5,2.5% Ramsey,risk_aversion,combined,0,1124.7055649394092,1.675879327211371
7413,euler_ramsey,0.5,1.5% Ramsey,risk_aversion,combined,0,400.71684446424786,1.2361027848921797
7413,euler_ramsey,0.5,2.0% Ramsey,risk_aversion,combined,0,304.55660451418277,1.233609249274938
7413,euler_ramsey,0.5,2.5% Ramsey,risk_aversion,combined,0,229.20319829216183,1.2180444933830334
7414,euler_ramsey,0.5,1.5% Ramsey,risk_aversion,combined,0,368.3967983700203,2.1764765289601073
7414,euler_ramsey,0.5,2.0% Ramsey,risk_aversion,combined,0,294.79938636029664,2.4674888109340523
7414,euler_ramsey,0.5,2.5% Ramsey,risk_aversion,combined,0,221.94505736900817,2.688975727452057
7415,euler_ramsey,0.5,1.5% Ramsey,risk_aversion,combined,0,1.1192544418487347,0.9556207591959647
7415,euler_ramsey,0.5,2.0% Ramsey,risk_aversion,combined,0,7.290297899905738,0.9003158355974564
7415,euler_ramsey,0.5,2.5% Ramsey,risk_aversion,combined,0,11.60932364497307,0.8502068189519807
7416,euler_ramsey,0.5,1.5% Ramsey,risk_aversion,combined,0,171.55692132157355,1.7537828506184487
7416,euler_ramsey,0.5,2.0% Ramsey,risk_aversion,combined,0,116.49252422835745,1.8938585059259863
7416,euler_ramsey,0.5,2.5% Ramsey,risk_aversion,combined,0,78.72865942095417,1.9876011588027482
7417,euler_ramsey,0.5,1.5% Ramsey,risk_aversion,combined,0,230.51467241956445,1.348905290666265
7417,euler_ramsey,0.5,2.0% Ramsey,risk_aversion,combined,0,173.0116381539728,1.3727555503212505
7417,euler_ramsey,0.5,2.5% Ramsey,risk_aversion,combined,0,117.25311965453527,1.376068722697693
7418,euler_ramsey,0.5,1.5% Ramsey,risk_aversion,combined,0,583.008055773029,0.8333683894733898
7418,euler_ramsey,0.5,2.0% Ramsey,risk_aversion,combined,0,566.5363340651111,0.7627414784627433
7418,euler_ramsey,0.5,2.5% Ramsey,risk_aversion,combined,0,509.06855044871367,0.7044660484142833
7419,euler_ramsey,0.5,1.5% Ramsey,risk_aversion,combined,0,611.0835298746687,1.063042220909892
7419,euler_ramsey,0.5,2.0% Ramsey,risk_aversion,combined,0,519.2880866897965,1.0253093953671468
7419,euler_ramsey,0.5,2.5% Ramsey,risk_aversion,combined,0,394.6192899547446,0.9859854705075781
7420,euler_ramsey,0.5,1.5% Ramsey,risk_aversion,combined,0,5713.186549540457,0.5013138551879761
7420,euler_ramsey,0.5,2.0% Ramsey,risk_aversion,combined,0,4636.144396166278,0.4097641802139142
7420,euler_ramsey,0.5,2.5% Ramsey,risk_aversion,combined,0,3349.7902230304603,0.3468141442447603
7421,euler_ramsey,0.5,1.5% Ramsey,risk_aversion,combined,0,486.0218247343873,1.4011287525850074
7421,euler_ramsey,0.5,2.0% Ramsey,risk_aversion,combined,0,356.92732784281185,1.4386231259774154
7421,euler_ramsey,0.5,2.5% Ramsey,risk_aversion,combined,0,244.74568546003795,1.452104589669713
7422,euler_ramsey,0.5,1.5% Ramsey,risk_aversion,combined,0,831.7081261811684,0.6201441708271992
7422,euler_ramsey,0.5,2.0% Ramsey,risk_aversion,combined,0,516.2964597721367,0.5299234526325812
7422,euler_ramsey,0.5,2.5% Ramsey,risk_aversion,combined,0,334.6983792708127,0.46402826661946706
7423,euler_ramsey,0.5,1.5% Ramsey,risk_aversion,combined,0,500.08562163651686,1.9818418992760842
7423,euler_ramsey,0.5,2.0% Ramsey,risk_aversion,combined,0,413.07540515876116,2.200070573745136
7423,euler_ramsey,0.5,2.5% Ramsey,risk_aversion,combined,0,322.4187544017387,2.358949224421493
7424,euler_ramsey,0.5,1.5% Ramsey,risk_aversion,combined,0,694.9863177375296,0.5903070668926437
7424,euler_ramsey,0.5,2.0% Ramsey,risk_aversion,combined,0,401.75107741550465,0.4983747548576489
7424,euler_ramsey,0.5,2.5% Ramsey,risk_aversion,combined,0,238.8882750047405,0.43230817397695753
7425,euler_ramsey,0.5,1.5% Ramsey,risk_aversion,combined,0,455.60499715198546,1.6559111888136944
7425,euler_ramsey,0.5,2.0% Ramsey,risk_aversion,combined,0,332.694923865329,1.7652236941526789
7425,euler_ramsey,0.5,2.5% Ramsey,risk_aversion,combined,0,229.6918903536216,1.8341670227747635
7426,euler_ramsey,0.5,1.5% Ramsey,risk_aversion,combined,0,845.5126832356127,0.7274989243804549
7426,euler_ramsey,0.5,2.0% Ramsey,risk_aversion,combined,0,755.9000819071931,0.6442569662153971
7426,euler_ramsey,0.5,2.5% Ramsey,risk_aversion,combined,0,619.4551713830642,0.5799476527572842
7427,euler_ramsey,0.5,1.5% Ramsey,risk_aversion,combined,0,-471.06766241127946,0.6146914594308616
7427,euler_ramsey,0.5,2.0% Ramsey,risk_aversion,combined,0,-285.5484125083226,0.5240609569907424
7427,euler_ramsey,0.5,2.5% Ramsey,risk_aversion,combined,0,-195.7637261825267,0.45805427403213084
7428,euler_ramsey,0.5,1.5% Ramsey,risk_aversion,combined,0,209.64626191137904,1.9868302576442707
7428,euler_ramsey,0.5,2.0% Ramsey,risk_aversion,combined,0,160.04319385677744,2.206625266359482
7428,euler_ramsey,0.5,2.5% Ramsey,risk_aversion,combined,0,119.30810461253996,2.3667298451730727
7429,euler_ramsey,0.5,1.5% Ramsey,risk_aversion,combined,0,1045.3440709713964,1.9956633528830638
7429,euler_ramsey,0.5,2.0% Ramsey,risk_aversion,combined,0,771.669488492464,2.219122284990056
7429,euler_ramsey,0.5,2.5% Ramsey,risk_aversion,combined,0,532.9207122958074,2.3825730576033037
7430,euler_ramsey,0.5,1.5% Ramsey,risk_aversion,combined,0,-372.7876596896875,0.5005265578996746
7430,euler_ramsey,0.5,2.0% Ramsey,risk_aversion,combined,0,-237.1620701562853,0.4072188209152496
7430,euler_ramsey,0.5,2.5% Ramsey,risk_aversion,combined,0,-152.9892326154808,0.3432624392183612
7431,euler_ramsey,0.5,1.5% Ramsey,risk_aversion,combined,0,589.9464165094487,0.29219944166319334
7431,euler_ramsey,0.5,2.0% Ramsey,risk_aversion,combined,0,351.7101228232993,0.21069463934158142
7431,euler_ramsey,0.5,2.5% Ramsey,risk_aversion,combined,0,212.95654887500743,0.16177650334960947
7432,euler_ramsey,0.5,1.5% Ramsey,risk_aversion,combined,0,4284.545191673004,0.6701111635169327
7432,euler_ramsey,0.5,2.0% Ramsey,risk_aversion,combined,0,2835.6563480707077,0.583569737026413
7432,euler_ramsey,0.5,2.5% Ramsey,risk_aversion,combined,0,1801.035606492726,0.5186299329937247
7433,euler_ramsey,0.5,1.5% Ramsey,risk_aversion,combined,0,602.5762740509194,1.944227633646543
7433,euler_ramsey,0.5,2.0% Ramsey,risk_aversion,combined,0,421.28720928523506,2.14948523940533
7433,euler_ramsey,0.5,2.5% Ramsey,risk_aversion,combined,0,289.2701527138338,2.2973916563755177
7434,euler_ramsey,0.5,1.5% Ramsey,risk_aversion,combined,0,2597.578692344503,0.4742195183329136
7434,euler_ramsey,0.5,2.0% Ramsey,risk_aversion,combined,0,2074.832155412051,0.38143275281628053
7434,euler_ramsey,0.5,2.5% Ramsey,risk_aversion,combined,0,1500.0192517076546,0.31872538355785834
7435,euler_ramsey,0.5,1.5% Ramsey,risk_aversion,combined,0,754.3937982306479,0.5402582508960087
7435,euler_ramsey,0.5,2.0% Ramsey,risk_aversion,combined,0,505.78173178509786,0.4471023045568378
7435,euler_ramsey,0.5,2.5% Ramsey,risk_aversion,combined,0,340.0076143618076,0.3818857399818091
7436,euler_ramsey,0.5,1.5% Ramsey,risk_aversion,combined,0,-98.5262574623237,1.3531701496860638
7436,euler_ramsey,0.5,2.0% Ramsey,risk_aversion,combined,0,-73.0490853542259,1.3779371361737336
7436,euler_ramsey,0.5,2.5% Ramsey,risk_aversion,combined,0,-43.810086761328485,1.3818753971886892
7437,euler_ramsey,0.5,1.5% Ramsey,risk_aversion,combined,0,247.7150795739549,1.147363942191718
7437,euler_ramsey,0.5,2.0% Ramsey,risk_aversion,combined,0,175.17746407624043,1.125651103761709
7437,euler_ramsey,0.5,2.5% Ramsey,risk_aversion,combined,0,118.09583406769602,1.0968012829023732
7438,euler_ramsey,0.5,1.5% Ramsey,risk_aversion,combined,0,1607.3496234590875,0.7074896947985932
7438,euler_ramsey,0.5,2.0% Ramsey,risk_aversion,combined,0,1439.503400702311,0.6227262003418763
7438,euler_ramsey,0.5,2.5% Ramsey,risk_aversion,combined,0,1110.9182424701232,0.5579242750427249
7439,euler_ramsey,0.5,1.5% Ramsey,risk_aversion,combined,0,69.40566573008769,2.8510609704455523
7439,euler_ramsey,0.5,2.0% Ramsey,risk_aversion,combined,0,44.95746288287342,3.434058325638818
7439,euler_ramsey,0.5,2.5% Ramsey,risk_aversion,combined,0,32.91103687181204,3.921577289205777
7440,euler_ramsey,0.5,1.5% Ramsey,risk_aversion,combined,0,-2001.8857602570356,0.186155079079492
7440,euler_ramsey,0.5,2.0% Ramsey,risk_aversion,combined,0,-1165.640381547706,0.12127301404115416
7440,euler_ramsey,0.5,2.5% Ramsey,risk_aversion,combined,0,-743.4429811655466,0.08608308659883518
7441,euler_ramsey,0.5,1.5% Ramsey,risk_aversion,combined,0,1041.4208254131324,1.9786376564342274
7441,euler_ramsey,0.5,2.0% Ramsey,risk_aversion,combined,0,765.5657312209127,2.1964085422768567
7441,euler_ramsey,0.5,2.5% Ramsey,risk_aversion,combined,0,544.5762946608901,2.354987254540162
7442,euler_ramsey,0.5,1.5% Ramsey,risk_aversion,combined,0,406.4521379237191,1.1055973630868312
7442,euler_ramsey,0.5,2.0% Ramsey,risk_aversion,combined,0,354.418963034022,1.075813681909847
7442,euler_ramsey,0.5,2.5% Ramsey,risk_aversion,combined,0,293.6359558192847,1.0416693176545444
7443,euler_ramsey,0.5,1.5% Ramsey,risk_aversion,combined,0,69.58686515668039,0.8812894752370096
7443,euler_ramsey,0.5,2.0% Ramsey,risk_aversion,combined,0,50.92886222738083,0.8141493120360274
7443,euler_ramsey,0.5,2.5% Ramsey,risk_aversion,combined,0,37.00321284469929,0.7571577652490034
7444,euler_ramsey,0.5,1.5% Ramsey,risk_aversion,combined,0,-586.0618308952066,0.3712189648322987
7444,euler_ramsey,0.5,2.0% Ramsey,risk_aversion,combined,0,-451.63010747474823,0.2825886017639358
7444,euler_ramsey,0.5,2.5% Ramsey,risk_aversion,combined,0,-340.1530968999682,0.2262759650349634
7445,euler_ramsey,0.5,1.5% Ramsey,risk_aversion,combined,0,655.3157107266661,0.4174578231473253
7445,euler_ramsey,0.5,2.0% Ramsey,risk_aversion,combined,0,367.0271308065884,0.3260104825400619
7445,euler_ramsey,0.5,2.5% Ramsey,risk_aversion,combined,0,211.72991832016436,0.26624158359604794
7446,euler_ramsey,0.5,1.5% Ramsey,risk_aversion,combined,0,727.7848066402154,0.6493158265265753
7446,euler_ramsey,0.5,2.0% Ramsey,risk_aversion,combined,0,525.1976489491072,0.5604378402521325
7446,euler_ramsey,0.5,2.5% Ramsey,risk_aversion,combined,0,350.56545495467583,0.49454802688017424
7447,euler_ramsey,0.5,1.5% Ramsey,risk_aversion,combined,0,100.59701713401618,1.5573356326294583
7447,euler_ramsey,0.5,2.0% Ramsey,risk_aversion,combined,0,84.91559655934739,1.6378956643827558
7447,euler_ramsey,0.5,2.5% Ramsey,risk_aversion,combined,0,66.08879285341412,1.684216640695559
7448,euler_ramsey,0.5,1.5% Ramsey,risk_aversion,combined,0,605.3726033515236,0.8495580794576398
7448,euler_ramsey,0.5,2.0% Ramsey,risk_aversion,combined,0,524.4909787739584,0.7795141165071728
7448,euler_ramsey,0.5,2.5% Ramsey,risk_aversion,combined,0,404.48764621931855,0.7212995630632273
7449,euler_ramsey,0.5,1.5% Ramsey,risk_aversion,combined,0,1335.109083126003,0.35682841068589316
7449,euler_ramsey,0.5,2.0% Ramsey,risk_aversion,combined,0,1261.2107677254223,0.2691023246113657
7449,euler_ramsey,0.5,2.5% Ramsey,risk_aversion,combined,0,1012.7274047045487,0.21391957670787604
7450,euler_ramsey,0.5,1.5% Ramsey,risk_aversion,combined,0,1500.8557191085831,0.6917691812091049
7450,euler_ramsey,0.5,2.0% Ramsey,risk_aversion,combined,0,960.7477841292676,0.6062211353283377
7450,euler_ramsey,0.5,2.5% Ramsey,risk_aversion,combined,0,629.1814918966448,0.5413302160079408
7451,euler_ramsey,0.5,1.5% Ramsey,risk_aversion,combined,0,355.8309785230433,0.3794630454478634
7451,euler_ramsey,0.5,2.0% Ramsey,risk_aversion,combined,0,203.49670050540098,0.2902114853644423
7451,euler_ramsey,0.5,2.5% Ramsey,risk_aversion,combined,0,109.7538520643764,0.23321427215298957
7452,euler_ramsey,0.5,1.5% Ramsey,risk_aversion,combined,0,276.89169482649294,1.1929629329632705
7452,euler_ramsey,0.5,2.0% Ramsey,risk_aversion,combined,0,226.04404847034286,1.1801394755609917
7452,euler_ramsey,0.5,2.5% Ramsey,risk_aversion,combined,0,165.15508105858478,1.157288634335275
7453,euler_ramsey,0.5,1.5% Ramsey,risk_aversion,combined,0,176.8262465791632,1.9410727353607231
7453,euler_ramsey,0.5,2.0% Ramsey,risk_aversion,combined,0,138.56890003560065,2.1444258562048795
7453,euler_ramsey,0.5,2.5% Ramsey,risk_aversion,combined,0,105.10124393105913,2.2905571665514266
7454,euler_ramsey,0.5,1.5% Ramsey,risk_aversion,combined,0,125.81603595058576,3.4080052365774813
7454,euler_ramsey,0.5,2.0% Ramsey,risk_aversion,combined,0,98.23442323956141,4.2727120490299635
7454,euler_ramsey,0.5,2.5% Ramsey,risk_aversion,combined,0,73.23147543479958,5.032704622146476
7455,euler_ramsey,0.5,1.5% Ramsey,risk_aversion,combined,0,-237.32058080093606,0.40888708933478884
7455,euler_ramsey,0.5,2.0% Ramsey,risk_aversion,combined,0,-203.08698651496863,0.31797737857937625
7455,euler_ramsey,0.5,2.5% Ramsey,risk_aversion,combined,0,-156.70146840334013,0.2588443710760267
7456,euler_ramsey,0.5,1.5% Ramsey,risk_aversion,combined,0,183.3786502690259,1.1221086309419301
7456,euler_ramsey,0.5,2.0% Ramsey,risk_aversion,combined,0,137.32672901149397,1.0957079825769576
7456,euler_ramsey,0.5,2.5% Ramsey,risk_aversion,combined,0,90.02159047647098,1.0638052797948767
7457,euler_ramsey,0.5,1.5% Ramsey,risk_aversion,combined,0,-1219.0791150740424,0.8007908730336096
7457,euler_ramsey,0.5,2.0% Ramsey,risk_aversion,combined,0,-497.7520909499255,0.7246231803400979
7457,euler_ramsey,0.5,2.5% Ramsey,risk_aversion,combined,0,-238.30936141188624,0.6632275859565069
7458,euler_ramsey,0.5,1.5% Ramsey,risk_aversion,combined,0,151.4212597712087,2.01104502357069
7458,euler_ramsey,0.5,2.0% Ramsey,risk_aversion,combined,0,117.53706490524738,2.2395075773152544
7458,euler_ramsey,0.5,2.5% Ramsey,risk_aversion,combined,0,92.027823094212,2.4069352961634762
7459,euler_ramsey,0.5,1.5% Ramsey,risk_aversion,combined,0,12085.386521399263,0.14469909997436525
7459,euler_ramsey,0.5,2.0% Ramsey,risk_aversion,combined,0,9565.545767185806,0.08925498052998655
7459,euler_ramsey,0.5,2.5% Ramsey,risk_aversion,combined,0,6870.866710224541,0.06074782150659545
7460,euler_ramsey,0.5,1.5% Ramsey,risk_aversion,combined,0,576.4506896092213,0.4611880197412534
7460,euler_ramsey,0.5,2.0% Ramsey,risk_aversion,combined,0,306.0479552869334,0.3683246874761666
7460,euler_ramsey,0.5,2.5% Ramsey,risk_aversion,combined,0,172.99280114446725,0.3060589332692278
7461,euler_ramsey,0.5,1.5% Ramsey,risk_aversion,combined,0,1788.9174334689226,0.46228454683342435
7461,euler_ramsey,0.5,2.0% Ramsey,risk_aversion,combined,0,904.2234880959076,0.3698160274130472
7461,euler_ramsey,0.5,2.5% Ramsey,risk_aversion,combined,0,530.0923313453874,0.3077282331324983
7462,euler_ramsey,0.5,1.5% Ramsey,risk_aversion,combined,0,263.93783314476354,1.4510457540495456
7462,euler_ramsey,0.5,2.0% Ramsey,risk_aversion,combined,0,199.9396218127752,1.5014004926928106
7462,euler_ramsey,0.5,2.5% Ramsey,risk_aversion,combined,0,141.60520539904138,1.5244747213276186
7463,euler_ramsey,0.5,1.5% Ramsey,risk_aversion,combined,0,-64.9957977595878,1.4069438997208303
7463,euler_ramsey,0.5,2.0% Ramsey,risk_aversion,combined,0,-50.2371055473515,1.44571274333022
7463,euler_ramsey,0.5,2.5% Ramsey,risk_aversion,combined,0,-34.57305955893472,1.4600550522683802
7464,euler_ramsey,0.5,1.5% Ramsey,risk_aversion,combined,0,-300.9554618285048,1.0970371800317036
7464,euler_ramsey,0.5,2.0% Ramsey,risk_aversion,combined,0,-211.7572771207651,1.0653268580563486
7464,euler_ramsey,0.5,2.5% Ramsey,risk_aversion,combined,0,-127.22337615497149,1.0298576698476551
7465,euler_ramsey,0.5,1.5% Ramsey,risk_aversion,combined,0,-1077.4578993577131,0.3739436012771571
7465,euler_ramsey,0.5,2.0% Ramsey,risk_aversion,combined,0,-649.7402216883683,0.28490816999938795
7465,euler_ramsey,0.5,2.5% Ramsey,risk_aversion,combined,0,-406.18394996877737,0.22827396847489453
7466,euler_ramsey,0.5,1.5% Ramsey,risk_aversion,combined,0,160.1522622047821,1.7980377944553643
7466,euler_ramsey,0.5,2.0% Ramsey,risk_aversion,combined,0,120.28072707276647,1.9522983864250874
7466,euler_ramsey,0.5,2.5% Ramsey,risk_aversion,combined,0,85.89021730475731,2.0576351862093247
7467,euler_ramsey,0.5,1.5% Ramsey,risk_aversion,combined,0,983.7366759419534,0.864401712203194
7467,euler_ramsey,0.5,2.0% Ramsey,risk_aversion,combined,0,981.8905185479268,0.7960308660801324
7467,euler_ramsey,0.5,2.5% Ramsey,risk_aversion,combined,0,823.6464966194218,0.7386625214999275
7468,euler_ramsey,0.5,1.5% Ramsey,risk_aversion,combined,0,1742.1443374114997,0.31803067022197584
7468,euler_ramsey,0.5,2.0% Ramsey,risk_aversion,combined,0,895.8362009479016,0.23365531712440993
7468,euler_ramsey,0.5,2.5% Ramsey,risk_aversion,combined,0,475.49709694686356,0.18202053554579786
7469,euler_ramsey,0.5,1.5% Ramsey,risk_aversion,combined,0,3790.7015201266227,0.6346893025743564
7469,euler_ramsey,0.5,2.0% Ramsey,risk_aversion,combined,0,2810.3098371097835,0.546704805310351
7469,euler_ramsey,0.5,2.5% Ramsey,risk_aversion,combined,0,1923.6913569490985,0.4818208181142951
7470,euler_ramsey,0.5,1.5% Ramsey,risk_aversion,combined,0,231.5765798802684,1.0481056278031915
7470,euler_ramsey,0.5,2.0% Ramsey,risk_aversion,combined,0,195.08184608496308,1.0075157796974614
7470,euler_ramsey,0.5,2.5% Ramsey,risk_aversion,combined,0,154.95259831987983,0.9663365634209992
7471,euler_ramsey,0.5,1.5% Ramsey,risk_aversion,combined,0,505.26723632541245,0.47804715356380023
7471,euler_ramsey,0.5,2.0% Ramsey,risk_aversion,combined,0,313.88853666000404,0.38524067597072326
7471,euler_ramsey,0.5,2.5% Ramsey,risk_aversion,combined,0,199.2435690469001,0.32237493490351005
7472,euler_ramsey,0.5,1.5% Ramsey,risk_aversion,combined,0,347.62463162522283,1.078808091811101
7472,euler_ramsey,0.5,2.0% Ramsey,risk_aversion,combined,0,333.1887074468367,1.0436663897748286
7472,euler_ramsey,0.5,2.5% Ramsey,risk_aversion,combined,0,292.30026539474665,1.0059385927424704
7473,euler_ramsey,0.5,1.5% Ramsey,risk_aversion,combined,0,-333.292074114699,1.2702636477970237
7473,euler_ramsey,0.5,2.0% Ramsey,risk_aversion,combined,0,-212.1729832469329,1.276198348312775
7473,euler_ramsey,0.5,2.5% Ramsey,risk_aversion,combined,0,-129.7117431936686,1.2666320413860863
7474,euler_ramsey,0.5,1.5% Ramsey,risk_aversion,combined,0,260.8488590557476,1.5136194261766398
7474,euler_ramsey,0.5,2.0% Ramsey,risk_aversion,combined,0,197.60834457837797,1.581231609685286
7474,euler_ramsey,0.5,2.5% Ramsey,risk_aversion,combined,0,143.0118648235698,1.6175297132312425
7475,euler_ramsey,0.5,1.5% Ramsey,risk_aversion,combined,0,-282.9908119342849,0.8632346189329182
7475,euler_ramsey,0.5,2.0% Ramsey,risk_aversion,combined,0,-239.08004233865165,0.7948161682274986
7475,euler_ramsey,0.5,2.5% Ramsey,risk_aversion,combined,0,-178.72786210232425,0.7373336146649582
7476,euler_ramsey,0.5,1.5% Ramsey,risk_aversion,combined,0,1384.3854487027122,0.8599109984748544
7476,euler_ramsey,0.5,2.0% Ramsey,risk_aversion,combined,0,1176.7440367701245,0.7918958117756297
7476,euler_ramsey,0.5,2.5% Ramsey,risk_aversion,combined,0,904.6696402136273,0.7348370644683686
7477,euler_ramsey,0.5,1.5% Ramsey,risk_aversion,combined,0,-235.54641698004946,0.7251430468014153
7477,euler_ramsey,0.5,2.0% Ramsey,risk_aversion,combined,0,-223.56803718097586,0.6413507655701248
7477,euler_ramsey,0.5,2.5% Ramsey,risk_aversion,combined,0,-185.9738729983178,0.5767040583677727
7478,euler_ramsey,0.5,1.5% Ramsey,risk_aversion,combined,0,470.9534859207172,0.6015190321001591
7478,euler_ramsey,0.5,2.0% Ramsey,risk_aversion,combined,0,892.4073707598493,0.5103158844167008
7478,euler_ramsey,0.5,2.5% Ramsey,risk_aversion,combined,0,1220.4138948434952,0.4443520519963924
7479,euler_ramsey,0.5,1.5% Ramsey,risk_aversion,combined,0,2579.0980387255927,0.4752645541805499
7479,euler_ramsey,0.5,2.0% Ramsey,risk_aversion,combined,0,2196.5350785789155,0.38302431539626786
7479,euler_ramsey,0.5,2.5% Ramsey,risk_aversion,combined,0,1651.7849953805064,0.3205916453996024
7480,euler_ramsey,0.5,1.5% Ramsey,risk_aversion,combined,0,678.2238665417505,1.100014745676561
7480,euler_ramsey,0.5,2.0% Ramsey,risk_aversion,combined,0,453.6854391756193,1.0701963639518732
7480,euler_ramsey,0.5,2.5% Ramsey,risk_aversion,combined,0,307.55153378482294,1.036108607769963
7481,euler_ramsey,0.5,1.5% Ramsey,risk_aversion,combined,0,37.15303812679249,0.4675083226831961
7481,euler_ramsey,0.5,2.0% Ramsey,risk_aversion,combined,0,2.0027310730637504,0.3745230394165846
7481,euler_ramsey,0.5,2.5% Ramsey,risk_aversion,combined,0,-12.257830405598705,0.3119491292692029
7482,euler_ramsey,0.5,1.5% Ramsey,risk_aversion,combined,0,125.70403679772829,0.5662370260429109
7482,euler_ramsey,0.5,2.0% Ramsey,risk_aversion,combined,0,91.40984422266023,0.47398608265611486
7482,euler_ramsey,0.5,2.5% Ramsey,risk_aversion,combined,0,64.05221414517666,0.4084709655364862
7483,euler_ramsey,0.5,1.5% Ramsey,risk_aversion,combined,0,804.0638218357152,1.014515329819838
7483,euler_ramsey,0.5,2.0% Ramsey,risk_aversion,combined,0,703.2690885586721,0.9689754112395144
7483,euler_ramsey,0.5,2.5% Ramsey,risk_aversion,combined,0,554.1995072464396,0.9249474067283453
7484,euler_ramsey,0.5,1.5% Ramsey,risk_aversion,combined,0,1285.0914430177995,0.8331562350032813
7484,euler_ramsey,0.5,2.0% Ramsey,risk_aversion,combined,0,1073.781270869011,0.7612170658949725
7484,euler_ramsey,0.5,2.5% Ramsey,risk_aversion,combined,0,797.031631314936,0.7020147539424199
7485,euler_ramsey,0.5,1.5% Ramsey,risk_aversion,combined,0,1534.1687011307054,0.8392755581898593
7485,euler_ramsey,0.5,2.0% Ramsey,risk_aversion,combined,0,1337.4915806890954,0.7687912278255582
7485,euler_ramsey,0.5,2.5% Ramsey,risk_aversion,combined,0,1069.8856492707655,0.7105302842397314
7486,euler_ramsey,0.5,1.5% Ramsey,risk_aversion,combined,0,2657.0860600793744,0.23584127742071553
7486,euler_ramsey,0.5,2.0% Ramsey,risk_aversion,combined,0,905.1641347867705,0.1620147522202688
7486,euler_ramsey,0.5,2.5% Ramsey,risk_aversion,combined,0,477.0092266439277,0.1198224758710253
7487,euler_ramsey,0.5,1.5% Ramsey,risk_aversion,combined,0,110.86273461164622,0.46479282254672694
7487,euler_ramsey,0.5,2.0% Ramsey,risk_aversion,combined,0,105.24815895968209,0.3718868407469657
7487,euler_ramsey,0.5,2.5% Ramsey,risk_aversion,combined,0,98.25659487003361,0.3094622655376773
7488,euler_ramsey,0.5,1.5% Ramsey,risk_aversion,combined,0,225.96757674840498,0.8442336515014904
7488,euler_ramsey,0.5,2.0% Ramsey,risk_aversion,combined,0,188.58999081063968,0.7733800149381486
7488,euler_ramsey,0.5,2.5% Ramsey,risk_aversion,combined,0,144.469897900133,0.7146397856810451
7489,euler_ramsey,0.5,1.5% Ramsey,risk_aversion,combined,0,-217.88559065229504,0.5866210532158288
7489,euler_ramsey,0.5,2.0% Ramsey,risk_aversion,combined,0,-166.80878287850243,0.4946308354909536
7489,euler_ramsey,0.5,2.5% Ramsey,risk_aversion,combined,0,-124.87897180959129,0.42863479996706977
7490,euler_ramsey,0.5,1.5% Ramsey,risk_aversion,combined,0,992.8840002590873,0.3729222401567429
7490,euler_ramsey,0.5,2.0% Ramsey,risk_aversion,combined,0,841.5106989601858,0.28405472565743756
7490,euler_ramsey,0.5,2.5% Ramsey,risk_aversion,combined,0,653.6161878396973,0.2275541761496073
7491,euler_ramsey,0.5,1.5% Ramsey,risk_aversion,combined,0,1525.953228646049,0.5274080444564903
7491,euler_ramsey,0.5,2.0% Ramsey,risk_aversion,combined,0,780.9928872625576,0.4343307388688957
7491,euler_ramsey,0.5,2.5% Ramsey,risk_aversion,combined,0,430.042738148543,0.36958483817128424
7492,euler_ramsey,0.5,1.5% Ramsey,risk_aversion,combined,0,-446.1050615792763,0.48354083430618233
7492,euler_ramsey,0.5,2.0% Ramsey,risk_aversion,combined,0,-355.94490143578736,0.39055366953231613
7492,euler_ramsey,0.5,2.5% Ramsey,risk_aversion,combined,0,-260.0912492104987,0.327382113259573
7493,euler_ramsey,0.5,1.5% Ramsey,risk_aversion,combined,0,1331.7676124936438,1.4199246668000187
7493,euler_ramsey,0.5,2.0% Ramsey,risk_aversion,combined,0,1025.6098323949554,1.4634292686522115
7493,euler_ramsey,0.5,2.5% Ramsey,risk_aversion,combined,0,715.9457790921083,1.4816016527401519
7494,euler_ramsey,0.5,1.5% Ramsey,risk_aversion,combined,0,3279.0268791863973,0.4213861359182126
7494,euler_ramsey,0.5,2.0% Ramsey,risk_aversion,combined,0,1817.023893425442,0.3298383834365215
7494,euler_ramsey,0.5,2.5% Ramsey,risk_aversion,combined,0,1004.3208525542856,0.2698555408214103
7495,euler_ramsey,0.5,1.5% Ramsey,risk_aversion,combined,0,320.041573539535,0.7155224619861342
7495,euler_ramsey,0.5,2.0% Ramsey,risk_aversion,combined,0,285.61913981491773,0.6307554328804889
7495,euler_ramsey,0.5,2.5% Ramsey,risk_aversion,combined,0,221.02478918908054,0.5657243569061645
7496,euler_ramsey,0.5,1.5% Ramsey,risk_aversion,combined,0,965.7561004793166,1.11997606821412
7496,euler_ramsey,0.5,2.0% Ramsey,risk_aversion,combined,0,673.5689463146007,1.094753923537749
7496,euler_ramsey,0.5,2.5% Ramsey,risk_aversion,combined,0,493.6101547003532,1.0638754051419705
7497,euler_ramsey,0.5,1.5% Ramsey,risk_aversion,combined,0,995.1421148509415,1.0856988650643018
7497,euler_ramsey,0.5,2.0% Ramsey,risk_aversion,combined,0,738.3056939540372,1.0525154977399007
7497,euler_ramsey,0.5,2.5% Ramsey,risk_aversion,combined,0,532.6366265905689,1.0161891258898552
7498,euler_ramsey,0.5,1.5% Ramsey,risk_aversion,combined,0,-97.67099032926447,0.5516080985928471
7498,euler_ramsey,0.5,2.0% Ramsey,risk_aversion,combined,0,-72.93457014241497,0.458643668873117
7498,euler_ramsey,0.5,2.5% Ramsey,risk_aversion,combined,0,-52.17282251392485,0.39316658610348687
7499,euler_ramsey,0.5,1.5% Ramsey,risk_aversion,combined,0,-360.18492374393406,0.9773691179168446
7499,euler_ramsey,0.5,2.0% Ramsey,risk_aversion,combined,0,-261.2100642188984,0.9251460382106114
7499,euler_ramsey,0.5,2.5% Ramsey,risk_aversion,combined,0,-186.10876727823194,0.8767853923092448
7500,euler_ramsey,0.5,1.5% Ramsey,risk_aversion,combined,0,-146.828571218868,0.503297261007059
7500,euler_ramsey,0.5,2.0% Ramsey,risk_aversion,combined,0,-122.17698282611755,0.41041935213276176
7500,euler_ramsey,0.5,2.5% Ramsey,risk_aversion,combined,0,-94.08128988210287,0.3466120719226702
7501,euler_ramsey,0.5,1.5% Ramsey,risk_aversion,combined,0,2098.2571586762947,1.205204148815109
7501,euler_ramsey,0.5,2.0% Ramsey,risk_aversion,combined,0,1410.6577692902035,1.1974974458508758
7501,euler_ramsey,0.5,2.5% Ramsey,risk_aversion,combined,0,929.4826339829534,1.1785391434361234
7502,euler_ramsey,0.5,1.5% Ramsey,risk_aversion,combined,0,2825.3559932429225,1.096041629738104
7502,euler_ramsey,0.5,2.0% Ramsey,risk_aversion,combined,0,2008.8711757071528,1.0662005699374226
7502,euler_ramsey,0.5,2.5% Ramsey,risk_aversion,combined,0,1373.0006680826714,1.0323296592853675
7503,euler_ramsey,0.5,1.5% Ramsey,risk_aversion,combined,0,-112.67434457220068,0.34539739189662333
7503,euler_ramsey,0.5,2.0% Ramsey,risk_aversion,combined,0,9.794082424857578,0.25852153727572125
7503,euler_ramsey,0.5,2.5% Ramsey,risk_aversion,combined,0,57.6346831544215,0.2043079704757154
7504,euler_ramsey,0.5,1.5% Ramsey,risk_aversion,combined,0,1105.5123856176983,1.268422190376478
7504,euler_ramsey,0.5,2.0% Ramsey,risk_aversion,combined,0,815.0337075083471,1.2744986252223511
7504,euler_ramsey,0.5,2.5% Ramsey,risk_aversion,combined,0,565.3125279061404,1.2652487890843418
7505,euler_ramsey,0.5,1.5% Ramsey,risk_aversion,combined,0,402.7147751767725,0.38143436412095094
7505,euler_ramsey,0.5,2.0% Ramsey,risk_aversion,combined,0,298.56099595268074,0.2919137046099991
7505,euler_ramsey,0.5,2.5% Ramsey,risk_aversion,combined,0,229.64962957557745,0.23469752391795792
7506,euler_ramsey,0.5,1.5% Ramsey,risk_aversion,combined,0,1709.7650176544767,1.0141285947725691
7506,euler_ramsey,0.5,2.0% Ramsey,risk_aversion,combined,0,1448.3241165215336,0.9688693018092834
7506,euler_ramsey,0.5,2.5% Ramsey,risk_aversion,combined,0,1076.7902473980034,0.9250685263167707
7507,euler_ramsey,0.5,1.5% Ramsey,risk_aversion,combined,0,-835.8569071673522,0.40541071255655664
7507,euler_ramsey,0.5,2.0% Ramsey,risk_aversion,combined,0,-605.9856849724126,0.31466922461542624
7507,euler_ramsey,0.5,2.5% Ramsey,risk_aversion,combined,0,-413.9484347721699,0.25577036513450907
7508,euler_ramsey,0.5,1.5% Ramsey,risk_aversion,combined,0,-463.6636184481152,0.3427055682451895
7508,euler_ramsey,0.5,2.0% Ramsey,risk_aversion,combined,0,-276.80249703386147,0.2560174651967798
7508,euler_ramsey,0.5,2.5% Ramsey,risk_aversion,combined,0,-156.77955274102175,0.20202611945016324
7509,euler_ramsey,0.5,1.5% Ramsey,risk_aversion,combined,0,421.20649943809616,0.8020484957530619
7509,euler_ramsey,0.5,2.0% Ramsey,risk_aversion,combined,0,255.63577679381027,0.7258140249235275
7509,euler_ramsey,0.5,2.5% Ramsey,risk_aversion,combined,0,163.3396698932712,0.6643448659584549
7510,euler_ramsey,0.5,1.5% Ramsey,risk_aversion,combined,0,1425.0604348463703,1.058888213753052
7510,euler_ramsey,0.5,2.0% Ramsey,risk_aversion,combined,0,904.1169009676565,1.0247617977673884
7510,euler_ramsey,0.5,2.5% Ramsey,risk_aversion,combined,0,587.37710537405,0.9885621090670955
7511,euler_ramsey,0.5,1.5% Ramsey,risk_aversion,combined,0,1188.0986667399197,0.6434640146842578
7511,euler_ramsey,0.5,2.0% Ramsey,risk_aversion,combined,0,1034.2363524733466,0.5549227203929759
7511,euler_ramsey,0.5,2.5% Ramsey,risk_aversion,combined,0,813.7257024940623,0.489455262987861
7512,euler_ramsey,0.5,1.5% Ramsey,risk_aversion,combined,0,139.75172967759272,1.8187699648625588
7512,euler_ramsey,0.5,2.0% Ramsey,risk_aversion,combined,0,108.54247228564012,1.9801639270077627
7512,euler_ramsey,0.5,2.5% Ramsey,risk_aversion,combined,0,83.49924648539832,2.0913359858167664
7513,euler_ramsey,0.5,1.5% Ramsey,risk_aversion,combined,0,-727.0905868501674,0.5475413973168318
7513,euler_ramsey,0.5,2.0% Ramsey,risk_aversion,combined,0,-447.94785124424965,0.45450229445647494
7513,euler_ramsey,0.5,2.5% Ramsey,risk_aversion,combined,0,-250.35901879826326,0.38911317403121143
7514,euler_ramsey,0.5,1.5% Ramsey,risk_aversion,combined,0,1796.2917164737155,0.4104713475159742
7514,euler_ramsey,0.5,2.0% Ramsey,risk_aversion,combined,0,1585.4356453949426,0.3197221908379998
7514,euler_ramsey,0.5,2.5% Ramsey,risk_aversion,combined,0,1230.9872213729343,0.2606123109032612
7515,euler_ramsey,0.5,1.5% Ramsey,risk_aversion,combined,0,-191.78629016010387,0.34481105972629944
7515,euler_ramsey,0.5,2.0% Ramsey,risk_aversion,combined,0,-92.87095652250746,0.2579460284815708
7515,euler_ramsey,0.5,2.5% Ramsey,risk_aversion,combined,0,-45.27983460533427,0.2037651774293325
7516,euler_ramsey,0.5,1.5% Ramsey,risk_aversion,combined,0,543.2132674035561,1.5889492099371845
7516,euler_ramsey,0.5,2.0% Ramsey,risk_aversion,combined,0,441.6621612990325,1.6781409789937904
7516,euler_ramsey,0.5,2.5% Ramsey,risk_aversion,combined,0,330.0798482094178,1.7312063901354744
7517,euler_ramsey,0.5,1.5% Ramsey,risk_aversion,combined,0,474.8880860000837,0.6194691891869432
7517,euler_ramsey,0.5,2.0% Ramsey,risk_aversion,combined,0,412.8527791732543,0.5288695180023891
7517,euler_ramsey,0.5,2.5% Ramsey,risk_aversion,combined,0,317.9614213186114,0.4627515570943899
7518,euler_ramsey,0.5,1.5% Ramsey,risk_aversion,combined,0,173.77002984133136,2.1539751679384587
7518,euler_ramsey,0.5,2.0% Ramsey,risk_aversion,combined,0,150.2812338626142,2.4361900463609567
7518,euler_ramsey,0.5,2.5% Ramsey,risk_aversion,combined,0,130.05772838382978,2.6499274763066794
7519,euler_ramsey,0.5,1.5% Ramsey,risk_aversion,combined,0,871.8300292376302,0.522366135548748
7519,euler_ramsey,0.5,2.0% Ramsey,risk_aversion,combined,0,673.949253802997,0.4291602660439614
7519,euler_ramsey,0.5,2.5% Ramsey,risk_aversion,combined,0,468.9443275350695,0.3645137853288358
7520,euler_ramsey,0.5,1.5% Ramsey,risk_aversion,combined,0,795.0409887487433,0.8122994003629662
7520,euler_ramsey,0.5,2.0% Ramsey,risk_aversion,combined,0,596.5089118995388,0.7370567491255533
7520,euler_ramsey,0.5,2.5% Ramsey,risk_aversion,combined,0,398.2497050631302,0.6760262147146221
7521,euler_ramsey,0.5,1.5% Ramsey,risk_aversion,combined,0,331.5556407694069,1.6712727667754435
7521,euler_ramsey,0.5,2.0% Ramsey,risk_aversion,combined,0,228.5070639079452,1.785291281133587
7521,euler_ramsey,0.5,2.5% Ramsey,risk_aversion,combined,0,151.78967884544184,1.8579993933114753
7522,euler_ramsey,0.5,1.5% Ramsey,risk_aversion,combined,0,579.1837629055502,0.9517361369059947
7522,euler_ramsey,0.5,2.0% Ramsey,risk_aversion,combined,0,416.7371715248712,0.8950362264188809
7522,euler_ramsey,0.5,2.5% Ramsey,risk_aversion,combined,0,290.73991858411006,0.8440055343524134
7523,euler_ramsey,0.5,1.5% Ramsey,risk_aversion,combined,0,119.2362729846894,1.2963023479087494
7523,euler_ramsey,0.5,2.0% Ramsey,risk_aversion,combined,0,66.54478705846824,1.3063162711155394
7523,euler_ramsey,0.5,2.5% Ramsey,risk_aversion,combined,0,40.32743521413998,1.299387125385786
7524,euler_ramsey,0.5,1.5% Ramsey,risk_aversion,combined,0,1052.7454161373842,1.0594256051767685
7524,euler_ramsey,0.5,2.0% Ramsey,risk_aversion,combined,0,674.8018682897002,1.022023293532496
7524,euler_ramsey,0.5,2.5% Ramsey,risk_aversion,combined,0,430.6831968294118,0.9830510192949447
7525,euler_ramsey,0.5,1.5% Ramsey,risk_aversion,combined,0,786.1973434487546,1.7737432458709472
7525,euler_ramsey,0.5,2.0% Ramsey,risk_aversion,combined,0,639.2128687037459,1.9211788527429041
7525,euler_ramsey,0.5,2.5% Ramsey,risk_aversion,combined,0,496.3025181432252,2.021142615934523
7526,euler_ramsey,0.5,1.5% Ramsey,risk_aversion,combined,0,893.3888522112455,0.21803250309077898
7526,euler_ramsey,0.5,2.0% Ramsey,risk_aversion,combined,0,315.696988678054,0.14713684601567364
7526,euler_ramsey,0.5,2.5% Ramsey,risk_aversion,combined,0,181.70404414967558,0.10732839348717384
7527,euler_ramsey,0.5,1.5% Ramsey,risk_aversion,combined,0,456.26671236588,1.5673441880181547
7527,euler_ramsey,0.5,2.0% Ramsey,risk_aversion,combined,0,310.092425928427,1.6513594639486118
7527,euler_ramsey,0.5,2.5% Ramsey,risk_aversion,combined,0,218.81141334602938,1.7004984530257947
7528,euler_ramsey,0.5,1.5% Ramsey,risk_aversion,combined,0,951.3549684897355,1.0369119022814297
7528,euler_ramsey,0.5,2.0% Ramsey,risk_aversion,combined,0,737.565242179662,0.9949789453212537
7528,euler_ramsey,0.5,2.5% Ramsey,risk_aversion,combined,0,543.8828965369153,0.953062549575207
7529,euler_ramsey,0.5,1.5% Ramsey,risk_aversion,combined,0,2193.9240317246717,0.46086418429253956
7529,euler_ramsey,0.5,2.0% Ramsey,risk_aversion,combined,0,1966.4975399595487,0.36887736184290054
7529,euler_ramsey,0.5,2.5% Ramsey,risk_aversion,combined,0,1518.9762815956826,0.3071248875907459
7530,euler_ramsey,0.5,1.5% Ramsey,risk_aversion,combined,0,423.7478039642816,1.4234062510787249
7530,euler_ramsey,0.5,2.0% Ramsey,risk_aversion,combined,0,274.4442747257112,1.466972403315864
7530,euler_ramsey,0.5,2.5% Ramsey,risk_aversion,combined,0,179.37086242895612,1.4850677973313828
7531,euler_ramsey,0.5,1.5% Ramsey,risk_aversion,combined,0,1090.9828366751544,1.2406008918434113
7531,euler_ramsey,0.5,2.0% Ramsey,risk_aversion,combined,0,748.830376114818,1.2395609580431093
7531,euler_ramsey,0.5,2.5% Ramsey,risk_aversion,combined,0,498.1870027183749,1.2251794197107937
7532,euler_ramsey,0.5,1.5% Ramsey,risk_aversion,combined,0,2311.1153467739628,0.74571196489395
7532,euler_ramsey,0.5,2.0% Ramsey,risk_aversion,combined,0,2035.861166208656,0.664562372702054
7532,euler_ramsey,0.5,2.5% Ramsey,risk_aversion,combined,0,1611.7969359204453,0.6011866209984146
7533,euler_ramsey,0.5,1.5% Ramsey,risk_aversion,combined,0,1334.1882279018334,1.2844556578676063
7533,euler_ramsey,0.5,2.0% Ramsey,risk_aversion,combined,0,1057.9135164220922,1.2947774878285532
7533,euler_ramsey,0.5,2.5% Ramsey,risk_aversion,combined,0,799.3845240379496,1.2885877005225317
7534,euler_ramsey,0.5,1.5% Ramsey,risk_aversion,combined,0,683.1990227546369,0.4370527935165538
7534,euler_ramsey,0.5,2.0% Ramsey,risk_aversion,combined,0,630.2621700459605,0.3450630046840881
7534,euler_ramsey,0.5,2.5% Ramsey,risk_aversion,combined,0,518.5451458281962,0.2842097551134102
7535,euler_ramsey,0.5,1.5% Ramsey,risk_aversion,combined,0,670.3936996280817,0.6774705007839376
7535,euler_ramsey,0.5,2.0% Ramsey,risk_aversion,combined,0,357.63943063723605,0.5903686758999532
7535,euler_ramsey,0.5,2.5% Ramsey,risk_aversion,combined,0,220.45084410107626,0.5248481302978372
7536,euler_ramsey,0.5,1.5% Ramsey,risk_aversion,combined,0,1050.5709200999652,0.38723463629773575
7536,euler_ramsey,0.5,2.0% Ramsey,risk_aversion,combined,0,682.2290109146905,0.29737522726225896
7536,euler_ramsey,0.5,2.5% Ramsey,risk_aversion,combined,0,433.8691284132146,0.2397278513682515
7537,euler_ramsey,0.5,1.5% Ramsey,risk_aversion,combined,0,5102.15278884966,0.48858572663327937
7537,euler_ramsey,0.5,2.0% Ramsey,risk_aversion,combined,0,4416.045060855015,0.3962006650151357
7537,euler_ramsey,0.5,2.5% Ramsey,risk_aversion,combined,0,3342.796096502554,0.3332035864085682
7538,euler_ramsey,0.5,1.5% Ramsey,risk_aversion,combined,0,1232.3811652168613,0.7495673753748391
7538,euler_ramsey,0.5,2.0% Ramsey,risk_aversion,combined,0,738.5685696786162,0.6684133550747534
7538,euler_ramsey,0.5,2.5% Ramsey,risk_aversion,combined,0,463.89295555908365,0.6049215318975778
7539,euler_ramsey,0.5,1.5% Ramsey,risk_aversion,combined,0,1228.834068661895,0.718977684352178
7539,euler_ramsey,0.5,2.0% Ramsey,risk_aversion,combined,0,1090.0594875509194,0.6350924913686273
7539,euler_ramsey,0.5,2.5% Ramsey,risk_aversion,combined,0,825.5370579369858,0.570563051080538
7540,euler_ramsey,0.5,1.5% Ramsey,risk_aversion,combined,0,1072.1734604428864,0.4261947483140334
7540,euler_ramsey,0.5,2.0% Ramsey,risk_aversion,combined,0,640.891716520314,0.33440368400818654
7540,euler_ramsey,0.5,2.5% Ramsey,risk_aversion,combined,0,394.44230008478553,0.27409405290186545
7541,euler_ramsey,0.5,1.5% Ramsey,risk_aversion,combined,0,1853.4252233379225,0.8423905654457094
7541,euler_ramsey,0.5,2.0% Ramsey,risk_aversion,combined,0,985.7755408529653,0.7725042752238115
7541,euler_ramsey,0.5,2.5% Ramsey,risk_aversion,combined,0,576.7349916179177,0.7146541332032323
7542,euler_ramsey,0.5,1.5% Ramsey,risk_aversion,combined,0,51.56815048488475,1.0731923139915922
7542,euler_ramsey,0.5,2.0% Ramsey,risk_aversion,combined,0,45.14486622349317,1.0368669709983265
7542,euler_ramsey,0.5,2.5% Ramsey,risk_aversion,combined,0,42.88029785530841,0.9983468408185092
7543,euler_ramsey,0.5,1.5% Ramsey,risk_aversion,combined,0,-134.79085203638385,1.279126648695362
7543,euler_ramsey,0.5,2.0% Ramsey,risk_aversion,combined,0,-106.9133865378229,1.2862990747356993
7543,euler_ramsey,0.5,2.5% Ramsey,risk_aversion,combined,0,-75.2358225684226,1.2775399952060054
7544,euler_ramsey,0.5,1.5% Ramsey,risk_aversion,combined,0,627.9262299493906,0.7402087349284078
7544,euler_ramsey,0.5,2.0% Ramsey,risk_aversion,combined,0,580.0971086949816,0.6577766653378484
7544,euler_ramsey,0.5,2.5% Ramsey,risk_aversion,combined,0,481.51362173866085,0.5936623609194386
7545,euler_ramsey,0.5,1.5% Ramsey,risk_aversion,combined,0,1032.8397327103114,0.7490375996074312
7545,euler_ramsey,0.5,2.0% Ramsey,risk_aversion,combined,0,907.4491758828451,0.6676766316266473
7545,euler_ramsey,0.5,2.5% Ramsey,risk_aversion,combined,0,695.346029762197,0.6040521315700337
7546,euler_ramsey,0.5,1.5% Ramsey,risk_aversion,combined,0,-175.9844813582673,0.9967970551064743
7546,euler_ramsey,0.5,2.0% Ramsey,risk_aversion,combined,0,-152.41641474025138,0.9478059712248114
7546,euler_ramsey,0.5,2.5% Ramsey,risk_aversion,combined,0,-115.27812647548461,0.9014944659059431
7547,euler_ramsey,0.5,1.5% Ramsey,risk_aversion,combined,0,-315.1081497252607,1.039710287419498
7547,euler_ramsey,0.5,2.0% Ramsey,risk_aversion,combined,0,-248.17495722921566,0.9980521415752398
7547,euler_ramsey,0.5,2.5% Ramsey,risk_aversion,combined,0,-180.29759121275,0.956250240696949
7548,euler_ramsey,0.5,1.5% Ramsey,risk_aversion,combined,0,123.55658716401318,1.945017645745683
7548,euler_ramsey,0.5,2.0% Ramsey,risk_aversion,combined,0,87.98165482252399,2.1496697355467655
7548,euler_ramsey,0.5,2.5% Ramsey,risk_aversion,combined,0,62.646256606713536,2.2968203563496625
7549,euler_ramsey,0.5,1.5% Ramsey,risk_aversion,combined,0,704.5087421793946,0.6077816599926931
7549,euler_ramsey,0.5,2.0% Ramsey,risk_aversion,combined,0,628.3257646608084,0.5166439506810098
7549,euler_ramsey,0.5,2.5% Ramsey,risk_aversion,combined,0,485.2229634698173,0.4505369298110026
7550,euler_ramsey,0.5,1.5% Ramsey,risk_aversion,combined,0,401.0855387441026,0.6455764404486309
7550,euler_ramsey,0.5,2.0% Ramsey,risk_aversion,combined,0,378.4355235708019,0.5564197124035264
7550,euler_ramsey,0.5,2.5% Ramsey,risk_aversion,combined,0,312.837076334384,0.49045711190873753
7551,euler_ramsey,0.5,1.5% Ramsey,risk_aversion,combined,0,-634.8577564747898,0.6765374290409176
7551,euler_ramsey,0.5,2.0% Ramsey,risk_aversion,combined,0,-430.50319126456753,0.5897239699479024
7551,euler_ramsey,0.5,2.5% Ramsey,risk_aversion,combined,0,-284.0717056021633,0.5243886083449265
7552,euler_ramsey,0.5,1.5% Ramsey,risk_aversion,combined,0,132.2319431016799,1.5850521930366939
7552,euler_ramsey,0.5,2.0% Ramsey,risk_aversion,combined,0,89.27872831807983,1.673091501639095
7552,euler_ramsey,0.5,2.5% Ramsey,risk_aversion,combined,0,61.9981345197835,1.7252243298662246
7553,euler_ramsey,0.5,1.5% Ramsey,risk_aversion,combined,0,2803.3439421429352,0.45162174267287514
7553,euler_ramsey,0.5,2.0% Ramsey,risk_aversion,combined,0,1656.2403186438178,0.35961398833573166
7553,euler_ramsey,0.5,2.5% Ramsey,risk_aversion,combined,0,1020.6518989895281,0.29818493385985045
7554,euler_ramsey,0.5,1.5% Ramsey,risk_aversion,combined,0,450.6158758392286,1.8133842414105164
7554,euler_ramsey,0.5,2.0% Ramsey,risk_aversion,combined,0,368.46664159473704,1.9736665331567171
7554,euler_ramsey,0.5,2.5% Ramsey,risk_aversion,combined,0,282.05951305402357,2.084222128882277
7555,euler_ramsey,0.5,1.5% Ramsey,risk_aversion,combined,0,644.8338744880494,0.708318695858613
7555,euler_ramsey,0.5,2.0% Ramsey,risk_aversion,combined,0,491.26885469870217,0.62375613268809
7555,euler_ramsey,0.5,2.5% Ramsey,risk_aversion,combined,0,358.1413949875681,0.5590607248662723
7556,euler_ramsey,0.5,1.5% Ramsey,risk_aversion,combined,0,665.7637005508446,0.8126024047480557
7556,euler_ramsey,0.5,2.0% Ramsey,risk_aversion,combined,0,503.64293094058087,0.7374261264823987
7556,euler_ramsey,0.5,2.5% Ramsey,risk_aversion,combined,0,342.3191930169422,0.6764357901081256
7557,euler_ramsey,0.5,1.5% Ramsey,risk_aversion,combined,0,-0.786502957419866,1.631387660849594
7557,euler_ramsey,0.5,2.0% Ramsey,risk_aversion,combined,0,-8.549966941993913,1.7333955250978668
7557,euler_ramsey,0.5,2.5% Ramsey,risk_aversion,combined,0,-9.179944117137245,1.7965164020178692
7558,euler_ramsey,0.5,1.5% Ramsey,risk_aversion,combined,0,287.45187565451033,1.3852830680181907
7558,euler_ramsey,0.5,2.0% Ramsey,risk_aversion,combined,0,156.217723163628,1.4181770623515406
7558,euler_ramsey,0.5,2.5% Ramsey,risk_aversion,combined,0,92.80391411898849,1.4281832240884207
7559,euler_ramsey,0.5,1.5% Ramsey,risk_aversion,combined,0,1858.1197217813053,0.3325562365027411
7559,euler_ramsey,0.5,2.0% Ramsey,risk_aversion,combined,0,1022.8594953911337,0.24680945694218195
7559,euler_ramsey,0.5,2.5% Ramsey,risk_aversion,combined,0,569.0987133199844,0.19377835897796641
7560,euler_ramsey,0.5,1.5% Ramsey,risk_aversion,combined,0,164.92415393943529,2.114266690621903
7560,euler_ramsey,0.5,2.0% Ramsey,risk_aversion,combined,0,103.05904464993664,2.381133543019272
7560,euler_ramsey,0.5,2.5% Ramsey,risk_aversion,combined,0,68.75288694423148,2.5815243972356283
7561,euler_ramsey,0.5,1.5% Ramsey,risk_aversion,combined,0,265.6021716093713,2.146554030281655
7561,euler_ramsey,0.5,2.0% Ramsey,risk_aversion,combined,0,206.8742677641274,2.425629817910738
7561,euler_ramsey,0.5,2.5% Ramsey,risk_aversion,combined,0,151.91240100970197,2.6365442705016466
7562,euler_ramsey,0.5,1.5% Ramsey,risk_aversion,combined,0,219.75182381771572,0.8008371246273601
7562,euler_ramsey,0.5,2.0% Ramsey,risk_aversion,combined,0,179.08754711116023,0.7251219479777332
7562,euler_ramsey,0.5,2.5% Ramsey,risk_aversion,combined,0,135.34558871279785,0.6641200913796311
7563,euler_ramsey,0.5,1.5% Ramsey,risk_aversion,combined,0,1476.80002299221,1.03006854825953
7563,euler_ramsey,0.5,2.0% Ramsey,risk_aversion,combined,0,1244.7872034772365,0.9887122792985938
7563,euler_ramsey,0.5,2.5% Ramsey,risk_aversion,combined,0,924.3153795917257,0.9474374227402876
7564,euler_ramsey,0.5,1.5% Ramsey,risk_aversion,combined,0,972.2800333062497,1.8901068256096438
7564,euler_ramsey,0.5,2.0% Ramsey,risk_aversion,combined,0,790.68869606833,2.0763551283215236
7564,euler_ramsey,0.5,2.5% Ramsey,risk_aversion,combined,0,586.9411621434898,2.208450064906451
7565,euler_ramsey,0.5,1.5% Ramsey,risk_aversion,combined,0,294.36143848419346,0.9670073218941181
7565,euler_ramsey,0.5,2.0% Ramsey,risk_aversion,combined,0,213.48642749636153,0.9125830116010429
7565,euler_ramsey,0.5,2.5% Ramsey,risk_aversion,combined,0,152.42435284700673,0.8628685088302223
7566,euler_ramsey,0.5,1.5% Ramsey,risk_aversion,combined,0,1753.9899721326292,0.3871116347362331
7566,euler_ramsey,0.5,2.0% Ramsey,risk_aversion,combined,0,1593.813748664793,0.29750313564119024
7566,euler_ramsey,0.5,2.5% Ramsey,risk_aversion,combined,0,1236.0559554506574,0.23998716477462703
7567,euler_ramsey,0.5,1.5% Ramsey,risk_aversion,combined,0,-946.4070078183272,0.5773371588673847
7567,euler_ramsey,0.5,2.0% Ramsey,risk_aversion,combined,0,-587.6588488048932,0.48514098573298686
7567,euler_ramsey,0.5,2.5% Ramsey,risk_aversion,combined,0,-340.6889419957729,0.41930490322563063
7568,euler_ramsey,0.5,1.5% Ramsey,risk_aversion,combined,0,-201.05517493708342,0.6725359726059393
7568,euler_ramsey,0.5,2.0% Ramsey,risk_aversion,combined,0,-94.4684988476055,0.5853505064206492
7568,euler_ramsey,0.5,2.5% Ramsey,risk_aversion,combined,0,-42.188522014899696,0.5199434365776062
7569,euler_ramsey,0.5,1.5% Ramsey,risk_aversion,combined,0,246.75351169738195,5.265146722772324
7569,euler_ramsey,0.5,2.0% Ramsey,risk_aversion,combined,0,274.4146310539068,7.2813956269477895
7569,euler_ramsey,0.5,2.5% Ramsey,risk_aversion,combined,0,256.1519098910858,9.25304941769645
7570,euler_ramsey,0.5,1.5% Ramsey,risk_aversion,combined,0,235.72620865125685,0.9303272421995825
7570,euler_ramsey,0.5,2.0% Ramsey,risk_aversion,combined,0,235.68384844218127,0.8716940541557066
7570,euler_ramsey,0.5,2.5% Ramsey,risk_aversion,combined,0,214.27758181449764,0.8197701449671043
7571,euler_ramsey,0.5,1.5% Ramsey,risk_aversion,combined,0,1558.5405584579341,0.8896439069528747
7571,euler_ramsey,0.5,2.0% Ramsey,risk_aversion,combined,0,1320.8574617447416,0.8258777712766068
7571,euler_ramsey,0.5,2.5% Ramsey,risk_aversion,combined,0,986.4933264304908,0.7712030072690927
7572,euler_ramsey,0.5,1.5% Ramsey,risk_aversion,combined,0,436.60428271524944,0.6867675679166824
7572,euler_ramsey,0.5,2.0% Ramsey,risk_aversion,combined,0,321.86728237574846,0.6000593980622879
7572,euler_ramsey,0.5,2.5% Ramsey,risk_aversion,combined,0,230.9450238203329,0.5345412732238727
7573,euler_ramsey,0.5,1.5% Ramsey,risk_aversion,combined,0,240.61448847811076,0.8359997956158453
7573,euler_ramsey,0.5,2.0% Ramsey,risk_aversion,combined,0,230.21907485402616,0.7635340327333213
7573,euler_ramsey,0.5,2.5% Ramsey,risk_aversion,combined,0,194.3915507525075,0.7039145145346564
7574,euler_ramsey,0.5,1.5% Ramsey,risk_aversion,combined,0,1332.3081007305104,0.35895704173804127
7574,euler_ramsey,0.5,2.0% Ramsey,risk_aversion,combined,0,509.9858600373733,0.27101783403803065
7574,euler_ramsey,0.5,2.5% Ramsey,risk_aversion,combined,0,297.0706704133889,0.2156305622059197
7575,euler_ramsey,0.5,1.5% Ramsey,risk_aversion,combined,0,4452.833291145732,0.13436467129899474
7575,euler_ramsey,0.5,2.0% Ramsey,risk_aversion,combined,0,3475.258065223238,0.08139605207012415
7575,euler_ramsey,0.5,2.5% Ramsey,risk_aversion,combined,0,2496.522605075322,0.05462285661601034
7576,euler_ramsey,0.5,1.5% Ramsey,risk_aversion,combined,0,1883.2418073844567,0.6162304253044726
7576,euler_ramsey,0.5,2.0% Ramsey,risk_aversion,combined,0,1608.1739031514503,0.526306591428847
7576,euler_ramsey,0.5,2.5% Ramsey,risk_aversion,combined,0,1279.3901001562813,0.46072063280995723
7577,euler_ramsey,0.5,1.5% Ramsey,risk_aversion,combined,0,10.633904269955927,1.5787528177583856
7577,euler_ramsey,0.5,2.0% Ramsey,risk_aversion,combined,0,21.35593775215014,1.6648091429427234
7577,euler_ramsey,0.5,2.5% Ramsey,risk_aversion,combined,0,26.6527761336103,1.7153444539811296
7578,euler_ramsey,0.5,1.5% Ramsey,risk_aversion,combined,0,-864.3860628239422,0.1972986538651456
7578,euler_ramsey,0.5,2.0% Ramsey,risk_aversion,combined,0,-354.55314895474964,0.13018852953290752
7578,euler_ramsey,0.5,2.5% Ramsey,risk_aversion,combined,0,-207.34834382677974,0.09332976542945062
7579,euler_ramsey,0.5,1.5% Ramsey,risk_aversion,combined,0,71.81570526745918,1.695141913550091
7579,euler_ramsey,0.5,2.0% Ramsey,risk_aversion,combined,0,52.6458847770292,1.8165487342349396
7579,euler_ramsey,0.5,2.5% Ramsey,risk_aversion,combined,0,39.1714277195319,1.8951585311018038
7580,euler_ramsey,0.5,1.5% Ramsey,risk_aversion,combined,0,312.38844345991384,1.5945873524919965
7580,euler_ramsey,0.5,2.0% Ramsey,risk_aversion,combined,0,270.95350931508955,1.6855584138985815
7580,euler_ramsey,0.5,2.5% Ramsey,risk_aversion,combined,0,224.05061421750094,1.7400296634200971
7581,euler_ramsey,0.5,1.5% Ramsey,risk_aversion,combined,0,-1599.0789493256484,0.18050822597978672
7581,euler_ramsey,0.5,2.0% Ramsey,risk_aversion,combined,0,-765.2238144392651,0.116802714810572
7581,euler_ramsey,0.5,2.5% Ramsey,risk_aversion,combined,0,-463.4901349467529,0.08247883633691938
7582,euler_ramsey,0.5,1.5% Ramsey,risk_aversion,combined,0,118.69752355848912,1.3918802595783675
7582,euler_ramsey,0.5,2.0% Ramsey,risk_aversion,combined,0,94.08953815130748,1.4265989442616078
7582,euler_ramsey,0.5,2.5% Ramsey,risk_aversion,combined,0,75.66966373251483,1.438014666509718
7583,euler_ramsey,0.5,1.5% Ramsey,risk_aversion,combined,0,1110.4993182915528,0.3935504520256371
7583,euler_ramsey,0.5,2.0% Ramsey,risk_aversion,combined,0,407.5153567801716,0.3032983961738658
7583,euler_ramsey,0.5,2.5% Ramsey,risk_aversion,combined,0,198.79034411631895,0.24517104625021532
7584,euler_ramsey,0.5,1.5% Ramsey,risk_aversion,combined,0,436.16696988253193,0.7249109995105625
7584,euler_ramsey,0.5,2.0% Ramsey,risk_aversion,combined,0,380.2994017968506,0.6423117295481358
7584,euler_ramsey,0.5,2.5% Ramsey,risk_aversion,combined,0,297.82984568426093,0.5785351663052968
7585,euler_ramsey,0.5,1.5% Ramsey,risk_aversion,combined,0,169.11055744707912,0.7983619359570298
7585,euler_ramsey,0.5,2.0% Ramsey,risk_aversion,combined,0,145.14367691710186,0.721973738346966
7585,euler_ramsey,0.5,2.5% Ramsey,risk_aversion,combined,0,125.68217995093059,0.6605168070090367
7586,euler_ramsey,0.5,1.5% Ramsey,risk_aversion,combined,0,-111.576469473971,1.1035987204635966
7586,euler_ramsey,0.5,2.0% Ramsey,risk_aversion,combined,0,-65.69377023437004,1.0730547097918586
7586,euler_ramsey,0.5,2.5% Ramsey,risk_aversion,combined,0,-26.286008166823787,1.0383558782117888
7587,euler_ramsey,0.5,1.5% Ramsey,risk_aversion,combined,0,1840.6724850795658,0.5367352223045436
7587,euler_ramsey,0.5,2.0% Ramsey,risk_aversion,combined,0,1434.4498294748253,0.44409034174310197
7587,euler_ramsey,0.5,2.5% Ramsey,risk_aversion,combined,0,1016.7385981616442,0.37929722335605887
7588,euler_ramsey,0.5,1.5% Ramsey,risk_aversion,combined,0,-2414.3411001053782,0.28557844943811767
7588,euler_ramsey,0.5,2.0% Ramsey,risk_aversion,combined,0,-846.5948917473555,0.2047828125153524
7588,euler_ramsey,0.5,2.5% Ramsey,risk_aversion,combined,0,-423.9200177122229,0.1565592281774888
7589,euler_ramsey,0.5,1.5% Ramsey,risk_aversion,combined,0,104.95245394494194,0.8301533791762032
7589,euler_ramsey,0.5,2.0% Ramsey,risk_aversion,combined,0,105.06312005471285,0.7566740774911128
7589,euler_ramsey,0.5,2.5% Ramsey,risk_aversion,combined,0,87.39304930845458,0.6964275374010788
7590,euler_ramsey,0.5,1.5% Ramsey,risk_aversion,combined,0,2205.9523106652446,1.036268725322949
7590,euler_ramsey,0.5,2.0% Ramsey,risk_aversion,combined,0,1998.1097040067964,0.9960320467511132
7590,euler_ramsey,0.5,2.5% Ramsey,risk_aversion,combined,0,1560.530690038494,0.9556084765112557
7591,euler_ramsey,0.5,1.5% Ramsey,risk_aversion,combined,0,2305.4947543348126,0.34242101887317694
7591,euler_ramsey,0.5,2.0% Ramsey,risk_aversion,combined,0,1793.7528855306896,0.2560187127929841
7591,euler_ramsey,0.5,2.5% Ramsey,risk_aversion,combined,0,1289.4001838895335,0.20217929658962178
7592,euler_ramsey,0.5,1.5% Ramsey,risk_aversion,combined,0,458.7485778385467,1.2647723038549006
7592,euler_ramsey,0.5,2.0% Ramsey,risk_aversion,combined,0,299.1113359452389,1.2685302158521488
7592,euler_ramsey,0.5,2.5% Ramsey,risk_aversion,combined,0,192.26147169068267,1.2574252283660226
7593,euler_ramsey,0.5,1.5% Ramsey,risk_aversion,combined,0,103.1816301579928,0.4018846666371369
7593,euler_ramsey,0.5,2.0% Ramsey,risk_aversion,combined,0,45.21485237683782,0.3113683092958338
7593,euler_ramsey,0.5,2.5% Ramsey,risk_aversion,combined,0,14.6796549209392,0.25273762995928967
7594,euler_ramsey,0.5,1.5% Ramsey,risk_aversion,combined,0,3174.3868604241397,0.8447246652341484
7594,euler_ramsey,0.5,2.0% Ramsey,risk_aversion,combined,0,2823.6560889770094,0.7756051344272903
7594,euler_ramsey,0.5,2.5% Ramsey,risk_aversion,combined,0,2183.8798695107557,0.7181857624263328
7595,euler_ramsey,0.5,1.5% Ramsey,risk_aversion,combined,0,268.21223148008806,0.30583394123267355
7595,euler_ramsey,0.5,2.0% Ramsey,risk_aversion,combined,0,169.2948847752158,0.22270331991457276
7595,euler_ramsey,0.5,2.5% Ramsey,risk_aversion,combined,0,119.1118869642234,0.172296096985765
7596,euler_ramsey,0.5,1.5% Ramsey,risk_aversion,combined,0,59.06463395312504,0.6058895872234384
7596,euler_ramsey,0.5,2.0% Ramsey,risk_aversion,combined,0,31.39221183613046,0.5148224197185297
7596,euler_ramsey,0.5,2.5% Ramsey,risk_aversion,combined,0,18.66565996893035,0.4488119830083268
7597,euler_ramsey,0.5,1.5% Ramsey,risk_aversion,combined,0,1517.3566232059402,0.575109430702214
7597,euler_ramsey,0.5,2.0% Ramsey,risk_aversion,combined,0,781.9317236666533,0.4828784957361814
7597,euler_ramsey,0.5,2.5% Ramsey,risk_aversion,combined,0,431.0780682977166,0.41710032405716024
7598,euler_ramsey,0.5,1.5% Ramsey,risk_aversion,combined,0,25.882526322306912,0.864921392087453
7598,euler_ramsey,0.5,2.0% Ramsey,risk_aversion,combined,0,17.831441308405527,0.7966138070535301
7598,euler_ramsey,0.5,2.5% Ramsey,risk_aversion,combined,0,12.795630572356176,0.7391742635358302
7599,euler_ramsey,0.5,1.5% Ramsey,risk_aversion,combined,0,11413.954520252,0.3109863933585084
7599,euler_ramsey,0.5,2.0% Ramsey,risk_aversion,combined,0,7619.510867800831,0.22822319486239065
7599,euler_ramsey,0.5,2.5% Ramsey,risk_aversion,combined,0,4654.381222803155,0.17769923133417675
7600,euler_ramsey,0.5,1.5% Ramsey,risk_aversion,combined,0,4419.4450334843705,0.26728704510735
7600,euler_ramsey,0.5,2.0% Ramsey,risk_aversion,combined,0,2318.0964210528473,0.18909329284157383
7600,euler_ramsey,0.5,2.5% Ramsey,risk_aversion,combined,0,1443.5078738900359,0.14308176181973087
7601,euler_ramsey,0.5,1.5% Ramsey,risk_aversion,combined,0,177.25018089771606,1.614104524022223
7601,euler_ramsey,0.5,2.0% Ramsey,risk_aversion,combined,0,105.14019586851109,1.7108084735732454
7601,euler_ramsey,0.5,2.5% Ramsey,risk_aversion,combined,0,70.02023049447804,1.769733045984389
7602,euler_ramsey,0.5,1.5% Ramsey,risk_aversion,combined,0,267.38626988847915,1.4965096895039676
7602,euler_ramsey,0.5,2.0% Ramsey,risk_aversion,combined,0,198.36707974639305,1.559546364288064
7602,euler_ramsey,0.5,2.5% Ramsey,risk_aversion,combined,0,146.82554822768765,1.5923225943549246
7603,euler_ramsey,0.5,1.5% Ramsey,risk_aversion,combined,0,1553.44414273076,0.5133012650737955
7603,euler_ramsey,0.5,2.0% Ramsey,risk_aversion,combined,0,1137.6934799134315,0.4202645391862288
7603,euler_ramsey,0.5,2.5% Ramsey,risk_aversion,combined,0,797.378225903287,0.35602742411310223
7604,euler_ramsey,0.5,1.5% Ramsey,risk_aversion,combined,0,974.2316910532304,1.1097527802360545
7604,euler_ramsey,0.5,2.0% Ramsey,risk_aversion,combined,0,697.6453525580858,1.0806212941371092
7604,euler_ramsey,0.5,2.5% Ramsey,risk_aversion,combined,0,483.3732544295539,1.0468964462239843
7605,euler_ramsey,0.5,1.5% Ramsey,risk_aversion,combined,0,4163.090426293003,0.3031254402743701
7605,euler_ramsey,0.5,2.0% Ramsey,risk_aversion,combined,0,2314.800570312866,0.22067480167906323
7605,euler_ramsey,0.5,2.5% Ramsey,risk_aversion,combined,0,1350.8815219133678,0.1707227426306525
7606,euler_ramsey,0.5,1.5% Ramsey,risk_aversion,combined,0,434.06961916235826,1.1673945824035508
7606,euler_ramsey,0.5,2.0% Ramsey,risk_aversion,combined,0,344.8282150467053,1.149926556132365
7606,euler_ramsey,0.5,2.5% Ramsey,risk_aversion,combined,0,265.56471182783713,1.1240196103263773
7607,euler_ramsey,0.5,1.5% Ramsey,risk_aversion,combined,0,-229.5435850712055,0.830438196475746
7607,euler_ramsey,0.5,2.0% Ramsey,risk_aversion,combined,0,-182.39803347181999,0.7581482882584516
7607,euler_ramsey,0.5,2.5% Ramsey,risk_aversion,combined,0,-127.56551561940998,0.698754172237203
7608,euler_ramsey,0.5,1.5% Ramsey,risk_aversion,combined,0,-240.5848782276275,0.5972310630348546
7608,euler_ramsey,0.5,2.0% Ramsey,risk_aversion,combined,0,-270.75803544833826,0.5056113032104889
7608,euler_ramsey,0.5,2.5% Ramsey,risk_aversion,combined,0,-246.2441040745018,0.43951861338977305
7609,euler_ramsey,0.5,1.5% Ramsey,risk_aversion,combined,0,2413.325116462731,1.2647870166094874
7609,euler_ramsey,0.5,2.0% Ramsey,risk_aversion,combined,0,1384.7120072495654,1.2702677706509258
7609,euler_ramsey,0.5,2.5% Ramsey,risk_aversion,combined,0,832.8483417265885,1.2605810238686284
7610,euler_ramsey,0.5,1.5% Ramsey,risk_aversion,combined,0,-108.52602762961298,0.600778612669042
7610,euler_ramsey,0.5,2.0% Ramsey,risk_aversion,combined,0,-104.50568224764126,0.5093204322037732
7610,euler_ramsey,0.5,2.5% Ramsey,risk_aversion,combined,0,-90.98069602895865,0.4432194568607191
7611,euler_ramsey,0.5,1.5% Ramsey,risk_aversion,combined,0,1363.2135811074695,0.6053701232720602
7611,euler_ramsey,0.5,2.0% Ramsey,risk_aversion,combined,0,983.5182318520739,0.514385972641903
7611,euler_ramsey,0.5,2.5% Ramsey,risk_aversion,combined,0,663.4591048933291,0.4484536755574131
7612,euler_ramsey,0.5,1.5% Ramsey,risk_aversion,combined,0,-360.36201297249943,0.6096662852276516
7612,euler_ramsey,0.5,2.0% Ramsey,risk_aversion,combined,0,-268.36361454329926,0.5188615819339766
7612,euler_ramsey,0.5,2.5% Ramsey,risk_aversion,combined,0,-185.4753359889108,0.4528957644497709
7613,euler_ramsey,0.5,1.5% Ramsey,risk_aversion,combined,0,950.1610510236235,0.2777561002342088
7613,euler_ramsey,0.5,2.0% Ramsey,risk_aversion,combined,0,485.3625477646956,0.19792585754782885
7613,euler_ramsey,0.5,2.5% Ramsey,risk_aversion,combined,0,275.3324693896548,0.15058416536855712
7614,euler_ramsey,0.5,1.5% Ramsey,risk_aversion,combined,0,848.6882519109445,0.3586003382591691
7614,euler_ramsey,0.5,2.0% Ramsey,risk_aversion,combined,0,653.4762423474511,0.27067782062170487
7614,euler_ramsey,0.5,2.5% Ramsey,risk_aversion,combined,0,497.6678833041358,0.21531565518471063
7615,euler_ramsey,0.5,1.5% Ramsey,risk_aversion,combined,0,1021.9253239616771,1.5345019177277113
7615,euler_ramsey,0.5,2.0% Ramsey,risk_aversion,combined,0,676.4514799091963,1.6087787909214442
7615,euler_ramsey,0.5,2.5% Ramsey,risk_aversion,combined,0,441.18316161957887,1.6504002669650708
7616,euler_ramsey,0.5,1.5% Ramsey,risk_aversion,combined,0,35.144007049037995,0.7790214337621636
7616,euler_ramsey,0.5,2.0% Ramsey,risk_aversion,combined,0,22.13606549209867,0.7007951362512354
7616,euler_ramsey,0.5,2.5% Ramsey,risk_aversion,combined,0,16.340148351717055,0.6385385450925049
7617,euler_ramsey,0.5,1.5% Ramsey,risk_aversion,combined,0,262.9996196504422,1.9961003729186186
7617,euler_ramsey,0.5,2.0% Ramsey,risk_aversion,combined,0,200.99992975543537,2.219355608410099
7617,euler_ramsey,0.5,2.5% Ramsey,risk_aversion,combined,0,150.65344626511947,2.382436004267898
7618,euler_ramsey,0.5,1.5% Ramsey,risk_aversion,combined,0,403.45107556736934,0.6696066691419219
7618,euler_ramsey,0.5,2.0% Ramsey,risk_aversion,combined,0,325.320696375741,0.5819928961765385
7618,euler_ramsey,0.5,2.5% Ramsey,risk_aversion,combined,0,259.0090855037536,0.5163476160324747
7619,euler_ramsey,0.5,1.5% Ramsey,risk_aversion,combined,0,170.67791731090608,1.1956008014945183
7619,euler_ramsey,0.5,2.0% Ramsey,risk_aversion,combined,0,120.37840969649692,1.1843544528529846
7619,euler_ramsey,0.5,2.5% Ramsey,risk_aversion,combined,0,86.48357191240825,1.1627473079492894
7620,euler_ramsey,0.5,1.5% Ramsey,risk_aversion,combined,0,204.39181698790253,1.1358411898947696
7620,euler_ramsey,0.5,2.0% Ramsey,risk_aversion,combined,0,165.64224909924786,1.1127627851698083
7620,euler_ramsey,0.5,2.5% Ramsey,risk_aversion,combined,0,132.35086387120776,1.083240153647316
7621,euler_ramsey,0.5,1.5% Ramsey,risk_aversion,combined,0,1027.566549605227,0.5254404153784097
7621,euler_ramsey,0.5,2.0% Ramsey,risk_aversion,combined,0,576.9633308783611,0.4324106019914499
7621,euler_ramsey,0.5,2.5% Ramsey,risk_aversion,combined,0,339.68868342201586,0.36776138833931815
7622,euler_ramsey,0.5,1.5% Ramsey,risk_aversion,combined,0,325.7204776605363,1.9998927160865743
7622,euler_ramsey,0.5,2.0% Ramsey,risk_aversion,combined,0,270.0149913329802,2.2244559963750126
7622,euler_ramsey,0.5,2.5% Ramsey,risk_aversion,combined,0,209.55202493637444,2.388628952464876
7623,euler_ramsey,0.5,1.5% Ramsey,risk_aversion,combined,0,812.5457443577494,0.5241274992199891
7623,euler_ramsey,0.5,2.0% Ramsey,risk_aversion,combined,0,334.1339008737432,0.4312541987266932
7623,euler_ramsey,0.5,2.5% Ramsey,risk_aversion,combined,0,199.9707776870099,0.36674088028696233
7624,euler_ramsey,0.5,1.5% Ramsey,risk_aversion,combined,0,2017.7273520086612,0.30009063077693504
7624,euler_ramsey,0.5,2.0% Ramsey,risk_aversion,combined,0,1391.6227450726772,0.21781104631644552
7624,euler_ramsey,0.5,2.5% Ramsey,risk_aversion,combined,0,1002.769060967202,0.1681047269444881
7625,euler_ramsey,0.5,1.5% Ramsey,risk_aversion,combined,0,26.282357953232108,0.9885560894549913
7625,euler_ramsey,0.5,2.0% Ramsey,risk_aversion,combined,0,42.64904397549906,0.9384656211817655
7625,euler_ramsey,0.5,2.5% Ramsey,risk_aversion,combined,0,53.227474217126,0.8915434574814628
7626,euler_ramsey,0.5,1.5% Ramsey,risk_aversion,combined,0,496.6473141041485,0.4413740785008773
7626,euler_ramsey,0.5,2.0% Ramsey,risk_aversion,combined,0,466.6473764248768,0.3490510543488804
7626,euler_ramsey,0.5,2.5% Ramsey,risk_aversion,combined,0,398.02822216692226,0.2878474464125421
7627,euler_ramsey,0.5,1.5% Ramsey,risk_aversion,combined,0,4094.837130043066,0.30159736568445555
7627,euler_ramsey,0.5,2.0% Ramsey,risk_aversion,combined,0,2471.3886206606057,0.21910152573068675
7627,euler_ramsey,0.5,2.5% Ramsey,risk_aversion,combined,0,1535.9203099860633,0.16921468484907148
7628,euler_ramsey,0.5,1.5% Ramsey,risk_aversion,combined,0,-320.0873137772065,0.6535703040328384
7628,euler_ramsey,0.5,2.0% Ramsey,risk_aversion,combined,0,-210.2096909194672,0.5648831021585617
7628,euler_ramsey,0.5,2.5% Ramsey,risk_aversion,combined,0,-134.89938227207398,0.49900794610527144
7629,euler_ramsey,0.5,1.5% Ramsey,risk_aversion,combined,0,520.1430650379945,0.7837641227214646
7629,euler_ramsey,0.5,2.0% Ramsey,risk_aversion,combined,0,429.3266816736657,0.7068868283081674
7629,euler_ramsey,0.5,2.5% Ramsey,risk_aversion,combined,0,343.54248149690363,0.6454750228284957
7630,euler_ramsey,0.5,1.5% Ramsey,risk_aversion,combined,0,2332.589080300775,0.5031883115594052
7630,euler_ramsey,0.5,2.0% Ramsey,risk_aversion,combined,0,1206.817245843105,0.4104334566116354
7630,euler_ramsey,0.5,2.5% Ramsey,risk_aversion,combined,0,657.171564012307,0.3467053949476894
7631,euler_ramsey,0.5,1.5% Ramsey,risk_aversion,combined,0,17.03167074695146,2.940981229756772
7631,euler_ramsey,0.5,2.0% Ramsey,risk_aversion,combined,0,26.693577509993055,3.5674002137491394
7631,euler_ramsey,0.5,2.5% Ramsey,risk_aversion,combined,0,38.34766309946387,4.09622307523024
7632,euler_ramsey,0.5,1.5% Ramsey,risk_aversion,combined,0,-39.0636484808514,0.5508871984406412
7632,euler_ramsey,0.5,2.0% Ramsey,risk_aversion,combined,0,-45.69694134368661,0.45790749556793314
7632,euler_ramsey,0.5,2.5% Ramsey,risk_aversion,combined,0,-39.90649499950002,0.3924448031566129
7633,euler_ramsey,0.5,1.5% Ramsey,risk_aversion,combined,0,574.0342624157544,0.6716965239770737
7633,euler_ramsey,0.5,2.0% Ramsey,risk_aversion,combined,0,431.6745092229553,0.5841947959982607
7633,euler_ramsey,0.5,2.5% Ramsey,risk_aversion,combined,0,313.0783904741717,0.5185629883044518
7634,euler_ramsey,0.5,1.5% Ramsey,risk_aversion,combined,0,921.5795801178327,0.665445761189693
7634,euler_ramsey,0.5,2.0% Ramsey,risk_aversion,combined,0,637.2192360913838,0.5782158066112268
7634,euler_ramsey,0.5,2.5% Ramsey,risk_aversion,combined,0,439.6262600453457,0.5129370482306073
7635,euler_ramsey,0.5,1.5% Ramsey,risk_aversion,combined,0,986.074511116447,0.449926089353307
7635,euler_ramsey,0.5,2.0% Ramsey,risk_aversion,combined,0,904.2934949462414,0.357402190852154
7635,euler_ramsey,0.5,2.5% Ramsey,risk_aversion,combined,0,745.8521678397165,0.2957558327037617
7636,euler_ramsey,0.5,1.5% Ramsey,risk_aversion,combined,0,343.19714253521005,1.7699062072983565
7636,euler_ramsey,0.5,2.0% Ramsey,risk_aversion,combined,0,231.9908019192564,1.9154336143068174
7636,euler_ramsey,0.5,2.5% Ramsey,risk_aversion,combined,0,154.20083075562712,2.0136926985195176
7637,euler_ramsey,0.5,1.5% Ramsey,risk_aversion,combined,0,1026.123522811449,0.6941972383097358
7637,euler_ramsey,0.5,2.0% Ramsey,risk_aversion,combined,0,820.8324300779685,0.6079382771520634
7637,euler_ramsey,0.5,2.5% Ramsey,risk_aversion,combined,0,616.2379893200327,0.5425030299394348
7638,euler_ramsey,0.5,1.5% Ramsey,risk_aversion,combined,0,278.6575351065738,0.7161642347565245
7638,euler_ramsey,0.5,2.0% Ramsey,risk_aversion,combined,0,226.03235201972768,0.6329296558599816
7638,euler_ramsey,0.5,2.5% Ramsey,risk_aversion,combined,0,169.01862190776757,0.5688963344767222
7639,euler_ramsey,0.5,1.5% Ramsey,risk_aversion,combined,0,-22.902163262257066,0.6341959792670782
7639,euler_ramsey,0.5,2.0% Ramsey,risk_aversion,combined,0,-24.973215617085252,0.5443050244471767
7639,euler_ramsey,0.5,2.5% Ramsey,risk_aversion,combined,0,-19.73324302472693,0.47820452913870987
7640,euler_ramsey,0.5,1.5% Ramsey,risk_aversion,combined,0,1847.9594034481222,1.1244507340495604
7640,euler_ramsey,0.5,2.0% Ramsey,risk_aversion,combined,0,1353.4837747006004,1.10082110979511
7640,euler_ramsey,0.5,2.5% Ramsey,risk_aversion,combined,0,993.6503744433676,1.071095456582258
7641,euler_ramsey,0.5,1.5% Ramsey,risk_aversion,combined,0,267.0652757401162,1.152928665201008
7641,euler_ramsey,0.5,2.0% Ramsey,risk_aversion,combined,0,216.66869592047462,1.132461096520984
7641,euler_ramsey,0.5,2.5% Ramsey,risk_aversion,combined,0,172.15058536677878,1.1044798025017375
7642,euler_ramsey,0.5,1.5% Ramsey,risk_aversion,combined,0,3417.514462400913,1.524990507102174
7642,euler_ramsey,0.5,2.0% Ramsey,risk_aversion,combined,0,2577.8226775173657,1.597977705979631
7642,euler_ramsey,0.5,2.5% Ramsey,risk_aversion,combined,0,1807.037168544738,1.638819835604518
7643,euler_ramsey,0.5,1.5% Ramsey,risk_aversion,combined,0,70.06686398595696,2.0509052608341714
7643,euler_ramsey,0.5,2.0% Ramsey,risk_aversion,combined,0,41.16023368648851,2.2941804033673296
7643,euler_ramsey,0.5,2.5% Ramsey,risk_aversion,combined,0,26.763797619707752,2.4742202657563124
7644,euler_ramsey,0.5,1.5% Ramsey,risk_aversion,combined,0,1289.4811447841726,1.210445939765144
7644,euler_ramsey,0.5,2.0% Ramsey,risk_aversion,combined,0,1210.9407275335714,1.2034734375296894
7644,euler_ramsey,0.5,2.5% Ramsey,risk_aversion,combined,0,1006.1490865678887,1.184965574398725
7645,euler_ramsey,0.5,1.5% Ramsey,risk_aversion,combined,0,499.722393278998,1.0409486130774908
7645,euler_ramsey,0.5,2.0% Ramsey,risk_aversion,combined,0,464.38780412089574,0.9990161812308941
7645,euler_ramsey,0.5,2.5% Ramsey,risk_aversion,combined,0,385.1280754828525,0.9570458469489141
7646,euler_ramsey,0.5,1.5% Ramsey,risk_aversion,combined,0,1066.7051530916133,0.35299140154093683
7646,euler_ramsey,0.5,2.0% Ramsey,risk_aversion,combined,0,467.9519791641493,0.26548229390484024
7646,euler_ramsey,0.5,2.5% Ramsey,risk_aversion,combined,0,276.31788851188486,0.21059116473983372
7647,euler_ramsey,0.5,1.5% Ramsey,risk_aversion,combined,0,502.8704834781258,1.876832428670469
7647,euler_ramsey,0.5,2.0% Ramsey,risk_aversion,combined,0,385.5840314717035,2.059029561301532
7647,euler_ramsey,0.5,2.5% Ramsey,risk_aversion,combined,0,282.9867230924744,2.187744994575841
7648,euler_ramsey,0.5,1.5% Ramsey,risk_aversion,combined,0,1297.037676777496,0.8606095237406706
7648,euler_ramsey,0.5,2.0% Ramsey,risk_aversion,combined,0,768.5555772819745,0.793288364129863
7648,euler_ramsey,0.5,2.5% Ramsey,risk_aversion,combined,0,507.25749894049954,0.7368460127638919
7649,euler_ramsey,0.5,1.5% Ramsey,risk_aversion,combined,0,889.7263388100614,0.6143891776876113
7649,euler_ramsey,0.5,2.0% Ramsey,risk_aversion,combined,0,1625.3114701535176,0.5239726492777512
7649,euler_ramsey,0.5,2.5% Ramsey,risk_aversion,combined,0,2158.367364986566,0.458135718662727
7650,euler_ramsey,0.5,1.5% Ramsey,risk_aversion,combined,0,9236.497633322164,0.18666251324232397
7650,euler_ramsey,0.5,2.0% Ramsey,risk_aversion,combined,0,5551.653648744736,0.12174428565900926
7650,euler_ramsey,0.5,2.5% Ramsey,risk_aversion,combined,0,3112.075625215937,0.08650171179769806
7651,euler_ramsey,0.5,1.5% Ramsey,risk_aversion,combined,0,3165.907343078597,0.5768297431109971
7651,euler_ramsey,0.5,2.0% Ramsey,risk_aversion,combined,0,2495.173181927656,0.48539901154595516
7651,euler_ramsey,0.5,2.5% Ramsey,risk_aversion,combined,0,1734.0047700093883,0.4200608470582092
7652,euler_ramsey,0.5,1.5% Ramsey,risk_aversion,combined,0,1410.6318734865283,0.13966349557849547
7652,euler_ramsey,0.5,2.0% Ramsey,risk_aversion,combined,0,1086.195582657211,0.08526750963662486
7652,euler_ramsey,0.5,2.5% Ramsey,risk_aversion,combined,0,762.158436340512,0.057561251142903426
7653,euler_ramsey,0.5,1.5% Ramsey,risk_aversion,combined,0,173.29578976922826,0.9407753166492331
7653,euler_ramsey,0.5,2.0% Ramsey,risk_aversion,combined,0,131.35883200155823,0.8825969152068331
7653,euler_ramsey,0.5,2.5% Ramsey,risk_aversion,combined,0,100.31871607637203,0.8307559570208813
7654,euler_ramsey,0.5,1.5% Ramsey,risk_aversion,combined,0,1763.8107445840287,0.5257469818062466
7654,euler_ramsey,0.5,2.0% Ramsey,risk_aversion,combined,0,1578.2643676231048,0.4331594401369377
7654,euler_ramsey,0.5,2.5% Ramsey,risk_aversion,combined,0,1252.9004018596927,0.36876539639664824
7655,euler_ramsey,0.5,1.5% Ramsey,risk_aversion,combined,0,677.1128438159559,1.4804695284240212
7655,euler_ramsey,0.5,2.0% Ramsey,risk_aversion,combined,0,527.4617973143573,1.5392192607724642
7655,euler_ramsey,0.5,2.5% Ramsey,risk_aversion,combined,0,388.61494475253886,1.568789660900462
7656,euler_ramsey,0.5,1.5% Ramsey,risk_aversion,combined,0,98.61311700921773,1.8232395594760233
7656,euler_ramsey,0.5,2.0% Ramsey,risk_aversion,combined,0,71.87898344786534,1.9860492661050222
7656,euler_ramsey,0.5,2.5% Ramsey,risk_aversion,combined,0,56.434565692025735,2.0983520920460106
7657,euler_ramsey,0.5,1.5% Ramsey,risk_aversion,combined,0,1677.1474749656165,1.2123662788739675
7657,euler_ramsey,0.5,2.0% Ramsey,risk_aversion,combined,0,2087.3282657577192,1.2057289958845867
7657,euler_ramsey,0.5,2.5% Ramsey,risk_aversion,combined,0,2064.3123016872883,1.1873821506665827
7658,euler_ramsey,0.5,1.5% Ramsey,risk_aversion,combined,0,827.2353291056531,0.1975078631137713
7658,euler_ramsey,0.5,2.0% Ramsey,risk_aversion,combined,0,447.376169792901,0.13036359117410148
7658,euler_ramsey,0.5,2.5% Ramsey,risk_aversion,combined,0,315.80746197845275,0.09347719814129654
7659,euler_ramsey,0.5,1.5% Ramsey,risk_aversion,combined,0,176.21984588700755,0.6190642908634303
7659,euler_ramsey,0.5,2.0% Ramsey,risk_aversion,combined,0,125.76016945953876,0.5286617592406768
7659,euler_ramsey,0.5,2.5% Ramsey,risk_aversion,combined,0,95.58346263305216,0.4626805545583519
7660,euler_ramsey,0.5,1.5% Ramsey,risk_aversion,combined,0,-45.73104246435489,1.2885085835847843
7660,euler_ramsey,0.5,2.0% Ramsey,risk_aversion,combined,0,-39.63268634365962,1.2978466440051446
7660,euler_ramsey,0.5,2.5% Ramsey,risk_aversion,combined,0,-28.916311753336814,1.2906143620253467
7661,euler_ramsey,0.5,1.5% Ramsey,risk_aversion,combined,0,2516.387339586943,0.47916596760574104
7661,euler_ramsey,0.5,2.0% Ramsey,risk_aversion,combined,0,1853.9569532491948,0.3860727916936005
7661,euler_ramsey,0.5,2.5% Ramsey,risk_aversion,combined,0,1235.7400849634628,0.32301086090856496
7662,euler_ramsey,0.5,1.5% Ramsey,risk_aversion,combined,0,-328.18723366598107,0.6185698304317282
7662,euler_ramsey,0.5,2.0% Ramsey,risk_aversion,combined,0,-205.39409922129022,0.5281273029881033
7662,euler_ramsey,0.5,2.5% Ramsey,risk_aversion,combined,0,-131.11717558236313,0.462124564417488
7663,euler_ramsey,0.5,1.5% Ramsey,risk_aversion,combined,0,-1410.0132221481379,0.3626447728050752
7663,euler_ramsey,0.5,2.0% Ramsey,risk_aversion,combined,0,-840.162494086558,0.2744771870806168
7663,euler_ramsey,0.5,2.5% Ramsey,risk_aversion,combined,0,-532.4184036899342,0.21879713808874626
7664,euler_ramsey,0.5,1.5% Ramsey,risk_aversion,combined,0,1781.539973651416,0.30963485470892216
7664,euler_ramsey,0.5,2.0% Ramsey,risk_aversion,combined,0,905.4373560001733,0.22612328066696535
7664,euler_ramsey,0.5,2.5% Ramsey,risk_aversion,combined,0,502.97819155056476,0.17533573143159029
7665,euler_ramsey,0.5,1.5% Ramsey,risk_aversion,combined,0,1056.379608666174,0.47872218499893804
7665,euler_ramsey,0.5,2.0% Ramsey,risk_aversion,combined,0,844.0621961168172,0.38559565254557066
7665,euler_ramsey,0.5,2.5% Ramsey,risk_aversion,combined,0,612.146933666404,0.32253100266551465
7666,euler_ramsey,0.5,1.5% Ramsey,risk_aversion,combined,0,23.18668578339631,0.9472301688108855
7666,euler_ramsey,0.5,2.0% Ramsey,risk_aversion,combined,0,6.475514528808137,0.8898589733657526
7666,euler_ramsey,0.5,2.5% Ramsey,risk_aversion,combined,0,0.8552529254687959,0.8384176648398862
7667,euler_ramsey,0.5,1.5% Ramsey,risk_aversion,combined,0,423.70689099142936,0.4641892525203466
7667,euler_ramsey,0.5,2.0% Ramsey,risk_aversion,combined,0,346.0985067369586,0.37126069744076506
7667,euler_ramsey,0.5,2.5% Ramsey,risk_aversion,combined,0,258.7741403021955,0.30884525991328865
7668,euler_ramsey,0.5,1.5% Ramsey,risk_aversion,combined,0,-2398.20009721084,0.15500056777436083
7668,euler_ramsey,0.5,2.0% Ramsey,risk_aversion,combined,0,-622.070028058252,0.09687421899710315
7668,euler_ramsey,0.5,2.5% Ramsey,risk_aversion,combined,0,-257.6161245927893,0.0665919758630943
7669,euler_ramsey,0.5,1.5% Ramsey,risk_aversion,combined,0,366.413774927641,1.1075187169006002
7669,euler_ramsey,0.5,2.0% Ramsey,risk_aversion,combined,0,301.7043289252217,1.0780115235496326
7669,euler_ramsey,0.5,2.5% Ramsey,risk_aversion,combined,0,231.62936648645558,1.0440005551382672
7670,euler_ramsey,0.5,1.5% Ramsey,risk_aversion,combined,0,139.86507936421998,1.1406054175641005
7670,euler_ramsey,0.5,2.0% Ramsey,risk_aversion,combined,0,111.77915602494028,1.1182742494672966
7670,euler_ramsey,0.5,2.5% Ramsey,risk_aversion,combined,0,83.43131672762493,1.0891014603357667
7671,euler_ramsey,0.5,1.5% Ramsey,risk_aversion,combined,0,1393.2892766062284,0.45195630294963224
7671,euler_ramsey,0.5,2.0% Ramsey,risk_aversion,combined,0,1076.2833499744338,0.3593848751407776
7671,euler_ramsey,0.5,2.5% Ramsey,risk_aversion,combined,0,752.4075909095134,0.297634115736524
7672,euler_ramsey,0.5,1.5% Ramsey,risk_aversion,combined,0,269.02454182974543,0.5075359577212044
7672,euler_ramsey,0.5,2.0% Ramsey,risk_aversion,combined,0,248.0888953584715,0.41469707712417586
7672,euler_ramsey,0.5,2.5% Ramsey,risk_aversion,combined,0,205.32970313321925,0.35077586869868876
7673,euler_ramsey,0.5,1.5% Ramsey,risk_aversion,combined,0,-8.456912505515332,0.9434003660486732
7673,euler_ramsey,0.5,2.0% Ramsey,risk_aversion,combined,0,0.10712634605833025,0.8865175165833378
7673,euler_ramsey,0.5,2.5% Ramsey,risk_aversion,combined,0,5.732346543195671,0.8355703624406398
7674,euler_ramsey,0.5,1.5% Ramsey,risk_aversion,combined,0,283.548336110977,1.0354930251857513
7674,euler_ramsey,0.5,2.0% Ramsey,risk_aversion,combined,0,225.1320697915027,0.9934335133839848
7674,euler_ramsey,0.5,2.5% Ramsey,risk_aversion,combined,0,162.63510287662436,0.9514360367784289
7675,euler_ramsey,0.5,1.5% Ramsey,risk_aversion,combined,0,440.9261960922338,2.731299550501883
7675,euler_ramsey,0.5,2.0% Ramsey,risk_aversion,combined,0,269.01495517610334,3.2585139541852612
7675,euler_ramsey,0.5,2.5% Ramsey,risk_aversion,combined,0,166.67905048781975,3.6937795935263096
7676,euler_ramsey,0.5,1.5% Ramsey,risk_aversion,combined,0,397.38938975454255,0.6378784258320874
7676,euler_ramsey,0.5,2.0% Ramsey,risk_aversion,combined,0,295.7987580622049,0.5484689447991499
7676,euler_ramsey,0.5,2.5% Ramsey,risk_aversion,combined,0,201.53841320862702,0.4825615600697057
7677,euler_ramsey,0.5,1.5% Ramsey,risk_aversion,combined,0,347.29619966217285,2.0056374191982895
7677,euler_ramsey,0.5,2.0% Ramsey,risk_aversion,combined,0,242.9635647368121,2.2323936830433193
7677,euler_ramsey,0.5,2.5% Ramsey,risk_aversion,combined,0,169.7865654917909,2.398437798278842
7678,euler_ramsey,0.5,1.5% Ramsey,risk_aversion,combined,0,1057.5722021297345,0.42741828847883906
7678,euler_ramsey,0.5,2.0% Ramsey,risk_aversion,combined,0,1005.396991625838,0.3358536204222433
7678,euler_ramsey,0.5,2.5% Ramsey,risk_aversion,combined,0,820.5665520959947,0.2756149517505583
7679,euler_ramsey,0.5,1.5% Ramsey,risk_aversion,combined,0,351.8776466254549,0.6178861747720026
7679,euler_ramsey,0.5,2.0% Ramsey,risk_aversion,combined,0,302.1778658496313,0.5270983958733642
7679,euler_ramsey,0.5,2.5% Ramsey,risk_aversion,combined,0,224.36882905246756,0.4609064371021609
7680,euler_ramsey,0.5,1.5% Ramsey,risk_aversion,combined,0,897.2901136697202,0.7372070340806411
7680,euler_ramsey,0.5,2.0% Ramsey,risk_aversion,combined,0,679.023470370827,0.6546157558842516
7680,euler_ramsey,0.5,2.5% Ramsey,risk_aversion,combined,0,485.01304347440043,0.5904904359714875
7681,euler_ramsey,0.5,1.5% Ramsey,risk_aversion,combined,0,696.3736587650909,2.003859079891281
7681,euler_ramsey,0.5,2.0% Ramsey,risk_aversion,combined,0,537.9990591211771,2.2313758591636907
7681,euler_ramsey,0.5,2.5% Ramsey,risk_aversion,combined,0,395.58025973505704,2.398490707058159
7682,euler_ramsey,0.5,1.5% Ramsey,risk_aversion,combined,0,-673.0394136530839,0.8468888788300769
7682,euler_ramsey,0.5,2.0% Ramsey,risk_aversion,combined,0,-533.5555733141508,0.7763341454398508
7682,euler_ramsey,0.5,2.5% Ramsey,risk_aversion,combined,0,-383.99811224715756,0.7177412073710863
7683,euler_ramsey,0.5,1.5% Ramsey,risk_aversion,combined,0,-1003.1802492938276,0.5254854182260338
7683,euler_ramsey,0.5,2.0% Ramsey,risk_aversion,combined,0,-808.0930429691609,0.4323154185557541
7683,euler_ramsey,0.5,2.5% Ramsey,risk_aversion,combined,0,-571.120754281596,0.36757663582049377
7684,euler_ramsey,0.5,1.5% Ramsey,risk_aversion,combined,0,639.8095926239147,0.9865940606644041
7684,euler_ramsey,0.5,2.0% Ramsey,risk_aversion,combined,0,386.0993110221485,0.9357708958508645
7684,euler_ramsey,0.5,2.5% Ramsey,risk_aversion,combined,0,231.17784383269378,0.8883459551045924
7685,euler_ramsey,0.5,1.5% Ramsey,risk_aversion,combined,0,1292.2188836624773,0.9400433749778925
7685,euler_ramsey,0.5,2.0% Ramsey,risk_aversion,combined,0,891.3248838568339,0.8825511255471385
7685,euler_ramsey,0.5,2.5% Ramsey,risk_aversion,combined,0,611.9448374407414,0.8312754360069619
7686,euler_ramsey,0.5,1.5% Ramsey,risk_aversion,combined,0,-78.57301135833735,0.7337880931247713
7686,euler_ramsey,0.5,2.0% Ramsey,risk_aversion,combined,0,-78.94802900905458,0.6509559761217748
7686,euler_ramsey,0.5,2.5% Ramsey,risk_aversion,combined,0,-66.82672286019825,0.5867406256421162
7687,euler_ramsey,0.5,1.5% Ramsey,risk_aversion,combined,0,286.25401375204666,1.9986072996267827
7687,euler_ramsey,0.5,2.0% Ramsey,risk_aversion,combined,0,182.8995764635531,2.2225841029525455
7687,euler_ramsey,0.5,2.5% Ramsey,risk_aversion,combined,0,123.13746523413329,2.3862064982924136
7688,euler_ramsey,0.5,1.5% Ramsey,risk_aversion,combined,0,791.7300611655301,0.5950851684695717
7688,euler_ramsey,0.5,2.0% Ramsey,risk_aversion,combined,0,568.93048287233,0.5033559579651102
7688,euler_ramsey,0.5,2.5% Ramsey,risk_aversion,combined,0,391.17147961665887,0.4372704693725975
7689,euler_ramsey,0.5,1.5% Ramsey,risk_aversion,combined,0,418.07537157494465,1.1457683794368616
7689,euler_ramsey,0.5,2.0% Ramsey,risk_aversion,combined,0,328.379544866925,1.1236601581923609
7689,euler_ramsey,0.5,2.5% Ramsey,risk_aversion,combined,0,262.54590278699123,1.094613987659911
7690,euler_ramsey,0.5,1.5% Ramsey,risk_aversion,combined,0,442.1883552642792,0.8144694078171112
7690,euler_ramsey,0.5,2.0% Ramsey,risk_aversion,combined,0,330.98722130289593,0.7409957000056052
7690,euler_ramsey,0.5,2.5% Ramsey,risk_aversion,combined,0,237.49783660614852,0.6811501948518213
7691,euler_ramsey,0.5,1.5% Ramsey,risk_aversion,combined,0,722.6459200677226,0.6909498466155986
7691,euler_ramsey,0.5,2.0% Ramsey,risk_aversion,combined,0,693.8190535653655,0.6046753014044699
7691,euler_ramsey,0.5,2.5% Ramsey,risk_aversion,combined,0,563.2979409207803,0.539327768348332
7692,euler_ramsey,0.5,1.5% Ramsey,risk_aversion,combined,0,2701.470844128721,0.3961305809470587
7692,euler_ramsey,0.5,2.0% Ramsey,risk_aversion,combined,0,2381.612197085308,0.3060891376267943
7692,euler_ramsey,0.5,2.5% Ramsey,risk_aversion,combined,0,1829.6553060640463,0.24795815591572484
7693,euler_ramsey,0.5,1.5% Ramsey,risk_aversion,combined,0,14.226520388280798,0.7996170416931784
7693,euler_ramsey,0.5,2.0% Ramsey,risk_aversion,combined,0,-2.3672183753499185,0.7229389853461373
7693,euler_ramsey,0.5,2.5% Ramsey,risk_aversion,combined,0,-10.01165945758795,0.6612210952004793
7694,euler_ramsey,0.5,1.5% Ramsey,risk_aversion,combined,0,356.8652704377747,1.8085435900212616
7694,euler_ramsey,0.5,2.0% Ramsey,risk_aversion,combined,0,250.33228274620276,1.96686606734308
7694,euler_ramsey,0.5,2.5% Ramsey,risk_aversion,combined,0,183.54702261867422,2.0756101926865385
7695,euler_ramsey,0.5,1.5% Ramsey,risk_aversion,combined,0,1642.9995140415783,0.7835840075235534
7695,euler_ramsey,0.5,2.0% Ramsey,risk_aversion,combined,0,1165.5011351189544,0.7058121495926276
7695,euler_ramsey,0.5,2.5% Ramsey,risk_aversion,combined,0,771.0914833514951,0.6437822665384488
7696,euler_ramsey,0.5,1.5% Ramsey,risk_aversion,combined,0,2673.797498691863,0.26705749110408505
7696,euler_ramsey,0.5,2.0% Ramsey,risk_aversion,combined,0,1383.5774271654575,0.18869472797846235
7696,euler_ramsey,0.5,2.5% Ramsey,risk_aversion,combined,0,793.9601472096188,0.14262775023099636
7697,euler_ramsey,0.5,1.5% Ramsey,risk_aversion,combined,0,291.64778331472303,2.8375292413199396
7697,euler_ramsey,0.5,2.0% Ramsey,risk_aversion,combined,0,235.23688622733542,3.4146645579103763
7697,euler_ramsey,0.5,2.5% Ramsey,risk_aversion,combined,0,180.17602303304665,3.8968345317543918
7698,euler_ramsey,0.5,1.5% Ramsey,risk_aversion,combined,0,991.1404537657037,0.5057336775155769
7698,euler_ramsey,0.5,2.0% Ramsey,risk_aversion,combined,0,709.1058277263247,0.4125057052220683
7698,euler_ramsey,0.5,2.5% Ramsey,risk_aversion,combined,0,488.8179559292525,0.34841757097035897
7699,euler_ramsey,0.5,1.5% Ramsey,risk_aversion,combined,0,-13.203063365323258,0.7190314308138332
7699,euler_ramsey,0.5,2.0% Ramsey,risk_aversion,combined,0,-14.60768234905179,0.6351867754954474
7699,euler_ramsey,0.5,2.5% Ramsey,risk_aversion,combined,0,-7.642441018884333,0.570706922075002
7700,euler_ramsey,0.5,1.5% Ramsey,risk_aversion,combined,0,657.5323324222601,0.4975662849675369
7700,euler_ramsey,0.5,2.0% Ramsey,risk_aversion,combined,0,530.1995192566054,0.40509000621988817
7700,euler_ramsey,0.5,2.5% Ramsey,risk_aversion,combined,0,428.5339974057197,0.3417233363288176
7701,euler_ramsey,0.5,1.5% Ramsey,risk_aversion,combined,0,55.446511668559914,2.1498793545655475
7701,euler_ramsey,0.5,2.0% Ramsey,risk_aversion,combined,0,35.146363364574,2.4303984138358765
7701,euler_ramsey,0.5,2.5% Ramsey,risk_aversion,combined,0,25.074950319842536,2.6425898901632014
7702,euler_ramsey,0.5,1.5% Ramsey,risk_aversion,combined,0,194.66457928463012,1.3243412664230867
7702,euler_ramsey,0.5,2.0% Ramsey,risk_aversion,combined,0,163.2225369944233,1.3418587194668892
7702,euler_ramsey,0.5,2.5% Ramsey,risk_aversion,combined,0,131.79756046813503,1.3405671848708958
7703,euler_ramsey,0.5,1.5% Ramsey,risk_aversion,combined,0,309.34414473222125,0.8357681958289888
7703,euler_ramsey,0.5,2.0% Ramsey,risk_aversion,combined,0,264.54656425311333,0.7636485082736973
7703,euler_ramsey,0.5,2.5% Ramsey,risk_aversion,combined,0,211.20846193002907,0.7042774403612759
7704,euler_ramsey,0.5,1.5% Ramsey,risk_aversion,combined,0,655.601995385482,1.7789675989330918
7704,euler_ramsey,0.5,2.0% Ramsey,risk_aversion,combined,0,532.4010373578369,1.9281617450109394
7704,euler_ramsey,0.5,2.5% Ramsey,risk_aversion,combined,0,431.6992474893192,2.0295763266660423
7705,euler_ramsey,0.5,1.5% Ramsey,risk_aversion,combined,0,-674.8772064955521,0.38918060811998506
7705,euler_ramsey,0.5,2.0% Ramsey,risk_aversion,combined,0,-615.1093576957841,0.29936530991770427
7705,euler_ramsey,0.5,2.5% Ramsey,risk_aversion,combined,0,-485.1390872591521,0.241646558709096
7706,euler_ramsey,0.5,1.5% Ramsey,risk_aversion,combined,0,-119.01399364987648,0.627437472949747
7706,euler_ramsey,0.5,2.0% Ramsey,risk_aversion,combined,0,-56.16302479357123,0.5373112490908244
7706,euler_ramsey,0.5,2.5% Ramsey,risk_aversion,combined,0,-7.511971054423951,0.47125748318756994
7707,euler_ramsey,0.5,1.5% Ramsey,risk_aversion,combined,0,1423.6262076386292,0.6530869764437299
7707,euler_ramsey,0.5,2.0% Ramsey,risk_aversion,combined,0,811.473396766253,0.5645795560239945
7707,euler_ramsey,0.5,2.5% Ramsey,risk_aversion,combined,0,503.9141986566157,0.49884663034825877
7708,euler_ramsey,0.5,1.5% Ramsey,risk_aversion,combined,0,88.69329158380776,0.5635771729344201
7708,euler_ramsey,0.5,2.0% Ramsey,risk_aversion,combined,0,79.38558988227395,0.4711665907381912
7708,euler_ramsey,0.5,2.5% Ramsey,risk_aversion,combined,0,68.91006870963938,0.4056371520496281
7709,euler_ramsey,0.5,1.5% Ramsey,risk_aversion,combined,0,594.1689017146728,1.1685415419751295
7709,euler_ramsey,0.5,2.0% Ramsey,risk_aversion,combined,0,467.8324608412489,1.1513698615821994
7709,euler_ramsey,0.5,2.5% Ramsey,risk_aversion,combined,0,354.67951903812934,1.1256790514609956
7710,euler_ramsey,0.5,1.5% Ramsey,risk_aversion,combined,0,1148.8108337737676,1.1143595096699372
7710,euler_ramsey,0.5,2.0% Ramsey,risk_aversion,combined,0,824.3062666171206,1.0872271040311638
7710,euler_ramsey,0.5,2.5% Ramsey,risk_aversion,combined,0,582.3032655965809,1.0549241358638892
7711,euler_ramsey,0.5,1.5% Ramsey,risk_aversion,combined,0,15085.80157682176,0.18055857266512096
7711,euler_ramsey,0.5,2.0% Ramsey,risk_aversion,combined,0,7266.545946801696,0.11710474493732347
7711,euler_ramsey,0.5,2.5% Ramsey,risk_aversion,combined,0,3961.7064304882488,0.08285945500310427
7712,euler_ramsey,0.5,1.5% Ramsey,risk_aversion,combined,0,539.9919167180856,1.0587322986786598
7712,euler_ramsey,0.5,2.0% Ramsey,risk_aversion,combined,0,431.8663445599413,1.0200685719952238
7712,euler_ramsey,0.5,2.5% Ramsey,risk_aversion,combined,0,326.4361714689145,0.9801154702350809
7713,euler_ramsey,0.5,1.5% Ramsey,risk_aversion,combined,0,1817.976910229186,0.41344913362725777
7713,euler_ramsey,0.5,2.0% Ramsey,risk_aversion,combined,0,1247.8418381770948,0.3225849936035391
7713,euler_ramsey,0.5,2.5% Ramsey,risk_aversion,combined,0,863.7508367094775,0.2632913886544757
7714,euler_ramsey,0.5,1.5% Ramsey,risk_aversion,combined,0,88.33981102797132,0.6942410096023783
7714,euler_ramsey,0.5,2.0% Ramsey,risk_aversion,combined,0,62.991250088838584,0.6082705675130935
7714,euler_ramsey,0.5,2.5% Ramsey,risk_aversion,combined,0,47.94447333711134,0.5430463303458248
7715,euler_ramsey,0.5,1.5% Ramsey,risk_aversion,combined,0,1877.6365074854232,0.6773924786754588
7715,euler_ramsey,0.5,2.0% Ramsey,risk_aversion,combined,0,1357.5039202497746,0.5915575246049147
7715,euler_ramsey,0.5,2.5% Ramsey,risk_aversion,combined,0,968.2067158383818,0.5268817142637767
7716,euler_ramsey,0.5,1.5% Ramsey,risk_aversion,combined,0,533.2219747725671,0.7817330529441041
7716,euler_ramsey,0.5,2.0% Ramsey,risk_aversion,combined,0,494.7499243970162,0.7034490705781491
7716,euler_ramsey,0.5,2.5% Ramsey,risk_aversion,combined,0,398.36259913001925,0.641082333550886
7717,euler_ramsey,0.5,1.5% Ramsey,risk_aversion,combined,0,116.27933382203403,1.5053816783233185
7717,euler_ramsey,0.5,2.0% Ramsey,risk_aversion,combined,0,79.50103972197783,1.5708623708301535
7717,euler_ramsey,0.5,2.5% Ramsey,risk_aversion,combined,0,58.484225306229504,1.6055287068354736
7718,euler_ramsey,0.5,1.5% Ramsey,risk_aversion,combined,0,7262.704327099703,0.6769570389569385
7718,euler_ramsey,0.5,2.0% Ramsey,risk_aversion,combined,0,4316.596648148267,0.5938835761909879
7718,euler_ramsey,0.5,2.5% Ramsey,risk_aversion,combined,0,2669.2741284990607,0.5310474932353016
7719,euler_ramsey,0.5,1.5% Ramsey,risk_aversion,combined,0,277.97963692796134,1.7568716800694304
7719,euler_ramsey,0.5,2.0% Ramsey,risk_aversion,combined,0,239.5655108444269,1.8979463522145577
7719,euler_ramsey,0.5,2.5% Ramsey,risk_aversion,combined,0,194.8060229915386,1.9924903534945195
7720,euler_ramsey,0.5,1.5% Ramsey,risk_aversion,combined,0,-735.6014183594941,0.4541677729655004
7720,euler_ramsey,0.5,2.0% Ramsey,risk_aversion,combined,0,-381.83616807043023,0.3614723439854382
7720,euler_ramsey,0.5,2.5% Ramsey,risk_aversion,combined,0,-199.6938906141457,0.29956494270927503
7721,euler_ramsey,0.5,1.5% Ramsey,risk_aversion,combined,0,-1112.4606469414346,0.12918753933945604
7721,euler_ramsey,0.5,2.0% Ramsey,risk_aversion,combined,0,-524.7587107496839,0.07751537188759808
7721,euler_ramsey,0.5,2.5% Ramsey,risk_aversion,combined,0,-339.96793022839535,0.051630759457850915
7722,euler_ramsey,0.5,1.5% Ramsey,risk_aversion,combined,0,227.36035085400778,1.0108445416361431
7722,euler_ramsey,0.5,2.0% Ramsey,risk_aversion,combined,0,191.71091629376502,0.9648049969876205
7722,euler_ramsey,0.5,2.5% Ramsey,risk_aversion,combined,0,149.91268899678633,0.9203862906973399
7723,euler_ramsey,0.5,1.5% Ramsey,risk_aversion,combined,0,1286.8427679048536,1.125377661687099
7723,euler_ramsey,0.5,2.0% Ramsey,risk_aversion,combined,0,1103.4142982538267,1.1010214363658768
7723,euler_ramsey,0.5,2.5% Ramsey,risk_aversion,combined,0,892.882389098944,1.0707297401053573
7724,euler_ramsey,0.5,1.5% Ramsey,risk_aversion,combined,0,32.15316676480097,1.6854385385448813
7724,euler_ramsey,0.5,2.0% Ramsey,risk_aversion,combined,0,20.441063786770005,1.803848308961242
7724,euler_ramsey,0.5,2.5% Ramsey,risk_aversion,combined,0,15.361205184560557,1.8800276204429314
7725,euler_ramsey,0.5,1.5% Ramsey,risk_aversion,combined,0,190.8213718834954,2.124478032532642
7725,euler_ramsey,0.5,2.0% Ramsey,risk_aversion,combined,0,128.5926638421494,2.3951763214635604
7725,euler_ramsey,0.5,2.5% Ramsey,risk_aversion,combined,0,88.1205115264833,2.5988803538072838
7726,euler_ramsey,0.5,1.5% Ramsey,risk_aversion,combined,0,514.3865498530955,1.7166818727076616
7726,euler_ramsey,0.5,2.0% Ramsey,risk_aversion,combined,0,384.6126426263631,1.8447724813085906
7726,euler_ramsey,0.5,2.5% Ramsey,risk_aversion,combined,0,273.30295464738015,1.928792838327446
7727,euler_ramsey,0.5,1.5% Ramsey,risk_aversion,combined,0,295.74978887415114,0.3949731864590765
7727,euler_ramsey,0.5,2.0% Ramsey,risk_aversion,combined,0,207.90063429279695,0.3048202201209704
7727,euler_ramsey,0.5,2.5% Ramsey,risk_aversion,combined,0,147.0771960729902,0.24667703570361293
7728,euler_ramsey,0.5,1.5% Ramsey,risk_aversion,combined,0,-513.263303576979,0.5277842756104226
7728,euler_ramsey,0.5,2.0% Ramsey,risk_aversion,combined,0,-310.45412279689725,0.4345347191380595
7728,euler_ramsey,0.5,2.5% Ramsey,risk_aversion,combined,0,-191.9460412047873,0.3696742124037783
7729,euler_ramsey,0.5,1.5% Ramsey,risk_aversion,combined,0,3521.22404365774,0.32977960352428864
7729,euler_ramsey,0.5,2.0% Ramsey,risk_aversion,combined,0,2254.320376081912,0.24448045924427753
7729,euler_ramsey,0.5,2.5% Ramsey,risk_aversion,combined,0,1412.365344321043,0.191801852675043
7730,euler_ramsey,0.5,1.5% Ramsey,risk_aversion,combined,0,-1515.3058484521905,0.3206424651287289
7730,euler_ramsey,0.5,2.0% Ramsey,risk_aversion,combined,0,-541.7181465041866,0.23609009731621056
7730,euler_ramsey,0.5,2.5% Ramsey,risk_aversion,combined,0,-313.2056409788379,0.18422965226394425
7731,euler_ramsey,0.5,1.5% Ramsey,risk_aversion,combined,0,1162.1883403355089,0.16312235203395115
7731,euler_ramsey,0.5,2.0% Ramsey,risk_aversion,combined,0,477.3435639474983,0.10313437376697782
7731,euler_ramsey,0.5,2.5% Ramsey,risk_aversion,combined,0,282.5161252126774,0.07153233046926237
7732,euler_ramsey,0.5,1.5% Ramsey,risk_aversion,combined,0,58.57987020117112,0.9095807282144557
7732,euler_ramsey,0.5,2.0% Ramsey,risk_aversion,combined,0,82.20365515024977,0.8471740347348218
7732,euler_ramsey,0.5,2.5% Ramsey,risk_aversion,combined,0,89.81344051826692,0.7929906932547145
7733,euler_ramsey,0.5,1.5% Ramsey,risk_aversion,combined,0,3066.4263835611864,0.3090712181083753
7733,euler_ramsey,0.5,2.0% Ramsey,risk_aversion,combined,0,1703.514477905659,0.2257349643268462
7733,euler_ramsey,0.5,2.5% Ramsey,risk_aversion,combined,0,956.848986494957,0.1750577277095563
7734,euler_ramsey,0.5,1.5% Ramsey,risk_aversion,combined,0,443.3843092892677,1.1478311278412816
7734,euler_ramsey,0.5,2.0% Ramsey,risk_aversion,combined,0,382.76195525063946,1.1266844917709142
7734,euler_ramsey,0.5,2.5% Ramsey,risk_aversion,combined,0,295.56153353027355,1.098389480870831
7735,euler_ramsey,0.5,1.5% Ramsey,risk_aversion,combined,0,1583.3012224937079,0.12868044832945702
7735,euler_ramsey,0.5,2.0% Ramsey,risk_aversion,combined,0,995.9585577268278,0.07712742968236898
7735,euler_ramsey,0.5,2.5% Ramsey,risk_aversion,combined,0,636.5265006500798,0.05132893332525442
7736,euler_ramsey,0.5,1.5% Ramsey,risk_aversion,combined,0,1481.827370830791,0.940719263445656
7736,euler_ramsey,0.5,2.0% Ramsey,risk_aversion,combined,0,1061.1916088619691,0.8832310092964315
7736,euler_ramsey,0.5,2.5% Ramsey,risk_aversion,combined,0,723.4454135603478,0.8319129132275259
7737,euler_ramsey,0.5,1.5% Ramsey,risk_aversion,combined,0,409.5944839638537,1.9247517283203937
7737,euler_ramsey,0.5,2.0% Ramsey,risk_aversion,combined,0,338.7718364703822,2.1223485108190228
7737,euler_ramsey,0.5,2.5% Ramsey,risk_aversion,combined,0,261.4453419143974,2.2637887792570353
7738,euler_ramsey,0.5,1.5% Ramsey,risk_aversion,combined,0,-131.98942842463777,1.2490092097658327
7738,euler_ramsey,0.5,2.0% Ramsey,risk_aversion,combined,0,-163.5350717546495,1.2490968715033108
7738,euler_ramsey,0.5,2.5% Ramsey,risk_aversion,combined,0,-153.22401022860473,1.2352376234713467
7739,euler_ramsey,0.5,1.5% Ramsey,risk_aversion,combined,0,1856.8980767453975,0.8464262224125692
7739,euler_ramsey,0.5,2.0% Ramsey,risk_aversion,combined,0,1397.252066226924,0.7765952730703486
7739,euler_ramsey,0.5,2.5% Ramsey,risk_aversion,combined,0,969.8102667855877,0.7186395278088437
7740,euler_ramsey,0.5,1.5% Ramsey,risk_aversion,combined,0,813.4839207778305,1.4025276898807775
7740,euler_ramsey,0.5,2.0% Ramsey,risk_aversion,combined,0,606.0227122584788,1.4403475284702068
7740,euler_ramsey,0.5,2.5% Ramsey,risk_aversion,combined,0,429.49852639315645,1.4542032373636806
7741,euler_ramsey,0.5,1.5% Ramsey,risk_aversion,combined,0,2622.896181463546,0.7268758660461712
7741,euler_ramsey,0.5,2.0% Ramsey,risk_aversion,combined,0,2439.9607469531556,0.643807822650898
7741,euler_ramsey,0.5,2.5% Ramsey,risk_aversion,combined,0,1945.6830243353138,0.5796214977734435
7742,euler_ramsey,0.5,1.5% Ramsey,risk_aversion,combined,0,-10.9721533598535,0.7903963611701031
7742,euler_ramsey,0.5,2.0% Ramsey,risk_aversion,combined,0,3.124336562988191,0.7141366474354208
7742,euler_ramsey,0.5,2.5% Ramsey,risk_aversion,combined,0,10.482599805899046,0.652947289747018
7743,euler_ramsey,0.5,1.5% Ramsey,risk_aversion,combined,0,106.51669920469693,1.486850629231433
7743,euler_ramsey,0.5,2.0% Ramsey,risk_aversion,combined,0,83.00373557838537,1.5470771942999557
7743,euler_ramsey,0.5,2.5% Ramsey,risk_aversion,combined,0,65.74411668379591,1.5776751009387924
7744,euler_ramsey,0.5,1.5% Ramsey,risk_aversion,combined,0,12995.972550162502,0.26044871540575804
7744,euler_ramsey,0.5,2.0% Ramsey,risk_aversion,combined,0,6590.431056473059,0.18345490674922338
7744,euler_ramsey,0.5,2.5% Ramsey,risk_aversion,combined,0,3687.6104099232903,0.13836730028698052
7745,euler_ramsey,0.5,1.5% Ramsey,risk_aversion,combined,0,239.0604372781915,1.689461237651465
7745,euler_ramsey,0.5,2.0% Ramsey,risk_aversion,combined,0,164.53060337100106,1.8092032641008196
7745,euler_ramsey,0.5,2.5% Ramsey,risk_aversion,combined,0,118.77157754586791,1.8865205021733102
7746,euler_ramsey,0.5,1.5% Ramsey,risk_aversion,combined,0,299.9622972913658,1.4726920419093092
7746,euler_ramsey,0.5,2.0% Ramsey,risk_aversion,combined,0,214.52414789012002,1.5291303722690321
7746,euler_ramsey,0.5,2.5% Ramsey,risk_aversion,combined,0,149.36532648484254,1.5568746427053164
7747,euler_ramsey,0.5,1.5% Ramsey,risk_aversion,combined,0,634.0048374888058,1.331417139392658
7747,euler_ramsey,0.5,2.0% Ramsey,risk_aversion,combined,0,440.3622330500733,1.3514139402532561
7747,euler_ramsey,0.5,2.5% Ramsey,risk_aversion,combined,0,300.385679980493,1.3519937504009838
7748,euler_ramsey,0.5,1.5% Ramsey,risk_aversion,combined,0,-823.293699799276,0.38709631098430614
7748,euler_ramsey,0.5,2.0% Ramsey,risk_aversion,combined,0,-435.261660210367,0.2973032840259346
7748,euler_ramsey,0.5,2.5% Ramsey,risk_aversion,combined,0,-264.32779286980895,0.23969014106612443
7749,euler_ramsey,0.5,1.5% Ramsey,risk_aversion,combined,0,39.3657076030829,0.6642196045525639
7749,euler_ramsey,0.5,2.0% Ramsey,risk_aversion,combined,0,16.762730750561218,0.576146049797006
7749,euler_ramsey,0.5,2.5% Ramsey,risk_aversion,combined,0,3.407001421213886,0.5103447417103385
7750,euler_ramsey,0.5,1.5% Ramsey,risk_aversion,combined,0,-1914.874618916359,0.1321824347468487
7750,euler_ramsey,0.5,2.0% Ramsey,risk_aversion,combined,0,-1378.660373829669,0.0797070419231842
7750,euler_ramsey,0.5,2.5% Ramsey,risk_aversion,combined,0,-959.513117890518,0.053294373121333505
7751,euler_ramsey,0.5,1.5% Ramsey,risk_aversion,combined,0,896.2668265138249,1.1152642965394888
7751,euler_ramsey,0.5,2.0% Ramsey,risk_aversion,combined,0,611.6390456946972,1.0869651960871065
7751,euler_ramsey,0.5,2.5% Ramsey,risk_aversion,combined,0,409.7402004683744,1.053691928023724
7752,euler_ramsey,0.5,1.5% Ramsey,risk_aversion,combined,0,694.8945086430529,1.4866917893799236
7752,euler_ramsey,0.5,2.0% Ramsey,risk_aversion,combined,0,777.0834619757507,1.5491720938387545
7752,euler_ramsey,0.5,2.5% Ramsey,risk_aversion,combined,0,732.230735433317,1.582021067347426
7753,euler_ramsey,0.5,1.5% Ramsey,risk_aversion,combined,0,918.1091070761748,0.7185345694880316
7753,euler_ramsey,0.5,2.0% Ramsey,risk_aversion,combined,0,588.3253083814835,0.6345484988502066
7753,euler_ramsey,0.5,2.5% Ramsey,risk_aversion,combined,0,423.0590469616928,0.5699850800999968
7754,euler_ramsey,0.5,1.5% Ramsey,risk_aversion,combined,0,68.64501401425183,0.7522635404637247
7754,euler_ramsey,0.5,2.0% Ramsey,risk_aversion,combined,0,57.254559053147155,0.670813628383036
7754,euler_ramsey,0.5,2.5% Ramsey,risk_aversion,combined,0,43.987694013767,0.6070480625324944
7755,euler_ramsey,0.5,1.5% Ramsey,risk_aversion,combined,0,894.5064688270401,0.37448340696977395
7755,euler_ramsey,0.5,2.0% Ramsey,risk_aversion,combined,0,562.1385082059418,0.2854867706755632
7755,euler_ramsey,0.5,2.5% Ramsey,risk_aversion,combined,0,377.54635420152647,0.22885060116994171
7756,euler_ramsey,0.5,1.5% Ramsey,risk_aversion,combined,0,248.79015108699875,2.733834572300622
7756,euler_ramsey,0.5,2.0% Ramsey,risk_aversion,combined,0,141.41058121100107,3.2619644533808985
7756,euler_ramsey,0.5,2.5% Ramsey,risk_aversion,combined,0,90.2289184662377,3.698000347138229
7757,euler_ramsey,0.5,1.5% Ramsey,risk_aversion,combined,0,2571.1928458690027,1.5165972905289442
7757,euler_ramsey,0.5,2.0% Ramsey,risk_aversion,combined,0,1599.849284890351,1.5873889364327736
7757,euler_ramsey,0.5,2.5% Ramsey,risk_aversion,combined,0,973.7033060327605,1.626525442184038
7758,euler_ramsey,0.5,1.5% Ramsey,risk_aversion,combined,0,55.64775152619363,0.6424653891260091
7758,euler_ramsey,0.5,2.0% Ramsey,risk_aversion,combined,0,67.65816032379229,0.553530705684545
7758,euler_ramsey,0.5,2.5% Ramsey,risk_aversion,combined,0,70.42933244980618,0.487822200690394
7759,euler_ramsey,0.5,1.5% Ramsey,risk_aversion,combined,0,1445.370339852362,1.3093310644179483
7759,euler_ramsey,0.5,2.0% Ramsey,risk_aversion,combined,0,1038.9751904527275,1.3260608821436743
7759,euler_ramsey,0.5,2.5% Ramsey,risk_aversion,combined,0,721.9335494258479,1.3246333369162524
7760,euler_ramsey,0.5,1.5% Ramsey,risk_aversion,combined,0,-444.0000601981516,0.2426821391717519
7760,euler_ramsey,0.5,2.0% Ramsey,risk_aversion,combined,0,-222.48341646727187,0.16778500490114767
7760,euler_ramsey,0.5,2.5% Ramsey,risk_aversion,combined,0,-153.83518100935672,0.12470348202561264
7761,euler_ramsey,0.5,1.5% Ramsey,risk_aversion,combined,0,1179.5237823340672,0.3975218345735752
7761,euler_ramsey,0.5,2.0% Ramsey,risk_aversion,combined,0,1046.72464552978,0.30729832942746454
7761,euler_ramsey,0.5,2.5% Ramsey,risk_aversion,combined,0,808.5321116754851,0.2490111873715448
7762,euler_ramsey,0.5,1.5% Ramsey,risk_aversion,combined,0,2281.5034984035856,0.6825258592503105
7762,euler_ramsey,0.5,2.0% Ramsey,risk_aversion,combined,0,1240.3705188375952,0.5964540484435323
7762,euler_ramsey,0.5,2.5% Ramsey,risk_aversion,combined,0,730.745435351078,0.531496799583045
7763,euler_ramsey,0.5,1.5% Ramsey,risk_aversion,combined,0,-65.70429329976525,0.9340585681255001
7763,euler_ramsey,0.5,2.0% Ramsey,risk_aversion,combined,0,-8.275324103290703,0.874716651077942
7763,euler_ramsey,0.5,2.5% Ramsey,risk_aversion,combined,0,18.55267172711096,0.8221420377375406
7764,euler_ramsey,0.5,1.5% Ramsey,risk_aversion,combined,0,-1150.455212588517,0.5269889434817603
7764,euler_ramsey,0.5,2.0% Ramsey,risk_aversion,combined,0,-682.3587066150076,0.4339290082795508
7764,euler_ramsey,0.5,2.5% Ramsey,risk_aversion,combined,0,-448.489056635749,0.3692015203580822
7765,euler_ramsey,0.5,1.5% Ramsey,risk_aversion,combined,0,127.78630504725048,2.6491373711733646
7765,euler_ramsey,0.5,2.0% Ramsey,risk_aversion,combined,0,81.76340607987032,3.138532560282526
7765,euler_ramsey,0.5,2.5% Ramsey,risk_aversion,combined,0,57.104871275558544,3.538531312646377
7766,euler_ramsey,0.5,1.5% Ramsey,risk_aversion,combined,0,92.36329302191015,0.8246657953808734
7766,euler_ramsey,0.5,2.0% Ramsey,risk_aversion,combined,0,97.77961945099756,0.7515433891057374
7766,euler_ramsey,0.5,2.5% Ramsey,risk_aversion,combined,0,100.28487608689494,0.6916913048984635
7767,euler_ramsey,0.5,1.5% Ramsey,risk_aversion,combined,0,65.09573140002811,1.8685607229099783
7767,euler_ramsey,0.5,2.0% Ramsey,risk_aversion,combined,0,41.05452156272434,2.0469574414576996
7767,euler_ramsey,0.5,2.5% Ramsey,risk_aversion,combined,0,26.373629720741437,2.172145120229641
7768,euler_ramsey,0.5,1.5% Ramsey,risk_aversion,combined,0,825.4010517880787,0.9407924800557266
7768,euler_ramsey,0.5,2.0% Ramsey,risk_aversion,combined,0,495.5981587550602,0.8825507887085459
7768,euler_ramsey,0.5,2.5% Ramsey,risk_aversion,combined,0,297.73217577212375,0.8306281627414225
7769,euler_ramsey,0.5,1.5% Ramsey,risk_aversion,combined,0,689.5515960983264,1.416222369690413
7769,euler_ramsey,0.5,2.0% Ramsey,risk_aversion,combined,0,612.0652924584423,1.457943308789789
7769,euler_ramsey,0.5,2.5% Ramsey,risk_aversion,combined,0,499.01660592912646,1.4746438407496028
7770,euler_ramsey,0.5,1.5% Ramsey,risk_aversion,combined,0,225.48117609479084,1.5716437896024609
7770,euler_ramsey,0.5,2.0% Ramsey,risk_aversion,combined,0,135.78269683056857,1.6558073600723473
7770,euler_ramsey,0.5,2.5% Ramsey,risk_aversion,combined,0,85.79939052316624,1.704904862991073
7771,euler_ramsey,0.5,1.5% Ramsey,risk_aversion,combined,0,729.9145833210052,1.1538551744649177
7771,euler_ramsey,0.5,2.0% Ramsey,risk_aversion,combined,0,527.286539882104,1.1338199236926452
7771,euler_ramsey,0.5,2.5% Ramsey,risk_aversion,combined,0,358.90526573563403,1.1061754889025799
7772,euler_ramsey,0.5,1.5% Ramsey,risk_aversion,combined,0,370.32006237417716,2.083352491042029
7772,euler_ramsey,0.5,2.0% Ramsey,risk_aversion,combined,0,298.1487091029816,2.3390971901456385
7772,euler_ramsey,0.5,2.5% Ramsey,risk_aversion,combined,0,233.71189462008837,2.530080912431244
7773,euler_ramsey,0.5,1.5% Ramsey,risk_aversion,combined,0,794.2058974001801,1.0264629227487234
7773,euler_ramsey,0.5,2.0% Ramsey,risk_aversion,combined,0,539.0188663645121,0.9819679326862318
7773,euler_ramsey,0.5,2.5% Ramsey,risk_aversion,combined,0,352.72731157743544,0.9383225453092044
7774,euler_ramsey,0.5,1.5% Ramsey,risk_aversion,combined,0,293.90950694462765,1.1968404319881913
7774,euler_ramsey,0.5,2.0% Ramsey,risk_aversion,combined,0,213.1591669184873,1.1860426879210137
7774,euler_ramsey,0.5,2.5% Ramsey,risk_aversion,combined,0,156.74807456940135,1.1647979606432557
7775,euler_ramsey,0.5,1.5% Ramsey,risk_aversion,combined,0,745.4188741392488,1.3539848276791013
7775,euler_ramsey,0.5,2.0% Ramsey,risk_aversion,combined,0,402.7033694013827,1.3798312481468689
7775,euler_ramsey,0.5,2.5% Ramsey,risk_aversion,combined,0,228.21031515636773,1.3847291065167855
7776,euler_ramsey,0.5,1.5% Ramsey,risk_aversion,combined,0,820.6157944489562,0.7097927715701271
7776,euler_ramsey,0.5,2.0% Ramsey,risk_aversion,combined,0,687.583172493698,0.624979270303705
7776,euler_ramsey,0.5,2.5% Ramsey,risk_aversion,combined,0,559.7765240268034,0.5600800668709502
7777,euler_ramsey,0.5,1.5% Ramsey,risk_aversion,combined,0,145.86003490554126,0.7438126593393658
7777,euler_ramsey,0.5,2.0% Ramsey,risk_aversion,combined,0,116.1899975858888,0.6615397227172528
7777,euler_ramsey,0.5,2.5% Ramsey,risk_aversion,combined,0,80.05065837110236,0.5974298798292589
7778,euler_ramsey,0.5,1.5% Ramsey,risk_aversion,combined,0,-173.5884789136092,0.9479824348258158
7778,euler_ramsey,0.5,2.0% Ramsey,risk_aversion,combined,0,-83.89558463785959,0.8911667598395631
7778,euler_ramsey,0.5,2.5% Ramsey,risk_aversion,combined,0,-43.70243911713558,0.8401159027258058
7779,euler_ramsey,0.5,1.5% Ramsey,risk_aversion,combined,0,266.70926600727006,0.8350887924770825
7779,euler_ramsey,0.5,2.0% Ramsey,risk_aversion,combined,0,229.5284919312459,0.763419760871577
7779,euler_ramsey,0.5,2.5% Ramsey,risk_aversion,combined,0,176.8569099293464,0.7043707157798247
7780,euler_ramsey,0.5,1.5% Ramsey,risk_aversion,combined,0,270.3949961843336,2.5556977821869835
7780,euler_ramsey,0.5,2.0% Ramsey,risk_aversion,combined,0,197.4628283928707,3.0036318013832033
7780,euler_ramsey,0.5,2.5% Ramsey,risk_aversion,combined,0,141.97183729010388,3.365588145151616
7781,euler_ramsey,0.5,1.5% Ramsey,risk_aversion,combined,0,-48.394258273070655,2.0633727485305893
7781,euler_ramsey,0.5,2.0% Ramsey,risk_aversion,combined,0,-37.433089681906736,2.3115219738966033
7781,euler_ramsey,0.5,2.5% Ramsey,risk_aversion,combined,0,-26.888730908822982,2.495739331212388
7782,euler_ramsey,0.5,1.5% Ramsey,risk_aversion,combined,0,304.5516959109596,2.5074749719861833
7782,euler_ramsey,0.5,2.0% Ramsey,risk_aversion,combined,0,202.31823100584737,2.934529798506312
7782,euler_ramsey,0.5,2.5% Ramsey,risk_aversion,combined,0,145.34467633040984,3.2774891017564327
7783,euler_ramsey,0.5,1.5% Ramsey,risk_aversion,combined,0,340.54582252389673,1.1651536711785528
7783,euler_ramsey,0.5,2.0% Ramsey,risk_aversion,combined,0,229.66401345025002,1.1472731707637385
7783,euler_ramsey,0.5,2.5% Ramsey,risk_aversion,combined,0,147.09135194298113,1.1210518656236488
7784,euler_ramsey,0.5,1.5% Ramsey,risk_aversion,combined,0,-581.0481246137535,0.1655587559777068
7784,euler_ramsey,0.5,2.0% Ramsey,risk_aversion,combined,0,-140.44653212464723,0.10501595211885197
7784,euler_ramsey,0.5,2.5% Ramsey,risk_aversion,combined,0,-52.39082326393246,0.0730199663957967
7785,euler_ramsey,0.5,1.5% Ramsey,risk_aversion,combined,0,271.4822551277186,1.9426341447502895
7785,euler_ramsey,0.5,2.0% Ramsey,risk_aversion,combined,0,194.41720989342178,2.146750521831501
7785,euler_ramsey,0.5,2.5% Ramsey,risk_aversion,combined,0,140.4025313873263,2.2936005006115905
7786,euler_ramsey,0.5,1.5% Ramsey,risk_aversion,combined,0,-77.63844940050932,0.8106854061971769
7786,euler_ramsey,0.5,2.0% Ramsey,risk_aversion,combined,0,-56.59676491139091,0.7350208495572241
7786,euler_ramsey,0.5,2.5% Ramsey,risk_aversion,combined,0,-40.727008477008006,0.6737293885748719
7787,euler_ramsey,0.5,1.5% Ramsey,risk_aversion,combined,0,932.4321529876291,0.3054521069533747
7787,euler_ramsey,0.5,2.0% Ramsey,risk_aversion,combined,0,673.2440253994961,0.22238173475439982
7787,euler_ramsey,0.5,2.5% Ramsey,risk_aversion,combined,0,466.13643460425664,0.17202294614996474
7788,euler_ramsey,0.5,1.5% Ramsey,risk_aversion,combined,0,-14.471677328105779,2.7188109361271895
7788,euler_ramsey,0.5,2.0% Ramsey,risk_aversion,combined,0,-9.697943989302917,3.240265623810009
7788,euler_ramsey,0.5,2.5% Ramsey,risk_aversion,combined,0,-5.365841143781731,3.6700035641964166
7789,euler_ramsey,0.5,1.5% Ramsey,risk_aversion,combined,0,-444.4137733652833,0.6538464352488018
7789,euler_ramsey,0.5,2.0% Ramsey,risk_aversion,combined,0,-304.49952362569144,0.5652629372959075
7789,euler_ramsey,0.5,2.5% Ramsey,risk_aversion,combined,0,-206.9506473879672,0.4994378008831985
7790,euler_ramsey,0.5,1.5% Ramsey,risk_aversion,combined,0,-45.43960280374828,0.8653272004246662
7790,euler_ramsey,0.5,2.0% Ramsey,risk_aversion,combined,0,-41.992010889947714,0.7971048689810714
7790,euler_ramsey,0.5,2.5% Ramsey,risk_aversion,combined,0,-33.04729872242082,0.7397131731306918
7791,euler_ramsey,0.5,1.5% Ramsey,risk_aversion,combined,0,442.69644170837245,2.0847174222222016
7791,euler_ramsey,0.5,2.0% Ramsey,risk_aversion,combined,0,339.94177026276316,2.340676165217128
7791,euler_ramsey,0.5,2.5% Ramsey,risk_aversion,combined,0,256.4288987508584,2.531730456941815
7792,euler_ramsey,0.5,1.5% Ramsey,risk_aversion,combined,0,286.38512319960626,0.48980006732328146
7792,euler_ramsey,0.5,2.0% Ramsey,risk_aversion,combined,0,165.47204172953823,0.3967014717097425
7792,euler_ramsey,0.5,2.5% Ramsey,risk_aversion,combined,0,100.55162990189892,0.33324645582402557
7793,euler_ramsey,0.5,1.5% Ramsey,risk_aversion,combined,0,9.42925575177553,1.346818570950304
7793,euler_ramsey,0.5,2.0% Ramsey,risk_aversion,combined,0,1.2909261966605228,1.3706813042288135
7793,euler_ramsey,0.5,2.5% Ramsey,risk_aversion,combined,0,-0.3027438138166428,1.374024407521724
7794,euler_ramsey,0.5,1.5% Ramsey,risk_aversion,combined,0,-159.57505380578738,0.9286478603920814
7794,euler_ramsey,0.5,2.0% Ramsey,risk_aversion,combined,0,-87.58825377111322,0.8696811332035203
7794,euler_ramsey,0.5,2.5% Ramsey,risk_aversion,combined,0,-43.30274349003757,0.8175386743664108
7795,euler_ramsey,0.5,1.5% Ramsey,risk_aversion,combined,0,281.8229179650073,1.2314736927860597
7795,euler_ramsey,0.5,2.0% Ramsey,risk_aversion,combined,0,203.64281645122568,1.2280337941659305
7795,euler_ramsey,0.5,2.5% Ramsey,risk_aversion,combined,0,143.93369559077368,1.2118417911074737
7796,euler_ramsey,0.5,1.5% Ramsey,risk_aversion,combined,0,267.5271465410409,0.44388646317217273
7796,euler_ramsey,0.5,2.0% Ramsey,risk_aversion,combined,0,240.80484115490862,0.3515812672163141
7796,euler_ramsey,0.5,2.5% Ramsey,risk_aversion,combined,0,192.62187384373865,0.29028633018136357
7797,euler_ramsey,0.5,1.5% Ramsey,risk_aversion,combined,0,875.4011048789638,0.3794696369236536
7797,euler_ramsey,0.5,2.0% Ramsey,risk_aversion,combined,0,556.950938735358,0.29023554817038605
7797,euler_ramsey,0.5,2.5% Ramsey,risk_aversion,combined,0,352.0735248407466,0.23324843136264614
7798,euler_ramsey,0.5,1.5% Ramsey,risk_aversion,combined,0,961.0655809583059,0.5844740876508399
7798,euler_ramsey,0.5,2.0% Ramsey,risk_aversion,combined,0,773.2390532282551,0.49240572909642033
7798,euler_ramsey,0.5,2.5% Ramsey,risk_aversion,combined,0,567.533818008823,0.4264365370694367
7799,euler_ramsey,0.5,1.5% Ramsey,risk_aversion,combined,0,494.6817988544866,1.2192309531626542
7799,euler_ramsey,0.5,2.0% Ramsey,risk_aversion,combined,0,387.920890621148,1.2137322738160135
7799,euler_ramsey,0.5,2.5% Ramsey,risk_aversion,combined,0,291.57968703664307,1.196217870041737
7800,euler_ramsey,0.5,1.5% Ramsey,risk_aversion,combined,0,-326.92932069159093,0.21368483278512077
7800,euler_ramsey,0.5,2.0% Ramsey,risk_aversion,combined,0,-227.98738477242338,0.14357023461523893
7800,euler_ramsey,0.5,2.5% Ramsey,risk_aversion,combined,0,-168.4671682490015,0.10437099265439652
7801,euler_ramsey,0.5,1.5% Ramsey,risk_aversion,combined,0,793.6117763756804,0.6219499648139177
7801,euler_ramsey,0.5,2.0% Ramsey,risk_aversion,combined,0,1462.4691792505994,0.5317733749289143
7801,euler_ramsey,0.5,2.5% Ramsey,risk_aversion,combined,0,1969.2354217670613,0.46584682423373813
7802,euler_ramsey,0.5,1.5% Ramsey,risk_aversion,combined,0,-626.5944632629431,0.19728443088328074
7802,euler_ramsey,0.5,2.0% Ramsey,risk_aversion,combined,0,-270.59675346631826,0.13017690338565302
7802,euler_ramsey,0.5,2.5% Ramsey,risk_aversion,combined,0,-161.66493168685403,0.0933201862376572
7803,euler_ramsey,0.5,1.5% Ramsey,risk_aversion,combined,0,301.6292713217517,1.3815977743254149
7803,euler_ramsey,0.5,2.0% Ramsey,risk_aversion,combined,0,252.089205641141,1.4139512805006804
7803,euler_ramsey,0.5,2.5% Ramsey,risk_aversion,combined,0,201.46242958819718,1.423604568297529
7804,euler_ramsey,0.5,1.5% Ramsey,risk_aversion,combined,0,284.45608513833713,1.0581108701132624
7804,euler_ramsey,0.5,2.0% Ramsey,risk_aversion,combined,0,264.1778792330285,1.0193031981252585
7804,euler_ramsey,0.5,2.5% Ramsey,risk_aversion,combined,0,218.00260501602804,0.9793105253718385
7805,euler_ramsey,0.5,1.5% Ramsey,risk_aversion,combined,0,132.93405369110582,1.323419236672401
7805,euler_ramsey,0.5,2.0% Ramsey,risk_aversion,combined,0,97.35640345831324,1.3403771100347295
7805,euler_ramsey,0.5,2.5% Ramsey,risk_aversion,combined,0,70.64292476712761,1.3385402089126974
7806,euler_ramsey,0.5,1.5% Ramsey,risk_aversion,combined,0,658.2755074364487,0.30740338146813995
7806,euler_ramsey,0.5,2.0% Ramsey,risk_aversion,combined,0,481.84636511615,0.22410922253987822
7806,euler_ramsey,0.5,2.5% Ramsey,risk_aversion,combined,0,334.20645661119363,0.1735415683459676
7807,euler_ramsey,0.5,1.5% Ramsey,risk_aversion,combined,0,723.9254135193397,0.4337158813062912
7807,euler_ramsey,0.5,2.0% Ramsey,risk_aversion,combined,0,281.0603868873714,0.34162836655562884
7807,euler_ramsey,0.5,2.5% Ramsey,risk_aversion,combined,0,127.84715531518,0.28085457614104237
7808,euler_ramsey,0.5,1.5% Ramsey,risk_aversion,combined,0,259.07757725191885,1.2382595502665352
7808,euler_ramsey,0.5,2.0% Ramsey,risk_aversion,combined,0,180.53722744323667,1.2369216095691549
7808,euler_ramsey,0.5,2.5% Ramsey,risk_aversion,combined,0,123.77080111818681,1.2223207168692685
7809,euler_ramsey,0.5,1.5% Ramsey,risk_aversion,combined,0,847.4396525389257,0.8426291173911398
7809,euler_ramsey,0.5,2.0% Ramsey,risk_aversion,combined,0,445.2324354055557,0.7711560712135819
7809,euler_ramsey,0.5,2.5% Ramsey,risk_aversion,combined,0,249.73032049867206,0.7120473561936774
7810,euler_ramsey,0.5,1.5% Ramsey,risk_aversion,combined,0,97.05353573797927,2.0296724559452284
7810,euler_ramsey,0.5,2.0% Ramsey,risk_aversion,combined,0,67.8544925130954,2.2646030900774075
7810,euler_ramsey,0.5,2.5% Ramsey,risk_aversion,combined,0,46.90194703565086,2.4375152436912138
7811,euler_ramsey,0.5,1.5% Ramsey,risk_aversion,combined,0,463.3196415073352,0.9469422555898853
7811,euler_ramsey,0.5,2.0% Ramsey,risk_aversion,combined,0,290.55773600524265,0.8917053989447679
7811,euler_ramsey,0.5,2.5% Ramsey,risk_aversion,combined,0,185.73316161133735,0.8418690845186714
7812,euler_ramsey,0.5,1.5% Ramsey,risk_aversion,combined,0,-47.372916178686914,0.7580457818936831
7812,euler_ramsey,0.5,2.0% Ramsey,risk_aversion,combined,0,-36.6117962139782,0.6776976543498654
7812,euler_ramsey,0.5,2.5% Ramsey,risk_aversion,combined,0,-23.059295833453167,0.6145197975813778
7813,euler_ramsey,0.5,1.5% Ramsey,risk_aversion,combined,0,921.9169002451101,0.9343201534323641
7813,euler_ramsey,0.5,2.0% Ramsey,risk_aversion,combined,0,704.6200759245397,0.8753500468358448
7813,euler_ramsey,0.5,2.5% Ramsey,risk_aversion,combined,0,506.8814323195945,0.823062511109391
7814,euler_ramsey,0.5,1.5% Ramsey,risk_aversion,combined,0,13240.327831186107,0.5200406994621892
7814,euler_ramsey,0.5,2.0% Ramsey,risk_aversion,combined,0,7934.974511219588,0.42831235328167266
7814,euler_ramsey,0.5,2.5% Ramsey,risk_aversion,combined,0,4443.15074307626,0.3646126518788753
7815,euler_ramsey,0.5,1.5% Ramsey,risk_aversion,combined,0,7812.737215632309,0.22176630933981314
7815,euler_ramsey,0.5,2.0% Ramsey,risk_aversion,combined,0,4812.009247731763,0.15039912478613754
7815,euler_ramsey,0.5,2.5% Ramsey,risk_aversion,combined,0,3099.89845238847,0.11014137717830934
7816,euler_ramsey,0.5,1.5% Ramsey,risk_aversion,combined,0,-836.9924213768356,0.4401587857470333
7816,euler_ramsey,0.5,2.0% Ramsey,risk_aversion,combined,0,-687.0060235807109,0.3479338210912957
7816,euler_ramsey,0.5,2.5% Ramsey,risk_aversion,combined,0,-513.3922230362105,0.2868258872456018
7817,euler_ramsey,0.5,1.5% Ramsey,risk_aversion,combined,0,1018.4962820268381,0.3976937567165909
7817,euler_ramsey,0.5,2.0% Ramsey,risk_aversion,combined,0,926.6046439051233,0.3075136044605819
7817,euler_ramsey,0.5,2.5% Ramsey,risk_aversion,combined,0,730.0957573869616,0.2492417814791219
7818,euler_ramsey,0.5,1.5% Ramsey,risk_aversion,combined,0,336.5824735649299,2.2768421152276854
7818,euler_ramsey,0.5,2.0% Ramsey,risk_aversion,combined,0,405.14495642721647,2.607425606290116
7818,euler_ramsey,0.5,2.5% Ramsey,risk_aversion,combined,0,416.4095633219692,2.8637141616577426
7819,euler_ramsey,0.5,1.5% Ramsey,risk_aversion,combined,0,192.70254792133198,1.605257340605837
7819,euler_ramsey,0.5,2.0% Ramsey,risk_aversion,combined,0,141.06349947356975,1.6993329317919539
7819,euler_ramsey,0.5,2.5% Ramsey,risk_aversion,combined,0,103.3692821694996,1.7562193857554278
7820,euler_ramsey,0.5,1.5% Ramsey,risk_aversion,combined,0,58.68140205376041,1.998772879819126
7820,euler_ramsey,0.5,2.0% Ramsey,risk_aversion,combined,0,40.33707317659342,2.222868388559481
7820,euler_ramsey,0.5,2.5% Ramsey,risk_aversion,combined,0,28.963655485598967,2.386540946759268
7821,euler_ramsey,0.5,1.5% Ramsey,risk_aversion,combined,0,53.687688554595,2.1988912763429154
7821,euler_ramsey,0.5,2.0% Ramsey,risk_aversion,combined,0,38.14579211087904,2.4984227258830694
7821,euler_ramsey,0.5,2.5% Ramsey,risk_aversion,combined,0,29.05992885421691,2.7272341083537315
7822,euler_ramsey,0.5,1.5% Ramsey,risk_aversion,combined,0,451.44672938127394,1.7912335593295934
7822,euler_ramsey,0.5,2.0% Ramsey,risk_aversion,combined,0,371.2021943557214,1.9441541931187283
7822,euler_ramsey,0.5,2.5% Ramsey,risk_aversion,combined,0,288.13066007946884,2.048567399975642
7823,euler_ramsey,0.5,1.5% Ramsey,risk_aversion,combined,0,818.2847470378985,0.4363721796493263
7823,euler_ramsey,0.5,2.0% Ramsey,risk_aversion,combined,0,653.2340126708104,0.3442006960052988
7823,euler_ramsey,0.5,2.5% Ramsey,risk_aversion,combined,0,464.40624599202454,0.28327688289628006
7824,euler_ramsey,0.5,1.5% Ramsey,risk_aversion,combined,0,-898.8226638334601,0.3200966536258513
7824,euler_ramsey,0.5,2.0% Ramsey,risk_aversion,combined,0,-289.0196654928442,0.23550388180814102
7824,euler_ramsey,0.5,2.5% Ramsey,risk_aversion,combined,0,-153.42395384935767,0.18365672475231537
7825,euler_ramsey,0.5,1.5% Ramsey,risk_aversion,combined,0,643.7532853949282,1.7894749712809073
7825,euler_ramsey,0.5,2.0% Ramsey,risk_aversion,combined,0,431.59366453250817,1.9413861072956178
7825,euler_ramsey,0.5,2.5% Ramsey,risk_aversion,combined,0,283.5447856229123,2.044866599622125
7826,euler_ramsey,0.5,1.5% Ramsey,risk_aversion,combined,0,-202.95042203094224,0.5443102754351086
7826,euler_ramsey,0.5,2.0% Ramsey,risk_aversion,combined,0,-162.83250002544193,0.45121949336374845
7826,euler_ramsey,0.5,2.5% Ramsey,risk_aversion,combined,0,-122.9817370539118,0.3859053487162335
7827,euler_ramsey,0.5,1.5% Ramsey,risk_aversion,combined,0,614.5665504453218,1.4229133696145537
7827,euler_ramsey,0.5,2.0% Ramsey,risk_aversion,combined,0,507.1038295293343,1.465917047585247
7827,euler_ramsey,0.5,2.5% Ramsey,risk_aversion,combined,0,384.4055423373257,1.4834896295001192
7828,euler_ramsey,0.5,1.5% Ramsey,risk_aversion,combined,0,908.1748525939952,0.9881519859429074
7828,euler_ramsey,0.5,2.0% Ramsey,risk_aversion,combined,0,621.6229416538105,0.9389072794277715
7828,euler_ramsey,0.5,2.5% Ramsey,risk_aversion,combined,0,430.23664512051795,0.8927022485656396
7829,euler_ramsey,0.5,1.5% Ramsey,risk_aversion,combined,0,75.9949547469128,2.0466092352748717
7829,euler_ramsey,0.5,2.0% Ramsey,risk_aversion,combined,0,41.1873568269769,2.2881869145856504
7829,euler_ramsey,0.5,2.5% Ramsey,risk_aversion,combined,0,25.795594239019415,2.4667458159280136
7830,euler_ramsey,0.5,1.5% Ramsey,risk_aversion,combined,0,2497.3996965899923,0.3846134809379941
7830,euler_ramsey,0.5,2.0% Ramsey,risk_aversion,combined,0,2191.282343433731,0.29510059179056175
7830,euler_ramsey,0.5,2.5% Ramsey,risk_aversion,combined,0,1652.6915185646337,0.23774513401665628
7831,euler_ramsey,0.5,1.5% Ramsey,risk_aversion,combined,0,252.40952293998473,1.8308139708959714
7831,euler_ramsey,0.5,2.0% Ramsey,risk_aversion,combined,0,184.4997073523669,1.996178985884038
7831,euler_ramsey,0.5,2.5% Ramsey,risk_aversion,combined,0,130.74404570139038,2.1106066084058033
7832,euler_ramsey,0.5,1.5% Ramsey,risk_aversion,combined,0,1375.3524255101365,0.9509744586326557
7832,euler_ramsey,0.5,2.0% Ramsey,risk_aversion,combined,0,1006.483855448981,0.8954502916000562
7832,euler_ramsey,0.5,2.5% Ramsey,risk_aversion,combined,0,690.1145620944473,0.8454169568692206
7833,euler_ramsey,0.5,1.5% Ramsey,risk_aversion,combined,0,678.6052696684688,0.6545623493217698
7833,euler_ramsey,0.5,2.0% Ramsey,risk_aversion,combined,0,601.6948852507398,0.56624548526794
7833,euler_ramsey,0.5,2.5% Ramsey,risk_aversion,combined,0,472.5920031212495,0.5005674205977176
7834,euler_ramsey,0.5,1.5% Ramsey,risk_aversion,combined,0,139.89726671665477,3.2720835597574336
7834,euler_ramsey,0.5,2.0% Ramsey,risk_aversion,combined,0,103.06856730248555,4.065084835674356
7834,euler_ramsey,0.5,2.5% Ramsey,risk_aversion,combined,0,77.4299833140465,4.754607527129101
7835,euler_ramsey,0.5,1.5% Ramsey,risk_aversion,combined,0,105.45596788661338,2.0012000418100113
7835,euler_ramsey,0.5,2.0% Ramsey,risk_aversion,combined,0,96.68783895649874,2.2260368441970746
7835,euler_ramsey,0.5,2.5% Ramsey,risk_aversion,combined,0,82.72405469638841,2.3903274914332555
7836,euler_ramsey,0.5,1.5% Ramsey,risk_aversion,combined,0,188.96813483622435,2.097683573857424
7836,euler_ramsey,0.5,2.0% Ramsey,risk_aversion,combined,0,189.09854095938883,2.3582163972546195
7836,euler_ramsey,0.5,2.5% Ramsey,risk_aversion,combined,0,168.06397531270184,2.5531134366260373
7837,euler_ramsey,0.5,1.5% Ramsey,risk_aversion,combined,0,-50.236592668435634,1.4273736475541245
7837,euler_ramsey,0.5,2.0% Ramsey,risk_aversion,combined,0,-40.9970875600192,1.4712861015334173
7837,euler_ramsey,0.5,2.5% Ramsey,risk_aversion,combined,0,-29.012322256554732,1.4894338803199945
7838,euler_ramsey,0.5,1.5% Ramsey,risk_aversion,combined,0,112.46229764899805,1.7928269820655205
7838,euler_ramsey,0.5,2.0% Ramsey,risk_aversion,combined,0,80.06924866835307,1.945616665209803
7838,euler_ramsey,0.5,2.5% Ramsey,risk_aversion,combined,0,58.235322591148524,2.0497155853935123
7839,euler_ramsey,0.5,1.5% Ramsey,risk_aversion,combined,0,-891.7480756129647,0.14405258304019017
7839,euler_ramsey,0.5,2.0% Ramsey,risk_aversion,combined,0,-514.3657039377753,0.08856182406681778
7839,euler_ramsey,0.5,2.5% Ramsey,risk_aversion,combined,0,-305.4575347092572,0.06010773386566887
7840,euler_ramsey,0.5,1.5% Ramsey,risk_aversion,combined,0,504.7605268305894,0.502513906372253
7840,euler_ramsey,0.5,2.0% Ramsey,risk_aversion,combined,0,434.2453206840849,0.40918630707536746
7840,euler_ramsey,0.5,2.5% Ramsey,risk_aversion,combined,0,357.4710329345295,0.34515424020800095
7841,euler_ramsey,0.5,1.5% Ramsey,risk_aversion,combined,0,915.6369126568482,0.47685213089047046
7841,euler_ramsey,0.5,2.0% Ramsey,risk_aversion,combined,0,552.400348012463,0.38415295340748196
7841,euler_ramsey,0.5,2.5% Ramsey,risk_aversion,combined,0,362.22120834022377,0.3213950967854394
7842,euler_ramsey,0.5,1.5% Ramsey,risk_aversion,combined,0,377.2704592253889,1.561250921546613
7842,euler_ramsey,0.5,2.0% Ramsey,risk_aversion,combined,0,289.15979442272686,1.6430204312875898
7842,euler_ramsey,0.5,2.5% Ramsey,risk_aversion,combined,0,208.43176006515105,1.6903373103035544
7843,euler_ramsey,0.5,1.5% Ramsey,risk_aversion,combined,0,421.88523087773405,0.5061903709518522
7843,euler_ramsey,0.5,2.0% Ramsey,risk_aversion,combined,0,340.76635157519206,0.4130340830309105
7843,euler_ramsey,0.5,2.5% Ramsey,risk_aversion,combined,0,270.19923306254844,0.3489707296128919
7844,euler_ramsey,0.5,1.5% Ramsey,risk_aversion,combined,0,493.97271317623085,1.6559947845865237
7844,euler_ramsey,0.5,2.0% Ramsey,risk_aversion,combined,0,333.0084313492336,1.7656005244747495
7844,euler_ramsey,0.5,2.5% Ramsey,risk_aversion,combined,0,232.41682680831332,1.834879235569885
7845,euler_ramsey,0.5,1.5% Ramsey,risk_aversion,combined,0,472.97040265630824,0.7078133024908287
7845,euler_ramsey,0.5,2.0% Ramsey,risk_aversion,combined,0,403.8625083548064,0.6224409748844799
7845,euler_ramsey,0.5,2.5% Ramsey,risk_aversion,combined,0,301.0968187186899,0.557215787051457
7846,euler_ramsey,0.5,1.5% Ramsey,risk_aversion,combined,0,3419.10973081793,0.8119562585551253
7846,euler_ramsey,0.5,2.0% Ramsey,risk_aversion,combined,0,2871.5287673505873,0.738646611956248
7846,euler_ramsey,0.5,2.5% Ramsey,risk_aversion,combined,0,2089.981099851032,0.6790236087403749
7847,euler_ramsey,0.5,1.5% Ramsey,risk_aversion,combined,0,1061.6277276896815,0.9260950398748038
7847,euler_ramsey,0.5,2.0% Ramsey,risk_aversion,combined,0,961.6855116788539,0.8660732511801962
7847,euler_ramsey,0.5,2.5% Ramsey,risk_aversion,combined,0,766.96354978507,0.8132575501614472
7848,euler_ramsey,0.5,1.5% Ramsey,risk_aversion,combined,0,335.31996118710094,2.0028340937053524
7848,euler_ramsey,0.5,2.0% Ramsey,risk_aversion,combined,0,246.30171749434479,2.2285027149863166
7848,euler_ramsey,0.5,2.5% Ramsey,risk_aversion,combined,0,178.04620907603797,2.393557890270033
7849,euler_ramsey,0.5,1.5% Ramsey,risk_aversion,combined,0,2098.149775290033,0.6317767449378159
7849,euler_ramsey,0.5,2.0% Ramsey,risk_aversion,combined,0,1240.4860890665655,0.5424292064496478
7849,euler_ramsey,0.5,2.5% Ramsey,risk_aversion,combined,0,788.61326914323,0.4767632409336447
7850,euler_ramsey,0.5,1.5% Ramsey,risk_aversion,combined,0,952.7066885398442,0.3816894205757228
7850,euler_ramsey,0.5,2.0% Ramsey,risk_aversion,combined,0,602.4365154480148,0.2921633032438127
7850,euler_ramsey,0.5,2.5% Ramsey,risk_aversion,combined,0,391.00740433250405,0.23493304740546317
7851,euler_ramsey,0.5,1.5% Ramsey,risk_aversion,combined,0,114.21738613461005,1.489243586191974
7851,euler_ramsey,0.5,2.0% Ramsey,risk_aversion,combined,0,86.44311146816429,1.5502929226387965
7851,euler_ramsey,0.5,2.5% Ramsey,risk_aversion,combined,0,68.693564737156,1.5815618666445461
7852,euler_ramsey,0.5,1.5% Ramsey,risk_aversion,combined,0,2554.5380785998072,0.7111967157775316
7852,euler_ramsey,0.5,2.0% Ramsey,risk_aversion,combined,0,2504.74527223964,0.6275708440444403
7852,euler_ramsey,0.5,2.5% Ramsey,risk_aversion,combined,0,2069.0463674806906,0.5635101369983375
7853,euler_ramsey,0.5,1.5% Ramsey,risk_aversion,combined,0,905.3338438531215,0.7181977556122094
7853,euler_ramsey,0.5,2.0% Ramsey,risk_aversion,combined,0,847.4267673012928,0.6350121706157269
7853,euler_ramsey,0.5,2.5% Ramsey,risk_aversion,combined,0,666.2764875593414,0.5710389067912216
7854,euler_ramsey,0.5,1.5% Ramsey,risk_aversion,combined,0,654.4614099455665,1.0097015781975336
7854,euler_ramsey,0.5,2.0% Ramsey,risk_aversion,combined,0,374.41282383020746,0.963692942860673
7854,euler_ramsey,0.5,2.5% Ramsey,risk_aversion,combined,0,219.54522247511315,0.9192977532702258
7855,euler_ramsey,0.5,1.5% Ramsey,risk_aversion,combined,0,468.37076211637225,0.4675939232575984
7855,euler_ramsey,0.5,2.0% Ramsey,risk_aversion,combined,0,310.50205252026893,0.3745948743720362
7855,euler_ramsey,0.5,2.5% Ramsey,risk_aversion,combined,0,196.56910626527352,0.31201201316402377
7856,euler_ramsey,0.5,1.5% Ramsey,risk_aversion,combined,0,365.62906267031536,1.7015088517616184
7856,euler_ramsey,0.5,2.0% Ramsey,risk_aversion,combined,0,271.9307741507264,1.8251084306108676
7856,euler_ramsey,0.5,2.5% Ramsey,risk_aversion,combined,0,191.96384084989134,1.9055578125479538
7857,euler_ramsey,0.5,1.5% Ramsey,risk_aversion,combined,0,1144.4299376693225,0.46601945652844395
7857,euler_ramsey,0.5,2.0% Ramsey,risk_aversion,combined,0,953.9652871523273,0.3732294371424175
7857,euler_ramsey,0.5,2.5% Ramsey,risk_aversion,combined,0,725.1727285580457,0.31082429401758715
7858,euler_ramsey,0.5,1.5% Ramsey,risk_aversion,combined,0,877.4282815046951,1.1913977886168765
7858,euler_ramsey,0.5,2.0% Ramsey,risk_aversion,combined,0,651.6599196500683,1.1797215283415805
7858,euler_ramsey,0.5,2.5% Ramsey,risk_aversion,combined,0,470.61744889577216,1.157949151415154
7859,euler_ramsey,0.5,1.5% Ramsey,risk_aversion,combined,0,874.0633247723041,1.2618821355532424
7859,euler_ramsey,0.5,2.0% Ramsey,risk_aversion,combined,0,630.0015270584356,1.2658204955682402
7859,euler_ramsey,0.5,2.5% Ramsey,risk_aversion,combined,0,426.67674186318897,1.254942281045865
7860,euler_ramsey,0.5,1.5% Ramsey,risk_aversion,combined,0,189.58415445120912,0.8975685104897337
7860,euler_ramsey,0.5,2.0% Ramsey,risk_aversion,combined,0,137.4855338001683,0.8339005487962888
7860,euler_ramsey,0.5,2.5% Ramsey,risk_aversion,combined,0,100.46157642707833,0.7791193614697752
7861,euler_ramsey,0.5,1.5% Ramsey,risk_aversion,combined,0,249.63087576155758,1.2286891694343882
7861,euler_ramsey,0.5,2.0% Ramsey,risk_aversion,combined,0,267.1375847126625,1.2239600191574285
7861,euler_ramsey,0.5,2.5% Ramsey,risk_aversion,combined,0,236.5882911377983,1.2067030271705712
7862,euler_ramsey,0.5,1.5% Ramsey,risk_aversion,combined,0,-26.357815765723196,0.5334792857165738
7862,euler_ramsey,0.5,2.0% Ramsey,risk_aversion,combined,0,-22.35273792193462,0.44030115004273146
7862,euler_ramsey,0.5,2.5% Ramsey,risk_aversion,combined,0,-16.59299471773584,0.37529254746544594
7863,euler_ramsey,0.5,1.5% Ramsey,risk_aversion,combined,0,217.8463620727885,0.9463935256315703
7863,euler_ramsey,0.5,2.0% Ramsey,risk_aversion,combined,0,198.35007047989777,0.8891822717769852
7863,euler_ramsey,0.5,2.5% Ramsey,risk_aversion,combined,0,164.1292010507753,0.8379201075322241
7864,euler_ramsey,0.5,1.5% Ramsey,risk_aversion,combined,0,295.51145475664606,2.105296376826672
7864,euler_ramsey,0.5,2.0% Ramsey,risk_aversion,combined,0,223.7971435851455,2.3688853563100123
7864,euler_ramsey,0.5,2.5% Ramsey,risk_aversion,combined,0,161.58893014081733,2.5665139178851164
7865,euler_ramsey,0.5,1.5% Ramsey,risk_aversion,combined,0,456.87391835574925,1.96878801210143
7865,euler_ramsey,0.5,2.0% Ramsey,risk_aversion,combined,0,339.34110797105393,2.1823990119191374
7865,euler_ramsey,0.5,2.5% Ramsey,risk_aversion,combined,0,244.32069775729676,2.337344618929846
7866,euler_ramsey,0.5,1.5% Ramsey,risk_aversion,combined,0,-93.37374529142684,0.6764888081901907
7866,euler_ramsey,0.5,2.0% Ramsey,risk_aversion,combined,0,-79.28262422855862,0.5891772909475439
7866,euler_ramsey,0.5,2.5% Ramsey,risk_aversion,combined,0,-60.7095888123594,0.5235267492224245
7867,euler_ramsey,0.5,1.5% Ramsey,risk_aversion,combined,0,-137.87451196857475,0.5900261907029593
7867,euler_ramsey,0.5,2.0% Ramsey,risk_aversion,combined,0,-53.37934486089117,0.49855672516084737
7867,euler_ramsey,0.5,2.5% Ramsey,risk_aversion,combined,0,-16.03475986249507,0.4327950360304488
7868,euler_ramsey,0.5,1.5% Ramsey,risk_aversion,combined,0,536.5919309730702,1.1096771216586792
7868,euler_ramsey,0.5,2.0% Ramsey,risk_aversion,combined,0,503.49784147882855,1.0805387502175738
7868,euler_ramsey,0.5,2.5% Ramsey,risk_aversion,combined,0,415.8567384908056,1.0468170536313253
7869,euler_ramsey,0.5,1.5% Ramsey,risk_aversion,combined,0,259.89754727549,1.6649843709477088
7869,euler_ramsey,0.5,2.0% Ramsey,risk_aversion,combined,0,197.9614687733091,1.7770809977249489
7869,euler_ramsey,0.5,2.5% Ramsey,risk_aversion,combined,0,144.5005407393706,1.8482569843285683
7870,euler_ramsey,0.5,1.5% Ramsey,risk_aversion,combined,0,1053.4036322462623,0.7194764237717277
7870,euler_ramsey,0.5,2.0% Ramsey,risk_aversion,combined,0,976.043633751654,0.6358278745766662
7870,euler_ramsey,0.5,2.5% Ramsey,risk_aversion,combined,0,809.3544220010306,0.571477090889246
7871,euler_ramsey,0.5,1.5% Ramsey,risk_aversion,combined,0,249.8843203660793,0.5057203656283197
7871,euler_ramsey,0.5,2.0% Ramsey,risk_aversion,combined,0,185.6691473910462,0.4124274316938586
7871,euler_ramsey,0.5,2.5% Ramsey,risk_aversion,combined,0,132.89039761568657,0.3482994527344976
7872,euler_ramsey,0.5,1.5% Ramsey,risk_aversion,combined,0,2381.119979930484,0.6089175543825076
7872,euler_ramsey,0.5,2.0% Ramsey,risk_aversion,combined,0,1869.456328050107,0.5190999175820226
7872,euler_ramsey,0.5,2.5% Ramsey,risk_aversion,combined,0,1352.6097466338529,0.4538031680751308
7873,euler_ramsey,0.5,1.5% Ramsey,risk_aversion,combined,0,59.069484970659616,0.6778213632969577
7873,euler_ramsey,0.5,2.0% Ramsey,risk_aversion,combined,0,11.795786084900813,0.590699593225773
7873,euler_ramsey,0.5,2.5% Ramsey,risk_aversion,combined,0,-5.116467881189117,0.5251632443954894
7874,euler_ramsey,0.5,1.5% Ramsey,risk_aversion,combined,0,771.1692217536556,1.0644993068940842
7874,euler_ramsey,0.5,2.0% Ramsey,risk_aversion,combined,0,602.1873947739421,1.0273576821285468
7874,euler_ramsey,0.5,2.5% Ramsey,risk_aversion,combined,0,434.23902078804986,0.9884689713940606
7875,euler_ramsey,0.5,1.5% Ramsey,risk_aversion,combined,0,65.66830317910596,0.7621362003007263
7875,euler_ramsey,0.5,2.0% Ramsey,risk_aversion,combined,0,75.57024009086805,0.6823550252526739
7875,euler_ramsey,0.5,2.5% Ramsey,risk_aversion,combined,0,74.88639993986881,0.6194622517585399
7876,euler_ramsey,0.5,1.5% Ramsey,risk_aversion,combined,0,1000.0091828648981,0.4982833817749373
7876,euler_ramsey,0.5,2.0% Ramsey,risk_aversion,combined,0,878.6849599823961,0.40563273929997196
7876,euler_ramsey,0.5,2.5% Ramsey,risk_aversion,combined,0,684.6883881695857,0.342160947056446
7877,euler_ramsey,0.5,1.5% Ramsey,risk_aversion,combined,0,-59.37240316999883,0.4331210915357498
7877,euler_ramsey,0.5,2.0% Ramsey,risk_aversion,combined,0,-60.33750569859888,0.3411190055617412
7877,euler_ramsey,0.5,2.5% Ramsey,risk_aversion,combined,0,-54.06568376463487,0.28041180974361096
7878,euler_ramsey,0.5,1.5% Ramsey,risk_aversion,combined,0,276.8288894457635,1.3186324642366818
7878,euler_ramsey,0.5,2.0% Ramsey,risk_aversion,combined,0,209.98864672734507,1.3344594425478296
7878,euler_ramsey,0.5,2.5% Ramsey,risk_aversion,combined,0,148.10696705478716,1.3318013454930393
7879,euler_ramsey,0.5,1.5% Ramsey,risk_aversion,combined,0,-50.63999305949856,0.7325175644105616
7879,euler_ramsey,0.5,2.0% Ramsey,risk_aversion,combined,0,-38.82925363487057,0.6494668295331275
7879,euler_ramsey,0.5,2.5% Ramsey,risk_aversion,combined,0,-27.34064362941167,0.5851365314488604
7880,euler_ramsey,0.5,1.5% Ramsey,risk_aversion,combined,0,357.36941745960405,0.3017862720461564
7880,euler_ramsey,0.5,2.0% Ramsey,risk_aversion,combined,0,229.5772415109074,0.21909714983273537
7880,euler_ramsey,0.5,2.5% Ramsey,risk_aversion,combined,0,164.37233908578955,0.16911284061277837
7881,euler_ramsey,0.5,1.5% Ramsey,risk_aversion,combined,0,1420.8482530894519,0.967730243092131
7881,euler_ramsey,0.5,2.0% Ramsey,risk_aversion,combined,0,1107.3314108839945,0.9140934685813615
7881,euler_ramsey,0.5,2.5% Ramsey,risk_aversion,combined,0,811.7794749544918,0.8649639630760411
7882,euler_ramsey,0.5,1.5% Ramsey,risk_aversion,combined,0,-1145.6640168267083,0.28129236290597287
7882,euler_ramsey,0.5,2.0% Ramsey,risk_aversion,combined,0,-432.0510241481052,0.20102020767613027
7882,euler_ramsey,0.5,2.5% Ramsey,risk_aversion,combined,0,-227.15990778856104,0.1532762875703736
7883,euler_ramsey,0.5,1.5% Ramsey,risk_aversion,combined,0,2.1489896126975787,0.561410504696914
7883,euler_ramsey,0.5,2.0% Ramsey,risk_aversion,combined,0,9.071364012540222,0.46913925912745674
7883,euler_ramsey,0.5,2.5% Ramsey,risk_aversion,combined,0,16.4392355129523,0.4037577212194929
7884,euler_ramsey,0.5,1.5% Ramsey,risk_aversion,combined,0,602.8156058402209,0.5098525549130201
7884,euler_ramsey,0.5,2.0% Ramsey,risk_aversion,combined,0,354.3304436814745,0.4164838792834808
7884,euler_ramsey,0.5,2.5% Ramsey,risk_aversion,combined,0,213.08554327774618,0.35217118744695713
7885,euler_ramsey,0.5,1.5% Ramsey,risk_aversion,combined,0,328.10697399397276,1.411351752553599
7885,euler_ramsey,0.5,2.0% Ramsey,risk_aversion,combined,0,226.06252399933012,1.4512680814008179
7885,euler_ramsey,0.5,2.5% Ramsey,risk_aversion,combined,0,147.22648698176866,1.466500431602315
7886,euler_ramsey,0.5,1.5% Ramsey,risk_aversion,combined,0,211.33597662598817,0.4799080305219813
7886,euler_ramsey,0.5,2.0% Ramsey,risk_aversion,combined,0,150.67302263312976,0.3867497508425687
7886,euler_ramsey,0.5,2.5% Ramsey,risk_aversion,combined,0,113.64631835999992,0.3236235609207814
7887,euler_ramsey,0.5,1.5% Ramsey,risk_aversion,combined,0,364.9996603739031,0.5290106817786768
7887,euler_ramsey,0.5,2.0% Ramsey,risk_aversion,combined,0,284.15896091868154,0.43578811481449425
7887,euler_ramsey,0.5,2.5% Ramsey,risk_aversion,combined,0,198.46831261210355,0.3709055951634179
7888,euler_ramsey,0.5,1.5% Ramsey,risk_aversion,combined,0,261.3744160182758,0.925504189944514
7888,euler_ramsey,0.5,2.0% Ramsey,risk_aversion,combined,0,233.45547009002235,0.8652791953428375
7888,euler_ramsey,0.5,2.5% Ramsey,risk_aversion,combined,0,196.63811284894402,0.8122916058068588
7889,euler_ramsey,0.5,1.5% Ramsey,risk_aversion,combined,0,278.72867354653704,0.9027941303808301
7889,euler_ramsey,0.5,2.0% Ramsey,risk_aversion,combined,0,226.9579746224967,0.8398686405717934
7889,euler_ramsey,0.5,2.5% Ramsey,risk_aversion,combined,0,165.69816259285128,0.7854480066442171
7890,euler_ramsey,0.5,1.5% Ramsey,risk_aversion,combined,0,1103.5684221652318,0.8984516513266122
7890,euler_ramsey,0.5,2.0% Ramsey,risk_aversion,combined,0,764.5580566409595,0.8351692081918531
7890,euler_ramsey,0.5,2.5% Ramsey,risk_aversion,combined,0,536.5613253811669,0.7806068500997683
7891,euler_ramsey,0.5,1.5% Ramsey,risk_aversion,combined,0,1971.6925036776627,0.40822282859674847
7891,euler_ramsey,0.5,2.0% Ramsey,risk_aversion,combined,0,1699.2203035983498,0.31736852475611355
7891,euler_ramsey,0.5,2.5% Ramsey,risk_aversion,combined,0,1258.4802640012026,0.2582971786317803
7892,euler_ramsey,0.5,1.5% Ramsey,risk_aversion,combined,0,150.78997962256977,1.4496430647794996
7892,euler_ramsey,0.5,2.0% Ramsey,risk_aversion,combined,0,101.3572910712121,1.4997627991366116
7892,euler_ramsey,0.5,2.5% Ramsey,risk_aversion,combined,0,71.51754239972745,1.5227269490819675
7893,euler_ramsey,0.5,1.5% Ramsey,risk_aversion,combined,0,194.16232788554257,2.0337538233676122
7893,euler_ramsey,0.5,2.0% Ramsey,risk_aversion,combined,0,149.31484428676563,2.270497591013662
7893,euler_ramsey,0.5,2.5% Ramsey,risk_aversion,combined,0,115.15384910453885,2.445115511617825
7894,euler_ramsey,0.5,1.5% Ramsey,risk_aversion,combined,0,7770.001754389902,0.12900877117324275
7894,euler_ramsey,0.5,2.0% Ramsey,risk_aversion,combined,0,5884.205449519701,0.07753559472786029
7894,euler_ramsey,0.5,2.5% Ramsey,risk_aversion,combined,0,4348.084300759719,0.05172063966596234
7895,euler_ramsey,0.5,1.5% Ramsey,risk_aversion,combined,0,264.87128890519176,1.870656182038958
7895,euler_ramsey,0.5,2.0% Ramsey,risk_aversion,combined,0,195.52209354574984,2.049538742979643
7895,euler_ramsey,0.5,2.5% Ramsey,risk_aversion,combined,0,138.14437026756582,2.1751895822079406
7896,euler_ramsey,0.5,1.5% Ramsey,risk_aversion,combined,0,197.93389900773482,1.3866257389843286
7896,euler_ramsey,0.5,2.0% Ramsey,risk_aversion,combined,0,139.37831644401425,1.4207418572014265
7896,euler_ramsey,0.5,2.5% Ramsey,risk_aversion,combined,0,100.03996787429372,1.4317337124554737
7897,euler_ramsey,0.5,1.5% Ramsey,risk_aversion,combined,0,-84.53818441546623,1.8305643833458884
7897,euler_ramsey,0.5,2.0% Ramsey,risk_aversion,combined,0,-63.75038242430627,1.9956921760889694
7897,euler_ramsey,0.5,2.5% Ramsey,risk_aversion,combined,0,-41.5627029891588,2.1099408139479015
7898,euler_ramsey,0.5,1.5% Ramsey,risk_aversion,combined,0,-42.60117818724236,4.18560309436377
7898,euler_ramsey,0.5,2.0% Ramsey,risk_aversion,combined,0,-27.34698396687002,5.4967424125987545
7898,euler_ramsey,0.5,2.5% Ramsey,risk_aversion,combined,0,-18.488120001152186,6.71093513853646
7899,euler_ramsey,0.5,1.5% Ramsey,risk_aversion,combined,0,-66.96411429598625,1.8374827452039855
7899,euler_ramsey,0.5,2.0% Ramsey,risk_aversion,combined,0,-80.26260814934571,2.006008343927285
7899,euler_ramsey,0.5,2.5% Ramsey,risk_aversion,combined,0,-77.25853803552653,2.1230487993634855
7900,euler_ramsey,0.5,1.5% Ramsey,risk_aversion,combined,0,795.109391097395,0.8323834166258087
7900,euler_ramsey,0.5,2.0% Ramsey,risk_aversion,combined,0,751.9287265852945,0.7621318581620957
7900,euler_ramsey,0.5,2.5% Ramsey,risk_aversion,combined,0,663.7424718639696,0.7041885971117814
7901,euler_ramsey,0.5,1.5% Ramsey,risk_aversion,combined,0,3539.7832464002267,0.8357493578933226
7901,euler_ramsey,0.5,2.0% Ramsey,risk_aversion,combined,0,2957.0082174426198,0.7655296949331738
7901,euler_ramsey,0.5,2.5% Ramsey,risk_aversion,combined,0,2195.598847442607,0.707546684516343
7902,euler_ramsey,0.5,1.5% Ramsey,risk_aversion,combined,0,-274.4279557369485,0.4791397987377463
7902,euler_ramsey,0.5,2.0% Ramsey,risk_aversion,combined,0,-228.9714867755084,0.3859966992493053
7902,euler_ramsey,0.5,2.5% Ramsey,risk_aversion,combined,0,-174.48355815960966,0.32290241308918965
7903,euler_ramsey,0.5,1.5% Ramsey,risk_aversion,combined,0,3131.57412918229,0.2950920673345468
7903,euler_ramsey,0.5,2.0% Ramsey,risk_aversion,combined,0,1760.751622042646,0.21319243442324995
7903,euler_ramsey,0.5,2.5% Ramsey,risk_aversion,combined,0,1029.8199960594895,0.16393738451457296
7904,euler_ramsey,0.5,1.5% Ramsey,risk_aversion,combined,0,1354.9397520778825,1.0013691157289153
7904,euler_ramsey,0.5,2.0% Ramsey,risk_aversion,combined,0,1183.259220803072,0.9541163461779816
7904,euler_ramsey,0.5,2.5% Ramsey,risk_aversion,combined,0,905.0578795368392,0.9091212235853957
7905,euler_ramsey,0.5,1.5% Ramsey,risk_aversion,combined,0,8915.889611114193,0.5221369118652405
7905,euler_ramsey,0.5,2.0% Ramsey,risk_aversion,combined,0,2775.1522373072216,0.43005127577060054
7905,euler_ramsey,0.5,2.5% Ramsey,risk_aversion,combined,0,1310.5369263644407,0.36607374924486763
7906,euler_ramsey,0.5,1.5% Ramsey,risk_aversion,combined,0,447.3895560036301,0.9904752348237376
7906,euler_ramsey,0.5,2.0% Ramsey,risk_aversion,combined,0,301.6756682061515,0.9407827575358196
7906,euler_ramsey,0.5,2.5% Ramsey,risk_aversion,combined,0,205.54964964294388,0.894098491718874
7907,euler_ramsey,0.5,1.5% Ramsey,risk_aversion,combined,0,82.56574695264199,1.2842161587794263
7907,euler_ramsey,0.5,2.0% Ramsey,risk_aversion,combined,0,72.94430369306224,1.2930590703625928
7907,euler_ramsey,0.5,2.5% Ramsey,risk_aversion,combined,0,63.86257937393968,1.2855192826989914
7908,euler_ramsey,0.5,1.5% Ramsey,risk_aversion,combined,0,481.95167442678115,1.0918554164524208
7908,euler_ramsey,0.5,2.0% Ramsey,risk_aversion,combined,0,329.12869555079146,1.0586179709710384
7908,euler_ramsey,0.5,2.5% Ramsey,risk_aversion,combined,0,220.89779347956755,1.022031694405459
7909,euler_ramsey,0.5,1.5% Ramsey,risk_aversion,combined,0,1445.7881126351158,1.9292757795452578
7909,euler_ramsey,0.5,2.0% Ramsey,risk_aversion,combined,0,1064.8505992437704,2.1301710975512074
7909,euler_ramsey,0.5,2.5% Ramsey,risk_aversion,combined,0,725.241172394507,2.2747385220503236
7910,euler_ramsey,0.5,1.5% Ramsey,risk_aversion,combined,0,525.925284839027,0.6322348262875742
7910,euler_ramsey,0.5,2.0% Ramsey,risk_aversion,combined,0,369.9161852211445,0.5427057465299221
7910,euler_ramsey,0.5,2.5% Ramsey,risk_aversion,combined,0,253.1988007764995,0.47689304017123346
7911,euler_ramsey,0.5,1.5% Ramsey,risk_aversion,combined,0,1188.7451429058808,0.8251706703146452
7911,euler_ramsey,0.5,2.0% Ramsey,risk_aversion,combined,0,881.4428555318748,0.7534719091832838
7911,euler_ramsey,0.5,2.5% Ramsey,risk_aversion,combined,0,629.0815296647154,0.6946427644486366
7912,euler_ramsey,0.5,1.5% Ramsey,risk_aversion,combined,0,372.1724705213464,2.8315118400703385
7912,euler_ramsey,0.5,2.0% Ramsey,risk_aversion,combined,0,231.33089068425213,3.407117000154304
7912,euler_ramsey,0.5,2.5% Ramsey,risk_aversion,combined,0,157.6813477140385,3.8882488487402385
7913,euler_ramsey,0.5,1.5% Ramsey,risk_aversion,combined,0,920.2265478538753,0.38047882981711006
7913,euler_ramsey,0.5,2.0% Ramsey,risk_aversion,combined,0,587.6195451061816,0.29116493588360814
7913,euler_ramsey,0.5,2.5% Ramsey,risk_aversion,combined,0,368.9546423522531,0.2340925713013673
7914,euler_ramsey,0.5,1.5% Ramsey,risk_aversion,combined,0,-93.18361469121596,0.7643332298557778
7914,euler_ramsey,0.5,2.0% Ramsey,risk_aversion,combined,0,-29.344405462405422,0.6840546334229668
7914,euler_ramsey,0.5,2.5% Ramsey,risk_aversion,combined,0,22.018671765720956,0.6207791446670663
7915,euler_ramsey,0.5,1.5% Ramsey,risk_aversion,combined,0,1386.8639695332722,0.49941781796966506
7915,euler_ramsey,0.5,2.0% Ramsey,risk_aversion,combined,0,1065.3143830303409,0.4064172428335868
7915,euler_ramsey,0.5,2.5% Ramsey,risk_aversion,combined,0,764.7242083023143,0.34268323912303017
7916,euler_ramsey,0.5,1.5% Ramsey,risk_aversion,combined,0,-36.30752853955753,1.1692706612579193
7916,euler_ramsey,0.5,2.0% Ramsey,risk_aversion,combined,0,-37.03225160671089,1.152712548084406
7916,euler_ramsey,0.5,2.5% Ramsey,risk_aversion,combined,0,-27.599818814652266,1.1274303676011352
7917,euler_ramsey,0.5,1.5% Ramsey,risk_aversion,combined,0,-395.9090607199557,0.307136945447584
7917,euler_ramsey,0.5,2.0% Ramsey,risk_aversion,combined,0,-166.84806057784758,0.22408540907772465
7917,euler_ramsey,0.5,2.5% Ramsey,risk_aversion,combined,0,-86.79799621754424,0.17363668884121702
7918,euler_ramsey,0.5,1.5% Ramsey,risk_aversion,combined,0,2542.6790616782873,0.7234933550896331
7918,euler_ramsey,0.5,2.0% Ramsey,risk_aversion,combined,0,2408.098479428703,0.640403999820108
7918,euler_ramsey,0.5,2.5% Ramsey,risk_aversion,combined,0,1911.4532873830512,0.576295660523338
7919,euler_ramsey,0.5,1.5% Ramsey,risk_aversion,combined,0,449.7479368962606,0.8545745426368888
7919,euler_ramsey,0.5,2.0% Ramsey,risk_aversion,combined,0,369.2125403956704,0.7850077864019981
7919,euler_ramsey,0.5,2.5% Ramsey,risk_aversion,combined,0,285.38600518608746,0.7269401910779878
7920,euler_ramsey,0.5,1.5% Ramsey,risk_aversion,combined,0,30.925187270416497,1.932647732244442
7920,euler_ramsey,0.5,2.0% Ramsey,risk_aversion,combined,0,24.52179354774646,2.1330165092392543
7920,euler_ramsey,0.5,2.5% Ramsey,risk_aversion,combined,0,21.60853738410584,2.276618269439053
7921,euler_ramsey,0.5,1.5% Ramsey,risk_aversion,combined,0,-24.856368293827643,0.4017159318030959
7921,euler_ramsey,0.5,2.0% Ramsey,risk_aversion,combined,0,-21.335428672639917,0.3110584500712761
7921,euler_ramsey,0.5,2.5% Ramsey,risk_aversion,combined,0,-9.94797105792074,0.2523664357211439
7922,euler_ramsey,0.5,1.5% Ramsey,risk_aversion,combined,0,734.6331042029452,1.2704721600438091
7922,euler_ramsey,0.5,2.0% Ramsey,risk_aversion,combined,0,533.2386595789733,1.2761437472374118
7922,euler_ramsey,0.5,2.5% Ramsey,risk_aversion,combined,0,379.6505243140778,1.2665232105882844
7923,euler_ramsey,0.5,1.5% Ramsey,risk_aversion,combined,0,539.0341857403381,1.348749568849374
7923,euler_ramsey,0.5,2.0% Ramsey,risk_aversion,combined,0,452.20340812584493,1.3728383460613212
7923,euler_ramsey,0.5,2.5% Ramsey,risk_aversion,combined,0,360.07926418242147,1.376469384375343
7924,euler_ramsey,0.5,1.5% Ramsey,risk_aversion,combined,0,157.84161001719778,1.0727106024597728
7924,euler_ramsey,0.5,2.0% Ramsey,risk_aversion,combined,0,116.81937519526906,1.0364844513695888
7924,euler_ramsey,0.5,2.5% Ramsey,risk_aversion,combined,0,83.93087249030613,0.998108679003854
7925,euler_ramsey,0.5,1.5% Ramsey,risk_aversion,combined,0,167.451806580215,1.644453257521624
7925,euler_ramsey,0.5,2.0% Ramsey,risk_aversion,combined,0,125.70143437580586,1.750277983062165
7925,euler_ramsey,0.5,2.5% Ramsey,risk_aversion,combined,0,91.27394410636616,1.8164560327146222
7926,euler_ramsey,0.5,1.5% Ramsey,risk_aversion,combined,0,237.5431954778883,1.932634516230829
7926,euler_ramsey,0.5,2.0% Ramsey,risk_aversion,combined,0,182.19029602408528,2.132860324964738
7926,euler_ramsey,0.5,2.5% Ramsey,risk_aversion,combined,0,133.85676812113246,2.276480135530169
7927,euler_ramsey,0.5,1.5% Ramsey,risk_aversion,combined,0,-49.45563353490513,0.855766795854309
7927,euler_ramsey,0.5,2.0% Ramsey,risk_aversion,combined,0,-47.46181235657892,0.7860001495683037
7927,euler_ramsey,0.5,2.5% Ramsey,risk_aversion,combined,0,-40.5688052667964,0.7277754310365909
7928,euler_ramsey,0.5,1.5% Ramsey,risk_aversion,combined,0,1037.479686884282,1.1241563625090023
7928,euler_ramsey,0.5,2.0% Ramsey,risk_aversion,combined,0,779.8722797124169,1.0982918058284317
7928,euler_ramsey,0.5,2.5% Ramsey,risk_aversion,combined,0,559.237684243548,1.066802009132596
7929,euler_ramsey,0.5,1.5% Ramsey,risk_aversion,combined,0,65.34514211077578,0.7121708277748072
7929,euler_ramsey,0.5,2.0% Ramsey,risk_aversion,combined,0,66.0842090725394,0.6274532934226159
7929,euler_ramsey,0.5,2.5% Ramsey,risk_aversion,combined,0,66.91792320640496,0.5625646818477529
7930,euler_ramsey,0.5,1.5% Ramsey,risk_aversion,combined,0,1337.1943674183021,0.1918493514862612
7930,euler_ramsey,0.5,2.0% Ramsey,risk_aversion,combined,0,1053.0056006941722,0.12587592699021932
7930,euler_ramsey,0.5,2.5% Ramsey,risk_aversion,combined,0,824.0441839547925,0.08984927851363733
7931,euler_ramsey,0.5,1.5% Ramsey,risk_aversion,combined,0,469.3293301418725,1.1268555205034552
7931,euler_ramsey,0.5,2.0% Ramsey,risk_aversion,combined,0,378.479838715763,1.1023739775979908
7931,euler_ramsey,0.5,2.5% Ramsey,risk_aversion,combined,0,278.43273678029055,1.0718854230599615
7932,euler_ramsey,0.5,1.5% Ramsey,risk_aversion,combined,0,119.72941187035568,1.9044967879370216
7932,euler_ramsey,0.5,2.0% Ramsey,risk_aversion,combined,0,77.06317372120374,2.0949490710805105
7932,euler_ramsey,0.5,2.5% Ramsey,risk_aversion,combined,0,51.72529381424007,2.2301743333841633
7933,euler_ramsey,0.5,1.5% Ramsey,risk_aversion,combined,0,312.15680400061865,1.082224345743163
7933,euler_ramsey,0.5,2.0% Ramsey,risk_aversion,combined,0,246.01147752429637,1.048754069187047
7933,euler_ramsey,0.5,2.5% Ramsey,risk_aversion,combined,0,175.65245087760502,1.0122513392861598
7934,euler_ramsey,0.5,1.5% Ramsey,risk_aversion,combined,0,858.6031760819076,0.7977130361361391
7934,euler_ramsey,0.5,2.0% Ramsey,risk_aversion,combined,0,670.4512347697046,0.7210047484704031
7934,euler_ramsey,0.5,2.5% Ramsey,risk_aversion,combined,0,467.7216280570527,0.6593349678712113
7935,euler_ramsey,0.5,1.5% Ramsey,risk_aversion,combined,0,427.925841156126,1.2716986000068402
7935,euler_ramsey,0.5,2.0% Ramsey,risk_aversion,combined,0,316.5167853277251,1.2775408343766068
7935,euler_ramsey,0.5,2.5% Ramsey,risk_aversion,combined,0,216.83662345653374,1.2679469133686752
7936,euler_ramsey,0.5,1.5% Ramsey,risk_aversion,combined,0,1080.8864644969824,0.5474946840094926
7936,euler_ramsey,0.5,2.0% Ramsey,risk_aversion,combined,0,702.1810519707201,0.4549099217379918
7936,euler_ramsey,0.5,2.5% Ramsey,risk_aversion,combined,0,485.8894822577457,0.3897964930739161
7937,euler_ramsey,0.5,1.5% Ramsey,risk_aversion,combined,0,98.88510846643244,0.992129998032651
7937,euler_ramsey,0.5,2.0% Ramsey,risk_aversion,combined,0,53.07034638211521,0.9418835021388249
7937,euler_ramsey,0.5,2.5% Ramsey,risk_aversion,combined,0,27.075759124166197,0.8946970549535449
7938,euler_ramsey,0.5,1.5% Ramsey,risk_aversion,combined,0,95.10878336575774,1.6950585761498294
7938,euler_ramsey,0.5,2.0% Ramsey,risk_aversion,combined,0,69.3971977072041,1.8164390038035645
7938,euler_ramsey,0.5,2.5% Ramsey,risk_aversion,combined,0,50.166090627025376,1.895026749177771
7939,euler_ramsey,0.5,1.5% Ramsey,risk_aversion,combined,0,723.1051620458547,0.6647748719900078
7939,euler_ramsey,0.5,2.0% Ramsey,risk_aversion,combined,0,476.60343205231715,0.5771639430048259
7939,euler_ramsey,0.5,2.5% Ramsey,risk_aversion,combined,0,305.65957170862094,0.5116507903638383
7940,euler_ramsey,0.5,1.5% Ramsey,risk_aversion,combined,0,576.7637984888642,0.9487441992619117
7940,euler_ramsey,0.5,2.0% Ramsey,risk_aversion,combined,0,396.4526876865558,0.8920368398037798
7940,euler_ramsey,0.5,2.5% Ramsey,risk_aversion,combined,0,286.6806642940675,0.8410762928456237
7941,euler_ramsey,0.5,1.5% Ramsey,risk_aversion,combined,0,-22.730583417441814,1.1166243423661084
7941,euler_ramsey,0.5,2.0% Ramsey,risk_aversion,combined,0,-15.445131852259596,1.0886025823027126
7941,euler_ramsey,0.5,2.5% Ramsey,risk_aversion,combined,0,-7.851831874461131,1.055469939149127
7942,euler_ramsey,0.5,1.5% Ramsey,risk_aversion,combined,0,-76.36135313141519,1.136798285617688
7942,euler_ramsey,0.5,2.0% Ramsey,risk_aversion,combined,0,-42.867643787251176,1.1128812966088766
7942,euler_ramsey,0.5,2.5% Ramsey,risk_aversion,combined,0,-18.31653043408315,1.0825154170232911
7943,euler_ramsey,0.5,1.5% Ramsey,risk_aversion,combined,0,1310.6721982697475,0.372935367850387
7943,euler_ramsey,0.5,2.0% Ramsey,risk_aversion,combined,0,449.7780665661292,0.2839480721268418
7943,euler_ramsey,0.5,2.5% Ramsey,risk_aversion,combined,0,217.85005462739136,0.22738633233700145
7944,euler_ramsey,0.5,1.5% Ramsey,risk_aversion,combined,0,410.7707756860186,1.5195291358529435
7944,euler_ramsey,0.5,2.0% Ramsey,risk_aversion,combined,0,365.13439575266904,1.5889497400382302
7944,euler_ramsey,0.5,2.5% Ramsey,risk_aversion,combined,0,302.08850144035756,1.6266707801995082
7945,euler_ramsey,0.5,1.5% Ramsey,risk_aversion,combined,0,-851.6500896445463,0.15368318120250127
7945,euler_ramsey,0.5,2.0% Ramsey,risk_aversion,combined,0,-436.7892292210801,0.09587416928694964
7945,euler_ramsey,0.5,2.5% Ramsey,risk_aversion,combined,0,-273.94535198925604,0.06581089370977722
7946,euler_ramsey,0.5,1.5% Ramsey,risk_aversion,combined,0,109.96057554430013,1.2322958081704387
7946,euler_ramsey,0.5,2.0% Ramsey,risk_aversion,combined,0,76.20602003161571,1.2294704566028678
7946,euler_ramsey,0.5,2.5% Ramsey,risk_aversion,combined,0,59.31902467667899,1.2137530979214919
7947,euler_ramsey,0.5,1.5% Ramsey,risk_aversion,combined,0,-25.07497284968859,0.8273473724283704
7947,euler_ramsey,0.5,2.0% Ramsey,risk_aversion,combined,0,-29.614812459009823,0.754464201507462
7947,euler_ramsey,0.5,2.5% Ramsey,risk_aversion,combined,0,-26.364624585333043,0.694698772887172
7948,euler_ramsey,0.5,1.5% Ramsey,risk_aversion,combined,0,794.962765493257,0.5768967471178061
7948,euler_ramsey,0.5,2.0% Ramsey,risk_aversion,combined,0,727.4788133783745,0.4847571246112731
7948,euler_ramsey,0.5,2.5% Ramsey,risk_aversion,combined,0,580.6943974951237,0.4189784235571482
7949,euler_ramsey,0.5,1.5% Ramsey,risk_aversion,combined,0,1362.7490977457674,0.8907029044882863
7949,euler_ramsey,0.5,2.0% Ramsey,risk_aversion,combined,0,1101.4735506992483,0.8273808351229743
7949,euler_ramsey,0.5,2.5% Ramsey,risk_aversion,combined,0,858.9359174173562,0.7730379867717203
7950,euler_ramsey,0.5,1.5% Ramsey,risk_aversion,combined,0,-44.32650027518511,1.2706781844432131
7950,euler_ramsey,0.5,2.0% Ramsey,risk_aversion,combined,0,-28.384897770644372,1.2760893386378842
7950,euler_ramsey,0.5,2.5% Ramsey,risk_aversion,combined,0,-9.654647623793261,1.26607795787031
7951,euler_ramsey,0.5,1.5% Ramsey,risk_aversion,combined,0,186.3765918295533,0.9631578604729637
7951,euler_ramsey,0.5,2.0% Ramsey,risk_aversion,combined,0,161.31116187626196,0.9095825602910357
7951,euler_ramsey,0.5,2.5% Ramsey,risk_aversion,combined,0,127.98173504945487,0.8605797524350658
7952,euler_ramsey,0.5,1.5% Ramsey,risk_aversion,combined,0,763.3600283239804,1.218369837198698
7952,euler_ramsey,0.5,2.0% Ramsey,risk_aversion,combined,0,650.8805122682203,1.2126170119169473
7952,euler_ramsey,0.5,2.5% Ramsey,risk_aversion,combined,0,478.5990298324716,1.1948840151185525
7953,euler_ramsey,0.5,1.5% Ramsey,risk_aversion,combined,0,622.638508553925,0.8379810229681423
7953,euler_ramsey,0.5,2.0% Ramsey,risk_aversion,combined,0,551.775634482162,0.7664135601116678
7953,euler_ramsey,0.5,2.5% Ramsey,risk_aversion,combined,0,446.19622068039206,0.7073697411553742
7954,euler_ramsey,0.5,1.5% Ramsey,risk_aversion,combined,0,-209.7819765653859,0.4809625483578353
7954,euler_ramsey,0.5,2.0% Ramsey,risk_aversion,combined,0,-194.12446432303088,0.3877735649260829
7954,euler_ramsey,0.5,2.5% Ramsey,risk_aversion,combined,0,-157.9398715835006,0.32458777073963224
7955,euler_ramsey,0.5,1.5% Ramsey,risk_aversion,combined,0,898.7301861326534,0.5978655678854932
7955,euler_ramsey,0.5,2.0% Ramsey,risk_aversion,combined,0,786.2903056054768,0.5063316555461406
7955,euler_ramsey,0.5,2.5% Ramsey,risk_aversion,combined,0,630.9557595081545,0.4402805428734767
7956,euler_ramsey,0.5,1.5% Ramsey,risk_aversion,combined,0,69.51137571732535,3.6435960227903
7956,euler_ramsey,0.5,2.0% Ramsey,risk_aversion,combined,0,59.356782936434996,4.637334216878227
7956,euler_ramsey,0.5,2.5% Ramsey,risk_aversion,combined,0,50.88046432019362,5.526188058123727
7957,euler_ramsey,0.5,1.5% Ramsey,risk_aversion,combined,0,738.7723950559401,0.5435971465272763
7957,euler_ramsey,0.5,2.0% Ramsey,risk_aversion,combined,0,405.91485651097844,0.45056378134890207
7957,euler_ramsey,0.5,2.5% Ramsey,risk_aversion,combined,0,244.21380919450934,0.3853113834879729
7958,euler_ramsey,0.5,1.5% Ramsey,risk_aversion,combined,0,337.5738466298349,1.300266612256629
7958,euler_ramsey,0.5,2.0% Ramsey,risk_aversion,combined,0,240.78690187145594,1.3125337812163913
7958,euler_ramsey,0.5,2.5% Ramsey,risk_aversion,combined,0,173.04945248576087,1.3074616793020988
7959,euler_ramsey,0.5,1.5% Ramsey,risk_aversion,combined,0,426.4519533575763,0.5123452123129212
7959,euler_ramsey,0.5,2.0% Ramsey,risk_aversion,combined,0,313.0140279018831,0.4194312267392886
7959,euler_ramsey,0.5,2.5% Ramsey,risk_aversion,combined,0,235.08434171333883,0.3552906459486649
7960,euler_ramsey,0.5,1.5% Ramsey,risk_aversion,combined,0,6893.972620672268,0.24846806934028645
7960,euler_ramsey,0.5,2.0% Ramsey,risk_aversion,combined,0,2192.2449816188437,0.17288215564122705
7960,euler_ramsey,0.5,2.5% Ramsey,risk_aversion,combined,0,1108.2966662376496,0.12914173317722813
7961,euler_ramsey,0.5,1.5% Ramsey,risk_aversion,combined,0,706.0207458093296,0.9572377646208278
7961,euler_ramsey,0.5,2.0% Ramsey,risk_aversion,combined,0,686.0731004733576,0.9017988460079319
7961,euler_ramsey,0.5,2.5% Ramsey,risk_aversion,combined,0,570.1085815915804,0.8515659209973359
7962,euler_ramsey,0.5,1.5% Ramsey,risk_aversion,combined,0,77.48043179225417,0.7745217808425072
7962,euler_ramsey,0.5,2.0% Ramsey,risk_aversion,combined,0,88.05430715966479,0.6952990443152063
7962,euler_ramsey,0.5,2.5% Ramsey,risk_aversion,combined,0,87.39080372909321,0.632486560324657
7963,euler_ramsey,0.5,1.5% Ramsey,risk_aversion,combined,0,96.1769067210596,2.8623083711376966
7963,euler_ramsey,0.5,2.0% Ramsey,risk_aversion,combined,0,62.56337395365348,3.450711775520656
7963,euler_ramsey,0.5,2.5% Ramsey,risk_aversion,combined,0,43.75706014912506,3.943364887836694
7964,euler_ramsey,0.5,1.5% Ramsey,risk_aversion,combined,0,258.33295089749663,1.4991156300889092
7964,euler_ramsey,0.5,2.0% Ramsey,risk_aversion,combined,0,188.96135556054492,1.562747595974722
7964,euler_ramsey,0.5,2.5% Ramsey,risk_aversion,combined,0,136.69607054054907,1.5959684038386135
7965,euler_ramsey,0.5,1.5% Ramsey,risk_aversion,combined,0,639.1655442406601,1.9804135717405453
7965,euler_ramsey,0.5,2.0% Ramsey,risk_aversion,combined,0,456.2844735995957,2.1984655222647564
7965,euler_ramsey,0.5,2.5% Ramsey,risk_aversion,combined,0,317.4657369716491,2.3572838143795654
7966,euler_ramsey,0.5,1.5% Ramsey,risk_aversion,combined,0,-58.564305128332016,1.7252820003408744
7966,euler_ramsey,0.5,2.0% Ramsey,risk_aversion,combined,0,-67.13821268869218,1.8563936724456258
7966,euler_ramsey,0.5,2.5% Ramsey,risk_aversion,combined,0,-65.53997250713978,1.9427928587374568
7967,euler_ramsey,0.5,1.5% Ramsey,risk_aversion,combined,0,92.22462484568187,0.5424758031298561
7967,euler_ramsey,0.5,2.0% Ramsey,risk_aversion,combined,0,56.53863596693627,0.44934625526213945
7967,euler_ramsey,0.5,2.5% Ramsey,risk_aversion,combined,0,33.865095892450135,0.3840702099045555
7968,euler_ramsey,0.5,1.5% Ramsey,risk_aversion,combined,0,4033.041864978184,0.3940614325467984
7968,euler_ramsey,0.5,2.0% Ramsey,risk_aversion,combined,0,4084.078111934222,0.3041420440823133
7968,euler_ramsey,0.5,2.5% Ramsey,risk_aversion,combined,0,3337.3320195514366,0.2461622760621761
7969,euler_ramsey,0.5,1.5% Ramsey,risk_aversion,combined,0,156.03049070919457,1.9210244001558223
7969,euler_ramsey,0.5,2.0% Ramsey,risk_aversion,combined,0,106.62667492213423,2.1172375876697056
7969,euler_ramsey,0.5,2.5% Ramsey,risk_aversion,combined,0,73.88649564875664,2.257289027056423
7970,euler_ramsey,0.5,1.5% Ramsey,risk_aversion,combined,0,11.206767328842982,0.6103628205983394
7970,euler_ramsey,0.5,2.0% Ramsey,risk_aversion,combined,0,30.19046682676607,0.5195006054288137
7970,euler_ramsey,0.5,2.5% Ramsey,risk_aversion,combined,0,35.8919546529209,0.45348607072798763
7971,euler_ramsey,0.5,1.5% Ramsey,risk_aversion,combined,0,5555.996365820691,0.5297283112368975
7971,euler_ramsey,0.5,2.0% Ramsey,risk_aversion,combined,0,3297.256347154176,0.43764133447052966
7971,euler_ramsey,0.5,2.5% Ramsey,risk_aversion,combined,0,1934.29221372935,0.3734148513939577
7972,euler_ramsey,0.5,1.5% Ramsey,risk_aversion,combined,0,374.2088973900265,1.4978649488954918
7972,euler_ramsey,0.5,2.0% Ramsey,risk_aversion,combined,0,269.47017051157616,1.5610787531656811
7972,euler_ramsey,0.5,2.5% Ramsey,risk_aversion,combined,0,183.7448793271745,1.593949713219178
7973,euler_ramsey,0.5,1.5% Ramsey,risk_aversion,combined,0,-636.596697905839,0.6165830315558447
7973,euler_ramsey,0.5,2.0% Ramsey,risk_aversion,combined,0,-567.985173901109,0.5258757672297092
7973,euler_ramsey,0.5,2.5% Ramsey,risk_aversion,combined,0,-435.82344770686905,0.4597692652271267
7974,euler_ramsey,0.5,1.5% Ramsey,risk_aversion,combined,0,1476.1651172672243,0.2661463261085279
7974,euler_ramsey,0.5,2.0% Ramsey,risk_aversion,combined,0,809.4419269791615,0.187867189479518
7974,euler_ramsey,0.5,2.5% Ramsey,risk_aversion,combined,0,512.2664575072995,0.14189182172062112
7975,euler_ramsey,0.5,1.5% Ramsey,risk_aversion,combined,0,14.589509138573847,1.9258434874904593
7975,euler_ramsey,0.5,2.0% Ramsey,risk_aversion,combined,0,8.18404634800625,2.1240352436448626
7975,euler_ramsey,0.5,2.5% Ramsey,risk_aversion,combined,0,7.181180602959508,2.2658030002113327
7976,euler_ramsey,0.5,1.5% Ramsey,risk_aversion,combined,0,262.64328774749634,1.2627293739341365
7976,euler_ramsey,0.5,2.0% Ramsey,risk_aversion,combined,0,179.67029031926137,1.2664259900954178
7976,euler_ramsey,0.5,2.5% Ramsey,risk_aversion,combined,0,128.20491565994834,1.2552170034852999
7977,euler_ramsey,0.5,1.5% Ramsey,risk_aversion,combined,0,449.21005259444945,0.6430143026896219
7977,euler_ramsey,0.5,2.0% Ramsey,risk_aversion,combined,0,453.1456070446689,0.5541204275555767
7977,euler_ramsey,0.5,2.5% Ramsey,risk_aversion,combined,0,399.5430952741373,0.4884006693531773
7978,euler_ramsey,0.5,1.5% Ramsey,risk_aversion,combined,0,-158.34700099605274,1.4644144033007913
7978,euler_ramsey,0.5,2.0% Ramsey,risk_aversion,combined,0,-111.86801970084353,1.5185323404838837
7978,euler_ramsey,0.5,2.5% Ramsey,risk_aversion,combined,0,-71.11888857656058,1.5444638264724315
7979,euler_ramsey,0.5,1.5% Ramsey,risk_aversion,combined,0,-123.15934829896642,0.6461208306644657
7979,euler_ramsey,0.5,2.0% Ramsey,risk_aversion,combined,0,-79.57995782674652,0.5569247393348058
7979,euler_ramsey,0.5,2.5% Ramsey,risk_aversion,combined,0,-42.02038357864348,0.4909179761166145
7980,euler_ramsey,0.5,1.5% Ramsey,risk_aversion,combined,0,5.774853327141851,1.2887174335270413
7980,euler_ramsey,0.5,2.0% Ramsey,risk_aversion,combined,0,7.676677228926965,1.2979270462909371
7980,euler_ramsey,0.5,2.5% Ramsey,risk_aversion,combined,0,12.231333346741687,1.2906046116793304
7981,euler_ramsey,0.5,1.5% Ramsey,risk_aversion,combined,0,668.4464672771209,0.9324981293856572
7981,euler_ramsey,0.5,2.0% Ramsey,risk_aversion,combined,0,500.4831844048367,0.8741177097539269
7981,euler_ramsey,0.5,2.5% Ramsey,risk_aversion,combined,0,364.24618475201817,0.8223224448333586
7982,euler_ramsey,0.5,1.5% Ramsey,risk_aversion,combined,0,197.18954114591858,1.9882396835568108
7982,euler_ramsey,0.5,2.0% Ramsey,risk_aversion,combined,0,148.64696874361107,2.2082105533752396
7982,euler_ramsey,0.5,2.5% Ramsey,risk_aversion,combined,0,107.1791526858021,2.3683913544920134
7983,euler_ramsey,0.5,1.5% Ramsey,risk_aversion,combined,0,6001.770858379581,0.14037588299566567
7983,euler_ramsey,0.5,2.0% Ramsey,risk_aversion,combined,0,4962.957858561316,0.08582796288618495
7983,euler_ramsey,0.5,2.5% Ramsey,risk_aversion,combined,0,3601.480619311631,0.05800733421365238
7984,euler_ramsey,0.5,1.5% Ramsey,risk_aversion,combined,0,3920.510373173489,0.6140738022307806
7984,euler_ramsey,0.5,2.0% Ramsey,risk_aversion,combined,0,833.3698758758152,0.5233570483148408
7984,euler_ramsey,0.5,2.5% Ramsey,risk_aversion,combined,0,353.24951172439506,0.4573320607695602
7985,euler_ramsey,0.5,1.5% Ramsey,risk_aversion,combined,0,-1023.8102043268537,0.4769147010060222
7985,euler_ramsey,0.5,2.0% Ramsey,risk_aversion,combined,0,-519.8973358125972,0.38384081791991886
7985,euler_ramsey,0.5,2.5% Ramsey,risk_aversion,combined,0,-285.9735994310045,0.32086604304966837
7986,euler_ramsey,0.5,1.5% Ramsey,risk_aversion,combined,0,225.47042089538922,1.9219110637904306
7986,euler_ramsey,0.5,2.0% Ramsey,risk_aversion,combined,0,292.2177166139412,2.1185164078316463
7986,euler_ramsey,0.5,2.5% Ramsey,risk_aversion,combined,0,313.77169067355464,2.2590604512537604
7987,euler_ramsey,0.5,1.5% Ramsey,risk_aversion,combined,0,708.3723741609979,2.617541960730917
7987,euler_ramsey,0.5,2.0% Ramsey,risk_aversion,combined,0,531.0847828441455,3.094485628434278
7987,euler_ramsey,0.5,2.5% Ramsey,risk_aversion,combined,0,376.5345421940607,3.4835696816248407
7988,euler_ramsey,0.5,1.5% Ramsey,risk_aversion,combined,0,-92.92069149870821,0.49711096462183085
7988,euler_ramsey,0.5,2.0% Ramsey,risk_aversion,combined,0,-91.27304169623068,0.4037926669486633
7988,euler_ramsey,0.5,2.5% Ramsey,risk_aversion,combined,0,-78.30599704161702,0.339951933071071
7989,euler_ramsey,0.5,1.5% Ramsey,risk_aversion,combined,0,1549.7331563542516,0.9105236056671729
7989,euler_ramsey,0.5,2.0% Ramsey,risk_aversion,combined,0,1177.984100250629,0.8497479092729991
7989,euler_ramsey,0.5,2.5% Ramsey,risk_aversion,combined,0,870.6964011176613,0.7967786056328505
7990,euler_ramsey,0.5,1.5% Ramsey,risk_aversion,combined,0,1950.242184148629,0.779186615758392
7990,euler_ramsey,0.5,2.0% Ramsey,risk_aversion,combined,0,1536.1136539257047,0.7007704525809192
7990,euler_ramsey,0.5,2.5% Ramsey,risk_aversion,combined,0,1068.1802710844604,0.638397617949213
7991,euler_ramsey,0.5,1.5% Ramsey,risk_aversion,combined,0,-743.3545677475993,0.46804523212849597
7991,euler_ramsey,0.5,2.0% Ramsey,risk_aversion,combined,0,-525.1700546922208,0.3751145065271211
7991,euler_ramsey,0.5,2.5% Ramsey,risk_aversion,combined,0,-372.8848883018012,0.312548295994489
7992,euler_ramsey,0.5,1.5% Ramsey,risk_aversion,combined,0,900.0769980891606,0.42890044539368777
7992,euler_ramsey,0.5,2.0% Ramsey,risk_aversion,combined,0,453.43588040783453,0.33708439876942836
7992,euler_ramsey,0.5,2.5% Ramsey,risk_aversion,combined,0,287.37316582861644,0.276652585938584
7993,euler_ramsey,0.5,1.5% Ramsey,risk_aversion,combined,0,1202.5161121420101,0.4194103672753152
7993,euler_ramsey,0.5,2.0% Ramsey,risk_aversion,combined,0,821.5602959243014,0.32811949429246773
7993,euler_ramsey,0.5,2.5% Ramsey,risk_aversion,combined,0,559.5140742046783,0.2683507074374816
7994,euler_ramsey,0.5,1.5% Ramsey,risk_aversion,combined,0,121.58498501490266,0.9863259664367341
7994,euler_ramsey,0.5,2.0% Ramsey,risk_aversion,combined,0,130.8519634128822,0.9355630294324478
7994,euler_ramsey,0.5,2.5% Ramsey,risk_aversion,combined,0,121.96304123306535,0.88815892148235
7995,euler_ramsey,0.5,1.5% Ramsey,risk_aversion,combined,0,436.9157208810756,1.9668574430261212
7995,euler_ramsey,0.5,2.0% Ramsey,risk_aversion,combined,0,281.03014476249996,2.179450231323135
7995,euler_ramsey,0.5,2.5% Ramsey,risk_aversion,combined,0,184.9604789331804,2.333436863838727
7996,euler_ramsey,0.5,1.5% Ramsey,risk_aversion,combined,0,93.67496191611033,2.0046204675191053
7996,euler_ramsey,0.5,2.0% Ramsey,risk_aversion,combined,0,73.86685442783124,2.230810355155919
7996,euler_ramsey,0.5,2.5% Ramsey,risk_aversion,combined,0,57.948181266741,2.3962694321670615
7997,euler_ramsey,0.5,1.5% Ramsey,risk_aversion,combined,0,519.908992874505,0.8627980198973871
7997,euler_ramsey,0.5,2.0% Ramsey,risk_aversion,combined,0,414.7091219825436,0.7943251481740797
7997,euler_ramsey,0.5,2.5% Ramsey,risk_aversion,combined,0,310.25905634451647,0.7368876574393672
7998,euler_ramsey,0.5,1.5% Ramsey,risk_aversion,combined,0,-220.26927774009752,0.5831294536583632
7998,euler_ramsey,0.5,2.0% Ramsey,risk_aversion,combined,0,-169.4390018406664,0.4914150060182409
7998,euler_ramsey,0.5,2.5% Ramsey,risk_aversion,combined,0,-116.16990980336382,0.42568954189228225
7999,euler_ramsey,0.5,1.5% Ramsey,risk_aversion,combined,0,521.7115586755614,1.2771261119796047
7999,euler_ramsey,0.5,2.0% Ramsey,risk_aversion,combined,0,410.7748560224262,1.2844237008104122
7999,euler_ramsey,0.5,2.5% Ramsey,risk_aversion,combined,0,306.21913097488994,1.2758803396294518
8000,euler_ramsey,0.5,1.5% Ramsey,risk_aversion,combined,0,449.2067675402775,1.1730525546510318
8000,euler_ramsey,0.5,2.0% Ramsey,risk_aversion,combined,0,319.1869731700409,1.1574684787446967
8000,euler_ramsey,0.5,2.5% Ramsey,risk_aversion,combined,0,211.06290203222085,1.1329859814799639
8001,euler_ramsey,0.5,1.5% Ramsey,risk_aversion,combined,0,-377.05688896518893,0.7410713662972911
8001,euler_ramsey,0.5,2.0% Ramsey,risk_aversion,combined,0,-304.6858987365822,0.6587719265892047
8001,euler_ramsey,0.5,2.5% Ramsey,risk_aversion,combined,0,-210.56225437784323,0.5947103509745832
8002,euler_ramsey,0.5,1.5% Ramsey,risk_aversion,combined,0,-35.232634511089124,1.4416355604581135
8002,euler_ramsey,0.5,2.0% Ramsey,risk_aversion,combined,0,-29.181788234767055,1.4897326050810231
8002,euler_ramsey,0.5,2.5% Ramsey,risk_aversion,combined,0,-19.719666451179922,1.5110887072928645
8003,euler_ramsey,0.5,1.5% Ramsey,risk_aversion,combined,0,609.3606994169046,0.7246843001780178
8003,euler_ramsey,0.5,2.0% Ramsey,risk_aversion,combined,0,427.1980250794493,0.6409381330520819
8003,euler_ramsey,0.5,2.5% Ramsey,risk_aversion,combined,0,290.87037594096057,0.5763727732809375
8004,euler_ramsey,0.5,1.5% Ramsey,risk_aversion,combined,0,351.0860740321785,0.8563732484178262
8004,euler_ramsey,0.5,2.0% Ramsey,risk_aversion,combined,0,279.11947400879984,0.7866729998832706
8004,euler_ramsey,0.5,2.5% Ramsey,risk_aversion,combined,0,205.41613740045102,0.7285089413289091
8005,euler_ramsey,0.5,1.5% Ramsey,risk_aversion,combined,0,-137.93183765424638,1.2923442791813518
8005,euler_ramsey,0.5,2.0% Ramsey,risk_aversion,combined,0,-96.10739449592076,1.3027628177687751
8005,euler_ramsey,0.5,2.5% Ramsey,risk_aversion,combined,0,-61.122267151628115,1.2963215301655264
8006,euler_ramsey,0.5,1.5% Ramsey,risk_aversion,combined,0,1808.5165042411413,1.2155553169642823
8006,euler_ramsey,0.5,2.0% Ramsey,risk_aversion,combined,0,1640.807625802872,1.2103970312491534
8006,euler_ramsey,0.5,2.5% Ramsey,risk_aversion,combined,0,1340.2058012864416,1.1932868227597122
8007,euler_ramsey,0.5,1.5% Ramsey,risk_aversion,combined,0,29.221816009246712,1.6270242206976198
8007,euler_ramsey,0.5,2.0% Ramsey,risk_aversion,combined,0,22.030413972930223,1.7275489304220337
8007,euler_ramsey,0.5,2.5% Ramsey,risk_aversion,combined,0,19.7592055705937,1.789490062537863
8008,euler_ramsey,0.5,1.5% Ramsey,risk_aversion,combined,0,274.4732958068395,1.755685360293938
8008,euler_ramsey,0.5,2.0% Ramsey,risk_aversion,combined,0,220.20455221110967,1.8963503116358016
8008,euler_ramsey,0.5,2.5% Ramsey,risk_aversion,combined,0,171.1340789816394,1.9905884975197923
8009,euler_ramsey,0.5,1.5% Ramsey,risk_aversion,combined,0,182.34290856022594,1.9718787731857028
8009,euler_ramsey,0.5,2.0% Ramsey,risk_aversion,combined,0,121.94333606087405,2.1862308154583365
8009,euler_ramsey,0.5,2.5% Ramsey,risk_aversion,combined,0,86.28402639008252,2.3416857854678867
8010,euler_ramsey,0.5,1.5% Ramsey,risk_aversion,combined,0,-1530.0764909072684,0.27958567583415905
8010,euler_ramsey,0.5,2.0% Ramsey,risk_aversion,combined,0,-751.3899856147397,0.19972823564225586
8010,euler_ramsey,0.5,2.5% Ramsey,risk_aversion,combined,0,-453.8676848226063,0.152258278269607
8011,euler_ramsey,0.5,1.5% Ramsey,risk_aversion,combined,0,1954.3124763363496,0.3873626306125985
8011,euler_ramsey,0.5,2.0% Ramsey,risk_aversion,combined,0,1724.8178214261636,0.29776027548754935
8011,euler_ramsey,0.5,2.5% Ramsey,risk_aversion,combined,0,1333.7657622395066,0.24023768449805918
8012,euler_ramsey,0.5,1.5% Ramsey,risk_aversion,combined,0,-491.5621119616557,0.37344315966868863
8012,euler_ramsey,0.5,2.0% Ramsey,risk_aversion,combined,0,-342.8102981515957,0.284446174058851
8012,euler_ramsey,0.5,2.5% Ramsey,risk_aversion,combined,0,-228.48364866542502,0.2278539729188913
8013,euler_ramsey,0.5,1.5% Ramsey,risk_aversion,combined,0,2709.3501610038834,0.7167865051599918
8013,euler_ramsey,0.5,2.0% Ramsey,risk_aversion,combined,0,2422.227355031279,0.6333118697157426
8013,euler_ramsey,0.5,2.5% Ramsey,risk_aversion,combined,0,1867.543155602893,0.5691270048396606
8014,euler_ramsey,0.5,1.5% Ramsey,risk_aversion,combined,0,1150.0460388719778,0.9567452995716877
8014,euler_ramsey,0.5,2.0% Ramsey,risk_aversion,combined,0,709.8819971601131,0.9023375817109179
8014,euler_ramsey,0.5,2.5% Ramsey,risk_aversion,combined,0,454.29835494842433,0.8530575855590932
8015,euler_ramsey,0.5,1.5% Ramsey,risk_aversion,combined,0,-674.8910795622032,0.4776738689357525
8015,euler_ramsey,0.5,2.0% Ramsey,risk_aversion,combined,0,-558.2538370249789,0.3846337170488646
8015,euler_ramsey,0.5,2.5% Ramsey,risk_aversion,combined,0,-418.3159383964555,0.32164860605661105
8016,euler_ramsey,0.5,1.5% Ramsey,risk_aversion,combined,0,934.4014390139102,0.7413931999838043
8016,euler_ramsey,0.5,2.0% Ramsey,risk_aversion,combined,0,758.4509748859813,0.6593453544470959
8016,euler_ramsey,0.5,2.5% Ramsey,risk_aversion,combined,0,546.7578608671072,0.5954600300581517
8017,euler_ramsey,0.5,1.5% Ramsey,risk_aversion,combined,0,134.9305721277288,1.3133826513957747
8017,euler_ramsey,0.5,2.0% Ramsey,risk_aversion,combined,0,108.78016791375751,1.3291327771159707
8017,euler_ramsey,0.5,2.5% Ramsey,risk_aversion,combined,0,87.0979420945267,1.326554391407766
8018,euler_ramsey,0.5,1.5% Ramsey,risk_aversion,combined,0,737.5069048986455,0.9001314118620244
8018,euler_ramsey,0.5,2.0% Ramsey,risk_aversion,combined,0,639.5442814943066,0.8376760686273965
8018,euler_ramsey,0.5,2.5% Ramsey,risk_aversion,combined,0,531.344340433429,0.7836418358389255
8019,euler_ramsey,0.5,1.5% Ramsey,risk_aversion,combined,0,384.0143198276552,1.5503244805643952
8019,euler_ramsey,0.5,2.0% Ramsey,risk_aversion,combined,0,281.9297658570181,1.6285866513533382
8019,euler_ramsey,0.5,2.5% Ramsey,risk_aversion,combined,0,204.3585031372364,1.6731792017558385
8020,euler_ramsey,0.5,1.5% Ramsey,risk_aversion,combined,0,338.56933150630084,1.0862294600910434
8020,euler_ramsey,0.5,2.0% Ramsey,risk_aversion,combined,0,268.7371536201569,1.0524371703779563
8020,euler_ramsey,0.5,2.5% Ramsey,risk_aversion,combined,0,195.997494038667,1.0155781840038063
8021,euler_ramsey,0.5,1.5% Ramsey,risk_aversion,combined,0,2794.4780668782473,0.347862703896808
8021,euler_ramsey,0.5,2.0% Ramsey,risk_aversion,combined,0,1407.312484646944,0.26085079865065425
8021,euler_ramsey,0.5,2.5% Ramsey,risk_aversion,combined,0,765.0675992935371,0.20645067662841857
8022,euler_ramsey,0.5,1.5% Ramsey,risk_aversion,combined,0,-235.19286836130127,0.7090793056621973
8022,euler_ramsey,0.5,2.0% Ramsey,risk_aversion,combined,0,-241.5471337519666,0.624118402155019
8022,euler_ramsey,0.5,2.5% Ramsey,risk_aversion,combined,0,-209.4436509253786,0.5591291124105497
8023,euler_ramsey,0.5,1.5% Ramsey,risk_aversion,combined,0,170.8089250992602,2.057531517069127
8023,euler_ramsey,0.5,2.0% Ramsey,risk_aversion,combined,0,145.70036283458236,2.303167945245277
8023,euler_ramsey,0.5,2.5% Ramsey,risk_aversion,combined,0,121.01000637838541,2.4853253400078867
8024,euler_ramsey,0.5,1.5% Ramsey,risk_aversion,combined,0,-173.8616324610694,1.2064736832121603
8024,euler_ramsey,0.5,2.0% Ramsey,risk_aversion,combined,0,-134.00464251964493,1.1974712323279573
8024,euler_ramsey,0.5,2.5% Ramsey,risk_aversion,combined,0,-90.16389477193074,1.177387265715524
8025,euler_ramsey,0.5,1.5% Ramsey,risk_aversion,combined,0,1216.1128652804202,1.0697386729894702
8025,euler_ramsey,0.5,2.0% Ramsey,risk_aversion,combined,0,1130.780285179954,1.0344391478881243
8025,euler_ramsey,0.5,2.5% Ramsey,risk_aversion,combined,0,917.7893187298124,0.9969621304607564
8026,euler_ramsey,0.5,1.5% Ramsey,risk_aversion,combined,0,402.67912597141503,0.6530535911540645
8026,euler_ramsey,0.5,2.0% Ramsey,risk_aversion,combined,0,404.53304440752294,0.5651158866564276
8026,euler_ramsey,0.5,2.5% Ramsey,risk_aversion,combined,0,339.169722736353,0.4997875867868981
8027,euler_ramsey,0.5,1.5% Ramsey,risk_aversion,combined,0,3499.4708214594957,0.3235484178228814
8027,euler_ramsey,0.5,2.0% Ramsey,risk_aversion,combined,0,1962.5502164663174,0.23885872772143132
8027,euler_ramsey,0.5,2.5% Ramsey,risk_aversion,combined,0,1112.1011352225926,0.18678729738694275
8028,euler_ramsey,0.5,1.5% Ramsey,risk_aversion,combined,0,183.85773081745216,1.5115379569950962
8028,euler_ramsey,0.5,2.0% Ramsey,risk_aversion,combined,0,129.2307263713184,1.578601651888433
8028,euler_ramsey,0.5,2.5% Ramsey,risk_aversion,combined,0,90.14566341274107,1.614445027297837
8029,euler_ramsey,0.5,1.5% Ramsey,risk_aversion,combined,0,328.592006139532,2.040547872090895
8029,euler_ramsey,0.5,2.0% Ramsey,risk_aversion,combined,0,249.78504816465193,2.279770251443492
8029,euler_ramsey,0.5,2.5% Ramsey,risk_aversion,combined,0,186.42260250901043,2.456415465077958
8030,euler_ramsey,0.5,1.5% Ramsey,risk_aversion,combined,0,193.29487707396055,1.0163715573288452
8030,euler_ramsey,0.5,2.0% Ramsey,risk_aversion,combined,0,141.21129638418256,0.969868174375637
8030,euler_ramsey,0.5,2.5% Ramsey,risk_aversion,combined,0,106.82933383894783,0.9249164964852095
8031,euler_ramsey,0.5,1.5% Ramsey,risk_aversion,combined,0,482.6971024087536,1.6729056535770608
8031,euler_ramsey,0.5,2.0% Ramsey,risk_aversion,combined,0,360.37004168397726,1.787780242296248
8031,euler_ramsey,0.5,2.5% Ramsey,risk_aversion,combined,0,252.56450628922158,1.8612733174549483
8032,euler_ramsey,0.5,1.5% Ramsey,risk_aversion,combined,0,1059.3572199627226,0.8375690322743623
8032,euler_ramsey,0.5,2.0% Ramsey,risk_aversion,combined,0,846.5527757957555,0.765657398526062
8032,euler_ramsey,0.5,2.5% Ramsey,risk_aversion,combined,0,614.2131774489349,0.7063565475917039
8033,euler_ramsey,0.5,1.5% Ramsey,risk_aversion,combined,0,2496.930608207316,0.5206042166267071
8033,euler_ramsey,0.5,2.0% Ramsey,risk_aversion,combined,0,1808.0763588707473,0.4278329725466259
8033,euler_ramsey,0.5,2.5% Ramsey,risk_aversion,combined,0,1207.4608309339649,0.36350141947720743
8034,euler_ramsey,0.5,1.5% Ramsey,risk_aversion,combined,0,963.9654542104552,0.9314483352309857
8034,euler_ramsey,0.5,2.0% Ramsey,risk_aversion,combined,0,790.0162271467135,0.8740056463678664
8034,euler_ramsey,0.5,2.5% Ramsey,risk_aversion,combined,0,599.9490870719238,0.8229904336065573
8035,euler_ramsey,0.5,1.5% Ramsey,risk_aversion,combined,0,175.92890911135498,0.2339009105191726
8035,euler_ramsey,0.5,2.0% Ramsey,risk_aversion,combined,0,24.626786788935135,0.16035476604231275
8035,euler_ramsey,0.5,2.5% Ramsey,risk_aversion,combined,0,-1.1295769480780422,0.11840501064047186
8036,euler_ramsey,0.5,1.5% Ramsey,risk_aversion,combined,0,260.01661883245157,1.4514127338178875
8036,euler_ramsey,0.5,2.0% Ramsey,risk_aversion,combined,0,192.39941745337265,1.5019999913643869
8036,euler_ramsey,0.5,2.5% Ramsey,risk_aversion,combined,0,139.49999307974363,1.525276273908453
8037,euler_ramsey,0.5,1.5% Ramsey,risk_aversion,combined,0,1096.3685931159457,0.4499158616165064
8037,euler_ramsey,0.5,2.0% Ramsey,risk_aversion,combined,0,914.4812332280461,0.35736520687237705
8037,euler_ramsey,0.5,2.5% Ramsey,risk_aversion,combined,0,687.0487349131812,0.2957042914924594
8038,euler_ramsey,0.5,1.5% Ramsey,risk_aversion,combined,0,378.1845355301423,0.8465910894546914
8038,euler_ramsey,0.5,2.0% Ramsey,risk_aversion,combined,0,324.0147191619597,0.7759193864978038
8038,euler_ramsey,0.5,2.5% Ramsey,risk_aversion,combined,0,248.0545375275299,0.7172736429831692
8039,euler_ramsey,0.5,1.5% Ramsey,risk_aversion,combined,0,-424.96141194740727,0.79683133487572
8039,euler_ramsey,0.5,2.0% Ramsey,risk_aversion,combined,0,-273.1193105789451,0.7204291972591985
8039,euler_ramsey,0.5,2.5% Ramsey,risk_aversion,combined,0,-181.38381773651096,0.6589762573409241
8040,euler_ramsey,0.5,1.5% Ramsey,risk_aversion,combined,0,85.48125050110573,2.0492849520176275
8040,euler_ramsey,0.5,2.0% Ramsey,risk_aversion,combined,0,76.58602132427065,2.2917096029701574
8040,euler_ramsey,0.5,2.5% Ramsey,risk_aversion,combined,0,63.371688108147794,2.470950386173522
8041,euler_ramsey,0.5,1.5% Ramsey,risk_aversion,combined,0,519.7804313629274,1.405067973212102
8041,euler_ramsey,0.5,2.0% Ramsey,risk_aversion,combined,0,392.67094876847983,1.4437759944086648
8041,euler_ramsey,0.5,2.5% Ramsey,risk_aversion,combined,0,277.93360412029267,1.4582014412033164
8042,euler_ramsey,0.5,1.5% Ramsey,risk_aversion,combined,0,984.7328296133109,1.1783920280599425
8042,euler_ramsey,0.5,2.0% Ramsey,risk_aversion,combined,0,1167.973316786981,1.1637888106574952
8042,euler_ramsey,0.5,2.5% Ramsey,risk_aversion,combined,0,1137.3328160166163,1.1398247606745102
8043,euler_ramsey,0.5,1.5% Ramsey,risk_aversion,combined,0,2917.8318328519117,0.1370444990574722
8043,euler_ramsey,0.5,2.0% Ramsey,risk_aversion,combined,0,2390.727814272413,0.08333376486068747
8043,euler_ramsey,0.5,2.5% Ramsey,risk_aversion,combined,0,1791.2234302733725,0.056083277976728366
8044,euler_ramsey,0.5,1.5% Ramsey,risk_aversion,combined,0,-596.1233883661315,0.34598248280001953
8044,euler_ramsey,0.5,2.0% Ramsey,risk_aversion,combined,0,-483.2304652176387,0.25905900260898534
8044,euler_ramsey,0.5,2.5% Ramsey,risk_aversion,combined,0,-349.2801127079006,0.2047911466513688
8045,euler_ramsey,0.5,1.5% Ramsey,risk_aversion,combined,0,955.6090522086321,0.5200993059880874
8045,euler_ramsey,0.5,2.0% Ramsey,risk_aversion,combined,0,860.7573050428047,0.4270564733137094
8045,euler_ramsey,0.5,2.5% Ramsey,risk_aversion,combined,0,673.27055882238,0.3625792825085477
8046,euler_ramsey,0.5,1.5% Ramsey,risk_aversion,combined,0,259.9388171760378,1.0766905037909364
8046,euler_ramsey,0.5,2.0% Ramsey,risk_aversion,combined,0,228.17368350170338,1.042323152990172
8046,euler_ramsey,0.5,2.5% Ramsey,risk_aversion,combined,0,185.67609461589856,1.0053085980816827
8047,euler_ramsey,0.5,1.5% Ramsey,risk_aversion,combined,0,123.45687374574726,0.5154817695350314
8047,euler_ramsey,0.5,2.0% Ramsey,risk_aversion,combined,0,120.1176310993937,0.42262148878321965
8047,euler_ramsey,0.5,2.5% Ramsey,risk_aversion,combined,0,103.11220137521954,0.3584228484624582
8048,euler_ramsey,0.5,1.5% Ramsey,risk_aversion,combined,0,3148.3569496443283,0.3250117616464229
8048,euler_ramsey,0.5,2.0% Ramsey,risk_aversion,combined,0,1736.5426798925346,0.240024702571908
8048,euler_ramsey,0.5,2.5% Ramsey,risk_aversion,combined,0,1018.3039882696992,0.18773908028667982
8049,euler_ramsey,0.5,1.5% Ramsey,risk_aversion,combined,0,484.5345489592194,1.7967602587813245
8049,euler_ramsey,0.5,2.0% Ramsey,risk_aversion,combined,0,390.6255866608135,1.9511754211376615
8049,euler_ramsey,0.5,2.5% Ramsey,risk_aversion,combined,0,300.5079847213293,2.0567385329621453
8050,euler_ramsey,0.5,1.5% Ramsey,risk_aversion,combined,0,1233.8540881139095,0.562921835841837
8050,euler_ramsey,0.5,2.0% Ramsey,risk_aversion,combined,0,997.3838381497818,0.47040181299392575
8050,euler_ramsey,0.5,2.5% Ramsey,risk_aversion,combined,0,760.4041026929358,0.40483483139813886
8051,euler_ramsey,0.5,1.5% Ramsey,risk_aversion,combined,0,436.7655662574956,0.8464457718874697
8051,euler_ramsey,0.5,2.0% Ramsey,risk_aversion,combined,0,323.4519624983344,0.7753701631225487
8051,euler_ramsey,0.5,2.5% Ramsey,risk_aversion,combined,0,219.061352547899,0.7164583600729919
8052,euler_ramsey,0.5,1.5% Ramsey,risk_aversion,combined,0,285.8250140368235,1.7534730615653853
8052,euler_ramsey,0.5,2.0% Ramsey,risk_aversion,combined,0,221.9360123004012,1.8933760278968756
8052,euler_ramsey,0.5,2.5% Ramsey,risk_aversion,combined,0,166.00460575127437,1.9869724046575847
8053,euler_ramsey,0.5,1.5% Ramsey,risk_aversion,combined,0,3053.1125277389688,0.3758750588370046
8053,euler_ramsey,0.5,2.0% Ramsey,risk_aversion,combined,0,2837.889453491234,0.2868795020049962
8053,euler_ramsey,0.5,2.5% Ramsey,risk_aversion,combined,0,2258.8907675412765,0.23017957777474327
8054,euler_ramsey,0.5,1.5% Ramsey,risk_aversion,combined,0,753.9695115869354,0.6346448179277113
8054,euler_ramsey,0.5,2.0% Ramsey,risk_aversion,combined,0,564.491559757734,0.5449481899701133
8054,euler_ramsey,0.5,2.5% Ramsey,risk_aversion,combined,0,388.3438716756587,0.47895910125264524
8055,euler_ramsey,0.5,1.5% Ramsey,risk_aversion,combined,0,2377.5717822842435,0.39403221633357327
8055,euler_ramsey,0.5,2.0% Ramsey,risk_aversion,combined,0,1797.7669958891413,0.3038909802880206
8055,euler_ramsey,0.5,2.5% Ramsey,risk_aversion,combined,0,1217.275838026609,0.24580056477752513
8056,euler_ramsey,0.5,1.5% Ramsey,risk_aversion,combined,0,563.6992150004335,1.0167043710775792
8056,euler_ramsey,0.5,2.0% Ramsey,risk_aversion,combined,0,496.063201018872,0.9712321440319365
8056,euler_ramsey,0.5,2.5% Ramsey,risk_aversion,combined,0,383.55647224840004,0.9272014478951621
8057,euler_ramsey,0.5,1.5% Ramsey,risk_aversion,combined,0,-447.2718708200331,1.2776452018111595
8057,euler_ramsey,0.5,2.0% Ramsey,risk_aversion,combined,0,-319.6186950238541,1.2849642730203639
8057,euler_ramsey,0.5,2.5% Ramsey,risk_aversion,combined,0,-216.11700594655278,1.2763152898135555
8058,euler_ramsey,0.5,1.5% Ramsey,risk_aversion,combined,0,629.1267432166952,1.1499377438772176
8058,euler_ramsey,0.5,2.0% Ramsey,risk_aversion,combined,0,407.76127381512526,1.1301989794914467
8058,euler_ramsey,0.5,2.5% Ramsey,risk_aversion,combined,0,281.91347527657206,1.102914046993428
8059,euler_ramsey,0.5,1.5% Ramsey,risk_aversion,combined,0,1435.506452278026,1.2658302635250185
8059,euler_ramsey,0.5,2.0% Ramsey,risk_aversion,combined,0,1131.4305786009747,1.272315427286471
8059,euler_ramsey,0.5,2.5% Ramsey,risk_aversion,combined,0,872.6794514720094,1.263463001023209
8060,euler_ramsey,0.5,1.5% Ramsey,risk_aversion,combined,0,462.12653090064396,1.75463942640868
8060,euler_ramsey,0.5,2.0% Ramsey,risk_aversion,combined,0,293.936796824739,1.8953469909755793
8060,euler_ramsey,0.5,2.5% Ramsey,risk_aversion,combined,0,197.1520870200624,1.989727597405086
8061,euler_ramsey,0.5,1.5% Ramsey,risk_aversion,combined,0,308.5178457508701,1.065173643256537
8061,euler_ramsey,0.5,2.0% Ramsey,risk_aversion,combined,0,238.8160502850855,1.028155596737567
8061,euler_ramsey,0.5,2.5% Ramsey,risk_aversion,combined,0,176.20605736526016,0.9893675861904678
8062,euler_ramsey,0.5,1.5% Ramsey,risk_aversion,combined,0,412.23606911853597,1.415496036334041
8062,euler_ramsey,0.5,2.0% Ramsey,risk_aversion,combined,0,297.96338390062294,1.4566173746217892
8062,euler_ramsey,0.5,2.5% Ramsey,risk_aversion,combined,0,204.4997461538349,1.4727871612858543
8063,euler_ramsey,0.5,1.5% Ramsey,risk_aversion,combined,0,55.12258651026235,2.1433353380103677
8063,euler_ramsey,0.5,2.0% Ramsey,risk_aversion,combined,0,42.60009297603739,2.4212456477054727
8063,euler_ramsey,0.5,2.5% Ramsey,risk_aversion,combined,0,36.15208656242652,2.6311900342207633
8064,euler_ramsey,0.5,1.5% Ramsey,risk_aversion,combined,0,1172.5375107913803,0.799345396952604
8064,euler_ramsey,0.5,2.0% Ramsey,risk_aversion,combined,0,839.5355554154637,0.7250357624291245
8064,euler_ramsey,0.5,2.5% Ramsey,risk_aversion,combined,0,592.1325370088213,0.6650233411046925
8065,euler_ramsey,0.5,1.5% Ramsey,risk_aversion,combined,0,840.8831600312385,0.6598508516912607
8065,euler_ramsey,0.5,2.0% Ramsey,risk_aversion,combined,0,675.8904395959235,0.5722750338666456
8065,euler_ramsey,0.5,2.5% Ramsey,risk_aversion,combined,0,516.1737161506621,0.5069295751959019
8066,euler_ramsey,0.5,1.5% Ramsey,risk_aversion,combined,0,228.74735580094946,0.8413860416078502
8066,euler_ramsey,0.5,2.0% Ramsey,risk_aversion,combined,0,178.52210947085695,0.7695255415406527
8066,euler_ramsey,0.5,2.5% Ramsey,risk_aversion,combined,0,124.08341937089848,0.7101551333666267
8067,euler_ramsey,0.5,1.5% Ramsey,risk_aversion,combined,0,1205.7803316368183,0.6383061074868063
8067,euler_ramsey,0.5,2.0% Ramsey,risk_aversion,combined,0,1105.388555877283,0.5495638319140618
8067,euler_ramsey,0.5,2.5% Ramsey,risk_aversion,combined,0,913.713733449387,0.48408813576397197
8068,euler_ramsey,0.5,1.5% Ramsey,risk_aversion,combined,0,200.4229837566068,2.5603534947588766
8068,euler_ramsey,0.5,2.0% Ramsey,risk_aversion,combined,0,144.92673992668915,3.0102864873454673
8068,euler_ramsey,0.5,2.5% Ramsey,risk_aversion,combined,0,102.39739353406392,3.3740400322673048
8069,euler_ramsey,0.5,1.5% Ramsey,risk_aversion,combined,0,-104.11726621062675,0.4571836549442139
8069,euler_ramsey,0.5,2.0% Ramsey,risk_aversion,combined,0,-16.164911584574803,0.36457005297939965
8069,euler_ramsey,0.5,2.5% Ramsey,risk_aversion,combined,0,36.10998919382654,0.3025932899100171
8070,euler_ramsey,0.5,1.5% Ramsey,risk_aversion,combined,0,862.1302956485823,1.0180343044028004
8070,euler_ramsey,0.5,2.0% Ramsey,risk_aversion,combined,0,599.2374428459574,0.973534630729208
8070,euler_ramsey,0.5,2.5% Ramsey,risk_aversion,combined,0,423.44141046554927,0.9301963385986775
8071,euler_ramsey,0.5,1.5% Ramsey,risk_aversion,combined,0,117.52975156751567,0.8560432014843424
8071,euler_ramsey,0.5,2.0% Ramsey,risk_aversion,combined,0,98.81768774816712,0.7869599046448903
8071,euler_ramsey,0.5,2.5% Ramsey,risk_aversion,combined,0,112.13005992813859,0.7292258311981961
8072,euler_ramsey,0.5,1.5% Ramsey,risk_aversion,combined,0,3887.182910441295,0.5792636758863918
8072,euler_ramsey,0.5,2.0% Ramsey,risk_aversion,combined,0,3647.0688058518526,0.48875726782421397
8072,euler_ramsey,0.5,2.5% Ramsey,risk_aversion,combined,0,2840.748220716325,0.42391499902038665
8073,euler_ramsey,0.5,1.5% Ramsey,risk_aversion,combined,0,134.2360838222938,0.8620305287468459
8073,euler_ramsey,0.5,2.0% Ramsey,risk_aversion,combined,0,152.71436957853882,0.793126211204145
8073,euler_ramsey,0.5,2.5% Ramsey,risk_aversion,combined,0,143.9203299948737,0.7353463196046955
8074,euler_ramsey,0.5,1.5% Ramsey,risk_aversion,combined,0,-1623.286097007433,0.3010858042587541
8074,euler_ramsey,0.5,2.0% Ramsey,risk_aversion,combined,0,-844.1796580898606,0.21866798334414908
8074,euler_ramsey,0.5,2.5% Ramsey,risk_aversion,combined,0,-487.78354305528126,0.16883746497189162
8075,euler_ramsey,0.5,1.5% Ramsey,risk_aversion,combined,0,-839.4765726459481,0.40788543772904184
8075,euler_ramsey,0.5,2.0% Ramsey,risk_aversion,combined,0,-718.2864816067878,0.31712231981133304
8075,euler_ramsey,0.5,2.5% Ramsey,risk_aversion,combined,0,-562.8038126429757,0.2581049322491084
8076,euler_ramsey,0.5,1.5% Ramsey,risk_aversion,combined,0,384.53424892965563,0.300426719637467
8076,euler_ramsey,0.5,2.0% Ramsey,risk_aversion,combined,0,188.10171560902978,0.21789759761749486
8076,euler_ramsey,0.5,2.5% Ramsey,risk_aversion,combined,0,90.38112818899258,0.16805944897361375
8077,euler_ramsey,0.5,1.5% Ramsey,risk_aversion,combined,0,2632.772782897636,0.5280426222002087
8077,euler_ramsey,0.5,2.0% Ramsey,risk_aversion,combined,0,2051.7882738495878,0.43529788262976316
8077,euler_ramsey,0.5,2.5% Ramsey,risk_aversion,combined,0,1452.3613174596032,0.3707339180038001
8078,euler_ramsey,0.5,1.5% Ramsey,risk_aversion,combined,0,-13.529451598991292,0.9498038924279839
8078,euler_ramsey,0.5,2.0% Ramsey,risk_aversion,combined,0,-8.884503927104635,0.8932579777839698
8078,euler_ramsey,0.5,2.5% Ramsey,risk_aversion,combined,0,-5.775723556946801,0.8423951477933486
8079,euler_ramsey,0.5,1.5% Ramsey,risk_aversion,combined,0,331.6384619159848,1.1691761620084442
8079,euler_ramsey,0.5,2.0% Ramsey,risk_aversion,combined,0,273.2637759973032,1.1526863527022035
8079,euler_ramsey,0.5,2.5% Ramsey,risk_aversion,combined,0,207.9523158075798,1.1275564210901026
8080,euler_ramsey,0.5,1.5% Ramsey,risk_aversion,combined,0,-322.90775396568597,0.38571905148231767
8080,euler_ramsey,0.5,2.0% Ramsey,risk_aversion,combined,0,-149.2752901307689,0.2960066431003832
8080,euler_ramsey,0.5,2.5% Ramsey,risk_aversion,combined,0,-90.0872174052753,0.23849695914063251
8081,euler_ramsey,0.5,1.5% Ramsey,risk_aversion,combined,0,125.3105210528981,1.7720801646092572
8081,euler_ramsey,0.5,2.0% Ramsey,risk_aversion,combined,0,83.67766781479912,1.9180477772969282
8081,euler_ramsey,0.5,2.5% Ramsey,risk_aversion,combined,0,60.020143933233186,2.0165471810829154
8082,euler_ramsey,0.5,1.5% Ramsey,risk_aversion,combined,0,341.5265455319527,1.6336520203477407
8082,euler_ramsey,0.5,2.0% Ramsey,risk_aversion,combined,0,369.4204466290533,1.7362761202755463
8082,euler_ramsey,0.5,2.5% Ramsey,risk_aversion,combined,0,337.2301292655391,1.7999872387867555
8083,euler_ramsey,0.5,1.5% Ramsey,risk_aversion,combined,0,5054.88148687103,0.6409354066212198
8083,euler_ramsey,0.5,2.0% Ramsey,risk_aversion,combined,0,4002.9718936690833,0.5534282210918324
8083,euler_ramsey,0.5,2.5% Ramsey,risk_aversion,combined,0,2828.3172496776674,0.4886897850557185
8084,euler_ramsey,0.5,1.5% Ramsey,risk_aversion,combined,0,5901.73957625306,0.21344027786367878
8084,euler_ramsey,0.5,2.0% Ramsey,risk_aversion,combined,0,3308.061302102615,0.1437963642137872
8084,euler_ramsey,0.5,2.5% Ramsey,risk_aversion,combined,0,2089.7250587083577,0.1047866045854546
8085,euler_ramsey,0.5,1.5% Ramsey,risk_aversion,combined,0,227.57351560714557,1.3737207329674372
8085,euler_ramsey,0.5,2.0% Ramsey,risk_aversion,combined,0,136.31663638747253,1.4036864550435453
8085,euler_ramsey,0.5,2.5% Ramsey,risk_aversion,combined,0,89.48076523041979,1.4115021331728468
8086,euler_ramsey,0.5,1.5% Ramsey,risk_aversion,combined,0,1378.1368708433583,0.8753140542436617
8086,euler_ramsey,0.5,2.0% Ramsey,risk_aversion,combined,0,1072.0562952583375,0.8090834199526481
8086,euler_ramsey,0.5,2.5% Ramsey,risk_aversion,combined,0,811.3176434087846,0.7530219937348085
8087,euler_ramsey,0.5,1.5% Ramsey,risk_aversion,combined,0,1414.3794457290044,1.7165253161921579
8087,euler_ramsey,0.5,2.0% Ramsey,risk_aversion,combined,0,954.2413387648688,1.8461839210846938
8087,euler_ramsey,0.5,2.5% Ramsey,risk_aversion,combined,0,645.4737053558327,1.9317942547250018
8088,euler_ramsey,0.5,1.5% Ramsey,risk_aversion,combined,0,-765.6458153408157,0.5106477934545973
8088,euler_ramsey,0.5,2.0% Ramsey,risk_aversion,combined,0,-429.9095388768923,0.4172939962522949
8088,euler_ramsey,0.5,2.5% Ramsey,risk_aversion,combined,0,-253.90404394638125,0.35295959748649897
8089,euler_ramsey,0.5,1.5% Ramsey,risk_aversion,combined,0,800.5992684873331,0.9529262630768618
8089,euler_ramsey,0.5,2.0% Ramsey,risk_aversion,combined,0,637.8004937512661,0.8978138241435664
8089,euler_ramsey,0.5,2.5% Ramsey,risk_aversion,combined,0,488.31891565013666,0.8479505939064144
8090,euler_ramsey,0.5,1.5% Ramsey,risk_aversion,combined,0,-23.91163728636784,0.3709190406297835
8090,euler_ramsey,0.5,2.0% Ramsey,risk_aversion,combined,0,-94.5935495210117,0.2820934494781794
8090,euler_ramsey,0.5,2.5% Ramsey,risk_aversion,combined,0,-106.65140371665701,0.22570319991528717
8091,euler_ramsey,0.5,1.5% Ramsey,risk_aversion,combined,0,276.3304590024923,0.8575140173855513
8091,euler_ramsey,0.5,2.0% Ramsey,risk_aversion,combined,0,224.36589234127777,0.7878528873591603
8091,euler_ramsey,0.5,2.5% Ramsey,risk_aversion,combined,0,168.3046240906033,0.7296906135625852
8092,euler_ramsey,0.5,1.5% Ramsey,risk_aversion,combined,0,2209.78560243634,0.46701656299538036
8092,euler_ramsey,0.5,2.0% Ramsey,risk_aversion,combined,0,1828.8487194178613,0.3743434544396148
8092,euler_ramsey,0.5,2.5% Ramsey,risk_aversion,combined,0,1369.0167048315798,0.31196629333869647
8093,euler_ramsey,0.5,1.5% Ramsey,risk_aversion,combined,0,2591.5288832911465,0.5296585856543872
8093,euler_ramsey,0.5,2.0% Ramsey,risk_aversion,combined,0,1021.119811980674,0.4367760129809254
8093,euler_ramsey,0.5,2.5% Ramsey,risk_aversion,combined,0,468.21174182626595,0.3720796924442044
8094,euler_ramsey,0.5,1.5% Ramsey,risk_aversion,combined,0,508.3166941423438,0.6027299038039046
8094,euler_ramsey,0.5,2.0% Ramsey,risk_aversion,combined,0,426.65058804984943,0.5114015481411965
8094,euler_ramsey,0.5,2.5% Ramsey,risk_aversion,combined,0,305.71638160628925,0.44532385142170494
8095,euler_ramsey,0.5,1.5% Ramsey,risk_aversion,combined,0,121.0892898377614,1.2654716315912917
8095,euler_ramsey,0.5,2.0% Ramsey,risk_aversion,combined,0,104.95796621707045,1.2707262549992313
8095,euler_ramsey,0.5,2.5% Ramsey,risk_aversion,combined,0,84.66913887395552,1.260801378895756
8096,euler_ramsey,0.5,1.5% Ramsey,risk_aversion,combined,0,513.6998487165409,0.9281446289646398
8096,euler_ramsey,0.5,2.0% Ramsey,risk_aversion,combined,0,425.64599149128713,0.8685464451039427
8096,euler_ramsey,0.5,2.5% Ramsey,risk_aversion,combined,0,336.8922735906855,0.8159909826238625
8097,euler_ramsey,0.5,1.5% Ramsey,risk_aversion,combined,0,1812.9244529293694,0.6401204523297307
8097,euler_ramsey,0.5,2.0% Ramsey,risk_aversion,combined,0,1586.7573968577558,0.5515283903274666
8097,euler_ramsey,0.5,2.5% Ramsey,risk_aversion,combined,0,1227.9390141650567,0.4860979697159361
8098,euler_ramsey,0.5,1.5% Ramsey,risk_aversion,combined,0,1843.0409744308836,0.44380962259477
8098,euler_ramsey,0.5,2.0% Ramsey,risk_aversion,combined,0,1450.8605203851919,0.3514652901351892
8098,euler_ramsey,0.5,2.5% Ramsey,risk_aversion,combined,0,1018.4638096205703,0.2901551400472936
8099,euler_ramsey,0.5,1.5% Ramsey,risk_aversion,combined,0,267.53940448446764,1.051125124952127
8099,euler_ramsey,0.5,2.0% Ramsey,risk_aversion,combined,0,224.73297259119013,1.0119901247592957
8099,euler_ramsey,0.5,2.5% Ramsey,risk_aversion,combined,0,176.8271754083406,0.9718794040200547
8100,euler_ramsey,0.5,1.5% Ramsey,risk_aversion,combined,0,13814.270046747464,0.7306885009452689
8100,euler_ramsey,0.5,2.0% Ramsey,risk_aversion,combined,0,7857.603732398529,0.6500824779202699
8100,euler_ramsey,0.5,2.5% Ramsey,risk_aversion,combined,0,4295.706096529251,0.5874953586371735
8101,euler_ramsey,0.5,1.5% Ramsey,risk_aversion,combined,0,564.785960070103,1.727729889659423
8101,euler_ramsey,0.5,2.0% Ramsey,risk_aversion,combined,0,427.2567210075439,1.8595905175720946
8101,euler_ramsey,0.5,2.5% Ramsey,risk_aversion,combined,0,303.1131235623745,1.9467244344447676
8102,euler_ramsey,0.5,1.5% Ramsey,risk_aversion,combined,0,1747.9003863510914,0.16328686274430357
8102,euler_ramsey,0.5,2.0% Ramsey,risk_aversion,combined,0,770.0063311737998,0.10327455092625959
8102,euler_ramsey,0.5,2.5% Ramsey,risk_aversion,combined,0,474.63291789479365,0.07164996040600931
8103,euler_ramsey,0.5,1.5% Ramsey,risk_aversion,combined,0,716.2086170446877,2.170179193245577
8103,euler_ramsey,0.5,2.0% Ramsey,risk_aversion,combined,0,598.8554383401752,2.4597679430988886
8103,euler_ramsey,0.5,2.5% Ramsey,risk_aversion,combined,0,463.2842902335995,2.6802902271843236
8104,euler_ramsey,0.5,1.5% Ramsey,risk_aversion,combined,0,-824.9579748902372,0.4911434191485259
8104,euler_ramsey,0.5,2.0% Ramsey,risk_aversion,combined,0,-665.4307890577988,0.3979457212124946
8104,euler_ramsey,0.5,2.5% Ramsey,risk_aversion,combined,0,-487.9359571245972,0.33438368648309136
8105,euler_ramsey,0.5,1.5% Ramsey,risk_aversion,combined,0,3098.967385370926,0.686677795614386
8105,euler_ramsey,0.5,2.0% Ramsey,risk_aversion,combined,0,2246.2585128088344,0.6005419021271592
8105,euler_ramsey,0.5,2.5% Ramsey,risk_aversion,combined,0,1576.2395797028112,0.5354009519395617
8106,euler_ramsey,0.5,1.5% Ramsey,risk_aversion,combined,0,100.94347830045403,0.8549957740059885
8106,euler_ramsey,0.5,2.0% Ramsey,risk_aversion,combined,0,77.54627971190457,0.7853033328286801
8106,euler_ramsey,0.5,2.5% Ramsey,risk_aversion,combined,0,56.8410017005059,0.7271830480780088
8107,euler_ramsey,0.5,1.5% Ramsey,risk_aversion,combined,0,175.43305461872865,0.7534680613628727
8107,euler_ramsey,0.5,2.0% Ramsey,risk_aversion,combined,0,160.14335119910172,0.6723207539910366
8107,euler_ramsey,0.5,2.5% Ramsey,risk_aversion,combined,0,125.25510712594638,0.6087133940683882
8108,euler_ramsey,0.5,1.5% Ramsey,risk_aversion,combined,0,7250.513782258545,0.4602704918359087
8108,euler_ramsey,0.5,2.0% Ramsey,risk_aversion,combined,0,6775.436833499029,0.36949871762698067
8108,euler_ramsey,0.5,2.5% Ramsey,risk_aversion,combined,0,5268.100278855094,0.30842787478679196
8109,euler_ramsey,0.5,1.5% Ramsey,risk_aversion,combined,0,-351.69959969340414,0.5028456329074501
8109,euler_ramsey,0.5,2.0% Ramsey,risk_aversion,combined,0,-216.33678013194591,0.4096964547053597
8109,euler_ramsey,0.5,2.5% Ramsey,risk_aversion,combined,0,-135.95287520290393,0.34574696711143227
8110,euler_ramsey,0.5,1.5% Ramsey,risk_aversion,combined,0,2706.0270873922686,0.37661686929391913
8110,euler_ramsey,0.5,2.0% Ramsey,risk_aversion,combined,0,2440.1785936004017,0.287845579653837
8110,euler_ramsey,0.5,2.5% Ramsey,risk_aversion,combined,0,1899.6768785362772,0.23122402234235698
8111,euler_ramsey,0.5,1.5% Ramsey,risk_aversion,combined,0,-62.58959937588433,1.1651018457886853
8111,euler_ramsey,0.5,2.0% Ramsey,risk_aversion,combined,0,-75.31060900010318,1.1464862418418875
8111,euler_ramsey,0.5,2.5% Ramsey,risk_aversion,combined,0,-64.45105321155144,1.1196605107113666
8112,euler_ramsey,0.5,1.5% Ramsey,risk_aversion,combined,0,175.70850574971726,1.1010859548326966
8112,euler_ramsey,0.5,2.0% Ramsey,risk_aversion,combined,0,141.2324119937679,1.0700050969937809
8112,euler_ramsey,0.5,2.5% Ramsey,risk_aversion,combined,0,104.35197056857106,1.0349434013416086
8113,euler_ramsey,0.5,1.5% Ramsey,risk_aversion,combined,0,1729.149363947119,0.5016321188362953
8113,euler_ramsey,0.5,2.0% Ramsey,risk_aversion,combined,0,1445.3181940728764,0.4087433616811338
8113,euler_ramsey,0.5,2.5% Ramsey,risk_aversion,combined,0,1043.6127658862001,0.34499657513138193
8114,euler_ramsey,0.5,1.5% Ramsey,risk_aversion,combined,0,861.6984737518003,1.4358748332722902
8114,euler_ramsey,0.5,2.0% Ramsey,risk_aversion,combined,0,686.3581488816783,1.4825544483704984
8114,euler_ramsey,0.5,2.5% Ramsey,risk_aversion,combined,0,518.7668605460351,1.5030867862181514
8115,euler_ramsey,0.5,1.5% Ramsey,risk_aversion,combined,0,59.49822740139476,1.2583818208961404
8115,euler_ramsey,0.5,2.0% Ramsey,risk_aversion,combined,0,39.76753207516787,1.2605700881294888
8115,euler_ramsey,0.5,2.5% Ramsey,risk_aversion,combined,0,28.19168783460131,1.248249504500512
8116,euler_ramsey,0.5,1.5% Ramsey,risk_aversion,combined,0,720.5913402651389,0.7164282505683778
8116,euler_ramsey,0.5,2.0% Ramsey,risk_aversion,combined,0,557.8118500471958,0.6322046103736357
8116,euler_ramsey,0.5,2.5% Ramsey,risk_aversion,combined,0,416.5688372335282,0.5675368395668697
8117,euler_ramsey,0.5,1.5% Ramsey,risk_aversion,combined,0,491.7196983393363,2.0771767133375536
8117,euler_ramsey,0.5,2.0% Ramsey,risk_aversion,combined,0,418.75064735719144,2.331013681991106
8117,euler_ramsey,0.5,2.5% Ramsey,risk_aversion,combined,0,331.32680795512056,2.520440220038816
8118,euler_ramsey,0.5,1.5% Ramsey,risk_aversion,combined,0,761.4816486339547,0.36305368396220267
8118,euler_ramsey,0.5,2.0% Ramsey,risk_aversion,combined,0,705.9676614582319,0.27482736257390566
8118,euler_ramsey,0.5,2.5% Ramsey,risk_aversion,combined,0,555.2381170638132,0.21910194078627956
8119,euler_ramsey,0.5,1.5% Ramsey,risk_aversion,combined,0,953.2790369735332,1.3244593256285608
8119,euler_ramsey,0.5,2.0% Ramsey,risk_aversion,combined,0,722.9986702961666,1.342608663341774
8119,euler_ramsey,0.5,2.5% Ramsey,risk_aversion,combined,0,492.86983097456016,1.3418149832813737
8120,euler_ramsey,0.5,1.5% Ramsey,risk_aversion,combined,0,1056.7266582703426,1.656355474984656
8120,euler_ramsey,0.5,2.0% Ramsey,risk_aversion,combined,0,639.6895402988572,1.7675946015635122
8120,euler_ramsey,0.5,2.5% Ramsey,risk_aversion,combined,0,405.0881290770658,1.8384425058585994
8121,euler_ramsey,0.5,1.5% Ramsey,risk_aversion,combined,0,284.9709130689154,0.41699154692790785
8121,euler_ramsey,0.5,2.0% Ramsey,risk_aversion,combined,0,101.55184579093674,0.3256422919549627
8121,euler_ramsey,0.5,2.5% Ramsey,risk_aversion,combined,0,33.3029530637204,0.2659416818368239
8122,euler_ramsey,0.5,1.5% Ramsey,risk_aversion,combined,0,971.9852858343467,0.6398332915688419
8122,euler_ramsey,0.5,2.0% Ramsey,risk_aversion,combined,0,845.48194486112,0.5502778808652138
8122,euler_ramsey,0.5,2.5% Ramsey,risk_aversion,combined,0,645.9422120186679,0.48422778004572065
8123,euler_ramsey,0.5,1.5% Ramsey,risk_aversion,combined,0,1436.3479700310636,1.3260791958238554
8123,euler_ramsey,0.5,2.0% Ramsey,risk_aversion,combined,0,1049.7278561184405,1.347074370214519
8123,euler_ramsey,0.5,2.5% Ramsey,risk_aversion,combined,0,728.6858068212589,1.3488105829687638
8124,euler_ramsey,0.5,1.5% Ramsey,risk_aversion,combined,0,689.8885418235386,1.9632033619921923
8124,euler_ramsey,0.5,2.0% Ramsey,risk_aversion,combined,0,559.4929161822605,2.1747304774594025
8124,euler_ramsey,0.5,2.5% Ramsey,risk_aversion,combined,0,420.87570199455223,2.3278682053245516
8125,euler_ramsey,0.5,1.5% Ramsey,risk_aversion,combined,0,401.64923234625417,0.969889218203518
8125,euler_ramsey,0.5,2.0% Ramsey,risk_aversion,combined,0,262.8928383162421,0.9160964507542351
8125,euler_ramsey,0.5,2.5% Ramsey,risk_aversion,combined,0,178.0937119808873,0.8668096835601512
8126,euler_ramsey,0.5,1.5% Ramsey,risk_aversion,combined,0,195.61567357232198,1.5252384762894555
8126,euler_ramsey,0.5,2.0% Ramsey,risk_aversion,combined,0,145.61491017816584,1.5964330984943131
8126,euler_ramsey,0.5,2.5% Ramsey,risk_aversion,combined,0,109.46468056444824,1.6355532433599416
8127,euler_ramsey,0.5,1.5% Ramsey,risk_aversion,combined,0,457.6962399949093,0.4595534055007957
8127,euler_ramsey,0.5,2.0% Ramsey,risk_aversion,combined,0,221.25583611930202,0.3667530807803098
8127,euler_ramsey,0.5,2.5% Ramsey,risk_aversion,combined,0,134.66200762997374,0.3045850148144001
8128,euler_ramsey,0.5,1.5% Ramsey,risk_aversion,combined,0,4892.89865229031,0.7221016083531422
8128,euler_ramsey,0.5,2.0% Ramsey,risk_aversion,combined,0,4625.847828394057,0.6397841585790052
8128,euler_ramsey,0.5,2.5% Ramsey,risk_aversion,combined,0,3628.514804407161,0.576237652191228
8129,euler_ramsey,0.5,1.5% Ramsey,risk_aversion,combined,0,169.55677009379224,0.8394463993659552
8129,euler_ramsey,0.5,2.0% Ramsey,risk_aversion,combined,0,87.58449587842959,0.7675867259925726
8129,euler_ramsey,0.5,2.5% Ramsey,risk_aversion,combined,0,51.01051800920398,0.7082947758468401
8130,euler_ramsey,0.5,1.5% Ramsey,risk_aversion,combined,0,361.205209604699,1.3563283760944835
8130,euler_ramsey,0.5,2.0% Ramsey,risk_aversion,combined,0,273.221944318158,1.3821084114021007
8130,euler_ramsey,0.5,2.5% Ramsey,risk_aversion,combined,0,191.69338035898627,1.386854071139361
8131,euler_ramsey,0.5,1.5% Ramsey,risk_aversion,combined,0,1192.605302862734,0.7106286365786983
8131,euler_ramsey,0.5,2.0% Ramsey,risk_aversion,combined,0,1047.7704836102578,0.6257919607236073
8131,euler_ramsey,0.5,2.5% Ramsey,risk_aversion,combined,0,801.4088250852734,0.5608535840453099
8132,euler_ramsey,0.5,1.5% Ramsey,risk_aversion,combined,0,490.7666333729836,1.3546076975009695
8132,euler_ramsey,0.5,2.0% Ramsey,risk_aversion,combined,0,280.55054749477574,1.380635396497969
8132,euler_ramsey,0.5,2.5% Ramsey,risk_aversion,combined,0,171.94399203648163,1.3856722130188128
8133,euler_ramsey,0.5,1.5% Ramsey,risk_aversion,combined,0,255.7772839003198,2.6596524443226137
8133,euler_ramsey,0.5,2.0% Ramsey,risk_aversion,combined,0,153.76344417801707,3.154559636681654
8133,euler_ramsey,0.5,2.5% Ramsey,risk_aversion,combined,0,95.35066316357488,3.559940708493823
8134,euler_ramsey,0.5,1.5% Ramsey,risk_aversion,combined,0,797.10599161777,0.6100155160131476
8134,euler_ramsey,0.5,2.0% Ramsey,risk_aversion,combined,0,636.7130662528282,0.519482556064521
8134,euler_ramsey,0.5,2.5% Ramsey,risk_aversion,combined,0,467.41416110673043,0.453689634524577
8135,euler_ramsey,0.5,1.5% Ramsey,risk_aversion,combined,0,2181.952714400622,1.2931752121736098
8135,euler_ramsey,0.5,2.0% Ramsey,risk_aversion,combined,0,1506.7162935960287,1.3050852166927474
8135,euler_ramsey,0.5,2.5% Ramsey,risk_aversion,combined,0,1028.7609175915873,1.2999562389419967
8136,euler_ramsey,0.5,1.5% Ramsey,risk_aversion,combined,0,28.079730095354634,0.8342759850769368
8136,euler_ramsey,0.5,2.0% Ramsey,risk_aversion,combined,0,33.64342336056874,0.7618095913315621
8136,euler_ramsey,0.5,2.5% Ramsey,risk_aversion,combined,0,37.20598256562923,0.7022207116327559
8137,euler_ramsey,0.5,1.5% Ramsey,risk_aversion,combined,0,6820.594026199141,0.29685288996345094
8137,euler_ramsey,0.5,2.0% Ramsey,risk_aversion,combined,0,5056.713777816254,0.21527398572609052
8137,euler_ramsey,0.5,2.5% Ramsey,risk_aversion,combined,0,3603.9969085181515,0.1660591172347289
8138,euler_ramsey,0.5,1.5% Ramsey,risk_aversion,combined,0,-527.4127054481291,1.2227151212940301
8138,euler_ramsey,0.5,2.0% Ramsey,risk_aversion,combined,0,-389.6169192926711,1.217349587990455
8138,euler_ramsey,0.5,2.5% Ramsey,risk_aversion,combined,0,-261.2138701977122,1.199728089692214
8139,euler_ramsey,0.5,1.5% Ramsey,risk_aversion,combined,0,394.5170513569566,1.3157757858378814
8139,euler_ramsey,0.5,2.0% Ramsey,risk_aversion,combined,0,315.130867381226,1.3319428398747275
8139,euler_ramsey,0.5,2.5% Ramsey,risk_aversion,combined,0,250.1010029313419,1.3296915550369504
8140,euler_ramsey,0.5,1.5% Ramsey,risk_aversion,combined,0,295.1646728492641,1.6948688615749943
8140,euler_ramsey,0.5,2.0% Ramsey,risk_aversion,combined,0,245.70053500171983,1.8162266140915992
8140,euler_ramsey,0.5,2.5% Ramsey,risk_aversion,combined,0,190.7534726168307,1.8948274049527007
8141,euler_ramsey,0.5,1.5% Ramsey,risk_aversion,combined,0,2107.579867735312,0.6969167570144891
8141,euler_ramsey,0.5,2.0% Ramsey,risk_aversion,combined,0,1857.1414566369124,0.6114643595779584
8141,euler_ramsey,0.5,2.5% Ramsey,risk_aversion,combined,0,1415.1928581232014,0.54649280964035
8142,euler_ramsey,0.5,1.5% Ramsey,risk_aversion,combined,0,475.4949393158894,1.331755389440742
8142,euler_ramsey,0.5,2.0% Ramsey,risk_aversion,combined,0,385.82337408508835,1.3517379074839073
8142,euler_ramsey,0.5,2.5% Ramsey,risk_aversion,combined,0,291.87170084022466,1.3522805773967148
8143,euler_ramsey,0.5,1.5% Ramsey,risk_aversion,combined,0,380.9259238558489,2.112318029286933
8143,euler_ramsey,0.5,2.0% Ramsey,risk_aversion,combined,0,324.76943974364985,2.3790151084624833
8143,euler_ramsey,0.5,2.5% Ramsey,risk_aversion,combined,0,256.2206107610535,2.579434125008342
8144,euler_ramsey,0.5,1.5% Ramsey,risk_aversion,combined,0,2958.6741849282275,0.39025339987283497
8144,euler_ramsey,0.5,2.0% Ramsey,risk_aversion,combined,0,2680.108175345709,0.30074427650464286
8144,euler_ramsey,0.5,2.5% Ramsey,risk_aversion,combined,0,2095.949841518923,0.2431429018508174
8145,euler_ramsey,0.5,1.5% Ramsey,risk_aversion,combined,0,725.2606489148793,0.8709209024945992
8145,euler_ramsey,0.5,2.0% Ramsey,risk_aversion,combined,0,471.2325454411297,0.8044899141236815
8145,euler_ramsey,0.5,2.5% Ramsey,risk_aversion,combined,0,292.37348425674486,0.7483683890202077
8146,euler_ramsey,0.5,1.5% Ramsey,risk_aversion,combined,0,1161.9280023018996,0.5761068075525848
8146,euler_ramsey,0.5,2.0% Ramsey,risk_aversion,combined,0,677.8341735629726,0.4841477725917876
8146,euler_ramsey,0.5,2.5% Ramsey,risk_aversion,combined,0,411.71411662158306,0.41850850812867946
8147,euler_ramsey,0.5,1.5% Ramsey,risk_aversion,combined,0,1223.005372303029,0.42641122963374667
8147,euler_ramsey,0.5,2.0% Ramsey,risk_aversion,combined,0,1164.909804528964,0.33505781876665425
8147,euler_ramsey,0.5,2.5% Ramsey,risk_aversion,combined,0,995.3107990163046,0.27497378469842193
8148,euler_ramsey,0.5,1.5% Ramsey,risk_aversion,combined,0,24.672521282910587,0.6247121316636296
8148,euler_ramsey,0.5,2.0% Ramsey,risk_aversion,combined,0,79.42755667353393,0.5345450894955993
8148,euler_ramsey,0.5,2.5% Ramsey,risk_aversion,combined,0,142.45603012930312,0.4685431196296196
8149,euler_ramsey,0.5,1.5% Ramsey,risk_aversion,combined,0,156.91058176790688,2.4216764884226714
8149,euler_ramsey,0.5,2.0% Ramsey,risk_aversion,combined,0,106.53931393888323,2.8118854969099827
8149,euler_ramsey,0.5,2.5% Ramsey,risk_aversion,combined,0,73.18344122762785,3.121410631471025
8150,euler_ramsey,0.5,1.5% Ramsey,risk_aversion,combined,0,1894.6018247404313,0.6416113738899052
8150,euler_ramsey,0.5,2.0% Ramsey,risk_aversion,combined,0,1694.576327699426,0.552809214775658
8150,euler_ramsey,0.5,2.5% Ramsey,risk_aversion,combined,0,1322.0784864515074,0.48719523929347364
8151,euler_ramsey,0.5,1.5% Ramsey,risk_aversion,combined,0,-111.83886575830502,0.4989514667117897
8151,euler_ramsey,0.5,2.0% Ramsey,risk_aversion,combined,0,-84.64917395886205,0.4059155162410405
8151,euler_ramsey,0.5,2.5% Ramsey,risk_aversion,combined,0,-61.7846553830851,0.34216491951683753
8152,euler_ramsey,0.5,1.5% Ramsey,risk_aversion,combined,0,248.18578270295512,2.2490330688669777
8152,euler_ramsey,0.5,2.0% Ramsey,risk_aversion,combined,0,197.5845311555439,2.5683465347719365
8152,euler_ramsey,0.5,2.5% Ramsey,risk_aversion,combined,0,150.0427674244758,2.814614196425305
8153,euler_ramsey,0.5,1.5% Ramsey,risk_aversion,combined,0,-277.6232996697181,1.0976827026483198
8153,euler_ramsey,0.5,2.0% Ramsey,risk_aversion,combined,0,-208.9043952422269,1.06634767266125
8153,euler_ramsey,0.5,2.5% Ramsey,risk_aversion,combined,0,-141.05921146988504,1.0311241632454768
8154,euler_ramsey,0.5,1.5% Ramsey,risk_aversion,combined,0,-0.6434745127113357,0.3923003785336963
8154,euler_ramsey,0.5,2.0% Ramsey,risk_aversion,combined,0,-7.841923021067683,0.3021128621698997
8154,euler_ramsey,0.5,2.5% Ramsey,risk_aversion,combined,0,-5.4504392866666596,0.24407206662760206
8155,euler_ramsey,0.5,1.5% Ramsey,risk_aversion,combined,0,2704.8457018310264,0.47404452608598857
8155,euler_ramsey,0.5,2.0% Ramsey,risk_aversion,combined,0,963.1864974495094,0.38125956324361426
8155,euler_ramsey,0.5,2.5% Ramsey,risk_aversion,combined,0,476.55180252688984,0.3185579803191151
8156,euler_ramsey,0.5,1.5% Ramsey,risk_aversion,combined,0,3070.101190029913,0.3703045446288464
8156,euler_ramsey,0.5,2.0% Ramsey,risk_aversion,combined,0,2931.534833841161,0.28188829077366273
8156,euler_ramsey,0.5,2.5% Ramsey,risk_aversion,combined,0,2383.4549480501173,0.22573343890294756
8157,euler_ramsey,0.5,1.5% Ramsey,risk_aversion,combined,0,608.5432621816756,0.8464057319311267
8157,euler_ramsey,0.5,2.0% Ramsey,risk_aversion,combined,0,406.91146054383785,0.7765334348474937
8157,euler_ramsey,0.5,2.5% Ramsey,risk_aversion,combined,0,266.6130424526173,0.7184510999769925
8158,euler_ramsey,0.5,1.5% Ramsey,risk_aversion,combined,0,229.9767444024652,1.310158856231143
8158,euler_ramsey,0.5,2.0% Ramsey,risk_aversion,combined,0,187.51481709504745,1.3242760834309975
8158,euler_ramsey,0.5,2.5% Ramsey,risk_aversion,combined,0,143.89945721968243,1.3205194263845899
8159,euler_ramsey,0.5,1.5% Ramsey,risk_aversion,combined,0,1046.8939948123937,0.6509174757152488
8159,euler_ramsey,0.5,2.0% Ramsey,risk_aversion,combined,0,791.8735157895355,0.5622088168185296
8159,euler_ramsey,0.5,2.5% Ramsey,risk_aversion,combined,0,547.7748134988555,0.4963861455914834
8160,euler_ramsey,0.5,1.5% Ramsey,risk_aversion,combined,0,221.23113135187987,0.8596577562951548
8160,euler_ramsey,0.5,2.0% Ramsey,risk_aversion,combined,0,168.15630102629288,0.7902656048134156
8160,euler_ramsey,0.5,2.5% Ramsey,risk_aversion,combined,0,118.12310545719755,0.7322327216409038
8161,euler_ramsey,0.5,1.5% Ramsey,risk_aversion,combined,0,856.651972800882,1.4800168392004744
8161,euler_ramsey,0.5,2.0% Ramsey,risk_aversion,combined,0,633.249317673082,1.5392953067659108
8161,euler_ramsey,0.5,2.5% Ramsey,risk_aversion,combined,0,435.5713030919506,1.5694453990476622
8162,euler_ramsey,0.5,1.5% Ramsey,risk_aversion,combined,0,756.952350814626,0.5696226709809667
8162,euler_ramsey,0.5,2.0% Ramsey,risk_aversion,combined,0,484.968327458381,0.4774994893062871
8162,euler_ramsey,0.5,2.5% Ramsey,risk_aversion,combined,0,317.03048036192166,0.4119668561751944
8163,euler_ramsey,0.5,1.5% Ramsey,risk_aversion,combined,0,-285.59730481532745,1.1839410898435503
8163,euler_ramsey,0.5,2.0% Ramsey,risk_aversion,combined,0,-222.85540036700374,1.1700993519213552
8163,euler_ramsey,0.5,2.5% Ramsey,risk_aversion,combined,0,-151.85350600149712,1.1466540909814484
8164,euler_ramsey,0.5,1.5% Ramsey,risk_aversion,combined,0,1289.744795189638,0.80299857843139
8164,euler_ramsey,0.5,2.0% Ramsey,risk_aversion,combined,0,603.0593740998276,0.7268734024950547
8164,euler_ramsey,0.5,2.5% Ramsey,risk_aversion,combined,0,304.68146025789486,0.6654838180909274
8165,euler_ramsey,0.5,1.5% Ramsey,risk_aversion,combined,0,-205.65663296446738,0.5461132551211798
8165,euler_ramsey,0.5,2.0% Ramsey,risk_aversion,combined,0,-127.57781957455343,0.4530608047855657
8165,euler_ramsey,0.5,2.5% Ramsey,risk_aversion,combined,0,-86.29358072228938,0.38770986882577013
8166,euler_ramsey,0.5,1.5% Ramsey,risk_aversion,combined,0,453.3042237798349,0.8930373994044849
8166,euler_ramsey,0.5,2.0% Ramsey,risk_aversion,combined,0,356.0343518369868,0.8283768707542872
8166,euler_ramsey,0.5,2.5% Ramsey,risk_aversion,combined,0,263.83466119191934,0.7729315988259893
8167,euler_ramsey,0.5,1.5% Ramsey,risk_aversion,combined,0,2147.120926649044,0.6137279131634122
8167,euler_ramsey,0.5,2.0% Ramsey,risk_aversion,combined,0,1857.1704859372235,0.5240079700071545
8167,euler_ramsey,0.5,2.5% Ramsey,risk_aversion,combined,0,1418.993649027006,0.4586290672231887
8168,euler_ramsey,0.5,1.5% Ramsey,risk_aversion,combined,0,-173.32652144983743,0.3243227189634797
8168,euler_ramsey,0.5,2.0% Ramsey,risk_aversion,combined,0,-119.170874823348,0.23932924552945317
8168,euler_ramsey,0.5,2.5% Ramsey,risk_aversion,combined,0,-85.66223022880992,0.18707344071605775
8169,euler_ramsey,0.5,1.5% Ramsey,risk_aversion,combined,0,8542.434895619763,0.33606205850326076
8169,euler_ramsey,0.5,2.0% Ramsey,risk_aversion,combined,0,3157.700048203541,0.25030564160981783
8169,euler_ramsey,0.5,2.5% Ramsey,risk_aversion,combined,0,1481.675116243558,0.19709136818840853
8170,euler_ramsey,0.5,1.5% Ramsey,risk_aversion,combined,0,711.6196254824952,1.0193824082219451
8170,euler_ramsey,0.5,2.0% Ramsey,risk_aversion,combined,0,591.2088095240163,0.9748941548744806
8170,euler_ramsey,0.5,2.5% Ramsey,risk_aversion,combined,0,446.73938478497064,0.9314505555134369
8171,euler_ramsey,0.5,1.5% Ramsey,risk_aversion,combined,0,403.1609686604875,0.955152660116819
8171,euler_ramsey,0.5,2.0% Ramsey,risk_aversion,combined,0,304.3653677645435,0.8990130883615307
8171,euler_ramsey,0.5,2.5% Ramsey,risk_aversion,combined,0,221.6597401866291,0.8483012879846809
8172,euler_ramsey,0.5,1.5% Ramsey,risk_aversion,combined,0,4359.631555663299,0.3312295322822135
8172,euler_ramsey,0.5,2.0% Ramsey,risk_aversion,combined,0,2824.2523164997433,0.2459260101158618
8172,euler_ramsey,0.5,2.5% Ramsey,risk_aversion,combined,0,1823.548946641632,0.1931705484576059
8173,euler_ramsey,0.5,1.5% Ramsey,risk_aversion,combined,0,356.65020279635087,0.6180125729405551
8173,euler_ramsey,0.5,2.0% Ramsey,risk_aversion,combined,0,264.834807170946,0.5279128704145565
8173,euler_ramsey,0.5,2.5% Ramsey,risk_aversion,combined,0,194.14511510615714,0.46215359982901827
8174,euler_ramsey,0.5,1.5% Ramsey,risk_aversion,combined,0,409.4363189536245,1.2974018862591425
8174,euler_ramsey,0.5,2.0% Ramsey,risk_aversion,combined,0,357.93432035249003,1.3089682848902913
8174,euler_ramsey,0.5,2.5% Ramsey,risk_aversion,combined,0,296.70846157066364,1.3034923585395857
8175,euler_ramsey,0.5,1.5% Ramsey,risk_aversion,combined,0,862.4524271644816,0.754367053471245
8175,euler_ramsey,0.5,2.0% Ramsey,risk_aversion,combined,0,618.1604342092284,0.6736585987483091
8175,euler_ramsey,0.5,2.5% Ramsey,risk_aversion,combined,0,443.5407145981342,0.6103751603356804
8176,euler_ramsey,0.5,1.5% Ramsey,risk_aversion,combined,0,219.39909604522683,1.8279022683022181
8176,euler_ramsey,0.5,2.0% Ramsey,risk_aversion,combined,0,170.82916034730826,1.9923454452337361
8176,euler_ramsey,0.5,2.5% Ramsey,risk_aversion,combined,0,128.57910030361967,2.1060564848872168
8177,euler_ramsey,0.5,1.5% Ramsey,risk_aversion,combined,0,299.048804456127,1.641877104290791
8177,euler_ramsey,0.5,2.0% Ramsey,risk_aversion,combined,0,204.56413746338131,1.7466028051373093
8177,euler_ramsey,0.5,2.5% Ramsey,risk_aversion,combined,0,139.0963733767901,1.8118389615624024
8178,euler_ramsey,0.5,1.5% Ramsey,risk_aversion,combined,0,1555.4131448156545,0.37632089116283607
8178,euler_ramsey,0.5,2.0% Ramsey,risk_aversion,combined,0,1190.3992410466126,0.2873031567103275
8178,euler_ramsey,0.5,2.5% Ramsey,risk_aversion,combined,0,886.1357099669568,0.23057252492261576
8179,euler_ramsey,0.5,1.5% Ramsey,risk_aversion,combined,0,779.3769413916164,0.848066959223148
8179,euler_ramsey,0.5,2.0% Ramsey,risk_aversion,combined,0,666.1755534578701,0.7777511750049587
8179,euler_ramsey,0.5,2.5% Ramsey,risk_aversion,combined,0,516.8549893675298,0.7193231137549194
8180,euler_ramsey,0.5,1.5% Ramsey,risk_aversion,combined,0,75.13881308357765,1.742971293892284
8180,euler_ramsey,0.5,2.0% Ramsey,risk_aversion,combined,0,57.73131279240839,1.8795473518575638
8180,euler_ramsey,0.5,2.5% Ramsey,risk_aversion,combined,0,46.63950641825614,1.9704131845245787
8181,euler_ramsey,0.5,1.5% Ramsey,risk_aversion,combined,0,1188.3621150864815,1.159666139058645
8181,euler_ramsey,0.5,2.0% Ramsey,risk_aversion,combined,0,1023.481452389642,1.1423771494772106
8181,euler_ramsey,0.5,2.5% Ramsey,risk_aversion,combined,0,790.4208506328849,1.116955715177118
8182,euler_ramsey,0.5,1.5% Ramsey,risk_aversion,combined,0,1106.7239085549054,0.34816856021594106
8182,euler_ramsey,0.5,2.0% Ramsey,risk_aversion,combined,0,800.1431271775624,0.26107197507986935
8182,euler_ramsey,0.5,2.5% Ramsey,risk_aversion,combined,0,551.3019370716702,0.20661533095403584
8183,euler_ramsey,0.5,1.5% Ramsey,risk_aversion,combined,0,544.596030760749,1.4860466533149335
8183,euler_ramsey,0.5,2.0% Ramsey,risk_aversion,combined,0,533.6786923234102,1.5458113740068513
8183,euler_ramsey,0.5,2.5% Ramsey,risk_aversion,combined,0,435.74632148359746,1.5761469744352066
8184,euler_ramsey,0.5,1.5% Ramsey,risk_aversion,combined,0,260.00491877973343,2.689482542604902
8184,euler_ramsey,0.5,2.0% Ramsey,risk_aversion,combined,0,191.42680958256875,3.197437173384204
8184,euler_ramsey,0.5,2.5% Ramsey,risk_aversion,combined,0,147.05190589337886,3.614769113598706
8185,euler_ramsey,0.5,1.5% Ramsey,risk_aversion,combined,0,522.3501310411222,0.5193463157028031
8185,euler_ramsey,0.5,2.0% Ramsey,risk_aversion,combined,0,465.72921227447,0.4265934716180959
8185,euler_ramsey,0.5,2.5% Ramsey,risk_aversion,combined,0,372.87214706022246,0.36232675764589867
8186,euler_ramsey,0.5,1.5% Ramsey,risk_aversion,combined,0,199.93536307180702,1.5672016702970457
8186,euler_ramsey,0.5,2.0% Ramsey,risk_aversion,combined,0,166.3860711554277,1.6507020882915586
8186,euler_ramsey,0.5,2.5% Ramsey,risk_aversion,combined,0,131.13799639685928,1.6993719791776978
8187,euler_ramsey,0.5,1.5% Ramsey,risk_aversion,combined,0,61.504621032402476,0.5119108795075944
8187,euler_ramsey,0.5,2.0% Ramsey,risk_aversion,combined,0,10.601200286473443,0.4188118249644315
8187,euler_ramsey,0.5,2.5% Ramsey,risk_aversion,combined,0,1.1040284358693027,0.35457771683871725
8188,euler_ramsey,0.5,1.5% Ramsey,risk_aversion,combined,0,798.6011643748211,1.5464161780774224
8188,euler_ramsey,0.5,2.0% Ramsey,risk_aversion,combined,0,593.0778101225505,1.6242156900683289
8188,euler_ramsey,0.5,2.5% Ramsey,risk_aversion,combined,0,415.60403689037236,1.6686341889567904
8189,euler_ramsey,0.5,1.5% Ramsey,risk_aversion,combined,0,-52.6641644307611,1.084913230284117
8189,euler_ramsey,0.5,2.0% Ramsey,risk_aversion,combined,0,-22.901187124775912,1.0518279673517117
8189,euler_ramsey,0.5,2.5% Ramsey,risk_aversion,combined,0,-0.05481428559847332,1.0155588086733456
8190,euler_ramsey,0.5,1.5% Ramsey,risk_aversion,combined,0,547.7709953378302,0.5385041021630911
8190,euler_ramsey,0.5,2.0% Ramsey,risk_aversion,combined,0,290.87086659447476,0.44531994187835283
8190,euler_ramsey,0.5,2.5% Ramsey,risk_aversion,combined,0,170.59854728736036,0.3801443002991313
8191,euler_ramsey,0.5,1.5% Ramsey,risk_aversion,combined,0,1027.2863971926122,0.3900975918543134
8191,euler_ramsey,0.5,2.0% Ramsey,risk_aversion,combined,0,724.7782014826981,0.30025807723337883
8191,euler_ramsey,0.5,2.5% Ramsey,risk_aversion,combined,0,514.2017952851738,0.24249097068995812
8192,euler_ramsey,0.5,1.5% Ramsey,risk_aversion,combined,0,1826.3172022233082,0.42000083429742124
8192,euler_ramsey,0.5,2.0% Ramsey,risk_aversion,combined,0,1397.260265453654,0.3287032309051991
8192,euler_ramsey,0.5,2.5% Ramsey,risk_aversion,combined,0,1002.4862894168782,0.2689086896808646
8193,euler_ramsey,0.5,1.5% Ramsey,risk_aversion,combined,0,556.9150425628962,0.7268283143421382
8193,euler_ramsey,0.5,2.0% Ramsey,risk_aversion,combined,0,457.9739450840224,0.642980235659177
8193,euler_ramsey,0.5,2.5% Ramsey,risk_aversion,combined,0,321.23102302492936,0.5782578578279705
8194,euler_ramsey,0.5,1.5% Ramsey,risk_aversion,combined,0,1180.9116753607555,0.8664584775065404
8194,euler_ramsey,0.5,2.0% Ramsey,risk_aversion,combined,0,944.4918129883978,0.7979360555707866
8194,euler_ramsey,0.5,2.5% Ramsey,risk_aversion,combined,0,692.333208058531,0.7403594851915957
8195,euler_ramsey,0.5,1.5% Ramsey,risk_aversion,combined,0,720.5632749560086,0.4141415362468492
8195,euler_ramsey,0.5,2.0% Ramsey,risk_aversion,combined,0,662.6605299082751,0.3229747480094864
8195,euler_ramsey,0.5,2.5% Ramsey,risk_aversion,combined,0,523.8134822507798,0.26349016708593503
8196,euler_ramsey,0.5,1.5% Ramsey,risk_aversion,combined,0,620.2332698035608,1.3437602239906772
8196,euler_ramsey,0.5,2.0% Ramsey,risk_aversion,combined,0,459.2056661704152,1.3669235142067713
8196,euler_ramsey,0.5,2.5% Ramsey,risk_aversion,combined,0,327.2991003421052,1.3698588356670447
8197,euler_ramsey,0.5,1.5% Ramsey,risk_aversion,combined,0,-2228.6326673041726,0.13575734563833838
8197,euler_ramsey,0.5,2.0% Ramsey,risk_aversion,combined,0,-1771.3070684925594,0.08237542561153699
8197,euler_ramsey,0.5,2.5% Ramsey,risk_aversion,combined,0,-1265.3176263975697,0.05534575267347333
8198,euler_ramsey,0.5,1.5% Ramsey,risk_aversion,combined,0,85.16257336150274,1.9979230782743065
8198,euler_ramsey,0.5,2.0% Ramsey,risk_aversion,combined,0,61.08262634499432,2.2215148085778504
8198,euler_ramsey,0.5,2.5% Ramsey,risk_aversion,combined,0,45.3489033629109,2.384673680420239
8199,euler_ramsey,0.5,1.5% Ramsey,risk_aversion,combined,0,353.15786149353073,1.2556032005503932
8199,euler_ramsey,0.5,2.0% Ramsey,risk_aversion,combined,0,291.34015006938773,1.2580213758265988
8199,euler_ramsey,0.5,2.5% Ramsey,risk_aversion,combined,0,232.71316162269036,1.245962660489441
8200,euler_ramsey,0.5,1.5% Ramsey,risk_aversion,combined,0,159.04290246123077,1.1582981504104322
8200,euler_ramsey,0.5,2.0% Ramsey,risk_aversion,combined,0,104.64998958760793,1.1393547555598325
8200,euler_ramsey,0.5,2.5% Ramsey,risk_aversion,combined,0,70.90868779098737,1.1124511704870574
8201,euler_ramsey,0.5,1.5% Ramsey,risk_aversion,combined,0,143.74221271326186,0.3591948395192342
8201,euler_ramsey,0.5,2.0% Ramsey,risk_aversion,combined,0,48.13013698699812,0.27119791781605884
8201,euler_ramsey,0.5,2.5% Ramsey,risk_aversion,combined,0,20.477008541136172,0.2157684468900897
8202,euler_ramsey,0.5,1.5% Ramsey,risk_aversion,combined,0,-921.6560609878558,0.6977185046257264
8202,euler_ramsey,0.5,2.0% Ramsey,risk_aversion,combined,0,-951.4319717230335,0.6119411578325543
8202,euler_ramsey,0.5,2.5% Ramsey,risk_aversion,combined,0,-835.1074593497804,0.5467107753893362
8203,euler_ramsey,0.5,1.5% Ramsey,risk_aversion,combined,0,-57.29893100805494,1.0726479275721281
8203,euler_ramsey,0.5,2.0% Ramsey,risk_aversion,combined,0,-41.228980978218324,1.03638322759471
8203,euler_ramsey,0.5,2.5% Ramsey,risk_aversion,combined,0,-26.979213789420125,0.9979105276476722
8204,euler_ramsey,0.5,1.5% Ramsey,risk_aversion,combined,0,1009.2247547663309,1.2556036561953292
8204,euler_ramsey,0.5,2.0% Ramsey,risk_aversion,combined,0,609.7248054277778,1.2583429731193674
8204,euler_ramsey,0.5,2.5% Ramsey,risk_aversion,combined,0,392.44482366675936,1.2465896665371172
8205,euler_ramsey,0.5,1.5% Ramsey,risk_aversion,combined,0,103.82309715492983,1.2162233305854113
8205,euler_ramsey,0.5,2.0% Ramsey,risk_aversion,combined,0,85.24629589264332,1.2089140274408434
8205,euler_ramsey,0.5,2.5% Ramsey,risk_aversion,combined,0,72.92372588256285,1.1899439419459616
8206,euler_ramsey,0.5,1.5% Ramsey,risk_aversion,combined,0,793.4966251394849,1.0826064751586264
8206,euler_ramsey,0.5,2.0% Ramsey,risk_aversion,combined,0,450.7606064192158,1.0486613783617837
8206,euler_ramsey,0.5,2.5% Ramsey,risk_aversion,combined,0,274.6182756098653,1.011805857537856
8207,euler_ramsey,0.5,1.5% Ramsey,risk_aversion,combined,0,112.23273573876827,0.3420642213467957
8207,euler_ramsey,0.5,2.0% Ramsey,risk_aversion,combined,0,60.281523621546455,0.25543160034709933
8207,euler_ramsey,0.5,2.5% Ramsey,risk_aversion,combined,0,37.474717573211656,0.20149852342010174
8208,euler_ramsey,0.5,1.5% Ramsey,risk_aversion,combined,0,626.2788831618999,1.7370504302646768
8208,euler_ramsey,0.5,2.0% Ramsey,risk_aversion,combined,0,475.2774529340943,1.8719697420654995
8208,euler_ramsey,0.5,2.5% Ramsey,risk_aversion,combined,0,341.4755229146047,1.9615978156560785
8209,euler_ramsey,0.5,1.5% Ramsey,risk_aversion,combined,0,1033.5533089354128,0.7832816190173819
8209,euler_ramsey,0.5,2.0% Ramsey,risk_aversion,combined,0,796.0928236780874,0.70739814364421
8209,euler_ramsey,0.5,2.5% Ramsey,risk_aversion,combined,0,598.5339802252128,0.6467017478343876
8210,euler_ramsey,0.5,1.5% Ramsey,risk_aversion,combined,0,271.08444267352615,1.0486627758375078
8210,euler_ramsey,0.5,2.0% Ramsey,risk_aversion,combined,0,225.91410423801747,1.0081302560964096
8210,euler_ramsey,0.5,2.5% Ramsey,risk_aversion,combined,0,180.18561355168035,0.9670263053025134
8211,euler_ramsey,0.5,1.5% Ramsey,risk_aversion,combined,0,259.3004422676868,1.7660053960449025
8211,euler_ramsey,0.5,2.0% Ramsey,risk_aversion,combined,0,218.51118905435092,1.9102287145655024
8211,euler_ramsey,0.5,2.5% Ramsey,risk_aversion,combined,0,176.11453882059848,2.0074238236613056
8212,euler_ramsey,0.5,1.5% Ramsey,risk_aversion,combined,0,757.2240132601025,1.0653971204059494
8212,euler_ramsey,0.5,2.0% Ramsey,risk_aversion,combined,0,599.5304383393678,1.0292906801324282
8212,euler_ramsey,0.5,2.5% Ramsey,risk_aversion,combined,0,431.46712456293875,0.9911897772250197
8213,euler_ramsey,0.5,1.5% Ramsey,risk_aversion,combined,0,276.0488637011457,0.9809443382038013
8213,euler_ramsey,0.5,2.0% Ramsey,risk_aversion,combined,0,190.39309405232547,0.9296813439606781
8213,euler_ramsey,0.5,2.5% Ramsey,risk_aversion,combined,0,134.01765213003554,0.8820716044419887
8214,euler_ramsey,0.5,1.5% Ramsey,risk_aversion,combined,0,464.0647345775686,0.8826662046433027
8214,euler_ramsey,0.5,2.0% Ramsey,risk_aversion,combined,0,280.91068557082355,0.817614900686608
8214,euler_ramsey,0.5,2.5% Ramsey,risk_aversion,combined,0,191.11296751898982,0.7621710488542568
8215,euler_ramsey,0.5,1.5% Ramsey,risk_aversion,combined,0,54.91493110644978,1.3423355902986316
8215,euler_ramsey,0.5,2.0% Ramsey,risk_aversion,combined,0,49.0378906911922,1.3650845489720707
8215,euler_ramsey,0.5,2.5% Ramsey,risk_aversion,combined,0,42.03526324108622,1.3677131298462377
8216,euler_ramsey,0.5,1.5% Ramsey,risk_aversion,combined,0,329.0977235522587,1.0667033575970983
8216,euler_ramsey,0.5,2.0% Ramsey,risk_aversion,combined,0,225.64081734245818,1.0298646141062422
8216,euler_ramsey,0.5,2.5% Ramsey,risk_aversion,combined,0,161.3708174784055,0.9911477379148235
8217,euler_ramsey,0.5,1.5% Ramsey,risk_aversion,combined,0,1247.5745256486864,1.5414939269907282
8217,euler_ramsey,0.5,2.0% Ramsey,risk_aversion,combined,0,844.919159351047,1.618210410621316
8217,euler_ramsey,0.5,2.5% Ramsey,risk_aversion,combined,0,562.2857429743215,1.6618112250421038
8218,euler_ramsey,0.5,1.5% Ramsey,risk_aversion,combined,0,1098.6204911988177,1.1119240497197103
8218,euler_ramsey,0.5,2.0% Ramsey,risk_aversion,combined,0,866.8621886019458,1.0834882496819567
8218,euler_ramsey,0.5,2.5% Ramsey,risk_aversion,combined,0,627.7193296378973,1.0502242692257016
8219,euler_ramsey,0.5,1.5% Ramsey,risk_aversion,combined,0,5568.069851894675,0.12807093646388418
8219,euler_ramsey,0.5,2.0% Ramsey,risk_aversion,combined,0,3701.3659290288206,0.07672464851995413
8219,euler_ramsey,0.5,2.5% Ramsey,risk_aversion,combined,0,2523.7741723864942,0.05104494982557466
8220,euler_ramsey,0.5,1.5% Ramsey,risk_aversion,combined,0,3332.6567035036755,0.29830159512747817
8220,euler_ramsey,0.5,2.0% Ramsey,risk_aversion,combined,0,2007.8174492944324,0.21614273793086197
8220,euler_ramsey,0.5,2.5% Ramsey,risk_aversion,combined,0,1239.1526034281153,0.1665907119941569
8221,euler_ramsey,0.5,1.5% Ramsey,risk_aversion,combined,0,547.8492515853466,1.8511982322902292
8221,euler_ramsey,0.5,2.0% Ramsey,risk_aversion,combined,0,453.29869635687834,2.023946044691917
8221,euler_ramsey,0.5,2.5% Ramsey,risk_aversion,combined,0,344.03125576607727,2.1446296941428087
8222,euler_ramsey,0.5,1.5% Ramsey,risk_aversion,combined,0,1349.1607695844898,1.3483449102024416
8222,euler_ramsey,0.5,2.0% Ramsey,risk_aversion,combined,0,991.2326947426257,1.3723217269479893
8222,euler_ramsey,0.5,2.5% Ramsey,risk_aversion,combined,0,652.2509497904455,1.3757768854436911
8223,euler_ramsey,0.5,1.5% Ramsey,risk_aversion,combined,0,726.6719053817185,0.9375084131521977
8223,euler_ramsey,0.5,2.0% Ramsey,risk_aversion,combined,0,528.1521326199337,0.8786236784979653
8223,euler_ramsey,0.5,2.5% Ramsey,risk_aversion,combined,0,364.61759738442913,0.8263007913571997
8224,euler_ramsey,0.5,1.5% Ramsey,risk_aversion,combined,0,458.25730619075637,0.46315072575033106
8224,euler_ramsey,0.5,2.0% Ramsey,risk_aversion,combined,0,260.24566040572444,0.3702809920582893
8224,euler_ramsey,0.5,2.5% Ramsey,risk_aversion,combined,0,164.09457360342387,0.30793824666613456
8225,euler_ramsey,0.5,1.5% Ramsey,risk_aversion,combined,0,365.6438285730628,1.520259307783694
8225,euler_ramsey,0.5,2.0% Ramsey,risk_aversion,combined,0,278.8389185202465,1.5901075046359703
8225,euler_ramsey,0.5,2.5% Ramsey,risk_aversion,combined,0,205.43890033446255,1.62821683394448
8226,euler_ramsey,0.5,1.5% Ramsey,risk_aversion,combined,0,746.5598879932224,0.9081976889321663
8226,euler_ramsey,0.5,2.0% Ramsey,risk_aversion,combined,0,646.3886849153819,0.8462859135019366
8226,euler_ramsey,0.5,2.5% Ramsey,risk_aversion,combined,0,498.2330706881909,0.7924971966356228
8227,euler_ramsey,0.5,1.5% Ramsey,risk_aversion,combined,0,-207.67852917649992,0.4552675825091805
8227,euler_ramsey,0.5,2.0% Ramsey,risk_aversion,combined,0,31.128615462351014,0.3626241313373996
8227,euler_ramsey,0.5,2.5% Ramsey,risk_aversion,combined,0,123.09968909852857,0.300706697344504
8228,euler_ramsey,0.5,1.5% Ramsey,risk_aversion,combined,0,714.96547230164,0.8327252662702516
8228,euler_ramsey,0.5,2.0% Ramsey,risk_aversion,combined,0,645.2633839745998,0.7618764698036058
8228,euler_ramsey,0.5,2.5% Ramsey,risk_aversion,combined,0,548.1748003006958,0.7034755361314131
8229,euler_ramsey,0.5,1.5% Ramsey,risk_aversion,combined,0,2539.2335906886383,0.4324028266160669
8229,euler_ramsey,0.5,2.0% Ramsey,risk_aversion,combined,0,2037.8270552843073,0.34064995011090343
8229,euler_ramsey,0.5,2.5% Ramsey,risk_aversion,combined,0,1478.8511555657838,0.2801099712100527
8230,euler_ramsey,0.5,1.5% Ramsey,risk_aversion,combined,0,1697.4424188699074,0.7236105490458327
8230,euler_ramsey,0.5,2.0% Ramsey,risk_aversion,combined,0,1282.5655835367818,0.6408559091094701
8230,euler_ramsey,0.5,2.5% Ramsey,risk_aversion,combined,0,876.9087851363289,0.576971497628482
8231,euler_ramsey,0.5,1.5% Ramsey,risk_aversion,combined,0,541.9132050234762,1.3725584441524699
8231,euler_ramsey,0.5,2.0% Ramsey,risk_aversion,combined,0,411.08904522632554,1.4023631614090792
8231,euler_ramsey,0.5,2.5% Ramsey,risk_aversion,combined,0,293.95258734839257,1.410196165868937
8232,euler_ramsey,0.5,1.5% Ramsey,risk_aversion,combined,0,1831.9154468709357,0.8003288165303095
8232,euler_ramsey,0.5,2.0% Ramsey,risk_aversion,combined,0,1503.274897542786,0.724520416107153
8232,euler_ramsey,0.5,2.5% Ramsey,risk_aversion,combined,0,1093.1648586564681,0.6634270494873599
8233,euler_ramsey,0.5,1.5% Ramsey,risk_aversion,combined,0,1581.324272453997,0.3933345269261729
8233,euler_ramsey,0.5,2.0% Ramsey,risk_aversion,combined,0,1130.4191131313883,0.3031717186064122
8233,euler_ramsey,0.5,2.5% Ramsey,risk_aversion,combined,0,768.8131908267943,0.24510060418754473
8234,euler_ramsey,0.5,1.5% Ramsey,risk_aversion,combined,0,1097.8642850702322,0.8232007149671161
8234,euler_ramsey,0.5,2.0% Ramsey,risk_aversion,combined,0,904.1263252310777,0.7498174527183136
8234,euler_ramsey,0.5,2.5% Ramsey,risk_aversion,combined,0,661.5684384962121,0.6898471707029724
8235,euler_ramsey,0.5,1.5% Ramsey,risk_aversion,combined,0,14.96977022829153,1.2070358964383965
8235,euler_ramsey,0.5,2.0% Ramsey,risk_aversion,combined,0,14.006974137133668,1.198174163097982
8235,euler_ramsey,0.5,2.5% Ramsey,risk_aversion,combined,0,18.163851211273684,1.178139184481443
8236,euler_ramsey,0.5,1.5% Ramsey,risk_aversion,combined,0,2969.924980515491,0.4095445847438239
8236,euler_ramsey,0.5,2.0% Ramsey,risk_aversion,combined,0,2179.460146705676,0.31866608769550675
8236,euler_ramsey,0.5,2.5% Ramsey,risk_aversion,combined,0,1491.8052258439475,0.2595286361484424
8237,euler_ramsey,0.5,1.5% Ramsey,risk_aversion,combined,0,-173.45168820380152,0.5689858699632352
8237,euler_ramsey,0.5,2.0% Ramsey,risk_aversion,combined,0,-145.2619573257962,0.47656707690172334
8237,euler_ramsey,0.5,2.5% Ramsey,risk_aversion,combined,0,-110.7503443479662,0.4108584304682851
8238,euler_ramsey,0.5,1.5% Ramsey,risk_aversion,combined,0,4583.676178897402,1.5772276283404765
8238,euler_ramsey,0.5,2.0% Ramsey,risk_aversion,combined,0,3923.5579126140638,1.665528509036627
8238,euler_ramsey,0.5,2.5% Ramsey,risk_aversion,combined,0,2865.3730079153434,1.7183164059886658
8239,euler_ramsey,0.5,1.5% Ramsey,risk_aversion,combined,0,247.0548060971323,1.358948173195048
8239,euler_ramsey,0.5,2.0% Ramsey,risk_aversion,combined,0,195.4665867804388,1.385266257703449
8239,euler_ramsey,0.5,2.5% Ramsey,risk_aversion,combined,0,145.22347100844155,1.3903861398539936
8240,euler_ramsey,0.5,1.5% Ramsey,risk_aversion,combined,0,419.45033124012565,0.8674135278670086
8240,euler_ramsey,0.5,2.0% Ramsey,risk_aversion,combined,0,358.5836685064748,0.7992445084566793
8240,euler_ramsey,0.5,2.5% Ramsey,risk_aversion,combined,0,278.10438730613663,0.7418619767751283
8241,euler_ramsey,0.5,1.5% Ramsey,risk_aversion,combined,0,718.2742414960439,1.6118830906083252
8241,euler_ramsey,0.5,2.0% Ramsey,risk_aversion,combined,0,569.8064778506308,1.7086305239303223
8241,euler_ramsey,0.5,2.5% Ramsey,risk_aversion,combined,0,425.5871967980799,1.7677864724941936
8242,euler_ramsey,0.5,1.5% Ramsey,risk_aversion,combined,0,110.24339969546202,0.9407441958567188
8242,euler_ramsey,0.5,2.0% Ramsey,risk_aversion,combined,0,78.81806240711518,0.8823493389532481
8242,euler_ramsey,0.5,2.5% Ramsey,risk_aversion,combined,0,57.79395660417021,0.8303042271436576
8243,euler_ramsey,0.5,1.5% Ramsey,risk_aversion,combined,0,-1.0967773854240894,1.214071441680971
8243,euler_ramsey,0.5,2.0% Ramsey,risk_aversion,combined,0,-3.0827944693727884,1.2072045686660222
8243,euler_ramsey,0.5,2.5% Ramsey,risk_aversion,combined,0,-1.820087655151548,1.1886369606778786
8244,euler_ramsey,0.5,1.5% Ramsey,risk_aversion,combined,0,7760.1427159528575,0.4399314659757033
8244,euler_ramsey,0.5,2.0% Ramsey,risk_aversion,combined,0,7779.2527480241715,0.3489830565930789
8244,euler_ramsey,0.5,2.5% Ramsey,risk_aversion,combined,0,6408.297162708533,0.28858099326084063
8245,euler_ramsey,0.5,1.5% Ramsey,risk_aversion,combined,0,1307.2358853444791,0.9645608273660643
8245,euler_ramsey,0.5,2.0% Ramsey,risk_aversion,combined,0,897.6026486430113,0.9111000618596461
8245,euler_ramsey,0.5,2.5% Ramsey,risk_aversion,combined,0,606.3963608893778,0.862255273204546
8246,euler_ramsey,0.5,1.5% Ramsey,risk_aversion,combined,0,518.8411624683241,0.36057405349849037
8246,euler_ramsey,0.5,2.0% Ramsey,risk_aversion,combined,0,434.09762527141277,0.2725243304775697
8246,euler_ramsey,0.5,2.5% Ramsey,risk_aversion,combined,0,343.03480548706216,0.21700498799470808
8247,euler_ramsey,0.5,1.5% Ramsey,risk_aversion,combined,0,-13.532521428544102,1.2322935294247204
8247,euler_ramsey,0.5,2.0% Ramsey,risk_aversion,combined,0,-19.025386053121416,1.228774827939726
8247,euler_ramsey,0.5,2.5% Ramsey,risk_aversion,combined,0,-17.819467247063585,1.2124720704953555
8248,euler_ramsey,0.5,1.5% Ramsey,risk_aversion,combined,0,381.6020313623646,2.134089068869697
8248,euler_ramsey,0.5,2.0% Ramsey,risk_aversion,combined,0,295.2146396992731,2.4088026259828506
8248,euler_ramsey,0.5,2.5% Ramsey,risk_aversion,combined,0,228.40931160334034,2.616081113173127
8249,euler_ramsey,0.5,1.5% Ramsey,risk_aversion,combined,0,28.96495676822326,1.2167336167060359
8249,euler_ramsey,0.5,2.0% Ramsey,risk_aversion,combined,0,25.517356183256773,1.2099594069947144
8249,euler_ramsey,0.5,2.5% Ramsey,risk_aversion,combined,0,28.315305137114013,1.1913756184469584
8250,euler_ramsey,0.5,1.5% Ramsey,risk_aversion,combined,0,412.43433512087637,1.087032512339199
8250,euler_ramsey,0.5,2.0% Ramsey,risk_aversion,combined,0,320.65006449266883,1.0535432415910915
8250,euler_ramsey,0.5,2.5% Ramsey,risk_aversion,combined,0,227.4359711248795,1.0169430935685282
8251,euler_ramsey,0.5,1.5% Ramsey,risk_aversion,combined,0,-74.48841196065644,0.6733949287592839
8251,euler_ramsey,0.5,2.0% Ramsey,risk_aversion,combined,0,-55.5965339247874,0.5864535340756829
8251,euler_ramsey,0.5,2.5% Ramsey,risk_aversion,combined,0,-36.92965944915851,0.5211571591222208
8252,euler_ramsey,0.5,1.5% Ramsey,risk_aversion,combined,0,1544.2291554189067,0.4942438928715542
8252,euler_ramsey,0.5,2.0% Ramsey,risk_aversion,combined,0,1105.5387041769102,0.4011707500442771
8252,euler_ramsey,0.5,2.5% Ramsey,risk_aversion,combined,0,760.3346118132405,0.33757701130187506
8253,euler_ramsey,0.5,1.5% Ramsey,risk_aversion,combined,0,1042.5378640529473,0.7190265994374042
8253,euler_ramsey,0.5,2.0% Ramsey,risk_aversion,combined,0,582.4660875775401,0.6348229005504704
8253,euler_ramsey,0.5,2.5% Ramsey,risk_aversion,combined,0,338.99841282116006,0.5700779108458626
8254,euler_ramsey,0.5,1.5% Ramsey,risk_aversion,combined,0,269.06730813333803,2.0068805964761864
8254,euler_ramsey,0.5,2.0% Ramsey,risk_aversion,combined,0,201.64343690282956,2.2339019414960455
8254,euler_ramsey,0.5,2.5% Ramsey,risk_aversion,combined,0,147.30506175039412,2.4001383486160948
8255,euler_ramsey,0.5,1.5% Ramsey,risk_aversion,combined,0,894.4980733008581,0.9216936992468023
8255,euler_ramsey,0.5,2.0% Ramsey,risk_aversion,combined,0,647.7252174863079,0.860514302436917
8255,euler_ramsey,0.5,2.5% Ramsey,risk_aversion,combined,0,437.0323785635811,0.8069003085441353
8256,euler_ramsey,0.5,1.5% Ramsey,risk_aversion,combined,0,1202.8322803205733,0.6451408318314636
8256,euler_ramsey,0.5,2.0% Ramsey,risk_aversion,combined,0,949.2461815253001,0.5564066256160486
8256,euler_ramsey,0.5,2.5% Ramsey,risk_aversion,combined,0,697.196221202821,0.4907372822038357
8257,euler_ramsey,0.5,1.5% Ramsey,risk_aversion,combined,0,706.9129635397412,1.3208496975540942
8257,euler_ramsey,0.5,2.0% Ramsey,risk_aversion,combined,0,348.70773463012847,1.338629736809881
8257,euler_ramsey,0.5,2.5% Ramsey,risk_aversion,combined,0,196.86068304309606,1.337682598496309
8258,euler_ramsey,0.5,1.5% Ramsey,risk_aversion,combined,0,-100.17983429566372,0.45976389833435016
8258,euler_ramsey,0.5,2.0% Ramsey,risk_aversion,combined,0,-84.6062523481671,0.366924960684221
8258,euler_ramsey,0.5,2.5% Ramsey,risk_aversion,combined,0,-56.336072155667615,0.30472572417241117
8259,euler_ramsey,0.5,1.5% Ramsey,risk_aversion,combined,0,144.2324855826664,1.4698757515958882
8259,euler_ramsey,0.5,2.0% Ramsey,risk_aversion,combined,0,109.06503014506023,1.5261087536863183
8259,euler_ramsey,0.5,2.5% Ramsey,risk_aversion,combined,0,80.99234269931759,1.5537102768008142
8260,euler_ramsey,0.5,1.5% Ramsey,risk_aversion,combined,0,1217.4180915064999,1.0143486488623392
8260,euler_ramsey,0.5,2.0% Ramsey,risk_aversion,combined,0,1038.5111505099337,0.9691088911870281
8260,euler_ramsey,0.5,2.5% Ramsey,risk_aversion,combined,0,793.9962106379804,0.9253542783959703
8261,euler_ramsey,0.5,1.5% Ramsey,risk_aversion,combined,0,-163.8847089727412,0.49715026594311973
8261,euler_ramsey,0.5,2.0% Ramsey,risk_aversion,combined,0,-143.22863639692574,0.40385756285472485
8261,euler_ramsey,0.5,2.5% Ramsey,risk_aversion,combined,0,-113.5199202671928,0.34002912042821015
8262,euler_ramsey,0.5,1.5% Ramsey,risk_aversion,combined,0,329.3004533056098,0.7862445143799353
8262,euler_ramsey,0.5,2.0% Ramsey,risk_aversion,combined,0,251.82501337048274,0.7098714820124751
8262,euler_ramsey,0.5,2.5% Ramsey,risk_aversion,combined,0,187.55961936352634,0.6487189821437501
8263,euler_ramsey,0.5,1.5% Ramsey,risk_aversion,combined,0,1017.2175967812176,0.8770922071521806
8263,euler_ramsey,0.5,2.0% Ramsey,risk_aversion,combined,0,788.2170902157864,0.8106507215770968
8263,euler_ramsey,0.5,2.5% Ramsey,risk_aversion,combined,0,569.4610405666504,0.7542849976713558
8264,euler_ramsey,0.5,1.5% Ramsey,risk_aversion,combined,0,2844.7650090350376,0.5947333857076267
8264,euler_ramsey,0.5,2.0% Ramsey,risk_aversion,combined,0,2266.5861374156316,0.5041977342100209
8264,euler_ramsey,0.5,2.5% Ramsey,risk_aversion,combined,0,1656.775445457307,0.43887236532620016
8265,euler_ramsey,0.5,1.5% Ramsey,risk_aversion,combined,0,594.7234978242989,0.8789232822732497
8265,euler_ramsey,0.5,2.0% Ramsey,risk_aversion,combined,0,445.68354890146065,0.8116417843076962
8265,euler_ramsey,0.5,2.5% Ramsey,risk_aversion,combined,0,301.33695627822476,0.7546305540636898
8266,euler_ramsey,0.5,1.5% Ramsey,risk_aversion,combined,0,142.07990110264558,1.1544146749765296
8266,euler_ramsey,0.5,2.0% Ramsey,risk_aversion,combined,0,109.41347206637802,1.134169468368988
8266,euler_ramsey,0.5,2.5% Ramsey,risk_aversion,combined,0,85.71113965579299,1.106349014717654
8267,euler_ramsey,0.5,1.5% Ramsey,risk_aversion,combined,0,2515.2187209586605,0.5163432860628981
8267,euler_ramsey,0.5,2.0% Ramsey,risk_aversion,combined,0,2039.3959672091964,0.4235469069538624
8267,euler_ramsey,0.5,2.5% Ramsey,risk_aversion,combined,0,1442.070280313428,0.3593490862473916
8268,euler_ramsey,0.5,1.5% Ramsey,risk_aversion,combined,0,372.97624648976415,1.1711637390771772
8268,euler_ramsey,0.5,2.0% Ramsey,risk_aversion,combined,0,330.4132723108123,1.1548803422496867
8268,euler_ramsey,0.5,2.5% Ramsey,risk_aversion,combined,0,263.3251410192719,1.1299152596159525
8269,euler_ramsey,0.5,1.5% Ramsey,risk_aversion,combined,0,113.56976402234295,1.333432499836019
8269,euler_ramsey,0.5,2.0% Ramsey,risk_aversion,combined,0,103.16694648573649,1.354663144979482
8269,euler_ramsey,0.5,2.5% Ramsey,risk_aversion,combined,0,85.78739611681797,1.3562301065877709
8270,euler_ramsey,0.5,1.5% Ramsey,risk_aversion,combined,0,-17.377113600114544,1.3340894438401
8270,euler_ramsey,0.5,2.0% Ramsey,risk_aversion,combined,0,-17.191300919653653,1.3546599172235174
8270,euler_ramsey,0.5,2.5% Ramsey,risk_aversion,combined,0,-11.726520412577662,1.355558797314927
8271,euler_ramsey,0.5,1.5% Ramsey,risk_aversion,combined,0,199.95881838193645,0.7734546986824911
8271,euler_ramsey,0.5,2.0% Ramsey,risk_aversion,combined,0,177.441332457427,0.6947662998334815
8271,euler_ramsey,0.5,2.5% Ramsey,risk_aversion,combined,0,142.61495261667895,0.6323810309509572
8272,euler_ramsey,0.5,1.5% Ramsey,risk_aversion,combined,0,216.46761596114348,0.9940638981583125
8272,euler_ramsey,0.5,2.0% Ramsey,risk_aversion,combined,0,175.0185808337151,0.945534931701519
8272,euler_ramsey,0.5,2.5% Ramsey,risk_aversion,combined,0,132.2899673298131,0.8995896516897232
8273,euler_ramsey,0.5,1.5% Ramsey,risk_aversion,combined,0,953.3329206235431,0.7180389701982952
8273,euler_ramsey,0.5,2.0% Ramsey,risk_aversion,combined,0,884.6573046879319,0.6340165716669117
8273,euler_ramsey,0.5,2.5% Ramsey,risk_aversion,combined,0,695.6784879335146,0.5694198069337351
8274,euler_ramsey,0.5,1.5% Ramsey,risk_aversion,combined,0,2037.968162913999,0.6452952435705696
8274,euler_ramsey,0.5,2.0% Ramsey,risk_aversion,combined,0,1521.7394918814225,0.5569282285690855
8274,euler_ramsey,0.5,2.5% Ramsey,risk_aversion,combined,0,1048.551979903842,0.49149461158065255
8275,euler_ramsey,0.5,1.5% Ramsey,risk_aversion,combined,0,717.8649769257477,1.0874339280525351
8275,euler_ramsey,0.5,2.0% Ramsey,risk_aversion,combined,0,566.828351723955,1.0543963929536166
8275,euler_ramsey,0.5,2.5% Ramsey,risk_aversion,combined,0,415.6958594324186,1.018132091291355
8276,euler_ramsey,0.5,1.5% Ramsey,risk_aversion,combined,0,342.03035556921105,0.6526251842357924
8276,euler_ramsey,0.5,2.0% Ramsey,risk_aversion,combined,0,232.52641270563066,0.5641292286383001
8276,euler_ramsey,0.5,2.5% Ramsey,risk_aversion,combined,0,151.5945054300038,0.4983867985721471
8277,euler_ramsey,0.5,1.5% Ramsey,risk_aversion,combined,0,312.5758723280339,0.3051976244567079
8277,euler_ramsey,0.5,2.0% Ramsey,risk_aversion,combined,0,220.52470256685186,0.2221384721384608
8277,euler_ramsey,0.5,2.5% Ramsey,risk_aversion,combined,0,152.0834128418563,0.1717980928322889
8278,euler_ramsey,0.5,1.5% Ramsey,risk_aversion,combined,0,-36.99404350465128,0.7903261272073488
8278,euler_ramsey,0.5,2.0% Ramsey,risk_aversion,combined,0,-8.217177282558078,0.7140990703338933
8278,euler_ramsey,0.5,2.5% Ramsey,risk_aversion,combined,0,5.317295789926198,0.6529216309400415
8279,euler_ramsey,0.5,1.5% Ramsey,risk_aversion,combined,0,-201.8915980624683,0.5417177667536766
8279,euler_ramsey,0.5,2.0% Ramsey,risk_aversion,combined,0,-58.75288944270578,0.4487099251526514
8279,euler_ramsey,0.5,2.5% Ramsey,risk_aversion,combined,0,-3.4924528551872456,0.3835323770970458
8280,euler_ramsey,0.5,1.5% Ramsey,risk_aversion,combined,0,629.1981326529941,2.0226227537282857
8280,euler_ramsey,0.5,2.0% Ramsey,risk_aversion,combined,0,494.2333119841045,2.256413472149802
8280,euler_ramsey,0.5,2.5% Ramsey,risk_aversion,combined,0,372.6042356627934,2.4286698770006994
8281,euler_ramsey,0.5,1.5% Ramsey,risk_aversion,combined,0,287.7105312465382,1.3093381620471793
8281,euler_ramsey,0.5,2.0% Ramsey,risk_aversion,combined,0,192.60475270247383,1.3240358257887022
8281,euler_ramsey,0.5,2.5% Ramsey,risk_aversion,combined,0,139.2527802596669,1.3207161690552385
8282,euler_ramsey,0.5,1.5% Ramsey,risk_aversion,combined,0,727.3880452107812,1.354886731337346
8282,euler_ramsey,0.5,2.0% Ramsey,risk_aversion,combined,0,545.7811482502841,1.3814635368924493
8282,euler_ramsey,0.5,2.5% Ramsey,risk_aversion,combined,0,401.60978445793245,1.387065100173836
8283,euler_ramsey,0.5,1.5% Ramsey,risk_aversion,combined,0,717.8964727645167,0.8607706187895439
8283,euler_ramsey,0.5,2.0% Ramsey,risk_aversion,combined,0,523.8420949199067,0.791319161058195
8283,euler_ramsey,0.5,2.5% Ramsey,risk_aversion,combined,0,362.3530009878706,0.7331846193237244
8284,euler_ramsey,0.5,1.5% Ramsey,risk_aversion,combined,0,323.4610988202734,2.5760299118726224
8284,euler_ramsey,0.5,2.0% Ramsey,risk_aversion,combined,0,234.8690600936396,3.0335016498932856
8284,euler_ramsey,0.5,2.5% Ramsey,risk_aversion,combined,0,170.67005834522527,3.404426264750779
8285,euler_ramsey,0.5,1.5% Ramsey,risk_aversion,combined,0,688.9813422088713,0.687686255393872
8285,euler_ramsey,0.5,2.0% Ramsey,risk_aversion,combined,0,465.96457695688895,0.6009227951717415
8285,euler_ramsey,0.5,2.5% Ramsey,risk_aversion,combined,0,331.79885291237025,0.5353334362662111
8286,euler_ramsey,0.5,1.5% Ramsey,risk_aversion,combined,0,531.5664492718355,1.206389372922319
8286,euler_ramsey,0.5,2.0% Ramsey,risk_aversion,combined,0,480.8206228285635,1.1980441919788183
8286,euler_ramsey,0.5,2.5% Ramsey,risk_aversion,combined,0,387.3714736964524,1.1786185632518016
8287,euler_ramsey,0.5,1.5% Ramsey,risk_aversion,combined,0,3299.1118309106396,0.9027409049916428
8287,euler_ramsey,0.5,2.0% Ramsey,risk_aversion,combined,0,2751.4975113437185,0.8412664893328623
8287,euler_ramsey,0.5,2.5% Ramsey,risk_aversion,combined,0,1998.9006180067531,0.7879588793274122
8288,euler_ramsey,0.5,1.5% Ramsey,risk_aversion,combined,0,1441.4948367714585,0.8370024685067465
8288,euler_ramsey,0.5,2.0% Ramsey,risk_aversion,combined,0,1217.5361280736029,0.7667714226599708
8288,euler_ramsey,0.5,2.5% Ramsey,risk_aversion,combined,0,924.5037833687425,0.7087143169225311
8289,euler_ramsey,0.5,1.5% Ramsey,risk_aversion,combined,0,-2200.8842304115565,0.39749260995131563
8289,euler_ramsey,0.5,2.0% Ramsey,risk_aversion,combined,0,-1264.2676422477662,0.3071239955229679
8289,euler_ramsey,0.5,2.5% Ramsey,risk_aversion,combined,0,-773.1516492951295,0.24875931515208607
8290,euler_ramsey,0.5,1.5% Ramsey,risk_aversion,combined,0,2354.54086804728,1.09044315863073
8290,euler_ramsey,0.5,2.0% Ramsey,risk_aversion,combined,0,1782.290520862044,1.0592955140886775
8290,euler_ramsey,0.5,2.5% Ramsey,risk_aversion,combined,0,1203.889529470992,1.0245261877187237
8291,euler_ramsey,0.5,1.5% Ramsey,risk_aversion,combined,0,658.9878350168659,1.015422788923186
8291,euler_ramsey,0.5,2.0% Ramsey,risk_aversion,combined,0,392.3807782800412,0.9704782880950203
8291,euler_ramsey,0.5,2.5% Ramsey,risk_aversion,combined,0,244.58107751591226,0.9267292690064208
8292,euler_ramsey,0.5,1.5% Ramsey,risk_aversion,combined,0,140.0120067177385,0.5089267755200007
8292,euler_ramsey,0.5,2.0% Ramsey,risk_aversion,combined,0,110.61691536132557,0.4155496074583865
8292,euler_ramsey,0.5,2.5% Ramsey,risk_aversion,combined,0,97.08081855620789,0.351263676776892
8293,euler_ramsey,0.5,1.5% Ramsey,risk_aversion,combined,0,-1108.4460041957134,0.3743872253857591
8293,euler_ramsey,0.5,2.0% Ramsey,risk_aversion,combined,0,-731.7443223053893,0.28532005531713295
8293,euler_ramsey,0.5,2.5% Ramsey,risk_aversion,combined,0,-488.47092221733976,0.2286497112942258
8294,euler_ramsey,0.5,1.5% Ramsey,risk_aversion,combined,0,181.97476002503004,0.9636307516365245
8294,euler_ramsey,0.5,2.0% Ramsey,risk_aversion,combined,0,163.71887062337225,0.9097872768897818
8294,euler_ramsey,0.5,2.5% Ramsey,risk_aversion,combined,0,136.8606154681357,0.8606079787310056
8295,euler_ramsey,0.5,1.5% Ramsey,risk_aversion,combined,0,-53.04717792011832,1.0592518929813528
8295,euler_ramsey,0.5,2.0% Ramsey,risk_aversion,combined,0,-40.26827885028105,1.020672854277348
8295,euler_ramsey,0.5,2.5% Ramsey,risk_aversion,combined,0,-24.42670887670167,0.9807777544600927
8296,euler_ramsey,0.5,1.5% Ramsey,risk_aversion,combined,0,428.42868557063895,1.254587248964176
8296,euler_ramsey,0.5,2.0% Ramsey,risk_aversion,combined,0,294.4782340183402,1.256280276013491
8296,euler_ramsey,0.5,2.5% Ramsey,risk_aversion,combined,0,199.3824188305748,1.243666334425951
8297,euler_ramsey,0.5,1.5% Ramsey,risk_aversion,combined,0,1088.5178341941855,0.8086246036664488
8297,euler_ramsey,0.5,2.0% Ramsey,risk_aversion,combined,0,851.134632952796,0.7332102959594846
8297,euler_ramsey,0.5,2.5% Ramsey,risk_aversion,combined,0,583.9541675767344,0.6721683883721168
8298,euler_ramsey,0.5,1.5% Ramsey,risk_aversion,combined,0,-178.44929811103606,1.5370563016885312
8298,euler_ramsey,0.5,2.0% Ramsey,risk_aversion,combined,0,-128.05465211155737,1.6114375126609972
8298,euler_ramsey,0.5,2.5% Ramsey,risk_aversion,combined,0,-84.62372130018893,1.6528903239545119
8299,euler_ramsey,0.5,1.5% Ramsey,risk_aversion,combined,0,1111.4380711173292,1.0496785068214105
8299,euler_ramsey,0.5,2.0% Ramsey,risk_aversion,combined,0,909.9976544557487,1.0109229789260759
8299,euler_ramsey,0.5,2.5% Ramsey,risk_aversion,combined,0,660.5374170743739,0.9711786491268007
8300,euler_ramsey,0.5,1.5% Ramsey,risk_aversion,combined,0,496.4892245083613,1.616845039219196
8300,euler_ramsey,0.5,2.0% Ramsey,risk_aversion,combined,0,322.6678686499751,1.7150474240201767
8300,euler_ramsey,0.5,2.5% Ramsey,risk_aversion,combined,0,212.88934679257403,1.775422403743763
8301,euler_ramsey,0.5,1.5% Ramsey,risk_aversion,combined,0,359.71856700556054,0.9048441614978626
8301,euler_ramsey,0.5,2.0% Ramsey,risk_aversion,combined,0,230.25182505638833,0.8422343857037891
8301,euler_ramsey,0.5,2.5% Ramsey,risk_aversion,combined,0,148.50110167736463,0.7879652436414418
8302,euler_ramsey,0.5,1.5% Ramsey,risk_aversion,combined,0,607.8751949864667,1.0319437608818254
8302,euler_ramsey,0.5,2.0% Ramsey,risk_aversion,combined,0,502.30894151699425,0.9902879333582144
8302,euler_ramsey,0.5,2.5% Ramsey,risk_aversion,combined,0,382.8490709905778,0.9487531377056294
8303,euler_ramsey,0.5,1.5% Ramsey,risk_aversion,combined,0,328.86057326450236,0.15368308727129817
8303,euler_ramsey,0.5,2.0% Ramsey,risk_aversion,combined,0,161.1963060854525,0.09586577278894397
8303,euler_ramsey,0.5,2.5% Ramsey,risk_aversion,combined,0,112.24253438137869,0.06580081051403933
8304,euler_ramsey,0.5,1.5% Ramsey,risk_aversion,combined,0,467.9662841962126,0.8941307332211774
8304,euler_ramsey,0.5,2.0% Ramsey,risk_aversion,combined,0,340.5520701581773,0.8291685687346891
8304,euler_ramsey,0.5,2.5% Ramsey,risk_aversion,combined,0,252.32154331053013,0.7734585526738028
8305,euler_ramsey,0.5,1.5% Ramsey,risk_aversion,combined,0,651.5738874495268,0.48145590020993023
8305,euler_ramsey,0.5,2.0% Ramsey,risk_aversion,combined,0,262.87982290041117,0.3882408668971863
8305,euler_ramsey,0.5,2.5% Ramsey,risk_aversion,combined,0,122.22080917220586,0.32502456089893406
8306,euler_ramsey,0.5,1.5% Ramsey,risk_aversion,combined,0,-275.21708350780784,0.5875228559446062
8306,euler_ramsey,0.5,2.0% Ramsey,risk_aversion,combined,0,-185.8007252578187,0.4958071571390374
8306,euler_ramsey,0.5,2.5% Ramsey,risk_aversion,combined,0,-120.03017175546483,0.42994967948182417
8307,euler_ramsey,0.5,1.5% Ramsey,risk_aversion,combined,0,389.2059692854923,0.4234478445109103
8307,euler_ramsey,0.5,2.0% Ramsey,risk_aversion,combined,0,262.05097118805173,0.33176377209906815
8307,euler_ramsey,0.5,2.5% Ramsey,risk_aversion,combined,0,183.59741226321145,0.27162320385714306
8308,euler_ramsey,0.5,1.5% Ramsey,risk_aversion,combined,0,-227.8571024628382,0.8036767433710527
8308,euler_ramsey,0.5,2.0% Ramsey,risk_aversion,combined,0,-190.59394082549184,0.728061726580998
8308,euler_ramsey,0.5,2.5% Ramsey,risk_aversion,combined,0,-140.50930264770656,0.6670139732828204
8309,euler_ramsey,0.5,1.5% Ramsey,risk_aversion,combined,0,506.2054735796771,1.6266125010668853
8309,euler_ramsey,0.5,2.0% Ramsey,risk_aversion,combined,0,386.6450129387687,1.7270623621656198
8309,euler_ramsey,0.5,2.5% Ramsey,risk_aversion,combined,0,275.80616476477553,1.7890133052348514
8310,euler_ramsey,0.5,1.5% Ramsey,risk_aversion,combined,0,87.03831179460201,0.7529403241301922
8310,euler_ramsey,0.5,2.0% Ramsey,risk_aversion,combined,0,68.35504632804732,0.6729764246583598
8310,euler_ramsey,0.5,2.5% Ramsey,risk_aversion,combined,0,52.45217965986275,0.6101823417502732
8311,euler_ramsey,0.5,1.5% Ramsey,risk_aversion,combined,0,641.3502050167838,0.44142315564296947
8311,euler_ramsey,0.5,2.0% Ramsey,risk_aversion,combined,0,590.4414528159441,0.34910500466812006
8311,euler_ramsey,0.5,2.5% Ramsey,risk_aversion,combined,0,493.0170035285679,0.28790225085704213
8312,euler_ramsey,0.5,1.5% Ramsey,risk_aversion,combined,0,-496.5009244285635,0.9154920352165815
8312,euler_ramsey,0.5,2.0% Ramsey,risk_aversion,combined,0,-379.61948084498977,0.853419056864882
8312,euler_ramsey,0.5,2.5% Ramsey,risk_aversion,combined,0,-260.490050567731,0.7992999246837542
8313,euler_ramsey,0.5,1.5% Ramsey,risk_aversion,combined,0,167.72195505463083,1.8563938313752524
8313,euler_ramsey,0.5,2.0% Ramsey,risk_aversion,combined,0,139.62218490409384,2.0306206276763152
8313,euler_ramsey,0.5,2.5% Ramsey,risk_aversion,combined,0,117.79325078831981,2.1524725687946638
8314,euler_ramsey,0.5,1.5% Ramsey,risk_aversion,combined,0,-56.82664611223385,0.9457548620190258
8314,euler_ramsey,0.5,2.0% Ramsey,risk_aversion,combined,0,-45.419375299915814,0.8888621291643537
8314,euler_ramsey,0.5,2.5% Ramsey,risk_aversion,combined,0,-35.839504739169676,0.8377885656436096
8315,euler_ramsey,0.5,1.5% Ramsey,risk_aversion,combined,0,184.83136687106938,1.9204726781032708
8315,euler_ramsey,0.5,2.0% Ramsey,risk_aversion,combined,0,112.01890566548443,2.1166153735732864
8315,euler_ramsey,0.5,2.5% Ramsey,risk_aversion,combined,0,70.07676162576784,2.2567027476496815
8316,euler_ramsey,0.5,1.5% Ramsey,risk_aversion,combined,0,-113.54530280166095,0.8090630245724199
8316,euler_ramsey,0.5,2.0% Ramsey,risk_aversion,combined,0,-68.18499293271675,0.7348423843480159
8316,euler_ramsey,0.5,2.5% Ramsey,risk_aversion,combined,0,-38.68190546758644,0.6745918722461349
8317,euler_ramsey,0.5,1.5% Ramsey,risk_aversion,combined,0,943.6546710928503,2.1282165515195834
8317,euler_ramsey,0.5,2.0% Ramsey,risk_aversion,combined,0,718.7831639778716,2.4016639741320267
8317,euler_ramsey,0.5,2.5% Ramsey,risk_aversion,combined,0,508.1130756461189,2.6080997883614696
8318,euler_ramsey,0.5,1.5% Ramsey,risk_aversion,combined,0,-473.1542087983432,0.508378236872333
8318,euler_ramsey,0.5,2.0% Ramsey,risk_aversion,combined,0,-409.9298649513274,0.41525463128341605
8318,euler_ramsey,0.5,2.5% Ramsey,risk_aversion,combined,0,-312.82917865535944,0.35112669213718106
8319,euler_ramsey,0.5,1.5% Ramsey,risk_aversion,combined,0,-1939.8090957511997,0.30033311438689897
8319,euler_ramsey,0.5,2.0% Ramsey,risk_aversion,combined,0,-1150.905837615276,0.2178603668992176
8319,euler_ramsey,0.5,2.5% Ramsey,risk_aversion,combined,0,-732.92583858219,0.16805085504718936
8320,euler_ramsey,0.5,1.5% Ramsey,risk_aversion,combined,0,227.11223647283927,1.0638874282123034
8320,euler_ramsey,0.5,2.0% Ramsey,risk_aversion,combined,0,181.39794978759562,1.025969871432555
8320,euler_ramsey,0.5,2.5% Ramsey,risk_aversion,combined,0,133.99142412777127,0.9865071294025022
8321,euler_ramsey,0.5,1.5% Ramsey,risk_aversion,combined,0,463.19189982991145,0.6345499542630599
8321,euler_ramsey,0.5,2.0% Ramsey,risk_aversion,combined,0,248.0870640839162,0.5449518797288506
8321,euler_ramsey,0.5,2.5% Ramsey,risk_aversion,combined,0,150.20287019109102,0.4790588475051517
8322,euler_ramsey,0.5,1.5% Ramsey,risk_aversion,combined,0,64.30332386132288,0.7138909849943814
8322,euler_ramsey,0.5,2.0% Ramsey,risk_aversion,combined,0,48.928181534502485,0.6293287798433316
8322,euler_ramsey,0.5,2.5% Ramsey,risk_aversion,combined,0,37.916659556217525,0.5644913056598071
8323,euler_ramsey,0.5,1.5% Ramsey,risk_aversion,combined,0,171.44150172748243,1.0095218058602382
8323,euler_ramsey,0.5,2.0% Ramsey,risk_aversion,combined,0,125.62111728528636,0.9630708072512845
8323,euler_ramsey,0.5,2.5% Ramsey,risk_aversion,combined,0,91.63932532956083,0.9183689340353546
8324,euler_ramsey,0.5,1.5% Ramsey,risk_aversion,combined,0,703.4443681762,1.760917515720402
8324,euler_ramsey,0.5,2.0% Ramsey,risk_aversion,combined,0,429.2109610563834,1.9037530741614854
8324,euler_ramsey,0.5,2.5% Ramsey,risk_aversion,combined,0,283.23900801815455,1.999870556136874
8325,euler_ramsey,0.5,1.5% Ramsey,risk_aversion,combined,0,498.0615302998933,1.2642681042779331
8325,euler_ramsey,0.5,2.0% Ramsey,risk_aversion,combined,0,395.63201569817426,1.2703558452391124
8325,euler_ramsey,0.5,2.5% Ramsey,risk_aversion,combined,0,295.70794236826623,1.2612056853392948
8326,euler_ramsey,0.5,1.5% Ramsey,risk_aversion,combined,0,147.40046320501443,0.6778166100904158
8326,euler_ramsey,0.5,2.0% Ramsey,risk_aversion,combined,0,141.64416842922583,0.5914169672849828
8326,euler_ramsey,0.5,2.5% Ramsey,risk_aversion,combined,0,122.96701447491806,0.526387978120921
8327,euler_ramsey,0.5,1.5% Ramsey,risk_aversion,combined,0,1808.6625904647574,0.4381983497745362
8327,euler_ramsey,0.5,2.0% Ramsey,risk_aversion,combined,0,1056.1593444472453,0.3463423712037314
8327,euler_ramsey,0.5,2.5% Ramsey,risk_aversion,combined,0,637.7065202379346,0.28551338773456414
8328,euler_ramsey,0.5,1.5% Ramsey,risk_aversion,combined,0,-93.13642036116057,0.673426428274915
8328,euler_ramsey,0.5,2.0% Ramsey,risk_aversion,combined,0,-69.81273719006465,0.5864971710729616
8328,euler_ramsey,0.5,2.5% Ramsey,risk_aversion,combined,0,-45.01253983970455,0.521211840827852
8329,euler_ramsey,0.5,1.5% Ramsey,risk_aversion,combined,0,334.81038562219703,1.9476187229036201
8329,euler_ramsey,0.5,2.0% Ramsey,risk_aversion,combined,0,232.8208681467317,2.153355777045558
8329,euler_ramsey,0.5,2.5% Ramsey,risk_aversion,combined,0,157.70954889149328,2.301634792108405
8330,euler_ramsey,0.5,1.5% Ramsey,risk_aversion,combined,0,383.5778590152896,1.2586021639160037
8330,euler_ramsey,0.5,2.0% Ramsey,risk_aversion,combined,0,303.3433373837027,1.2604840872332823
8330,euler_ramsey,0.5,2.5% Ramsey,risk_aversion,combined,0,222.67894324792914,1.2478802961366662
8331,euler_ramsey,0.5,1.5% Ramsey,risk_aversion,combined,0,1863.0176703712434,1.2291426169000055
8331,euler_ramsey,0.5,2.0% Ramsey,risk_aversion,combined,0,1322.255689948993,1.2259838130278744
8331,euler_ramsey,0.5,2.5% Ramsey,risk_aversion,combined,0,888.543902087712,1.2101117853212264
8332,euler_ramsey,0.5,1.5% Ramsey,risk_aversion,combined,0,181.23540972371086,0.9509326241338201
8332,euler_ramsey,0.5,2.0% Ramsey,risk_aversion,combined,0,142.03483133105104,0.8939921447316084
8332,euler_ramsey,0.5,2.5% Ramsey,risk_aversion,combined,0,109.89663044532219,0.8427801570141481
8333,euler_ramsey,0.5,1.5% Ramsey,risk_aversion,combined,0,540.6402835215578,0.7086491254703687
8333,euler_ramsey,0.5,2.0% Ramsey,risk_aversion,combined,0,495.0442474215576,0.6236001800588707
8333,euler_ramsey,0.5,2.5% Ramsey,risk_aversion,combined,0,405.47096682064705,0.5585734136648232
8334,euler_ramsey,0.5,1.5% Ramsey,risk_aversion,combined,0,46.01094265512588,0.991270087815557
8334,euler_ramsey,0.5,2.0% Ramsey,risk_aversion,combined,0,49.7664200704434,0.9412005468159504
8334,euler_ramsey,0.5,2.5% Ramsey,risk_aversion,combined,0,47.50002147108072,0.8941936474269917
8335,euler_ramsey,0.5,1.5% Ramsey,risk_aversion,combined,0,186.14845237307415,1.1850265378567897
8335,euler_ramsey,0.5,2.0% Ramsey,risk_aversion,combined,0,114.58994814771965,1.1719115452690148
8335,euler_ramsey,0.5,2.5% Ramsey,risk_aversion,combined,0,76.24819363300497,1.1489983578259142
8336,euler_ramsey,0.5,1.5% Ramsey,risk_aversion,combined,0,3488.219673956902,0.5033636733480559
8336,euler_ramsey,0.5,2.0% Ramsey,risk_aversion,combined,0,2929.059841276342,0.4105787776515002
8336,euler_ramsey,0.5,2.5% Ramsey,risk_aversion,combined,0,2104.1462979031817,0.3468307017129001
8337,euler_ramsey,0.5,1.5% Ramsey,risk_aversion,combined,0,286.0762435698857,1.1486529715391656
8337,euler_ramsey,0.5,2.0% Ramsey,risk_aversion,combined,0,196.19861806476968,1.1288226689318732
8337,euler_ramsey,0.5,2.5% Ramsey,risk_aversion,combined,0,130.29918910345702,1.101491174732291
8338,euler_ramsey,0.5,1.5% Ramsey,risk_aversion,combined,0,247.55060146112046,2.02662563958366
8338,euler_ramsey,0.5,2.0% Ramsey,risk_aversion,combined,0,201.3645955066583,2.260801503277887
8338,euler_ramsey,0.5,2.5% Ramsey,risk_aversion,combined,0,157.55581402201912,2.43310139846876
8339,euler_ramsey,0.5,1.5% Ramsey,risk_aversion,combined,0,808.6634806981001,0.7123730615016062
8339,euler_ramsey,0.5,2.0% Ramsey,risk_aversion,combined,0,522.0439072541808,0.6278807982321932
8339,euler_ramsey,0.5,2.5% Ramsey,risk_aversion,combined,0,352.01340315870675,0.5631233948291511
8340,euler_ramsey,0.5,1.5% Ramsey,risk_aversion,combined,0,1804.443706357788,0.9413860493789608
8340,euler_ramsey,0.5,2.0% Ramsey,risk_aversion,combined,0,1896.200809809526,0.8842635775646676
8340,euler_ramsey,0.5,2.5% Ramsey,risk_aversion,combined,0,1626.823301163269,0.8331853426329181
8341,euler_ramsey,0.5,1.5% Ramsey,risk_aversion,combined,0,664.5855301213368,0.9465890456338351
8341,euler_ramsey,0.5,2.0% Ramsey,risk_aversion,combined,0,626.8243689713316,0.889988743927977
8341,euler_ramsey,0.5,2.5% Ramsey,risk_aversion,combined,0,507.94703823507905,0.8391566812120947
8342,euler_ramsey,0.5,1.5% Ramsey,risk_aversion,combined,0,427.9034778323566,0.7456267776708423
8342,euler_ramsey,0.5,2.0% Ramsey,risk_aversion,combined,0,404.4870745064471,0.6639606324946488
8342,euler_ramsey,0.5,2.5% Ramsey,risk_aversion,combined,0,337.31303694003753,0.6002197808827955
8343,euler_ramsey,0.5,1.5% Ramsey,risk_aversion,combined,0,1773.672037332055,0.9845478193448092
8343,euler_ramsey,0.5,2.0% Ramsey,risk_aversion,combined,0,1411.7950655372051,0.9353500992493762
8343,euler_ramsey,0.5,2.5% Ramsey,risk_aversion,combined,0,1005.5682981634402,0.8892327789767714
8344,euler_ramsey,0.5,1.5% Ramsey,risk_aversion,combined,0,2738.431617497,0.3274452644600056
8344,euler_ramsey,0.5,2.0% Ramsey,risk_aversion,combined,0,2488.310185994102,0.24232322985314336
8344,euler_ramsey,0.5,2.5% Ramsey,risk_aversion,combined,0,1954.9617360223644,0.1898480263411607
8345,euler_ramsey,0.5,1.5% Ramsey,risk_aversion,combined,0,2535.1528368974145,0.6667287595693576
8345,euler_ramsey,0.5,2.0% Ramsey,risk_aversion,combined,0,1781.3980024237997,0.5792325695427081
8345,euler_ramsey,0.5,2.5% Ramsey,risk_aversion,combined,0,1186.2375310144816,0.51375295785888
8346,euler_ramsey,0.5,1.5% Ramsey,risk_aversion,combined,0,30.519155890659935,3.448051612314181
8346,euler_ramsey,0.5,2.0% Ramsey,risk_aversion,combined,0,26.595623156477096,4.334451759311378
8346,euler_ramsey,0.5,2.5% Ramsey,risk_aversion,combined,0,22.832436540794244,5.11600594717711
8347,euler_ramsey,0.5,1.5% Ramsey,risk_aversion,combined,0,-360.6217515028853,0.6590951001839822
8347,euler_ramsey,0.5,2.0% Ramsey,risk_aversion,combined,0,-159.67555618967776,0.5714010737065517
8347,euler_ramsey,0.5,2.5% Ramsey,risk_aversion,combined,0,-80.72885755578073,0.5059795003853105
8348,euler_ramsey,0.5,1.5% Ramsey,risk_aversion,combined,0,232.23153971621772,1.3372939680079488
8348,euler_ramsey,0.5,2.0% Ramsey,risk_aversion,combined,0,202.11075635516409,1.3587570977161152
8348,euler_ramsey,0.5,2.5% Ramsey,risk_aversion,combined,0,168.7910263935146,1.3604115623109811
8349,euler_ramsey,0.5,1.5% Ramsey,risk_aversion,combined,0,403.95485057937464,1.3774528398941501
8349,euler_ramsey,0.5,2.0% Ramsey,risk_aversion,combined,0,274.55022233772064,1.4091879818728485
8349,euler_ramsey,0.5,2.5% Ramsey,risk_aversion,combined,0,189.25246062368203,1.4184546093136066
8350,euler_ramsey,0.5,1.5% Ramsey,risk_aversion,combined,0,2513.026152388454,0.30513711638651625
8350,euler_ramsey,0.5,2.0% Ramsey,risk_aversion,combined,0,873.0885588961937,0.22219088740878834
8350,euler_ramsey,0.5,2.5% Ramsey,risk_aversion,combined,0,463.66378679892006,0.17190579777879603
8351,euler_ramsey,0.5,1.5% Ramsey,risk_aversion,combined,0,1122.4253455396938,0.5930356827391852
8351,euler_ramsey,0.5,2.0% Ramsey,risk_aversion,combined,0,719.6514141003692,0.5012561595064396
8351,euler_ramsey,0.5,2.5% Ramsey,risk_aversion,combined,0,436.33890684114755,0.43520141981328697
8352,euler_ramsey,0.5,1.5% Ramsey,risk_aversion,combined,0,535.5089334791247,0.8340011600720715
8352,euler_ramsey,0.5,2.0% Ramsey,risk_aversion,combined,0,441.27531669114506,0.7612991015267008
8352,euler_ramsey,0.5,2.5% Ramsey,risk_aversion,combined,0,325.46365004767785,0.7015165039830561
8353,euler_ramsey,0.5,1.5% Ramsey,risk_aversion,combined,0,1919.6919608095136,0.3274669588449606
8353,euler_ramsey,0.5,2.0% Ramsey,risk_aversion,combined,0,1094.1845455521063,0.24218642929215822
8353,euler_ramsey,0.5,2.5% Ramsey,risk_aversion,combined,0,648.0333968477412,0.18963610644619774
8354,euler_ramsey,0.5,1.5% Ramsey,risk_aversion,combined,0,1867.58789936848,0.4001259093936573
8354,euler_ramsey,0.5,2.0% Ramsey,risk_aversion,combined,0,1314.963239831691,0.30969057769253894
8354,euler_ramsey,0.5,2.5% Ramsey,risk_aversion,combined,0,890.3766010156462,0.25118449010372956
8355,euler_ramsey,0.5,1.5% Ramsey,risk_aversion,combined,0,595.5664007045548,0.7521967423689017
8355,euler_ramsey,0.5,2.0% Ramsey,risk_aversion,combined,0,532.66531165251,0.6712490171430777
8355,euler_ramsey,0.5,2.5% Ramsey,risk_aversion,combined,0,435.5996714265408,0.6078499599862471
8356,euler_ramsey,0.5,1.5% Ramsey,risk_aversion,combined,0,175.95526938309916,2.154231510529314
8356,euler_ramsey,0.5,2.0% Ramsey,risk_aversion,combined,0,138.64043617250837,2.436366796332121
8356,euler_ramsey,0.5,2.5% Ramsey,risk_aversion,combined,0,105.48095339564802,2.6500365565233324
8357,euler_ramsey,0.5,1.5% Ramsey,risk_aversion,combined,0,23.08580648017466,2.4923405073168854
8357,euler_ramsey,0.5,2.0% Ramsey,risk_aversion,combined,0,20.153702309676266,2.912529127130893
8357,euler_ramsey,0.5,2.5% Ramsey,risk_aversion,combined,0,20.04165343314164,3.2490085432124483
8358,euler_ramsey,0.5,1.5% Ramsey,risk_aversion,combined,0,732.3074091879973,0.6327859858546881
8358,euler_ramsey,0.5,2.0% Ramsey,risk_aversion,combined,0,635.9890127052282,0.5432903913111947
8358,euler_ramsey,0.5,2.5% Ramsey,risk_aversion,combined,0,495.08111558512263,0.47748215567496244
8359,euler_ramsey,0.5,1.5% Ramsey,risk_aversion,combined,0,5028.82489667513,0.22014398905934812
8359,euler_ramsey,0.5,2.0% Ramsey,risk_aversion,combined,0,2381.1794073765736,0.14897331552336232
8359,euler_ramsey,0.5,2.5% Ramsey,risk_aversion,combined,0,1323.9421928468234,0.1089076671762018
8360,euler_ramsey,0.5,1.5% Ramsey,risk_aversion,combined,0,1903.491267329042,0.5342962328966799
8360,euler_ramsey,0.5,2.0% Ramsey,risk_aversion,combined,0,1527.6878206262054,0.4415375454098299
8360,euler_ramsey,0.5,2.5% Ramsey,risk_aversion,combined,0,1096.9861776883733,0.376757198187937
8361,euler_ramsey,0.5,1.5% Ramsey,risk_aversion,combined,0,-20.936737347320378,2.1293960005691868
8361,euler_ramsey,0.5,2.0% Ramsey,risk_aversion,combined,0,-14.495243506439145,2.402223973288303
8361,euler_ramsey,0.5,2.5% Ramsey,risk_aversion,combined,0,-8.260323632380551,2.607750934389303
8362,euler_ramsey,0.5,1.5% Ramsey,risk_aversion,combined,0,2020.7479542390279,0.27940303461436716
8362,euler_ramsey,0.5,2.0% Ramsey,risk_aversion,combined,0,669.4507955029462,0.1994650404534352
8362,euler_ramsey,0.5,2.5% Ramsey,risk_aversion,combined,0,358.2957410306094,0.15197895159648925
8363,euler_ramsey,0.5,1.5% Ramsey,risk_aversion,combined,0,233.23626088440255,2.7995129738234072
8363,euler_ramsey,0.5,2.0% Ramsey,risk_aversion,combined,0,144.9627959795972,3.3585446613121928
8363,euler_ramsey,0.5,2.5% Ramsey,risk_aversion,combined,0,94.96414446423813,3.8236363293747244
8364,euler_ramsey,0.5,1.5% Ramsey,risk_aversion,combined,0,157.78497176116906,1.0942742382511987
8364,euler_ramsey,0.5,2.0% Ramsey,risk_aversion,combined,0,125.14093686912332,1.0624076056171723
8364,euler_ramsey,0.5,2.5% Ramsey,risk_aversion,combined,0,100.48323490578741,1.0268804965761882
8365,euler_ramsey,0.5,1.5% Ramsey,risk_aversion,combined,0,2971.150343559717,0.47542206827546857
8365,euler_ramsey,0.5,2.0% Ramsey,risk_aversion,combined,0,2084.0118782849804,0.38282952674837395
8365,euler_ramsey,0.5,2.5% Ramsey,risk_aversion,combined,0,1482.152958501304,0.32018698840791576
8366,euler_ramsey,0.5,1.5% Ramsey,risk_aversion,combined,0,242.3074123988707,0.8872859367197804
8366,euler_ramsey,0.5,2.0% Ramsey,risk_aversion,combined,0,183.69759746145024,0.8231780838245848
8366,euler_ramsey,0.5,2.5% Ramsey,risk_aversion,combined,0,138.8202062740034,0.7682421981801546
8367,euler_ramsey,0.5,1.5% Ramsey,risk_aversion,combined,0,7238.494917410484,0.5649082257326995
8367,euler_ramsey,0.5,2.0% Ramsey,risk_aversion,combined,0,4891.78693731882,0.47315130201386557
8367,euler_ramsey,0.5,2.5% Ramsey,risk_aversion,combined,0,2979.3927314820116,0.40798590063719437
8368,euler_ramsey,0.5,1.5% Ramsey,risk_aversion,combined,0,4378.800591930318,0.2854387495411145
8368,euler_ramsey,0.5,2.0% Ramsey,risk_aversion,combined,0,2158.6994393890245,0.20481290076794223
8368,euler_ramsey,0.5,2.5% Ramsey,risk_aversion,combined,0,1122.0949120529892,0.15667253939641798
8369,euler_ramsey,0.5,1.5% Ramsey,risk_aversion,combined,0,-317.61831572301253,1.1257819602053754
8369,euler_ramsey,0.5,2.0% Ramsey,risk_aversion,combined,0,-294.89292752940537,1.1005937041047582
8369,euler_ramsey,0.5,2.5% Ramsey,risk_aversion,combined,0,-208.69606187726527,1.0695769349348778
8370,euler_ramsey,0.5,1.5% Ramsey,risk_aversion,combined,0,1499.253105787952,0.30864884833192363
8370,euler_ramsey,0.5,2.0% Ramsey,risk_aversion,combined,0,1198.502214588707,0.2253408765235055
8370,euler_ramsey,0.5,2.5% Ramsey,risk_aversion,combined,0,907.8010953013653,0.17469950083825322
8371,euler_ramsey,0.5,1.5% Ramsey,risk_aversion,combined,0,1422.6918038237789,0.4032168448744271
8371,euler_ramsey,0.5,2.0% Ramsey,risk_aversion,combined,0,936.3622965237571,0.3127555499721283
8371,euler_ramsey,0.5,2.5% Ramsey,risk_aversion,combined,0,634.3810418537506,0.25410344741265445
8372,euler_ramsey,0.5,1.5% Ramsey,risk_aversion,combined,0,2262.323075509957,0.5164457330189939
8372,euler_ramsey,0.5,2.0% Ramsey,risk_aversion,combined,0,1604.463557607966,0.4235517495095058
8372,euler_ramsey,0.5,2.5% Ramsey,risk_aversion,combined,0,1089.3935380364933,0.35929088289459826
8373,euler_ramsey,0.5,1.5% Ramsey,risk_aversion,combined,0,475.3255976917976,1.0176020511968926
8373,euler_ramsey,0.5,2.0% Ramsey,risk_aversion,combined,0,372.57511294084406,0.9732357956200954
8373,euler_ramsey,0.5,2.5% Ramsey,risk_aversion,combined,0,266.4195384973276,0.9298998049255737
8374,euler_ramsey,0.5,1.5% Ramsey,risk_aversion,combined,0,474.89233058831053,0.9109413585309895
8374,euler_ramsey,0.5,2.0% Ramsey,risk_aversion,combined,0,313.5493438317437,0.8484707963587811
8374,euler_ramsey,0.5,2.5% Ramsey,risk_aversion,combined,0,224.3213216961916,0.794173343268812
8375,euler_ramsey,0.5,1.5% Ramsey,risk_aversion,combined,0,718.7925067168148,0.931283976791904
8375,euler_ramsey,0.5,2.0% Ramsey,risk_aversion,combined,0,709.556833612035,0.8717609976030632
8375,euler_ramsey,0.5,2.5% Ramsey,risk_aversion,combined,0,587.3801590120192,0.8191240874833182
8376,euler_ramsey,0.5,1.5% Ramsey,risk_aversion,combined,0,4829.540759720479,0.5101155453560883
8376,euler_ramsey,0.5,2.0% Ramsey,risk_aversion,combined,0,4264.684741595911,0.4181539782997964
8376,euler_ramsey,0.5,2.5% Ramsey,risk_aversion,combined,0,3335.934646811928,0.35465792841864385
8377,euler_ramsey,0.5,1.5% Ramsey,risk_aversion,combined,0,1203.307124688359,0.6832633733950939
8377,euler_ramsey,0.5,2.0% Ramsey,risk_aversion,combined,0,1072.4123691972804,0.5976587237309796
8377,euler_ramsey,0.5,2.5% Ramsey,risk_aversion,combined,0,838.155803953309,0.5330238454998228
8378,euler_ramsey,0.5,1.5% Ramsey,risk_aversion,combined,0,-19.51563399602441,0.7998457443115762
8378,euler_ramsey,0.5,2.0% Ramsey,risk_aversion,combined,0,-22.02260404123775,0.7239180220206544
8378,euler_ramsey,0.5,2.5% Ramsey,risk_aversion,combined,0,-20.385231684889238,0.6627635268865183
8379,euler_ramsey,0.5,1.5% Ramsey,risk_aversion,combined,0,1403.4332361024926,0.3707773758849815
8379,euler_ramsey,0.5,2.0% Ramsey,risk_aversion,combined,0,806.0659017204546,0.2820059256758883
8379,euler_ramsey,0.5,2.5% Ramsey,risk_aversion,combined,0,506.6602198270618,0.225652681754016
8380,euler_ramsey,0.5,1.5% Ramsey,risk_aversion,combined,0,259.5732184082122,1.676047224208793
8380,euler_ramsey,0.5,2.0% Ramsey,risk_aversion,combined,0,207.3845719290708,1.7915184890042193
8380,euler_ramsey,0.5,2.5% Ramsey,risk_aversion,combined,0,156.65740688195547,1.8654155766101708
8381,euler_ramsey,0.5,1.5% Ramsey,risk_aversion,combined,0,-8.892515365076807,0.7454437681255612
8381,euler_ramsey,0.5,2.0% Ramsey,risk_aversion,combined,0,4.525024795297794,0.664078930981629
8381,euler_ramsey,0.5,2.5% Ramsey,risk_aversion,combined,0,10.928547553718886,0.600542203766843
8382,euler_ramsey,0.5,1.5% Ramsey,risk_aversion,combined,0,2358.7680535447016,0.38556776215678135
8382,euler_ramsey,0.5,2.0% Ramsey,risk_aversion,combined,0,2066.1758062598915,0.29614342336434346
8382,euler_ramsey,0.5,2.5% Ramsey,risk_aversion,combined,0,1559.171570957579,0.23878940887044656
8383,euler_ramsey,0.5,1.5% Ramsey,risk_aversion,combined,0,69.68881112673294,1.1204328198221714
8383,euler_ramsey,0.5,2.0% Ramsey,risk_aversion,combined,0,62.92483215551623,1.0936144482053647
8383,euler_ramsey,0.5,2.5% Ramsey,risk_aversion,combined,0,60.75728492034976,1.0614405866913559
8384,euler_ramsey,0.5,1.5% Ramsey,risk_aversion,combined,0,-868.6920092270782,0.5216468930570924
8384,euler_ramsey,0.5,2.0% Ramsey,risk_aversion,combined,0,-635.0791295759299,0.42846733458759856
8384,euler_ramsey,0.5,2.5% Ramsey,risk_aversion,combined,0,-455.6990731439953,0.3638520692577312
8385,euler_ramsey,0.5,1.5% Ramsey,risk_aversion,combined,0,266.39749542477966,1.0586817516712015
8385,euler_ramsey,0.5,2.0% Ramsey,risk_aversion,combined,0,208.4733668047461,1.0207459220041286
8385,euler_ramsey,0.5,2.5% Ramsey,risk_aversion,combined,0,148.85012637821603,0.9813473465905389
8386,euler_ramsey,0.5,1.5% Ramsey,risk_aversion,combined,0,177.607722732103,3.0748802040224072
8386,euler_ramsey,0.5,2.0% Ramsey,risk_aversion,combined,0,195.6568283893078,3.7678719001470355
8386,euler_ramsey,0.5,2.5% Ramsey,risk_aversion,combined,0,188.34837965996388,4.360490528303738
8387,euler_ramsey,0.5,1.5% Ramsey,risk_aversion,combined,0,1447.8094691494841,1.370461223832456
8387,euler_ramsey,0.5,2.0% Ramsey,risk_aversion,combined,0,1010.1085074794271,1.4011963675670307
8387,euler_ramsey,0.5,2.5% Ramsey,risk_aversion,combined,0,675.395200704725,1.4099067492328705
8388,euler_ramsey,0.5,1.5% Ramsey,risk_aversion,combined,0,3153.2966709380353,0.13740370132933136
8388,euler_ramsey,0.5,2.0% Ramsey,risk_aversion,combined,0,2414.5460130392357,0.08359225551667675
8388,euler_ramsey,0.5,2.5% Ramsey,risk_aversion,combined,0,1686.0077789267505,0.05627745058790999
8389,euler_ramsey,0.5,1.5% Ramsey,risk_aversion,combined,0,2630.315013633144,1.0714459567693084
8389,euler_ramsey,0.5,2.0% Ramsey,risk_aversion,combined,0,2523.471961374298,1.0420715215974374
8389,euler_ramsey,0.5,2.5% Ramsey,risk_aversion,combined,0,2089.7630660072477,1.009299045877578
8390,euler_ramsey,0.5,1.5% Ramsey,risk_aversion,combined,0,975.2193280424224,0.829187239151267
8390,euler_ramsey,0.5,2.0% Ramsey,risk_aversion,combined,0,824.6446349489536,0.7563803391353637
8390,euler_ramsey,0.5,2.5% Ramsey,risk_aversion,combined,0,626.9286682557895,0.6966719852099068
8391,euler_ramsey,0.5,1.5% Ramsey,risk_aversion,combined,0,1255.00885006668,0.4319767613873346
8391,euler_ramsey,0.5,2.0% Ramsey,risk_aversion,combined,0,734.0784654915738,0.34008111498904825
8391,euler_ramsey,0.5,2.5% Ramsey,risk_aversion,combined,0,468.5441454688409,0.27948252050244365
8392,euler_ramsey,0.5,1.5% Ramsey,risk_aversion,combined,0,908.6409744708241,1.1663210750847481
8392,euler_ramsey,0.5,2.0% Ramsey,risk_aversion,combined,0,641.8261181458332,1.1489900408650915
8392,euler_ramsey,0.5,2.5% Ramsey,risk_aversion,combined,0,420.02825156657894,1.123213266305795
8393,euler_ramsey,0.5,1.5% Ramsey,risk_aversion,combined,0,-1143.6498743052548,0.627889719842101
8393,euler_ramsey,0.5,2.0% Ramsey,risk_aversion,combined,0,-1042.2928055793564,0.5377263068008755
8393,euler_ramsey,0.5,2.5% Ramsey,risk_aversion,combined,0,-812.6439999801212,0.47162874565574436
8394,euler_ramsey,0.5,1.5% Ramsey,risk_aversion,combined,0,1200.5966543809113,1.8718460227997822
8394,euler_ramsey,0.5,2.0% Ramsey,risk_aversion,combined,0,1004.2374467992454,2.054098492091484
8394,euler_ramsey,0.5,2.5% Ramsey,risk_aversion,combined,0,817.8358614963834,2.1832719875914823
8395,euler_ramsey,0.5,1.5% Ramsey,risk_aversion,combined,0,976.3031599775608,0.5391256139003427
8395,euler_ramsey,0.5,2.0% Ramsey,risk_aversion,combined,0,676.3422717577618,0.44660627408127984
8395,euler_ramsey,0.5,2.5% Ramsey,risk_aversion,combined,0,480.87657814519605,0.3818069232787679
8396,euler_ramsey,0.5,1.5% Ramsey,risk_aversion,combined,0,1149.995298830148,0.5009459218214218
8396,euler_ramsey,0.5,2.0% Ramsey,risk_aversion,combined,0,667.630905226447,0.4077337470292324
8396,euler_ramsey,0.5,2.5% Ramsey,risk_aversion,combined,0,427.69834198556003,0.34382427541651966
8397,euler_ramsey,0.5,1.5% Ramsey,risk_aversion,combined,0,215.16771698070846,1.827132677487928
8397,euler_ramsey,0.5,2.0% Ramsey,risk_aversion,combined,0,139.215143936236,1.9913128802107736
8397,euler_ramsey,0.5,2.5% Ramsey,risk_aversion,combined,0,100.14902563761682,2.104801181642607
8398,euler_ramsey,0.5,1.5% Ramsey,risk_aversion,combined,0,281.8317770835676,2.00371744036453
8398,euler_ramsey,0.5,2.0% Ramsey,risk_aversion,combined,0,224.57726011224068,2.229774370737589
8398,euler_ramsey,0.5,2.5% Ramsey,risk_aversion,combined,0,170.0315097679871,2.39524982178824
8399,euler_ramsey,0.5,1.5% Ramsey,risk_aversion,combined,0,1011.0480484443405,0.3930404803876672
8399,euler_ramsey,0.5,2.0% Ramsey,risk_aversion,combined,0,911.5987264937644,0.30307551181124215
8399,euler_ramsey,0.5,2.5% Ramsey,risk_aversion,combined,0,732.9222939990868,0.24511775298812696
8400,euler_ramsey,0.5,1.5% Ramsey,risk_aversion,combined,0,829.679710164371,0.410669941431956
8400,euler_ramsey,0.5,2.0% Ramsey,risk_aversion,combined,0,550.8521630103146,0.3196123885977016
8400,euler_ramsey,0.5,2.5% Ramsey,risk_aversion,combined,0,370.4363059065348,0.26033361640581837
8401,euler_ramsey,0.5,1.5% Ramsey,risk_aversion,combined,0,818.533622531582,0.5793429441426955
8401,euler_ramsey,0.5,2.0% Ramsey,risk_aversion,combined,0,518.5214308340057,0.4875512370226306
8401,euler_ramsey,0.5,2.5% Ramsey,risk_aversion,combined,0,354.02743804079,0.4219090347997178
8402,euler_ramsey,0.5,1.5% Ramsey,risk_aversion,combined,0,329.17991428873535,0.8535977698375834
8402,euler_ramsey,0.5,2.0% Ramsey,risk_aversion,combined,0,269.4893874263753,0.7838969443927487
8402,euler_ramsey,0.5,2.5% Ramsey,risk_aversion,combined,0,200.6161215827557,0.72574611598244
8403,euler_ramsey,0.5,1.5% Ramsey,risk_aversion,combined,0,-65.08498233713176,0.7286782834534755
8403,euler_ramsey,0.5,2.0% Ramsey,risk_aversion,combined,0,-44.591207906896685,0.645341831031365
8403,euler_ramsey,0.5,2.5% Ramsey,risk_aversion,combined,0,-21.728573416944343,0.5809105903606334
8404,euler_ramsey,0.5,1.5% Ramsey,risk_aversion,combined,0,808.8404196968975,0.2861084480407916
8404,euler_ramsey,0.5,2.0% Ramsey,risk_aversion,combined,0,503.72317825488244,0.20525281432800616
8404,euler_ramsey,0.5,2.5% Ramsey,risk_aversion,combined,0,321.82597192036036,0.1569739336731522
8405,euler_ramsey,0.5,1.5% Ramsey,risk_aversion,combined,0,1746.7508085143281,1.236774920383124
8405,euler_ramsey,0.5,2.0% Ramsey,risk_aversion,combined,0,1614.4269985795395,1.2359448651685794
8405,euler_ramsey,0.5,2.5% Ramsey,risk_aversion,combined,0,1322.2656706217242,1.2218111115296297
8406,euler_ramsey,0.5,1.5% Ramsey,risk_aversion,combined,0,553.6680274248265,1.791623657426427
8406,euler_ramsey,0.5,2.0% Ramsey,risk_aversion,combined,0,281.1735767081766,1.9448236017239033
8406,euler_ramsey,0.5,2.5% Ramsey,risk_aversion,combined,0,169.8628301342066,2.0495262310393834
8407,euler_ramsey,0.5,1.5% Ramsey,risk_aversion,combined,0,268.78481222936824,1.2961926418840601
8407,euler_ramsey,0.5,2.0% Ramsey,risk_aversion,combined,0,196.48538089491626,1.307463758564234
8407,euler_ramsey,0.5,2.5% Ramsey,risk_aversion,combined,0,132.6742095307332,1.3016905813371178
8408,euler_ramsey,0.5,1.5% Ramsey,risk_aversion,combined,0,-424.7653198136019,1.3383929016167824
8408,euler_ramsey,0.5,2.0% Ramsey,risk_aversion,combined,0,-294.0729727386804,1.3595313190542235
8408,euler_ramsey,0.5,2.5% Ramsey,risk_aversion,combined,0,-178.3464514454334,1.3608255175356665
8409,euler_ramsey,0.5,1.5% Ramsey,risk_aversion,combined,0,61.58638957879774,2.0214048715884947
8409,euler_ramsey,0.5,2.0% Ramsey,risk_aversion,combined,0,44.85655832908076,2.2533249997241587
8409,euler_ramsey,0.5,2.5% Ramsey,risk_aversion,combined,0,33.42351364432332,2.423663246134246
8410,euler_ramsey,0.5,1.5% Ramsey,risk_aversion,combined,0,1628.9781479709059,0.9339642630284708
8410,euler_ramsey,0.5,2.0% Ramsey,risk_aversion,combined,0,1504.1652730889878,0.8770933180460331
8410,euler_ramsey,0.5,2.5% Ramsey,risk_aversion,combined,0,1209.0719809128486,0.8265243338847381
8411,euler_ramsey,0.5,1.5% Ramsey,risk_aversion,combined,0,212.77764379419435,0.8917389552504854
8411,euler_ramsey,0.5,2.0% Ramsey,risk_aversion,combined,0,189.94458169720647,0.8269093307491703
8411,euler_ramsey,0.5,2.5% Ramsey,risk_aversion,combined,0,162.17245365839273,0.7714013942237812
8412,euler_ramsey,0.5,1.5% Ramsey,risk_aversion,combined,0,572.5872330642337,1.8974468958907444
8412,euler_ramsey,0.5,2.0% Ramsey,risk_aversion,combined,0,420.2736101523439,2.085579859339843
8412,euler_ramsey,0.5,2.5% Ramsey,risk_aversion,combined,0,298.4912947264422,2.2189693608993446
8413,euler_ramsey,0.5,1.5% Ramsey,risk_aversion,combined,0,360.29739094972,0.8477653554194498
8413,euler_ramsey,0.5,2.0% Ramsey,risk_aversion,combined,0,315.87464138769764,0.7781691590992837
8413,euler_ramsey,0.5,2.5% Ramsey,risk_aversion,combined,0,261.27716624910715,0.7202505768780433
8414,euler_ramsey,0.5,1.5% Ramsey,risk_aversion,combined,0,1233.3928395556009,0.9674046005728165
8414,euler_ramsey,0.5,2.0% Ramsey,risk_aversion,combined,0,812.3564043739262,0.9139811520186161
8414,euler_ramsey,0.5,2.5% Ramsey,risk_aversion,combined,0,537.0628382885819,0.865055758336647
8415,euler_ramsey,0.5,1.5% Ramsey,risk_aversion,combined,0,603.2890254553407,0.6071864623614197
8415,euler_ramsey,0.5,2.0% Ramsey,risk_aversion,combined,0,530.1011418220932,0.5163621707039727
8415,euler_ramsey,0.5,2.5% Ramsey,risk_aversion,combined,0,416.4310459464221,0.45046970221650323
8416,euler_ramsey,0.5,1.5% Ramsey,risk_aversion,combined,0,1580.006885603687,1.3431341645472679
8416,euler_ramsey,0.5,2.0% Ramsey,risk_aversion,combined,0,1096.9740711056022,1.3667297055302725
8416,euler_ramsey,0.5,2.5% Ramsey,risk_aversion,combined,0,720.6257782194598,1.3700633114626586
8417,euler_ramsey,0.5,1.5% Ramsey,risk_aversion,combined,0,104.33016719409457,2.114520370863688
8417,euler_ramsey,0.5,2.0% Ramsey,risk_aversion,combined,0,75.82409071083164,2.381458902032621
8417,euler_ramsey,0.5,2.5% Ramsey,risk_aversion,combined,0,58.387922664630956,2.5819043034006954
8418,euler_ramsey,0.5,1.5% Ramsey,risk_aversion,combined,0,164.92634422233684,3.218898720841697
8418,euler_ramsey,0.5,2.0% Ramsey,risk_aversion,combined,0,110.63738671116144,3.984268485692148
8418,euler_ramsey,0.5,2.5% Ramsey,risk_aversion,combined,0,75.96712513001037,4.64676896931573
8419,euler_ramsey,0.5,1.5% Ramsey,risk_aversion,combined,0,264.0171339344054,1.6267030028759306
8419,euler_ramsey,0.5,2.0% Ramsey,risk_aversion,combined,0,174.7422263752961,1.7269303130914868
8419,euler_ramsey,0.5,2.5% Ramsey,risk_aversion,combined,0,115.94055419339152,1.7886292590610164
8420,euler_ramsey,0.5,1.5% Ramsey,risk_aversion,combined,0,80.59296707288257,1.108891358807383
8420,euler_ramsey,0.5,2.0% Ramsey,risk_aversion,combined,0,92.40203603864404,1.0796196067480057
8420,euler_ramsey,0.5,2.5% Ramsey,risk_aversion,combined,0,94.34437354611309,1.0457582528879226
8421,euler_ramsey,0.5,1.5% Ramsey,risk_aversion,combined,0,250.89502492883125,0.6958369419132935
8421,euler_ramsey,0.5,2.0% Ramsey,risk_aversion,combined,0,159.58762672253366,0.6095629463377426
8421,euler_ramsey,0.5,2.5% Ramsey,risk_aversion,combined,0,99.92550401840936,0.5440676805921435
8422,euler_ramsey,0.5,1.5% Ramsey,risk_aversion,combined,0,163.31611623823235,0.9993431942639204
8422,euler_ramsey,0.5,2.0% Ramsey,risk_aversion,combined,0,115.27696319269073,0.9508597877443422
8422,euler_ramsey,0.5,2.5% Ramsey,risk_aversion,combined,0,81.85185962848178,0.9048568473959608
8423,euler_ramsey,0.5,1.5% Ramsey,risk_aversion,combined,0,544.0498071654341,2.1660240208672588
8423,euler_ramsey,0.5,2.0% Ramsey,risk_aversion,combined,0,421.0205897157978,2.453773505532622
8423,euler_ramsey,0.5,2.5% Ramsey,risk_aversion,combined,0,319.6001118993466,2.6725811015806826
8424,euler_ramsey,0.5,1.5% Ramsey,risk_aversion,combined,0,-77.06156090529646,0.5248584241263836
8424,euler_ramsey,0.5,2.0% Ramsey,risk_aversion,combined,0,-51.91152088740642,0.43174040104697947
8424,euler_ramsey,0.5,2.5% Ramsey,risk_aversion,combined,0,-26.863798131351466,0.3670547058699645
8425,euler_ramsey,0.5,1.5% Ramsey,risk_aversion,combined,0,338.7550054476412,1.2760868906472858
8425,euler_ramsey,0.5,2.0% Ramsey,risk_aversion,combined,0,223.580982460122,1.283142510917068
8425,euler_ramsey,0.5,2.5% Ramsey,risk_aversion,combined,0,158.88653646800157,1.2743864940586287
8426,euler_ramsey,0.5,1.5% Ramsey,risk_aversion,combined,0,1055.3180822337047,1.437602795873323
8426,euler_ramsey,0.5,2.0% Ramsey,risk_aversion,combined,0,660.2260617783808,1.484797272266536
8426,euler_ramsey,0.5,2.5% Ramsey,risk_aversion,combined,0,400.685222323079,1.5055837521731683
8427,euler_ramsey,0.5,1.5% Ramsey,risk_aversion,combined,0,1195.2845338100676,1.7491417828184777
8427,euler_ramsey,0.5,2.0% Ramsey,risk_aversion,combined,0,848.9790591916282,1.8881890614766768
8427,euler_ramsey,0.5,2.5% Ramsey,risk_aversion,combined,0,560.8347497343061,1.9812418596953663
8428,euler_ramsey,0.5,1.5% Ramsey,risk_aversion,combined,0,1000.5112018303726,0.5275597916960765
8428,euler_ramsey,0.5,2.0% Ramsey,risk_aversion,combined,0,845.5537923481501,0.4347339291473683
8428,euler_ramsey,0.5,2.5% Ramsey,risk_aversion,combined,0,635.6190571121147,0.37014507476883457
8429,euler_ramsey,0.5,1.5% Ramsey,risk_aversion,combined,0,585.6385772522216,1.8695631010901637
8429,euler_ramsey,0.5,2.0% Ramsey,risk_aversion,combined,0,468.9651492369468,2.0489402661757805
8429,euler_ramsey,0.5,2.5% Ramsey,risk_aversion,combined,0,354.26537765725635,2.1753308899008124
8430,euler_ramsey,0.5,1.5% Ramsey,risk_aversion,combined,0,241.84734897552798,2.6821085844798707
8430,euler_ramsey,0.5,2.0% Ramsey,risk_aversion,combined,0,132.77719893489774,3.186553878607603
8430,euler_ramsey,0.5,2.5% Ramsey,risk_aversion,combined,0,79.69714516955472,3.6005804626737405
8431,euler_ramsey,0.5,1.5% Ramsey,risk_aversion,combined,0,3231.898443409749,0.41255755216520734
8431,euler_ramsey,0.5,2.0% Ramsey,risk_aversion,combined,0,1772.8647235706267,0.32172443620979746
8431,euler_ramsey,0.5,2.5% Ramsey,risk_aversion,combined,0,1053.652005504155,0.262484280471336
8432,euler_ramsey,0.5,1.5% Ramsey,risk_aversion,combined,0,566.408449625548,1.7409425498811522
8432,euler_ramsey,0.5,2.0% Ramsey,risk_aversion,combined,0,425.74006998827446,1.8770761875833983
8432,euler_ramsey,0.5,2.5% Ramsey,risk_aversion,combined,0,298.8148233513421,1.9676934609699914
8433,euler_ramsey,0.5,1.5% Ramsey,risk_aversion,combined,0,330.08806026963924,1.1661398668537368
8433,euler_ramsey,0.5,2.0% Ramsey,risk_aversion,combined,0,229.80923678767428,1.1484940859299244
8433,euler_ramsey,0.5,2.5% Ramsey,risk_aversion,combined,0,154.0597841934506,1.1224436707828571
8434,euler_ramsey,0.5,1.5% Ramsey,risk_aversion,combined,0,485.554852822267,1.1006642277958325
8434,euler_ramsey,0.5,2.0% Ramsey,risk_aversion,combined,0,229.19731907293288,1.0694330026709293
8434,euler_ramsey,0.5,2.5% Ramsey,risk_aversion,combined,0,129.38400564267306,1.0342791369761983
8435,euler_ramsey,0.5,1.5% Ramsey,risk_aversion,combined,0,-433.324880393071,0.8278082811770122
8435,euler_ramsey,0.5,2.0% Ramsey,risk_aversion,combined,0,-409.5034555267031,0.7543678010026208
8435,euler_ramsey,0.5,2.5% Ramsey,risk_aversion,combined,0,-313.9428280945905,0.6942550852439531
8436,euler_ramsey,0.5,1.5% Ramsey,risk_aversion,combined,0,900.8426415473667,0.868402549309775
8436,euler_ramsey,0.5,2.0% Ramsey,risk_aversion,combined,0,673.2324540262196,0.8006487451367741
8436,euler_ramsey,0.5,2.5% Ramsey,risk_aversion,combined,0,474.4041361639741,0.7435450347427077
8437,euler_ramsey,0.5,1.5% Ramsey,risk_aversion,combined,0,456.3193851065554,1.2430141869024776
8437,euler_ramsey,0.5,2.0% Ramsey,risk_aversion,combined,0,308.2432425113278,1.2437971527485001
8437,euler_ramsey,0.5,2.5% Ramsey,risk_aversion,combined,0,215.77131380275523,1.230714422166755
8438,euler_ramsey,0.5,1.5% Ramsey,risk_aversion,combined,0,432.4035230333165,1.885528173552449
8438,euler_ramsey,0.5,2.0% Ramsey,risk_aversion,combined,0,316.4247599301972,2.069387373416735
8438,euler_ramsey,0.5,2.5% Ramsey,risk_aversion,combined,0,221.17626942246932,2.1993009647150377
8439,euler_ramsey,0.5,1.5% Ramsey,risk_aversion,combined,0,-505.5486010776466,0.4758294908610388
8439,euler_ramsey,0.5,2.0% Ramsey,risk_aversion,combined,0,-340.2460123767785,0.38281222575986334
8439,euler_ramsey,0.5,2.5% Ramsey,risk_aversion,combined,0,-224.90223540842396,0.3199076818732801
8440,euler_ramsey,0.5,1.5% Ramsey,risk_aversion,combined,0,600.0121321110513,1.6721620026719566
8440,euler_ramsey,0.5,2.0% Ramsey,risk_aversion,combined,0,450.63807792377185,1.787450553124272
8440,euler_ramsey,0.5,2.5% Ramsey,risk_aversion,combined,0,317.9121879820952,1.8614051124676037
8441,euler_ramsey,0.5,1.5% Ramsey,risk_aversion,combined,0,883.7126945374611,0.8379018015678819
8441,euler_ramsey,0.5,2.0% Ramsey,risk_aversion,combined,0,550.0068736912535,0.7664464797879919
8441,euler_ramsey,0.5,2.5% Ramsey,risk_aversion,combined,0,373.3544843395446,0.7074531438539821
8442,euler_ramsey,0.5,1.5% Ramsey,risk_aversion,combined,0,505.7369068291547,1.1954978101388805
8442,euler_ramsey,0.5,2.0% Ramsey,risk_aversion,combined,0,441.8820073081239,1.183923157920932
8442,euler_ramsey,0.5,2.5% Ramsey,risk_aversion,combined,0,361.2143601195446,1.1620021016328945
8443,euler_ramsey,0.5,1.5% Ramsey,risk_aversion,combined,0,9.91656652848478,1.2963029572145524
8443,euler_ramsey,0.5,2.0% Ramsey,risk_aversion,combined,0,-1.7601767678755056,1.3063262561162552
8443,euler_ramsey,0.5,2.5% Ramsey,risk_aversion,combined,0,-3.367597199711877,1.2994042926211828
8444,euler_ramsey,0.5,1.5% Ramsey,risk_aversion,combined,0,861.9809885982131,0.5908114858974112
8444,euler_ramsey,0.5,2.0% Ramsey,risk_aversion,combined,0,664.2998459415163,0.49942550816213677
8444,euler_ramsey,0.5,2.5% Ramsey,risk_aversion,combined,0,469.2647901036995,0.43367735176058353
8445,euler_ramsey,0.5,1.5% Ramsey,risk_aversion,combined,0,1579.3865092036078,0.30641555391267117
8445,euler_ramsey,0.5,2.0% Ramsey,risk_aversion,combined,0,1389.123116338963,0.2233228842760699
8445,euler_ramsey,0.5,2.5% Ramsey,risk_aversion,combined,0,1058.4975574750551,0.17290136610035542
8446,euler_ramsey,0.5,1.5% Ramsey,risk_aversion,combined,0,99.95087827449923,0.7315570467001021
8446,euler_ramsey,0.5,2.0% Ramsey,risk_aversion,combined,0,99.64008804345342,0.648405240872761
8446,euler_ramsey,0.5,2.5% Ramsey,risk_aversion,combined,0,95.34181577833455,0.5840429978090048
8447,euler_ramsey,0.5,1.5% Ramsey,risk_aversion,combined,0,-116.55802646045365,0.445411362783638
8447,euler_ramsey,0.5,2.0% Ramsey,risk_aversion,combined,0,-112.65310944696883,0.3529970893466988
8447,euler_ramsey,0.5,2.5% Ramsey,risk_aversion,combined,0,-95.84593842933711,0.2915809119198446
8448,euler_ramsey,0.5,1.5% Ramsey,risk_aversion,combined,0,1160.5457126562537,0.4102640399398331
8448,euler_ramsey,0.5,2.0% Ramsey,risk_aversion,combined,0,833.8437260953249,0.31925074842141393
8448,euler_ramsey,0.5,2.5% Ramsey,risk_aversion,combined,0,589.5254039640084,0.260012348410172
8449,euler_ramsey,0.5,1.5% Ramsey,risk_aversion,combined,0,-384.234855576672,0.3950161882125094
8449,euler_ramsey,0.5,2.0% Ramsey,risk_aversion,combined,0,-278.3146679151094,0.30479512426851973
8449,euler_ramsey,0.5,2.5% Ramsey,risk_aversion,combined,0,-181.09316495682603,0.2466164442452325
8450,euler_ramsey,0.5,1.5% Ramsey,risk_aversion,combined,0,512.6471953145958,0.8415779572792454
8450,euler_ramsey,0.5,2.0% Ramsey,risk_aversion,combined,0,396.03921818939517,0.7704084127062076
8450,euler_ramsey,0.5,2.5% Ramsey,risk_aversion,combined,0,278.284389485406,0.7115557583644317
8451,euler_ramsey,0.5,1.5% Ramsey,risk_aversion,combined,0,349.23990542235674,1.4680921858086444
8451,euler_ramsey,0.5,2.0% Ramsey,risk_aversion,combined,0,264.2448226533491,1.5233344756603895
8451,euler_ramsey,0.5,2.5% Ramsey,risk_aversion,combined,0,193.82499613440982,1.5501837035785502
8452,euler_ramsey,0.5,1.5% Ramsey,risk_aversion,combined,0,924.129497408674,1.4452412449676852
8452,euler_ramsey,0.5,2.0% Ramsey,risk_aversion,combined,0,761.7028407484062,1.4960102146300962
8452,euler_ramsey,0.5,2.5% Ramsey,risk_aversion,combined,0,565.5209992635583,1.519795480654674
8453,euler_ramsey,0.5,1.5% Ramsey,risk_aversion,combined,0,143.16742736310934,2.708122338244537
8453,euler_ramsey,0.5,2.0% Ramsey,risk_aversion,combined,0,92.91565145999486,3.2245038317611723
8453,euler_ramsey,0.5,2.5% Ramsey,risk_aversion,combined,0,65.92451864301842,3.6496803833026963
8454,euler_ramsey,0.5,1.5% Ramsey,risk_aversion,combined,0,-198.410470634985,0.3857363766889543
8454,euler_ramsey,0.5,2.0% Ramsey,risk_aversion,combined,0,-71.70068499112436,0.2960117960002924
8454,euler_ramsey,0.5,2.5% Ramsey,risk_aversion,combined,0,-32.66246960395099,0.23849673904380778
8455,euler_ramsey,0.5,1.5% Ramsey,risk_aversion,combined,0,1215.4124516828945,0.8573802253568006
8455,euler_ramsey,0.5,2.0% Ramsey,risk_aversion,combined,0,762.2292764745878,0.7891197017027628
8455,euler_ramsey,0.5,2.5% Ramsey,risk_aversion,combined,0,502.6728598216822,0.7319695537950937
8456,euler_ramsey,0.5,1.5% Ramsey,risk_aversion,combined,0,-266.93021949646106,0.7208218643373685
8456,euler_ramsey,0.5,2.0% Ramsey,risk_aversion,combined,0,-164.2432984033433,0.6365449199610382
8456,euler_ramsey,0.5,2.5% Ramsey,risk_aversion,combined,0,-93.2495166355772,0.5717038508982667
8457,euler_ramsey,0.5,1.5% Ramsey,risk_aversion,combined,0,191.97560561300162,1.9201997583379544
8457,euler_ramsey,0.5,2.0% Ramsey,risk_aversion,combined,0,147.84107665072594,2.116224203104261
8457,euler_ramsey,0.5,2.5% Ramsey,risk_aversion,combined,0,116.14333956094973,2.256231734731288
8458,euler_ramsey,0.5,1.5% Ramsey,risk_aversion,combined,0,395.7816844561073,1.3893731531179527
8458,euler_ramsey,0.5,2.0% Ramsey,risk_aversion,combined,0,325.32261382418335,1.423627654122285
8458,euler_ramsey,0.5,2.5% Ramsey,risk_aversion,combined,0,246.20051588495986,1.4346530288530792
8459,euler_ramsey,0.5,1.5% Ramsey,risk_aversion,combined,0,1074.2638882799909,0.26963357547485284
8459,euler_ramsey,0.5,2.0% Ramsey,risk_aversion,combined,0,572.8290747229686,0.1908649181581832
8459,euler_ramsey,0.5,2.5% Ramsey,risk_aversion,combined,0,341.7738843922405,0.14446798898397709
8460,euler_ramsey,0.5,1.5% Ramsey,risk_aversion,combined,0,151.16342957390953,2.029715671824292
8460,euler_ramsey,0.5,2.0% Ramsey,risk_aversion,combined,0,119.3039498795729,2.2646268428845753
8460,euler_ramsey,0.5,2.5% Ramsey,risk_aversion,combined,0,92.82476758360181,2.4375781369719154
8461,euler_ramsey,0.5,1.5% Ramsey,risk_aversion,combined,0,607.91082669557,0.5690538114363946
8461,euler_ramsey,0.5,2.0% Ramsey,risk_aversion,combined,0,471.2683626331692,0.47686948829205944
8461,euler_ramsey,0.5,2.5% Ramsey,risk_aversion,combined,0,342.7437457233126,0.4113070885355764
8462,euler_ramsey,0.5,1.5% Ramsey,risk_aversion,combined,0,597.5269714634746,0.3199070453379372
8462,euler_ramsey,0.5,2.0% Ramsey,risk_aversion,combined,0,256.22526583239653,0.23532221757720628
8462,euler_ramsey,0.5,2.5% Ramsey,risk_aversion,combined,0,151.03889788334186,0.18349079333839136
8463,euler_ramsey,0.5,1.5% Ramsey,risk_aversion,combined,0,510.9442070622115,1.141256194775966
8463,euler_ramsey,0.5,2.0% Ramsey,risk_aversion,combined,0,370.55014346723567,1.1200797477328268
8463,euler_ramsey,0.5,2.5% Ramsey,risk_aversion,combined,0,266.68846375188684,1.0918968240106464
8464,euler_ramsey,0.5,1.5% Ramsey,risk_aversion,combined,0,320.00298648798207,1.8978387361287696
8464,euler_ramsey,0.5,2.0% Ramsey,risk_aversion,combined,0,204.0196248360258,2.086071978245538
8464,euler_ramsey,0.5,2.5% Ramsey,risk_aversion,combined,0,138.7386990596221,2.2195164765096616
8465,euler_ramsey,0.5,1.5% Ramsey,risk_aversion,combined,0,345.326516173466,1.745672005355023
8465,euler_ramsey,0.5,2.0% Ramsey,risk_aversion,combined,0,155.79382712369826,1.8831264346270102
8465,euler_ramsey,0.5,2.5% Ramsey,risk_aversion,combined,0,82.5428401500183,1.9747320692997283
8466,euler_ramsey,0.5,1.5% Ramsey,risk_aversion,combined,0,193.5057034071202,1.4738925852188858
8466,euler_ramsey,0.5,2.0% Ramsey,risk_aversion,combined,0,125.91666606539323,1.530834106337879
8466,euler_ramsey,0.5,2.5% Ramsey,risk_aversion,combined,0,86.26388930629864,1.5589461344156574
8467,euler_ramsey,0.5,1.5% Ramsey,risk_aversion,combined,0,-2348.4524449479145,0.41059603859697424
8467,euler_ramsey,0.5,2.0% Ramsey,risk_aversion,combined,0,-942.2656079859878,0.3195758137678612
8467,euler_ramsey,0.5,2.5% Ramsey,risk_aversion,combined,0,-463.004884689649,0.26031268299053006
8468,euler_ramsey,0.5,1.5% Ramsey,risk_aversion,combined,0,66.4913581421049,3.98104070467214
8468,euler_ramsey,0.5,2.0% Ramsey,risk_aversion,combined,0,41.16675110059523,5.168837778796929
8468,euler_ramsey,0.5,2.5% Ramsey,risk_aversion,combined,0,26.822648459751147,6.25514906474442
8469,euler_ramsey,0.5,1.5% Ramsey,risk_aversion,combined,0,868.1975030572071,0.37550644709836517
8469,euler_ramsey,0.5,2.0% Ramsey,risk_aversion,combined,0,647.0597666085563,0.28636133698103344
8469,euler_ramsey,0.5,2.5% Ramsey,risk_aversion,combined,0,476.1160657168552,0.22960323807058677
8470,euler_ramsey,0.5,1.5% Ramsey,risk_aversion,combined,0,443.1678828076377,0.9644296296739531
8470,euler_ramsey,0.5,2.0% Ramsey,risk_aversion,combined,0,356.2780420224416,0.9097189695126133
8470,euler_ramsey,0.5,2.5% Ramsey,risk_aversion,combined,0,274.24727529707957,0.8598478928277068
8471,euler_ramsey,0.5,1.5% Ramsey,risk_aversion,combined,0,78.90349383639091,0.7253346277131864
8471,euler_ramsey,0.5,2.0% Ramsey,risk_aversion,combined,0,70.38825905989671,0.6417041506432353
8471,euler_ramsey,0.5,2.5% Ramsey,risk_aversion,combined,0,53.21702960248039,0.5771612699587002
8472,euler_ramsey,0.5,1.5% Ramsey,risk_aversion,combined,0,2414.9512268090803,0.29851396293896654
8472,euler_ramsey,0.5,2.0% Ramsey,risk_aversion,combined,0,1566.4631313918626,0.21644994666664125
8472,euler_ramsey,0.5,2.5% Ramsey,risk_aversion,combined,0,1116.432147794755,0.16692785164655638
8473,euler_ramsey,0.5,1.5% Ramsey,risk_aversion,combined,0,348.1721632267962,0.8129012830472702
8473,euler_ramsey,0.5,2.0% Ramsey,risk_aversion,combined,0,301.8238443003874,0.7386042012052079
8473,euler_ramsey,0.5,2.5% Ramsey,risk_aversion,combined,0,246.43382874852773,0.6782260127203837
8474,euler_ramsey,0.5,1.5% Ramsey,risk_aversion,combined,0,96.92978595386161,1.9851018224638517
8474,euler_ramsey,0.5,2.0% Ramsey,risk_aversion,combined,0,64.24154632667295,2.204121640810174
8474,euler_ramsey,0.5,2.5% Ramsey,risk_aversion,combined,0,43.898779992753965,2.3635048137812427
8475,euler_ramsey,0.5,1.5% Ramsey,risk_aversion,combined,0,427.4555024629658,1.105286942661256
8475,euler_ramsey,0.5,2.0% Ramsey,risk_aversion,combined,0,322.98853116334516,1.0752528376848203
8475,euler_ramsey,0.5,2.5% Ramsey,risk_aversion,combined,0,225.0346522669396,1.0408631272406565
8476,euler_ramsey,0.5,1.5% Ramsey,risk_aversion,combined,0,1175.4771952263948,0.6224204201303485
8476,euler_ramsey,0.5,2.0% Ramsey,risk_aversion,combined,0,1048.981524481441,0.5329281079698593
8476,euler_ramsey,0.5,2.5% Ramsey,risk_aversion,combined,0,822.1883592758252,0.4674337194713609
8477,euler_ramsey,0.5,1.5% Ramsey,risk_aversion,combined,0,99.43848489858217,1.3229756692888721
8477,euler_ramsey,0.5,2.0% Ramsey,risk_aversion,combined,0,80.84251593750292,1.3400529616326744
8477,euler_ramsey,0.5,2.5% Ramsey,risk_aversion,combined,0,65.06073157066555,1.3383872431458164
8478,euler_ramsey,0.5,1.5% Ramsey,risk_aversion,combined,0,3163.6909941552262,1.6855754309129154
8478,euler_ramsey,0.5,2.0% Ramsey,risk_aversion,combined,0,2241.3857042551786,1.8078092207344854
8478,euler_ramsey,0.5,2.5% Ramsey,risk_aversion,combined,0,1494.815803425135,1.8877990084089182
8479,euler_ramsey,0.5,1.5% Ramsey,risk_aversion,combined,0,68.63952948175404,2.8340212511530614
8479,euler_ramsey,0.5,2.0% Ramsey,risk_aversion,combined,0,56.44015354716019,3.4088772469780957
8479,euler_ramsey,0.5,2.5% Ramsey,risk_aversion,combined,0,46.71545880230045,3.8886637524137675
8480,euler_ramsey,0.5,1.5% Ramsey,risk_aversion,combined,0,1226.3489389377053,0.9462610949046798
8480,euler_ramsey,0.5,2.0% Ramsey,risk_aversion,combined,0,1239.0850556212831,0.8892274984569573
8480,euler_ramsey,0.5,2.5% Ramsey,risk_aversion,combined,0,1026.705487009061,0.8380782260708882
8481,euler_ramsey,0.5,1.5% Ramsey,risk_aversion,combined,0,1752.940998697994,0.4100843333773982
8481,euler_ramsey,0.5,2.0% Ramsey,risk_aversion,combined,0,1420.1354815420568,0.31920769356208906
8481,euler_ramsey,0.5,2.5% Ramsey,risk_aversion,combined,0,1061.709580881726,0.2600467974470342
8482,euler_ramsey,0.5,1.5% Ramsey,risk_aversion,combined,0,39.93927816964397,3.4108953677293226
8482,euler_ramsey,0.5,2.0% Ramsey,risk_aversion,combined,0,28.74547180061989,4.27732040567504
8482,euler_ramsey,0.5,2.5% Ramsey,risk_aversion,combined,0,22.120844182947852,5.039095457307007
8483,euler_ramsey,0.5,1.5% Ramsey,risk_aversion,combined,0,2828.726505576175,0.7403666604163583
8483,euler_ramsey,0.5,2.0% Ramsey,risk_aversion,combined,0,2480.5488031306145,0.6589241923675745
8483,euler_ramsey,0.5,2.5% Ramsey,risk_aversion,combined,0,1954.7298199250856,0.5955235189647234
8484,euler_ramsey,0.5,1.5% Ramsey,risk_aversion,combined,0,3922.381842448981,0.6252638896601876
8484,euler_ramsey,0.5,2.0% Ramsey,risk_aversion,combined,0,3408.126279131596,0.5356732222635424
8484,euler_ramsey,0.5,2.5% Ramsey,risk_aversion,combined,0,2565.856619309188,0.47003328704595176
8485,euler_ramsey,0.5,1.5% Ramsey,risk_aversion,combined,0,565.7535218562275,1.3120933297823862
8485,euler_ramsey,0.5,2.0% Ramsey,risk_aversion,combined,0,346.61730424116394,1.3275317226794034
8485,euler_ramsey,0.5,2.5% Ramsey,risk_aversion,combined,0,235.17971688683488,1.3248776014958688
8486,euler_ramsey,0.5,1.5% Ramsey,risk_aversion,combined,0,823.7839160396737,1.4990465088221172
8486,euler_ramsey,0.5,2.0% Ramsey,risk_aversion,combined,0,520.6069191808859,1.5637084191265223
8486,euler_ramsey,0.5,2.5% Ramsey,risk_aversion,combined,0,336.2321443844309,1.597904126784064
8487,euler_ramsey,0.5,1.5% Ramsey,risk_aversion,combined,0,-178.62154134843917,0.8806484860208986
8487,euler_ramsey,0.5,2.0% Ramsey,risk_aversion,combined,0,-150.75202737311506,0.8141660999268254
8487,euler_ramsey,0.5,2.5% Ramsey,risk_aversion,combined,0,-113.20087885139337,0.7576649701227404
8488,euler_ramsey,0.5,1.5% Ramsey,risk_aversion,combined,0,1130.6772380690895,0.8144791994542091
8488,euler_ramsey,0.5,2.0% Ramsey,risk_aversion,combined,0,813.302528275711,0.7413599562991018
8488,euler_ramsey,0.5,2.5% Ramsey,risk_aversion,combined,0,564.3236068868072,0.6817726982750287
8489,euler_ramsey,0.5,1.5% Ramsey,risk_aversion,combined,0,213.88798560799816,1.2388299066093331
8489,euler_ramsey,0.5,2.0% Ramsey,risk_aversion,combined,0,149.60811557492923,1.237086156915074
8489,euler_ramsey,0.5,2.5% Ramsey,risk_aversion,combined,0,106.96467262697745,1.2221045715127925
8490,euler_ramsey,0.5,1.5% Ramsey,risk_aversion,combined,0,1549.2235912593478,0.5032803246395728
8490,euler_ramsey,0.5,2.0% Ramsey,risk_aversion,combined,0,1222.9315166224508,0.4100801041291413
8490,euler_ramsey,0.5,2.5% Ramsey,risk_aversion,combined,0,873.1764778211434,0.3460957530251057
8491,euler_ramsey,0.5,1.5% Ramsey,risk_aversion,combined,0,3059.764517007486,0.40746995210719295
8491,euler_ramsey,0.5,2.0% Ramsey,risk_aversion,combined,0,2643.454212839346,0.3167857658868897
8491,euler_ramsey,0.5,2.5% Ramsey,risk_aversion,combined,0,1970.6440635134352,0.25783641130153095
8492,euler_ramsey,0.5,1.5% Ramsey,risk_aversion,combined,0,558.4797473559704,0.8057999018680297
8492,euler_ramsey,0.5,2.0% Ramsey,risk_aversion,combined,0,343.27847942422864,0.7300963637321678
8492,euler_ramsey,0.5,2.5% Ramsey,risk_aversion,combined,0,218.97167054189592,0.6689073641903867
8493,euler_ramsey,0.5,1.5% Ramsey,risk_aversion,combined,0,-373.6340590125334,0.48122227164771014
8493,euler_ramsey,0.5,2.0% Ramsey,risk_aversion,combined,0,-338.6168304426899,0.38808794154945964
8493,euler_ramsey,0.5,2.5% Ramsey,risk_aversion,combined,0,-276.02104175356004,0.32492126556975875
8494,euler_ramsey,0.5,1.5% Ramsey,risk_aversion,combined,0,1170.205848145999,0.6717538339828627
8494,euler_ramsey,0.5,2.0% Ramsey,risk_aversion,combined,0,1236.8701166487765,0.5849118488017067
8494,euler_ramsey,0.5,2.5% Ramsey,risk_aversion,combined,0,1070.5551839706711,0.519710962367831
8495,euler_ramsey,0.5,1.5% Ramsey,risk_aversion,combined,0,191.4951486558899,2.021177106855737
8495,euler_ramsey,0.5,2.0% Ramsey,risk_aversion,combined,0,137.72836286538436,2.253361511506295
8495,euler_ramsey,0.5,2.5% Ramsey,risk_aversion,combined,0,95.39171149596444,2.423942297210423
8496,euler_ramsey,0.5,1.5% Ramsey,risk_aversion,combined,0,1593.6438541779235,0.5362148176000129
8496,euler_ramsey,0.5,2.0% Ramsey,risk_aversion,combined,0,1289.540411689716,0.4433242071175627
8496,euler_ramsey,0.5,2.5% Ramsey,risk_aversion,combined,0,936.8434746684125,0.37840155995147645
8497,euler_ramsey,0.5,1.5% Ramsey,risk_aversion,combined,0,436.4608220355998,1.9687821708074587
8497,euler_ramsey,0.5,2.0% Ramsey,risk_aversion,combined,0,249.07891248042833,2.182115783761854
8497,euler_ramsey,0.5,2.5% Ramsey,risk_aversion,combined,0,158.7826330255271,2.3367500166377257
8498,euler_ramsey,0.5,1.5% Ramsey,risk_aversion,combined,0,2262.883058017871,2.221091819770808
8498,euler_ramsey,0.5,2.0% Ramsey,risk_aversion,combined,0,1821.3719958456268,2.533404479835469
8498,euler_ramsey,0.5,2.5% Ramsey,risk_aversion,combined,0,1411.8035609069082,2.7743505962680444
8499,euler_ramsey,0.5,1.5% Ramsey,risk_aversion,combined,0,809.4083054176042,0.7507969564811792
8499,euler_ramsey,0.5,2.0% Ramsey,risk_aversion,combined,0,538.2045600685427,0.6701427086871086
8499,euler_ramsey,0.5,2.5% Ramsey,risk_aversion,combined,0,352.2507714471521,0.6069645241383426
8500,euler_ramsey,0.5,1.5% Ramsey,risk_aversion,combined,0,3.3597769901705377,0.8402139438122201
8500,euler_ramsey,0.5,2.0% Ramsey,risk_aversion,combined,0,-3.983718231505181,0.7688739802217979
8500,euler_ramsey,0.5,2.5% Ramsey,risk_aversion,combined,0,-3.785679935106006,0.7098820022657255
8501,euler_ramsey,0.5,1.5% Ramsey,risk_aversion,combined,0,396.2886275318312,1.7329446568260696
8501,euler_ramsey,0.5,2.0% Ramsey,risk_aversion,combined,0,332.7744577202893,1.8672092336541475
8501,euler_ramsey,0.5,2.5% Ramsey,risk_aversion,combined,0,265.59265566983083,1.9564464713269774
8502,euler_ramsey,0.5,1.5% Ramsey,risk_aversion,combined,0,157.35598311843117,2.218558459776191
8502,euler_ramsey,0.5,2.0% Ramsey,risk_aversion,combined,0,170.87546095942113,2.525717825786283
8502,euler_ramsey,0.5,2.5% Ramsey,risk_aversion,combined,0,162.9250464388819,2.7612297564196533
8503,euler_ramsey,0.5,1.5% Ramsey,risk_aversion,combined,0,-26.55941779202843,0.4941456088629759
8503,euler_ramsey,0.5,2.0% Ramsey,risk_aversion,combined,0,-5.831131954006711,0.40091040543995504
8503,euler_ramsey,0.5,2.5% Ramsey,risk_aversion,combined,0,6.253976322624585,0.33722282599697656
8504,euler_ramsey,0.5,1.5% Ramsey,risk_aversion,combined,0,1192.4017933112752,1.2060957603744444
8504,euler_ramsey,0.5,2.0% Ramsey,risk_aversion,combined,0,741.1737305099264,1.1965468652717934
8504,euler_ramsey,0.5,2.5% Ramsey,risk_aversion,combined,0,436.5630225740401,1.175982141296183
8505,euler_ramsey,0.5,1.5% Ramsey,risk_aversion,combined,0,-174.32324878052736,0.9497880789646141
8505,euler_ramsey,0.5,2.0% Ramsey,risk_aversion,combined,0,-149.4478765989857,0.8938423557418649
8505,euler_ramsey,0.5,2.5% Ramsey,risk_aversion,combined,0,-113.00253879081231,0.8433778476718903
8506,euler_ramsey,0.5,1.5% Ramsey,risk_aversion,combined,0,134.00306029535287,1.9772908871869226
8506,euler_ramsey,0.5,2.0% Ramsey,risk_aversion,combined,0,106.68218652519457,2.1935816007403033
8506,euler_ramsey,0.5,2.5% Ramsey,risk_aversion,combined,0,82.08609854329744,2.3506778714988035
8507,euler_ramsey,0.5,1.5% Ramsey,risk_aversion,combined,0,788.7533383239646,0.8194478526567875
8507,euler_ramsey,0.5,2.0% Ramsey,risk_aversion,combined,0,665.3845774551713,0.7455334413683212
8507,euler_ramsey,0.5,2.5% Ramsey,risk_aversion,combined,0,515.9823305635123,0.6852812776210344
8508,euler_ramsey,0.5,1.5% Ramsey,risk_aversion,combined,0,298.4201921243224,1.8520541901981211
8508,euler_ramsey,0.5,2.0% Ramsey,risk_aversion,combined,0,213.07184339882093,2.0245602977098534
8508,euler_ramsey,0.5,2.5% Ramsey,risk_aversion,combined,0,152.0741111493432,2.1450353402781115
8509,euler_ramsey,0.5,1.5% Ramsey,risk_aversion,combined,0,285.8739083079174,1.9428359670033004
8509,euler_ramsey,0.5,2.0% Ramsey,risk_aversion,combined,0,207.89784105305645,2.1470318028385913
8509,euler_ramsey,0.5,2.5% Ramsey,risk_aversion,combined,0,150.3929820945463,2.294028396974858
8510,euler_ramsey,0.5,1.5% Ramsey,risk_aversion,combined,0,785.4007053874824,1.6519469257916028
8510,euler_ramsey,0.5,2.0% Ramsey,risk_aversion,combined,0,555.7045642094621,1.7608190016675918
8510,euler_ramsey,0.5,2.5% Ramsey,risk_aversion,combined,0,380.3233244916104,1.8296333980718333
8511,euler_ramsey,0.5,1.5% Ramsey,risk_aversion,combined,0,1390.5241623611332,0.8420600869913067
8511,euler_ramsey,0.5,2.0% Ramsey,risk_aversion,combined,0,1136.7994793880853,0.7720857975007408
8511,euler_ramsey,0.5,2.5% Ramsey,risk_aversion,combined,0,846.8862123301772,0.7141337884646043
8512,euler_ramsey,0.5,1.5% Ramsey,risk_aversion,combined,0,878.4347690494973,1.1043058083782926
8512,euler_ramsey,0.5,2.0% Ramsey,risk_aversion,combined,0,599.637200404535,1.074192279771997
8512,euler_ramsey,0.5,2.5% Ramsey,risk_aversion,combined,0,415.19558693812814,1.039752166213028
8513,euler_ramsey,0.5,1.5% Ramsey,risk_aversion,combined,0,244.46350785464315,1.9251258032138943
8513,euler_ramsey,0.5,2.0% Ramsey,risk_aversion,combined,0,212.83834983808575,2.1224405398142308
8513,euler_ramsey,0.5,2.5% Ramsey,risk_aversion,combined,0,165.13970507178192,2.2636569477590904
8514,euler_ramsey,0.5,1.5% Ramsey,risk_aversion,combined,0,2352.327663025397,0.882590649216619
8514,euler_ramsey,0.5,2.0% Ramsey,risk_aversion,combined,0,1895.1787469754145,0.8180537091230199
8514,euler_ramsey,0.5,2.5% Ramsey,risk_aversion,combined,0,1383.1092030015006,0.7629691248083796
8515,euler_ramsey,0.5,1.5% Ramsey,risk_aversion,combined,0,3960.3684862650425,0.3577324741079591
8515,euler_ramsey,0.5,2.0% Ramsey,risk_aversion,combined,0,2172.139815528064,0.27048129228280876
8515,euler_ramsey,0.5,2.5% Ramsey,risk_aversion,combined,0,1320.9163439888343,0.21548762900814586
8516,euler_ramsey,0.5,1.5% Ramsey,risk_aversion,combined,0,633.7327257120281,3.1112001336862596
8516,euler_ramsey,0.5,2.0% Ramsey,risk_aversion,combined,0,663.5144445281594,3.8245207385319535
8516,euler_ramsey,0.5,2.5% Ramsey,risk_aversion,combined,0,601.8307857544156,4.437484396434492
8517,euler_ramsey,0.5,1.5% Ramsey,risk_aversion,combined,0,2662.9693924907147,0.6834693834161318
8517,euler_ramsey,0.5,2.0% Ramsey,risk_aversion,combined,0,1363.388392130581,0.5975484577120458
8517,euler_ramsey,0.5,2.5% Ramsey,risk_aversion,combined,0,798.8097629254834,0.5326504966649933
8518,euler_ramsey,0.5,1.5% Ramsey,risk_aversion,combined,0,968.1237918315888,0.3515386724405629
8518,euler_ramsey,0.5,2.0% Ramsey,risk_aversion,combined,0,422.24181009419135,0.2641250135393956
8518,euler_ramsey,0.5,2.5% Ramsey,risk_aversion,combined,0,212.5903296644261,0.20935002915280373
8519,euler_ramsey,0.5,1.5% Ramsey,risk_aversion,combined,0,121.0974362615655,1.3030417324159365
8519,euler_ramsey,0.5,2.0% Ramsey,risk_aversion,combined,0,90.98266493746449,1.315685722188775
8519,euler_ramsey,0.5,2.5% Ramsey,risk_aversion,combined,0,64.04080301757891,1.3108298108211054
8520,euler_ramsey,0.5,1.5% Ramsey,risk_aversion,combined,0,158.26707167017153,0.6327195041160886
8520,euler_ramsey,0.5,2.0% Ramsey,risk_aversion,combined,0,117.97755696914702,0.5428151170709434
8520,euler_ramsey,0.5,2.5% Ramsey,risk_aversion,combined,0,82.953970774312,0.476745242871389
8521,euler_ramsey,0.5,1.5% Ramsey,risk_aversion,combined,0,2054.8485322653246,0.5210579021843955
8521,euler_ramsey,0.5,2.0% Ramsey,risk_aversion,combined,0,981.0366025088408,0.42776387055664505
8521,euler_ramsey,0.5,2.5% Ramsey,risk_aversion,combined,0,548.2580620843723,0.36311073594477106
8522,euler_ramsey,0.5,1.5% Ramsey,risk_aversion,combined,0,183.75466505921608,1.1837669009736753
8522,euler_ramsey,0.5,2.0% Ramsey,risk_aversion,combined,0,125.24513964904314,1.1696064040659675
8522,euler_ramsey,0.5,2.5% Ramsey,risk_aversion,combined,0,82.08402848438847,1.1458726791249148
8523,euler_ramsey,0.5,1.5% Ramsey,risk_aversion,combined,0,610.8992213082801,0.46541771147667016
8523,euler_ramsey,0.5,2.0% Ramsey,risk_aversion,combined,0,364.0346454791266,0.37259502195455657
8523,euler_ramsey,0.5,2.5% Ramsey,risk_aversion,combined,0,235.70154879004008,0.310194112143303
8524,euler_ramsey,0.5,1.5% Ramsey,risk_aversion,combined,0,-296.4664237179983,0.5056823395379914
8524,euler_ramsey,0.5,2.0% Ramsey,risk_aversion,combined,0,-208.2332189167907,0.4125196590493233
8524,euler_ramsey,0.5,2.5% Ramsey,risk_aversion,combined,0,-143.79942926011722,0.34846263626757173
8525,euler_ramsey,0.5,1.5% Ramsey,risk_aversion,combined,0,427.0632611046965,1.1686943560926415
8525,euler_ramsey,0.5,2.0% Ramsey,risk_aversion,combined,0,284.9385293877797,1.1513713382382016
8525,euler_ramsey,0.5,2.5% Ramsey,risk_aversion,combined,0,195.72906497083994,1.125520207735903
8526,euler_ramsey,0.5,1.5% Ramsey,risk_aversion,combined,0,-1155.2158554905109,0.4354164461383112
8526,euler_ramsey,0.5,2.0% Ramsey,risk_aversion,combined,0,-825.5172965377745,0.3434900215038448
8526,euler_ramsey,0.5,2.5% Ramsey,risk_aversion,combined,0,-581.7520490038535,0.2827276915699249
8527,euler_ramsey,0.5,1.5% Ramsey,risk_aversion,combined,0,481.4485531484654,1.289393561730917
8527,euler_ramsey,0.5,2.0% Ramsey,risk_aversion,combined,0,536.9201870953891,1.2984762518432544
8527,euler_ramsey,0.5,2.5% Ramsey,risk_aversion,combined,0,503.0737734269321,1.2910092472051995
8528,euler_ramsey,0.5,1.5% Ramsey,risk_aversion,combined,0,913.8461487539544,0.48391631988394385
8528,euler_ramsey,0.5,2.0% Ramsey,risk_aversion,combined,0,737.4006867808536,0.3907204826030413
8528,euler_ramsey,0.5,2.5% Ramsey,risk_aversion,combined,0,545.431781074769,0.3274272872676781
8529,euler_ramsey,0.5,1.5% Ramsey,risk_aversion,combined,0,1445.1957639226066,1.0991868302845156
8529,euler_ramsey,0.5,2.0% Ramsey,risk_aversion,combined,0,862.1229174297742,1.0691256461877052
8529,euler_ramsey,0.5,2.5% Ramsey,risk_aversion,combined,0,520.7390197176938,1.0349549381459764
8530,euler_ramsey,0.5,1.5% Ramsey,risk_aversion,combined,0,561.0886199095112,1.3385365519830208
8530,euler_ramsey,0.5,2.0% Ramsey,risk_aversion,combined,0,336.36387035562626,1.3598942330847843
8530,euler_ramsey,0.5,2.5% Ramsey,risk_aversion,combined,0,245.49155123055934,1.3614317524016029
8531,euler_ramsey,0.5,1.5% Ramsey,risk_aversion,combined,0,52.782309771100984,1.9607612040343914
8531,euler_ramsey,0.5,2.0% Ramsey,risk_aversion,combined,0,40.15848153480293,2.170757216519268
8531,euler_ramsey,0.5,2.5% Ramsey,risk_aversion,combined,0,31.008055149813583,2.3224974065166037
8532,euler_ramsey,0.5,1.5% Ramsey,risk_aversion,combined,0,70.34730113528744,1.7400973703520015
8532,euler_ramsey,0.5,2.0% Ramsey,risk_aversion,combined,0,45.84330233880824,1.8756829813873004
8532,euler_ramsey,0.5,2.5% Ramsey,risk_aversion,combined,0,31.306302815733932,1.9657792260489753
8533,euler_ramsey,0.5,1.5% Ramsey,risk_aversion,combined,0,-511.72340523398833,0.7203374303737006
8533,euler_ramsey,0.5,2.0% Ramsey,risk_aversion,combined,0,-402.4714970847656,0.6366808972883358
8533,euler_ramsey,0.5,2.5% Ramsey,risk_aversion,combined,0,-299.9125452077362,0.572250786685637
8534,euler_ramsey,0.5,1.5% Ramsey,risk_aversion,combined,0,3432.842249625754,0.14067121127449794
8534,euler_ramsey,0.5,2.0% Ramsey,risk_aversion,combined,0,2252.173019702806,0.08603109781913525
8534,euler_ramsey,0.5,2.5% Ramsey,risk_aversion,combined,0,1525.408358694036,0.05815512571674687
8535,euler_ramsey,0.5,1.5% Ramsey,risk_aversion,combined,0,1202.2910205176508,0.6192470745148615
8535,euler_ramsey,0.5,2.0% Ramsey,risk_aversion,combined,0,954.41061564273,0.5294036905622219
8535,euler_ramsey,0.5,2.5% Ramsey,risk_aversion,combined,0,694.1251461870733,0.46378004237128645
8536,euler_ramsey,0.5,1.5% Ramsey,risk_aversion,combined,0,100.01266110313425,0.8555662827202132
8536,euler_ramsey,0.5,2.0% Ramsey,risk_aversion,combined,0,74.92220600904837,0.7858049393221708
8536,euler_ramsey,0.5,2.5% Ramsey,risk_aversion,combined,0,52.26307067683431,0.7275607155124649
8537,euler_ramsey,0.5,1.5% Ramsey,risk_aversion,combined,0,232.7770213485132,2.148405348904559
8537,euler_ramsey,0.5,2.0% Ramsey,risk_aversion,combined,0,184.03692893405494,2.4282691653680826
8537,euler_ramsey,0.5,2.5% Ramsey,risk_aversion,combined,0,140.9890633507062,2.639898120549693
8538,euler_ramsey,0.5,1.5% Ramsey,risk_aversion,combined,0,540.9104809839196,1.2004391890950963
8538,euler_ramsey,0.5,2.0% Ramsey,risk_aversion,combined,0,392.4898758987394,1.1908577046036175
8538,euler_ramsey,0.5,2.5% Ramsey,risk_aversion,combined,0,287.5624337774609,1.170544363327029
8539,euler_ramsey,0.5,1.5% Ramsey,risk_aversion,combined,0,-491.2115763947325,0.24226762436744073
8539,euler_ramsey,0.5,2.0% Ramsey,risk_aversion,combined,0,-336.5067803298987,0.1674369051114299
8539,euler_ramsey,0.5,2.5% Ramsey,risk_aversion,combined,0,-245.10688908678776,0.12440952675911933
8540,euler_ramsey,0.5,1.5% Ramsey,risk_aversion,combined,0,1972.545554072963,0.33980696111348185
8540,euler_ramsey,0.5,2.0% Ramsey,risk_aversion,combined,0,1038.6036276433465,0.2534518463851211
8540,euler_ramsey,0.5,2.5% Ramsey,risk_aversion,combined,0,625.1634463495723,0.19976570816729747
8541,euler_ramsey,0.5,1.5% Ramsey,risk_aversion,combined,0,246.28518229694177,2.378690524310369
8541,euler_ramsey,0.5,2.0% Ramsey,risk_aversion,combined,0,253.0817953144805,2.7508977176394325
8541,euler_ramsey,0.5,2.5% Ramsey,risk_aversion,combined,0,221.76534518563133,3.0442490675015104
8542,euler_ramsey,0.5,1.5% Ramsey,risk_aversion,combined,0,349.21567578779013,1.9709217190119517
8542,euler_ramsey,0.5,2.0% Ramsey,risk_aversion,combined,0,302.59252920554803,2.185483301718526
8542,euler_ramsey,0.5,2.5% Ramsey,risk_aversion,combined,0,250.58692569713955,2.3412765511404734
8543,euler_ramsey,0.5,1.5% Ramsey,risk_aversion,combined,0,448.8076195798247,1.7472917487621775
8543,euler_ramsey,0.5,2.0% Ramsey,risk_aversion,combined,0,373.76074632615536,1.8859417335555146
8543,euler_ramsey,0.5,2.5% Ramsey,risk_aversion,combined,0,296.10472066978235,1.978698050657693
8544,euler_ramsey,0.5,1.5% Ramsey,risk_aversion,combined,0,1860.3268045675038,1.5973038249646407
8544,euler_ramsey,0.5,2.0% Ramsey,risk_aversion,combined,0,1033.2389649179659,1.6916935497390697
8544,euler_ramsey,0.5,2.5% Ramsey,risk_aversion,combined,0,606.7059066235274,1.7493320368518588
8545,euler_ramsey,0.5,1.5% Ramsey,risk_aversion,combined,0,192.58554298408689,0.8742862001875784
8545,euler_ramsey,0.5,2.0% Ramsey,risk_aversion,combined,0,149.79013228304464,0.8067132546002213
8545,euler_ramsey,0.5,2.5% Ramsey,risk_aversion,combined,0,113.0069064880427,0.7496122437100331
8546,euler_ramsey,0.5,1.5% Ramsey,risk_aversion,combined,0,817.5121215677099,0.965447136028169
8546,euler_ramsey,0.5,2.0% Ramsey,risk_aversion,combined,0,664.9423195751075,0.9114795799162996
8546,euler_ramsey,0.5,2.5% Ramsey,risk_aversion,combined,0,516.1978875496577,0.8621557185664825
8547,euler_ramsey,0.5,1.5% Ramsey,risk_aversion,combined,0,401.1897791437328,1.1019253431705074
8547,euler_ramsey,0.5,2.0% Ramsey,risk_aversion,combined,0,282.34568182419525,1.0713094852956164
8547,euler_ramsey,0.5,2.5% Ramsey,risk_aversion,combined,0,199.98602956508864,1.0366099561683624
8548,euler_ramsey,0.5,1.5% Ramsey,risk_aversion,combined,0,201.30383041726247,0.8539822813913156
8548,euler_ramsey,0.5,2.0% Ramsey,risk_aversion,combined,0,141.07563114381134,0.7833838626617281
8548,euler_ramsey,0.5,2.5% Ramsey,risk_aversion,combined,0,96.28430737976137,0.7245846518927359
8549,euler_ramsey,0.5,1.5% Ramsey,risk_aversion,combined,0,218.38133044287085,1.7674175907933067
8549,euler_ramsey,0.5,2.0% Ramsey,risk_aversion,combined,0,159.12706783212468,1.912132259984101
8549,euler_ramsey,0.5,2.5% Ramsey,risk_aversion,combined,0,115.10639117637398,2.009765901587211
8550,euler_ramsey,0.5,1.5% Ramsey,risk_aversion,combined,0,-905.5869111853435,0.37614420054458336
8550,euler_ramsey,0.5,2.0% Ramsey,risk_aversion,combined,0,-467.4573963845622,0.28703045842357394
8550,euler_ramsey,0.5,2.5% Ramsey,risk_aversion,combined,0,-280.89973354571487,0.23025389828175358
8551,euler_ramsey,0.5,1.5% Ramsey,risk_aversion,combined,0,648.6939259991553,0.9578861134607493
8551,euler_ramsey,0.5,2.0% Ramsey,risk_aversion,combined,0,482.0575612340377,0.9030533757204476
8551,euler_ramsey,0.5,2.5% Ramsey,risk_aversion,combined,0,346.5731847941954,0.8533068558056255
8552,euler_ramsey,0.5,1.5% Ramsey,risk_aversion,combined,0,261.6976429137243,2.0456255545395363
8552,euler_ramsey,0.5,2.0% Ramsey,risk_aversion,combined,0,191.12463700721298,2.2867883934165167
8552,euler_ramsey,0.5,2.5% Ramsey,risk_aversion,combined,0,133.80961189916505,2.465072235986929
8553,euler_ramsey,0.5,1.5% Ramsey,risk_aversion,combined,0,873.6094654330924,1.2106278422062624
8553,euler_ramsey,0.5,2.0% Ramsey,risk_aversion,combined,0,705.1381731058946,1.2023060413672941
8553,euler_ramsey,0.5,2.5% Ramsey,risk_aversion,combined,0,536.4592641114886,1.1826321746914406
8554,euler_ramsey,0.5,1.5% Ramsey,risk_aversion,combined,0,806.9289610433642,0.7926957301852122
8554,euler_ramsey,0.5,2.0% Ramsey,risk_aversion,combined,0,497.9593299230594,0.7161714584052363
8554,euler_ramsey,0.5,2.5% Ramsey,risk_aversion,combined,0,334.2378705748447,0.6548252662819403
8555,euler_ramsey,0.5,1.5% Ramsey,risk_aversion,combined,0,790.840941829316,2.1567459161611535
8555,euler_ramsey,0.5,2.0% Ramsey,risk_aversion,combined,0,567.736966354769,2.441246342150443
8555,euler_ramsey,0.5,2.5% Ramsey,risk_aversion,combined,0,390.8581417375298,2.657305424566198
8556,euler_ramsey,0.5,1.5% Ramsey,risk_aversion,combined,0,-299.39275794518284,0.6293455016381454
8556,euler_ramsey,0.5,2.0% Ramsey,risk_aversion,combined,0,-210.83906239746932,0.5393862422976935
8556,euler_ramsey,0.5,2.5% Ramsey,risk_aversion,combined,0,-130.39241563889715,0.47337673845452527
8557,euler_ramsey,0.5,1.5% Ramsey,risk_aversion,combined,0,366.99676104581977,0.7381505000695417
8557,euler_ramsey,0.5,2.0% Ramsey,risk_aversion,combined,0,287.3187371914607,0.6562141050330855
8557,euler_ramsey,0.5,2.5% Ramsey,risk_aversion,combined,0,204.67572784510747,0.5924791449124266
8558,euler_ramsey,0.5,1.5% Ramsey,risk_aversion,combined,0,487.92025578256647,1.1232078760275657
8558,euler_ramsey,0.5,2.0% Ramsey,risk_aversion,combined,0,388.791001782178,1.0970126387119736
8558,euler_ramsey,0.5,2.5% Ramsey,risk_aversion,combined,0,292.0155748969915,1.0652367880120999
8559,euler_ramsey,0.5,1.5% Ramsey,risk_aversion,combined,0,-110.88292927229152,0.667834911908043
8559,euler_ramsey,0.5,2.0% Ramsey,risk_aversion,combined,0,-114.76772688534403,0.5798156731860372
8559,euler_ramsey,0.5,2.5% Ramsey,risk_aversion,combined,0,-98.99248262414447,0.5139497749268849
8560,euler_ramsey,0.5,1.5% Ramsey,risk_aversion,combined,0,3172.8894393918326,0.4694533735702794
8560,euler_ramsey,0.5,2.0% Ramsey,risk_aversion,combined,0,2486.834529613293,0.37695985118952
8560,euler_ramsey,0.5,2.5% Ramsey,risk_aversion,combined,0,1781.06815496163,0.3145922276333064
8561,euler_ramsey,0.5,1.5% Ramsey,risk_aversion,combined,0,-310.11488322463487,0.39515156361214315
8561,euler_ramsey,0.5,2.0% Ramsey,risk_aversion,combined,0,-277.9345301608282,0.304900850524439
8561,euler_ramsey,0.5,2.5% Ramsey,risk_aversion,combined,0,-223.76315297644774,0.24669921946450002
8562,euler_ramsey,0.5,1.5% Ramsey,risk_aversion,combined,0,59.16750049862354,2.1338320961076653
8562,euler_ramsey,0.5,2.0% Ramsey,risk_aversion,combined,0,42.74031113806406,2.4081148186962644
8562,euler_ramsey,0.5,2.5% Ramsey,risk_aversion,combined,0,31.70018969341926,2.6148155335068455
8563,euler_ramsey,0.5,1.5% Ramsey,risk_aversion,combined,0,-47.46936852294106,1.036593022351255
8563,euler_ramsey,0.5,2.0% Ramsey,risk_aversion,combined,0,-24.600566328971563,0.9949278436826465
8563,euler_ramsey,0.5,2.5% Ramsey,risk_aversion,combined,0,-10.993977884647824,0.9531526215667793
8564,euler_ramsey,0.5,1.5% Ramsey,risk_aversion,combined,0,1066.616654372828,0.5690150061327143
8564,euler_ramsey,0.5,2.0% Ramsey,risk_aversion,combined,0,831.0040173917179,0.4770756109844579
8564,euler_ramsey,0.5,2.5% Ramsey,risk_aversion,combined,0,593.1402046640719,0.4116664009224231
8565,euler_ramsey,0.5,1.5% Ramsey,risk_aversion,combined,0,-163.4789427198867,1.393817397084163
8565,euler_ramsey,0.5,2.0% Ramsey,risk_aversion,combined,0,-127.84316748428886,1.4297296841564717
8565,euler_ramsey,0.5,2.5% Ramsey,risk_aversion,combined,0,-92.46444274339281,1.4419599646277241
8566,euler_ramsey,0.5,1.5% Ramsey,risk_aversion,combined,0,154.72339819628576,0.9573026037163203
8566,euler_ramsey,0.5,2.0% Ramsey,risk_aversion,combined,0,111.52014065328038,0.9013249246221967
8566,euler_ramsey,0.5,2.5% Ramsey,risk_aversion,combined,0,79.80763235588294,0.850663869136888
8567,euler_ramsey,0.5,1.5% Ramsey,risk_aversion,combined,0,150.29815796584134,0.9034357349078146
8567,euler_ramsey,0.5,2.0% Ramsey,risk_aversion,combined,0,113.24010780863276,0.8395165398445482
8567,euler_ramsey,0.5,2.5% Ramsey,risk_aversion,combined,0,80.78892389320934,0.784345827340823
8568,euler_ramsey,0.5,1.5% Ramsey,risk_aversion,combined,0,-80.35132090205822,2.0188207270276903
8568,euler_ramsey,0.5,2.0% Ramsey,risk_aversion,combined,0,-68.00597594923809,2.250162016197157
8568,euler_ramsey,0.5,2.5% Ramsey,risk_aversion,combined,0,-40.84928091564591,2.420015534596287
8569,euler_ramsey,0.5,1.5% Ramsey,risk_aversion,combined,0,394.8320995994709,1.023876277934317
8569,euler_ramsey,0.5,2.0% Ramsey,risk_aversion,combined,0,362.56975706549764,0.9793409824922793
8569,euler_ramsey,0.5,2.5% Ramsey,risk_aversion,combined,0,298.4944409136769,0.9357964857779888
8570,euler_ramsey,0.5,1.5% Ramsey,risk_aversion,combined,0,1428.2567304664617,0.929120858326326
8570,euler_ramsey,0.5,2.0% Ramsey,risk_aversion,combined,0,1119.825575896223,0.8700978927726237
8570,euler_ramsey,0.5,2.5% Ramsey,risk_aversion,combined,0,831.2076648231827,0.8179070034727826
8571,euler_ramsey,0.5,1.5% Ramsey,risk_aversion,combined,0,7286.994041043768,0.3126342128144307
8571,euler_ramsey,0.5,2.0% Ramsey,risk_aversion,combined,0,2864.6159716155175,0.22967248602017915
8571,euler_ramsey,0.5,2.5% Ramsey,risk_aversion,combined,0,1571.2524052601916,0.178970021533043
8572,euler_ramsey,0.5,1.5% Ramsey,risk_aversion,combined,0,301.74373613067263,1.0584522904800908
8572,euler_ramsey,0.5,2.0% Ramsey,risk_aversion,combined,0,188.0684042999003,1.019478488660412
8572,euler_ramsey,0.5,2.5% Ramsey,risk_aversion,combined,0,124.05327869815707,0.979348452914968
8573,euler_ramsey,0.5,1.5% Ramsey,risk_aversion,combined,0,560.9179611647979,0.5219207024266888
8573,euler_ramsey,0.5,2.0% Ramsey,risk_aversion,combined,0,380.7085357256389,0.4292270769246436
8573,euler_ramsey,0.5,2.5% Ramsey,risk_aversion,combined,0,264.649691730541,0.364890912081403
8574,euler_ramsey,0.5,1.5% Ramsey,risk_aversion,combined,0,-195.6087710766271,0.24165209750270333
8574,euler_ramsey,0.5,2.0% Ramsey,risk_aversion,combined,0,-19.28527324597055,0.16689184329425405
8574,euler_ramsey,0.5,2.5% Ramsey,risk_aversion,combined,0,45.08557203431642,0.12393597989062013
8575,euler_ramsey,0.5,1.5% Ramsey,risk_aversion,combined,0,566.0609878722544,1.2408963698287632
8575,euler_ramsey,0.5,2.0% Ramsey,risk_aversion,combined,0,389.5015853366689,1.2399007450288817
8575,euler_ramsey,0.5,2.5% Ramsey,risk_aversion,combined,0,271.444770635628,1.2255157239810757
8576,euler_ramsey,0.5,1.5% Ramsey,risk_aversion,combined,0,937.8468729062503,0.45316036160540796
8576,euler_ramsey,0.5,2.0% Ramsey,risk_aversion,combined,0,782.9337172514581,0.36050119890558036
8576,euler_ramsey,0.5,2.5% Ramsey,risk_aversion,combined,0,586.2367801389696,0.29865509688278336
8577,euler_ramsey,0.5,1.5% Ramsey,risk_aversion,combined,0,1620.0748472190437,0.406087957154972
8577,euler_ramsey,0.5,2.0% Ramsey,risk_aversion,combined,0,1074.836971681226,0.3153352928048724
8577,euler_ramsey,0.5,2.5% Ramsey,risk_aversion,combined,0,736.6563519459061,0.2564096569591162
8578,euler_ramsey,0.5,1.5% Ramsey,risk_aversion,combined,0,290.2139718388658,0.5720900879399963
8578,euler_ramsey,0.5,2.0% Ramsey,risk_aversion,combined,0,136.65374096189942,0.480115503287377
8578,euler_ramsey,0.5,2.5% Ramsey,risk_aversion,combined,0,86.01999478769571,0.4145824853804241
8579,euler_ramsey,0.5,1.5% Ramsey,risk_aversion,combined,0,2778.77785986142,1.4809063251128856
8579,euler_ramsey,0.5,2.0% Ramsey,risk_aversion,combined,0,1814.6308524918936,1.542758366083407
8579,euler_ramsey,0.5,2.5% Ramsey,risk_aversion,combined,0,1180.968404254088,1.5752027539080729
8580,euler_ramsey,0.5,1.5% Ramsey,risk_aversion,combined,0,278.88165388019473,1.9997839355167955
8580,euler_ramsey,0.5,2.0% Ramsey,risk_aversion,combined,0,214.89327193930708,2.224588001542707
8580,euler_ramsey,0.5,2.5% Ramsey,risk_aversion,combined,0,158.3217772390456,2.3890212107488913
8581,euler_ramsey,0.5,1.5% Ramsey,risk_aversion,combined,0,1321.5232199166799,0.23856167907725062
8581,euler_ramsey,0.5,2.0% Ramsey,risk_aversion,combined,0,548.0963705281073,0.16433438920019455
8581,euler_ramsey,0.5,2.5% Ramsey,risk_aversion,combined,0,316.7867749662866,0.12179867768668225
8582,euler_ramsey,0.5,1.5% Ramsey,risk_aversion,combined,0,805.3513626251797,0.24891089886999102
8582,euler_ramsey,0.5,2.0% Ramsey,risk_aversion,combined,0,362.4844871801823,0.17304825459258524
8582,euler_ramsey,0.5,2.5% Ramsey,risk_aversion,combined,0,174.51305579907256,0.12916743566223438
8583,euler_ramsey,0.5,1.5% Ramsey,risk_aversion,combined,0,114.04269552322582,3.9691665744680122
8583,euler_ramsey,0.5,2.0% Ramsey,risk_aversion,combined,0,79.32901615512009,5.1498940447901465
8583,euler_ramsey,0.5,2.5% Ramsey,risk_aversion,combined,0,58.105761792509924,6.2290707890632735
8584,euler_ramsey,0.5,1.5% Ramsey,risk_aversion,combined,0,-113.71773684415744,1.7007549600182903
8584,euler_ramsey,0.5,2.0% Ramsey,risk_aversion,combined,0,-82.44606777705916,1.8240082324440339
8584,euler_ramsey,0.5,2.5% Ramsey,risk_aversion,combined,0,-50.36616198353641,1.904073686478256
8585,euler_ramsey,0.5,1.5% Ramsey,risk_aversion,combined,0,393.2883333797923,0.7108493492847012
8585,euler_ramsey,0.5,2.0% Ramsey,risk_aversion,combined,0,248.9997882902283,0.626042946133841
8585,euler_ramsey,0.5,2.5% Ramsey,risk_aversion,combined,0,166.61673339168877,0.561111977845285
8586,euler_ramsey,0.5,1.5% Ramsey,risk_aversion,combined,0,1152.2830287563565,0.3526176176986943
8586,euler_ramsey,0.5,2.0% Ramsey,risk_aversion,combined,0,785.2385535144704,0.2651426306067861
8586,euler_ramsey,0.5,2.5% Ramsey,risk_aversion,combined,0,551.025348202674,0.2102862558115188
8587,euler_ramsey,0.5,1.5% Ramsey,risk_aversion,combined,0,633.0489717225809,0.7335862117241481
8587,euler_ramsey,0.5,2.0% Ramsey,risk_aversion,combined,0,520.5875360414519,0.6506736475689343
8587,euler_ramsey,0.5,2.5% Ramsey,risk_aversion,combined,0,371.79098884343875,0.5863979930544843
8588,euler_ramsey,0.5,1.5% Ramsey,risk_aversion,combined,0,492.8130472426257,2.003246110719112
8588,euler_ramsey,0.5,2.0% Ramsey,risk_aversion,combined,0,310.8908577086953,2.2292002180735246
8588,euler_ramsey,0.5,2.5% Ramsey,risk_aversion,combined,0,209.98023725603727,2.394606145347849
8589,euler_ramsey,0.5,1.5% Ramsey,risk_aversion,combined,0,-25.951704053006775,0.7990226619138232
8589,euler_ramsey,0.5,2.0% Ramsey,risk_aversion,combined,0,-29.173210419689557,0.7229242022694975
8589,euler_ramsey,0.5,2.5% Ramsey,risk_aversion,combined,0,-26.534030813093125,0.6616606745123307
8590,euler_ramsey,0.5,1.5% Ramsey,risk_aversion,combined,0,539.5623281316474,2.026319141754022
8590,euler_ramsey,0.5,2.0% Ramsey,risk_aversion,combined,0,453.81486108458444,2.2627822679896528
8590,euler_ramsey,0.5,2.5% Ramsey,risk_aversion,combined,0,361.74921474686556,2.4375542340337883
8591,euler_ramsey,0.5,1.5% Ramsey,risk_aversion,combined,0,1502.1422117789132,1.2265778906351223
8591,euler_ramsey,0.5,2.0% Ramsey,risk_aversion,combined,0,1269.9967830279104,1.223639675355736
8591,euler_ramsey,0.5,2.5% Ramsey,risk_aversion,combined,0,1003.7170476243425,1.2079977452427821
8592,euler_ramsey,0.5,1.5% Ramsey,risk_aversion,combined,0,81.09317570390651,1.4992862420572723
8592,euler_ramsey,0.5,2.0% Ramsey,risk_aversion,combined,0,56.92363519451135,1.5628680005894158
8592,euler_ramsey,0.5,2.5% Ramsey,risk_aversion,combined,0,41.9594180739496,1.59602131097369
8593,euler_ramsey,0.5,1.5% Ramsey,risk_aversion,combined,0,482.2792730066839,2.266377788938705
8593,euler_ramsey,0.5,2.0% Ramsey,risk_aversion,combined,0,307.34047760493775,2.5928920189598146
8593,euler_ramsey,0.5,2.5% Ramsey,risk_aversion,combined,0,207.33716523908436,2.8456174716188505
8594,euler_ramsey,0.5,1.5% Ramsey,risk_aversion,combined,0,572.9812387529822,2.108545436789694
8594,euler_ramsey,0.5,2.0% Ramsey,risk_aversion,combined,0,413.55953696359023,2.373866157299989
8594,euler_ramsey,0.5,2.5% Ramsey,risk_aversion,combined,0,288.53866037950723,2.573057569773298
8595,euler_ramsey,0.5,1.5% Ramsey,risk_aversion,combined,0,379.73343925830494,1.2248849621979976
8595,euler_ramsey,0.5,2.0% Ramsey,risk_aversion,combined,0,351.78676705724445,1.219968260203274
8595,euler_ramsey,0.5,2.5% Ramsey,risk_aversion,combined,0,289.9392314074796,1.202837924534986
8596,euler_ramsey,0.5,1.5% Ramsey,risk_aversion,combined,0,3538.7628476102095,0.4993788472007749
8596,euler_ramsey,0.5,2.0% Ramsey,risk_aversion,combined,0,3297.353719838356,0.40740684270339644
8596,euler_ramsey,0.5,2.5% Ramsey,risk_aversion,combined,0,2649.840470768975,0.344272100922142
8597,euler_ramsey,0.5,1.5% Ramsey,risk_aversion,combined,0,-404.42234714772195,0.3088429311573645
8597,euler_ramsey,0.5,2.0% Ramsey,risk_aversion,combined,0,-284.83095626159513,0.22544493431511128
8597,euler_ramsey,0.5,2.5% Ramsey,risk_aversion,combined,0,-208.08408278018103,0.17474824559037763
8598,euler_ramsey,0.5,1.5% Ramsey,risk_aversion,combined,0,597.3070065846284,0.9671800324173747
8598,euler_ramsey,0.5,2.0% Ramsey,risk_aversion,combined,0,479.35415346720384,0.9135223638948434
8598,euler_ramsey,0.5,2.5% Ramsey,risk_aversion,combined,0,342.5900196126398,0.8644806502986435
8599,euler_ramsey,0.5,1.5% Ramsey,risk_aversion,combined,0,8595.30638603474,0.12892601918762303
8599,euler_ramsey,0.5,2.0% Ramsey,risk_aversion,combined,0,6359.061406904521,0.07746666811861087
8599,euler_ramsey,0.5,2.5% Ramsey,risk_aversion,combined,0,4606.659224789069,0.05166427188794862
8600,euler_ramsey,0.5,1.5% Ramsey,risk_aversion,combined,0,473.36956622248,0.3493886226840613
8600,euler_ramsey,0.5,2.0% Ramsey,risk_aversion,combined,0,262.3504751227907,0.26214597332271
8600,euler_ramsey,0.5,2.5% Ramsey,risk_aversion,combined,0,144.8742997158939,0.20755819684587826
8601,euler_ramsey,0.5,1.5% Ramsey,risk_aversion,combined,0,-212.30505433421808,0.8807102252137984
8601,euler_ramsey,0.5,2.0% Ramsey,risk_aversion,combined,0,-181.53224399664467,0.8142578575563899
8601,euler_ramsey,0.5,2.5% Ramsey,risk_aversion,combined,0,-139.5135906808004,0.7577740356722117
8602,euler_ramsey,0.5,1.5% Ramsey,risk_aversion,combined,0,2562.857442695272,0.38314295586381103
8602,euler_ramsey,0.5,2.0% Ramsey,risk_aversion,combined,0,1813.2774700132818,0.29396484870006956
8602,euler_ramsey,0.5,2.5% Ramsey,risk_aversion,combined,0,1266.5810713813594,0.23684549247471326
8603,euler_ramsey,0.5,1.5% Ramsey,risk_aversion,combined,0,66.94478736658499,0.8463717983690817
8603,euler_ramsey,0.5,2.0% Ramsey,risk_aversion,combined,0,46.24367788364268,0.7758286317427227
8603,euler_ramsey,0.5,2.5% Ramsey,risk_aversion,combined,0,31.539216344457753,0.7172890887277201
8604,euler_ramsey,0.5,1.5% Ramsey,risk_aversion,combined,0,451.2670384767048,2.291277758156402
8604,euler_ramsey,0.5,2.0% Ramsey,risk_aversion,combined,0,314.9470290459058,2.62796304635305
8604,euler_ramsey,0.5,2.5% Ramsey,risk_aversion,combined,0,231.60092077692678,2.889736382661534
8605,euler_ramsey,0.5,1.5% Ramsey,risk_aversion,combined,0,1495.9257578981017,0.5721174997481625
8605,euler_ramsey,0.5,2.0% Ramsey,risk_aversion,combined,0,1220.7932887733155,0.48005742535137036
8605,euler_ramsey,0.5,2.5% Ramsey,risk_aversion,combined,0,902.4961305949145,0.41448054875461027
8606,euler_ramsey,0.5,1.5% Ramsey,risk_aversion,combined,0,324.4190567114052,1.2093969519867862
8606,euler_ramsey,0.5,2.0% Ramsey,risk_aversion,combined,0,256.47890153709665,1.2002494819154088
8606,euler_ramsey,0.5,2.5% Ramsey,risk_aversion,combined,0,189.76934801099114,1.1798977891486264
8607,euler_ramsey,0.5,1.5% Ramsey,risk_aversion,combined,0,2835.8900526311036,0.5441928476963099
8607,euler_ramsey,0.5,2.0% Ramsey,risk_aversion,combined,0,2168.9934233934046,0.45122706154856873
8607,euler_ramsey,0.5,2.5% Ramsey,risk_aversion,combined,0,1452.1444376332581,0.38599652483385055
8608,euler_ramsey,0.5,1.5% Ramsey,risk_aversion,combined,0,1152.8633899800727,0.3797716638691219
8608,euler_ramsey,0.5,2.0% Ramsey,risk_aversion,combined,0,611.0436788028658,0.2904626574506727
8608,euler_ramsey,0.5,2.5% Ramsey,risk_aversion,combined,0,393.405466201067,0.2334288794813349
8609,euler_ramsey,0.5,1.5% Ramsey,risk_aversion,combined,0,344.9111935255273,1.108181285196672
8609,euler_ramsey,0.5,2.0% Ramsey,risk_aversion,combined,0,270.03556936490554,1.0795412171216625
8609,euler_ramsey,0.5,2.5% Ramsey,risk_aversion,combined,0,191.43711988640533,1.0461877449179637
8610,euler_ramsey,0.5,1.5% Ramsey,risk_aversion,combined,0,241.69667029481877,1.4062204345530551
8610,euler_ramsey,0.5,2.0% Ramsey,risk_aversion,combined,0,169.63688117078271,1.4448181139870788
8610,euler_ramsey,0.5,2.5% Ramsey,risk_aversion,combined,0,113.74060981644092,1.4590695560192564
8611,euler_ramsey,0.5,1.5% Ramsey,risk_aversion,combined,0,-248.52198935341465,0.6986415221087868
8611,euler_ramsey,0.5,2.0% Ramsey,risk_aversion,combined,0,-169.35313451816913,0.6130534692031054
8611,euler_ramsey,0.5,2.5% Ramsey,risk_aversion,combined,0,-109.38700682955213,0.5479329769064514
8612,euler_ramsey,0.5,1.5% Ramsey,risk_aversion,combined,0,268.6360153235079,0.7855987660875242
8612,euler_ramsey,0.5,2.0% Ramsey,risk_aversion,combined,0,199.892629712851,0.7090338178717129
8612,euler_ramsey,0.5,2.5% Ramsey,risk_aversion,combined,0,144.8774285325081,0.6477574661064172
8613,euler_ramsey,0.5,1.5% Ramsey,risk_aversion,combined,0,351.9583089628978,2.029063863583734
8613,euler_ramsey,0.5,2.0% Ramsey,risk_aversion,combined,0,285.6224604857025,2.264201726885004
8613,euler_ramsey,0.5,2.5% Ramsey,risk_aversion,combined,0,221.25082637220066,2.437349393101632
8614,euler_ramsey,0.5,1.5% Ramsey,risk_aversion,combined,0,1649.4405952744694,1.2057319412928678
8614,euler_ramsey,0.5,2.0% Ramsey,risk_aversion,combined,0,1123.7312632270157,1.198883731672483
8614,euler_ramsey,0.5,2.5% Ramsey,risk_aversion,combined,0,799.5581444300699,1.1806594082842765
8615,euler_ramsey,0.5,1.5% Ramsey,risk_aversion,combined,0,1511.0354394781796,0.590107175544997
8615,euler_ramsey,0.5,2.0% Ramsey,risk_aversion,combined,0,1251.685069816401,0.49835454267757573
8615,euler_ramsey,0.5,2.5% Ramsey,risk_aversion,combined,0,906.5635883625552,0.43240303248272427
8616,euler_ramsey,0.5,1.5% Ramsey,risk_aversion,combined,0,-2823.6733090163725,0.10558764309727815
8616,euler_ramsey,0.5,2.0% Ramsey,risk_aversion,combined,0,-1069.852298184918,0.060540691629909674
8616,euler_ramsey,0.5,2.5% Ramsey,risk_aversion,combined,0,-564.8077101907803,0.03893169524383773
8617,euler_ramsey,0.5,1.5% Ramsey,risk_aversion,combined,0,1036.1133687836925,1.2199787171410097
8617,euler_ramsey,0.5,2.0% Ramsey,risk_aversion,combined,0,770.5102708781227,1.2146902923641236
8617,euler_ramsey,0.5,2.5% Ramsey,risk_aversion,combined,0,540.7449895844542,1.197331461545764
8618,euler_ramsey,0.5,1.5% Ramsey,risk_aversion,combined,0,-59.01182543685291,0.35279069259403634
8618,euler_ramsey,0.5,2.0% Ramsey,risk_aversion,combined,0,15.960229992290774,0.2652775564802227
8618,euler_ramsey,0.5,2.5% Ramsey,risk_aversion,combined,0,52.74355149318663,0.2103935032486134
8619,euler_ramsey,0.5,1.5% Ramsey,risk_aversion,combined,0,1957.1295501834238,0.8053142536554476
8619,euler_ramsey,0.5,2.0% Ramsey,risk_aversion,combined,0,957.013620229506,0.7297250946525686
8619,euler_ramsey,0.5,2.5% Ramsey,risk_aversion,combined,0,507.4741468822343,0.6686607220035226
8620,euler_ramsey,0.5,1.5% Ramsey,risk_aversion,combined,0,350.5081892259806,1.7527475520607507
8620,euler_ramsey,0.5,2.0% Ramsey,risk_aversion,combined,0,298.464573314341,1.8931073692427016
8620,euler_ramsey,0.5,2.5% Ramsey,risk_aversion,combined,0,238.19252867496832,1.9873003801041906
8621,euler_ramsey,0.5,1.5% Ramsey,risk_aversion,combined,0,371.39644780948663,1.9445163335093663
8621,euler_ramsey,0.5,2.0% Ramsey,risk_aversion,combined,0,274.81456821075693,2.149113603085375
8621,euler_ramsey,0.5,2.5% Ramsey,risk_aversion,combined,0,195.4077598707483,2.2963026326383345
8622,euler_ramsey,0.5,1.5% Ramsey,risk_aversion,combined,0,654.5719526031849,1.2618529618776733
8622,euler_ramsey,0.5,2.0% Ramsey,risk_aversion,combined,0,569.480081866056,1.266154925230017
8622,euler_ramsey,0.5,2.5% Ramsey,risk_aversion,combined,0,446.13524372512484,1.2556685310696847
8623,euler_ramsey,0.5,1.5% Ramsey,risk_aversion,combined,0,407.1670918711428,0.8531346531645232
8623,euler_ramsey,0.5,2.0% Ramsey,risk_aversion,combined,0,332.3942275142394,0.7833089365908217
8623,euler_ramsey,0.5,2.5% Ramsey,risk_aversion,combined,0,255.7244778455767,0.7250899102972994
8624,euler_ramsey,0.5,1.5% Ramsey,risk_aversion,combined,0,526.9719405670976,0.8768333889365193
8624,euler_ramsey,0.5,2.0% Ramsey,risk_aversion,combined,0,437.21211110249095,0.8100761188198832
8624,euler_ramsey,0.5,2.5% Ramsey,risk_aversion,combined,0,325.6652604032715,0.7534888954196887
8625,euler_ramsey,0.5,1.5% Ramsey,risk_aversion,combined,0,386.1768813270755,1.0017148169939745
8625,euler_ramsey,0.5,2.0% Ramsey,risk_aversion,combined,0,306.13939250243607,0.9538497927070333
8625,euler_ramsey,0.5,2.5% Ramsey,risk_aversion,combined,0,223.47929838847858,0.9082327414696656
8626,euler_ramsey,0.5,1.5% Ramsey,risk_aversion,combined,0,56.77711595880178,0.8927552651638179
8626,euler_ramsey,0.5,2.0% Ramsey,risk_aversion,combined,0,51.64789734897896,0.8282731218459727
8626,euler_ramsey,0.5,2.5% Ramsey,risk_aversion,combined,0,43.75696791135088,0.7729442729155069
8627,euler_ramsey,0.5,1.5% Ramsey,risk_aversion,combined,0,760.7409139854192,1.5326369269232405
8627,euler_ramsey,0.5,2.0% Ramsey,risk_aversion,combined,0,511.64322187486994,1.6062723769370202
8627,euler_ramsey,0.5,2.5% Ramsey,risk_aversion,combined,0,342.3034497319089,1.647372908946541
8628,euler_ramsey,0.5,1.5% Ramsey,risk_aversion,combined,0,484.1900921559107,0.7929519964561129
8628,euler_ramsey,0.5,2.0% Ramsey,risk_aversion,combined,0,275.3254080015514,0.7153838113997937
8628,euler_ramsey,0.5,2.5% Ramsey,risk_aversion,combined,0,165.95627515067412,0.6532252055464914
8629,euler_ramsey,0.5,1.5% Ramsey,risk_aversion,combined,0,364.92755660705285,0.547702036997534
8629,euler_ramsey,0.5,2.0% Ramsey,risk_aversion,combined,0,147.72098258693217,0.45485143992544025
8629,euler_ramsey,0.5,2.5% Ramsey,risk_aversion,combined,0,71.46728384983035,0.38957489237852877
8630,euler_ramsey,0.5,1.5% Ramsey,risk_aversion,combined,0,-99.8037255833808,1.3153329953683885
8630,euler_ramsey,0.5,2.0% Ramsey,risk_aversion,combined,0,-77.97438083883085,1.3311491365589678
8630,euler_ramsey,0.5,2.5% Ramsey,risk_aversion,combined,0,-54.988939113516835,1.32861324111577
8631,euler_ramsey,0.5,1.5% Ramsey,risk_aversion,combined,0,-1367.3616369216506,0.12791810129472672
8631,euler_ramsey,0.5,2.0% Ramsey,risk_aversion,combined,0,-807.3928377135555,0.07656816756503733
8631,euler_ramsey,0.5,2.5% Ramsey,risk_aversion,combined,0,-460.51394285149985,0.05090421425510006
8632,euler_ramsey,0.5,1.5% Ramsey,risk_aversion,combined,0,-317.8227889262467,0.7092367239414885
8632,euler_ramsey,0.5,2.0% Ramsey,risk_aversion,combined,0,-323.6128347589127,0.6243131667491418
8632,euler_ramsey,0.5,2.5% Ramsey,risk_aversion,combined,0,-279.0142622802964,0.559343566304284
8633,euler_ramsey,0.5,1.5% Ramsey,risk_aversion,combined,0,-30.735127991683356,1.2161897122493164
8633,euler_ramsey,0.5,2.0% Ramsey,risk_aversion,combined,0,-27.52425842470869,1.2093005623563784
8633,euler_ramsey,0.5,2.5% Ramsey,risk_aversion,combined,0,-14.000397100994503,1.1906451254106705
8634,euler_ramsey,0.5,1.5% Ramsey,risk_aversion,combined,0,2133.4558478899817,0.3466258773946978
8634,euler_ramsey,0.5,2.0% Ramsey,risk_aversion,combined,0,1626.2941260239081,0.2597620015000482
8634,euler_ramsey,0.5,2.5% Ramsey,risk_aversion,combined,0,1211.7706309910586,0.20549386903368788
8635,euler_ramsey,0.5,1.5% Ramsey,risk_aversion,combined,0,-617.7296834781775,0.3931965291590511
8635,euler_ramsey,0.5,2.0% Ramsey,risk_aversion,combined,0,-570.7454122398186,0.3031429061517213
8635,euler_ramsey,0.5,2.5% Ramsey,risk_aversion,combined,0,-448.80046433776687,0.24512614794517587
8636,euler_ramsey,0.5,1.5% Ramsey,risk_aversion,combined,0,514.0124296953948,0.7510474180429192
8636,euler_ramsey,0.5,2.0% Ramsey,risk_aversion,combined,0,447.89997486201116,0.6696801979716372
8636,euler_ramsey,0.5,2.5% Ramsey,risk_aversion,combined,0,341.3319376036536,0.6059933277592481
8637,euler_ramsey,0.5,1.5% Ramsey,risk_aversion,combined,0,-2111.0726403886097,0.4201310785190834
8637,euler_ramsey,0.5,2.0% Ramsey,risk_aversion,combined,0,-1347.905939893244,0.3285754815172795
8637,euler_ramsey,0.5,2.5% Ramsey,risk_aversion,combined,0,-803.1544656268578,0.2686371895372455
8638,euler_ramsey,0.5,1.5% Ramsey,risk_aversion,combined,0,1389.6275909962096,0.6870205424719605
8638,euler_ramsey,0.5,2.0% Ramsey,risk_aversion,combined,0,1062.5119392556594,0.6016175207804726
8638,euler_ramsey,0.5,2.5% Ramsey,risk_aversion,combined,0,823.331127967814,0.53695586759546
8639,euler_ramsey,0.5,1.5% Ramsey,risk_aversion,combined,0,395.89018167351077,1.2165744810912547
8639,euler_ramsey,0.5,2.0% Ramsey,risk_aversion,combined,0,305.07028730601735,1.2102845219352878
8639,euler_ramsey,0.5,2.5% Ramsey,risk_aversion,combined,0,226.01542258438937,1.1921761339222254
8640,euler_ramsey,0.5,1.5% Ramsey,risk_aversion,combined,0,-11.345269556449786,1.3013180222476106
8640,euler_ramsey,0.5,2.0% Ramsey,risk_aversion,combined,0,-13.058455916904743,1.313786861065228
8640,euler_ramsey,0.5,2.5% Ramsey,risk_aversion,combined,0,-11.894563669724052,1.3088378637661482
8641,euler_ramsey,0.5,1.5% Ramsey,risk_aversion,combined,0,-80.03658854168097,0.4254492504990107
8641,euler_ramsey,0.5,2.0% Ramsey,risk_aversion,combined,0,-94.3246293370042,0.33373051065251036
8641,euler_ramsey,0.5,2.5% Ramsey,risk_aversion,combined,0,-89.56098322373543,0.27348514856506306
8642,euler_ramsey,0.5,1.5% Ramsey,risk_aversion,combined,0,233.01644289004173,1.3737025766700628
8642,euler_ramsey,0.5,2.0% Ramsey,risk_aversion,combined,0,166.70072938295394,1.4040813194166335
8642,euler_ramsey,0.5,2.5% Ramsey,risk_aversion,combined,0,115.4355428675804,1.4122538411487804
8643,euler_ramsey,0.5,1.5% Ramsey,risk_aversion,combined,0,238.35592732244197,1.0155551376096608
8643,euler_ramsey,0.5,2.0% Ramsey,risk_aversion,combined,0,210.96328551705972,0.9701396383453436
8643,euler_ramsey,0.5,2.5% Ramsey,risk_aversion,combined,0,173.46063727965563,0.9260634707375384
8644,euler_ramsey,0.5,1.5% Ramsey,risk_aversion,combined,0,1130.3474060645244,1.5747330172680627
8644,euler_ramsey,0.5,2.0% Ramsey,risk_aversion,combined,0,842.2793405922158,1.6605923061093035
8644,euler_ramsey,0.5,2.5% Ramsey,risk_aversion,combined,0,597.9653755222573,1.7112405593863356
8645,euler_ramsey,0.5,1.5% Ramsey,risk_aversion,combined,0,576.9512420827514,2.22302785036957
8645,euler_ramsey,0.5,2.0% Ramsey,risk_aversion,combined,0,378.7619678494311,2.533072417844076
8645,euler_ramsey,0.5,2.5% Ramsey,risk_aversion,combined,0,254.98571339810835,2.77146230607344
8646,euler_ramsey,0.5,1.5% Ramsey,risk_aversion,combined,0,469.8780132712492,1.003656496104489
8646,euler_ramsey,0.5,2.0% Ramsey,risk_aversion,combined,0,431.17161412785623,0.9557553622856921
8646,euler_ramsey,0.5,2.5% Ramsey,risk_aversion,combined,0,352.6029035093433,0.9101421113603797
8647,euler_ramsey,0.5,1.5% Ramsey,risk_aversion,combined,0,361.708140680777,1.3307199047878961
8647,euler_ramsey,0.5,2.0% Ramsey,risk_aversion,combined,0,239.0601845428909,1.3508773570764974
8647,euler_ramsey,0.5,2.5% Ramsey,risk_aversion,combined,0,162.0982839192187,1.351617930705901
8648,euler_ramsey,0.5,1.5% Ramsey,risk_aversion,combined,0,656.8305107980423,0.4738388522240181
8648,euler_ramsey,0.5,2.0% Ramsey,risk_aversion,combined,0,264.21921359507945,0.3807838745303135
8648,euler_ramsey,0.5,2.5% Ramsey,risk_aversion,combined,0,157.30102367613506,0.317939098681404
8649,euler_ramsey,0.5,1.5% Ramsey,risk_aversion,combined,0,-1594.1327491198979,0.32990821758918754
8649,euler_ramsey,0.5,2.0% Ramsey,risk_aversion,combined,0,-1103.5947655749178,0.24447338618549508
8649,euler_ramsey,0.5,2.5% Ramsey,risk_aversion,combined,0,-766.4703093575511,0.19171889994870756
8650,euler_ramsey,0.5,1.5% Ramsey,risk_aversion,combined,0,-253.84580894993647,0.4832394312816606
8650,euler_ramsey,0.5,2.0% Ramsey,risk_aversion,combined,0,-193.5056862357633,0.3901973873309138
8650,euler_ramsey,0.5,2.5% Ramsey,risk_aversion,combined,0,-132.46291218316622,0.32700842252742923
8651,euler_ramsey,0.5,1.5% Ramsey,risk_aversion,combined,0,186.801865288652,0.38610042475709605
8651,euler_ramsey,0.5,2.0% Ramsey,risk_aversion,combined,0,24.842562212107232,0.2962846296316
8651,euler_ramsey,0.5,2.5% Ramsey,risk_aversion,combined,0,-4.111551733130728,0.2387072786901762
8652,euler_ramsey,0.5,1.5% Ramsey,risk_aversion,combined,0,1344.3003613557098,0.1291279208897813
8652,euler_ramsey,0.5,2.0% Ramsey,risk_aversion,combined,0,850.5794367009761,0.0774559802145341
8652,euler_ramsey,0.5,2.5% Ramsey,risk_aversion,combined,0,550.611426989596,0.05157872014251902
8653,euler_ramsey,0.5,1.5% Ramsey,risk_aversion,combined,0,541.1788210794305,1.091134867044799
8653,euler_ramsey,0.5,2.0% Ramsey,risk_aversion,combined,0,370.9909745194782,1.0586156657576606
8653,euler_ramsey,0.5,2.5% Ramsey,risk_aversion,combined,0,257.46695149579375,1.022699145507725
8654,euler_ramsey,0.5,1.5% Ramsey,risk_aversion,combined,0,1245.4850798789764,1.0521486893530403
8654,euler_ramsey,0.5,2.0% Ramsey,risk_aversion,combined,0,996.9051965536617,1.0142289202497727
8654,euler_ramsey,0.5,2.5% Ramsey,risk_aversion,combined,0,735.183671452253,0.9750931830597358
8655,euler_ramsey,0.5,1.5% Ramsey,risk_aversion,combined,0,-324.6032269379121,0.9080030429010372
8655,euler_ramsey,0.5,2.0% Ramsey,risk_aversion,combined,0,-184.21293158955854,0.8453932804343419
8655,euler_ramsey,0.5,2.5% Ramsey,risk_aversion,combined,0,-108.02953448595984,0.7910649041848272
8656,euler_ramsey,0.5,1.5% Ramsey,risk_aversion,combined,0,315.0309022841116,0.8591570451179686
8656,euler_ramsey,0.5,2.0% Ramsey,risk_aversion,combined,0,278.5701049362832,0.7906067299322855
8656,euler_ramsey,0.5,2.5% Ramsey,risk_aversion,combined,0,222.17081970239454,0.7331998282276635
8657,euler_ramsey,0.5,1.5% Ramsey,risk_aversion,combined,0,252.05605350883582,1.766266991201046
8657,euler_ramsey,0.5,2.0% Ramsey,risk_aversion,combined,0,170.44789198707645,1.9103112315169855
8657,euler_ramsey,0.5,2.5% Ramsey,risk_aversion,combined,0,115.53885964301911,2.0072174685316666
8658,euler_ramsey,0.5,1.5% Ramsey,risk_aversion,combined,0,4957.176099666515,0.24852733656328352
8658,euler_ramsey,0.5,2.0% Ramsey,risk_aversion,combined,0,3047.9318593444473,0.1729095575283743
8658,euler_ramsey,0.5,2.5% Ramsey,risk_aversion,combined,0,2013.208165589746,0.12915259590923833
8659,euler_ramsey,0.5,1.5% Ramsey,risk_aversion,combined,0,7521.577862879985,0.4262141538130968
8659,euler_ramsey,0.5,2.0% Ramsey,risk_aversion,combined,0,6455.845320197118,0.3358968156442692
8659,euler_ramsey,0.5,2.5% Ramsey,risk_aversion,combined,0,4821.33271532709,0.27637794175682445
8660,euler_ramsey,0.5,1.5% Ramsey,risk_aversion,combined,0,211.64320405274177,1.1443344655640442
8660,euler_ramsey,0.5,2.0% Ramsey,risk_aversion,combined,0,166.40956348400368,1.1224799858691552
8660,euler_ramsey,0.5,2.5% Ramsey,risk_aversion,combined,0,120.96467144719868,1.093629475749326
8661,euler_ramsey,0.5,1.5% Ramsey,risk_aversion,combined,0,2460.474824161648,0.948559745629601
8661,euler_ramsey,0.5,2.0% Ramsey,risk_aversion,combined,0,1867.5024663800666,0.8940512355106429
8661,euler_ramsey,0.5,2.5% Ramsey,risk_aversion,combined,0,1291.4401224576898,0.8448025595662774
8662,euler_ramsey,0.5,1.5% Ramsey,risk_aversion,combined,0,6913.456719516386,0.390790293726997
8662,euler_ramsey,0.5,2.0% Ramsey,risk_aversion,combined,0,4933.250073230974,0.3016890112106237
8662,euler_ramsey,0.5,2.5% Ramsey,risk_aversion,combined,0,3284.229607671697,0.24427499399419628
8663,euler_ramsey,0.5,1.5% Ramsey,risk_aversion,combined,0,2273.562977515567,0.4809829006825654
8663,euler_ramsey,0.5,2.0% Ramsey,risk_aversion,combined,0,1947.7223282990408,0.3885978920697501
8663,euler_ramsey,0.5,2.5% Ramsey,risk_aversion,combined,0,1476.582487214829,0.32587830996653344
8664,euler_ramsey,0.5,1.5% Ramsey,risk_aversion,combined,0,626.4777171326681,0.5346125885872779
8664,euler_ramsey,0.5,2.0% Ramsey,risk_aversion,combined,0,518.1764616488123,0.4415960975439637
8664,euler_ramsey,0.5,2.5% Ramsey,risk_aversion,combined,0,386.1356238557738,0.37664911610688967
8665,euler_ramsey,0.5,1.5% Ramsey,risk_aversion,combined,0,-1785.7112305397507,0.16836545107058162
8665,euler_ramsey,0.5,2.0% Ramsey,risk_aversion,combined,0,-772.3138436781093,0.10722235916589849
8665,euler_ramsey,0.5,2.5% Ramsey,risk_aversion,combined,0,-446.0135342807884,0.07478458215671949
8666,euler_ramsey,0.5,1.5% Ramsey,risk_aversion,combined,0,1562.0576967278137,0.817388692256243
8666,euler_ramsey,0.5,2.0% Ramsey,risk_aversion,combined,0,1300.8281881966898,0.744601216876735
8666,euler_ramsey,0.5,2.5% Ramsey,risk_aversion,combined,0,985.0187310892798,0.6852131324290988
8667,euler_ramsey,0.5,1.5% Ramsey,risk_aversion,combined,0,580.0009687111852,1.0150768331638051
8667,euler_ramsey,0.5,2.0% Ramsey,risk_aversion,combined,0,395.8415073901466,0.9697105185554564
8667,euler_ramsey,0.5,2.5% Ramsey,risk_aversion,combined,0,275.1224606848663,0.9257549335020124
8668,euler_ramsey,0.5,1.5% Ramsey,risk_aversion,combined,0,489.3474381263616,1.6383513570724764
8668,euler_ramsey,0.5,2.0% Ramsey,risk_aversion,combined,0,351.80243153602584,1.742461636183376
8668,euler_ramsey,0.5,2.5% Ramsey,risk_aversion,combined,0,235.95056359826796,1.8073342957692304
8669,euler_ramsey,0.5,1.5% Ramsey,risk_aversion,combined,0,542.1321751248161,1.590423806073908
8669,euler_ramsey,0.5,2.0% Ramsey,risk_aversion,combined,0,418.6242876258866,1.6802664056957477
8669,euler_ramsey,0.5,2.5% Ramsey,risk_aversion,combined,0,298.2092490266359,1.7339544061881829
8670,euler_ramsey,0.5,1.5% Ramsey,risk_aversion,combined,0,2788.433682664324,0.500364906811398
8670,euler_ramsey,0.5,2.0% Ramsey,risk_aversion,combined,0,2130.42548220456,0.40815088512997116
8670,euler_ramsey,0.5,2.5% Ramsey,risk_aversion,combined,0,1511.9872915911378,0.3448420826245989
8671,euler_ramsey,0.5,1.5% Ramsey,risk_aversion,combined,0,1737.7472463265665,1.6615681595568639
8671,euler_ramsey,0.5,2.0% Ramsey,risk_aversion,combined,0,1099.875995974278,1.774198494604445
8671,euler_ramsey,0.5,2.5% Ramsey,risk_aversion,combined,0,686.3899197558577,1.8461084195553465
8672,euler_ramsey,0.5,1.5% Ramsey,risk_aversion,combined,0,3123.751037957921,0.5727858021377378
8672,euler_ramsey,0.5,2.0% Ramsey,risk_aversion,combined,0,2456.316124304007,0.4805541239417269
8672,euler_ramsey,0.5,2.5% Ramsey,risk_aversion,combined,0,1679.2550862460457,0.4148509221215352
8673,euler_ramsey,0.5,1.5% Ramsey,risk_aversion,combined,0,1099.7252642081107,0.5076063379378214
8673,euler_ramsey,0.5,2.0% Ramsey,risk_aversion,combined,0,604.5133078581704,0.41424328387895315
8673,euler_ramsey,0.5,2.5% Ramsey,risk_aversion,combined,0,332.8773791862418,0.35001212704603374
8674,euler_ramsey,0.5,1.5% Ramsey,risk_aversion,combined,0,193.25547965929144,1.967088389606619
8674,euler_ramsey,0.5,2.0% Ramsey,risk_aversion,combined,0,148.95752044809245,2.179595742157718
8674,euler_ramsey,0.5,2.5% Ramsey,risk_aversion,combined,0,109.95414557162157,2.3334444928572373
8675,euler_ramsey,0.5,1.5% Ramsey,risk_aversion,combined,0,1931.5028030244898,0.855335040606491
8675,euler_ramsey,0.5,2.0% Ramsey,risk_aversion,combined,0,1497.1824355967667,0.7861135587237567
8675,euler_ramsey,0.5,2.5% Ramsey,risk_aversion,combined,0,1051.598453063885,0.7283451676783185
8676,euler_ramsey,0.5,1.5% Ramsey,risk_aversion,combined,0,1036.1857202232566,0.8189067493063986
8676,euler_ramsey,0.5,2.0% Ramsey,risk_aversion,combined,0,813.4922675375791,0.7470262770231529
8676,euler_ramsey,0.5,2.5% Ramsey,risk_aversion,combined,0,619.6180121638788,0.688250783015539
8677,euler_ramsey,0.5,1.5% Ramsey,risk_aversion,combined,0,2188.3085932268323,0.3265235166030969
8677,euler_ramsey,0.5,2.0% Ramsey,risk_aversion,combined,0,1486.7372694387088,0.24168158440981097
8677,euler_ramsey,0.5,2.5% Ramsey,risk_aversion,combined,0,1027.5268589621987,0.1893840401153857
8678,euler_ramsey,0.5,1.5% Ramsey,risk_aversion,combined,0,3248.9176079551107,0.21086735211353966
8678,euler_ramsey,0.5,2.0% Ramsey,risk_aversion,combined,0,1809.7881403434242,0.14140268900779585
8678,euler_ramsey,0.5,2.5% Ramsey,risk_aversion,combined,0,1147.525052876744,0.10265345912831685
8679,euler_ramsey,0.5,1.5% Ramsey,risk_aversion,combined,0,153.9698224880514,1.9252368241348976
8679,euler_ramsey,0.5,2.0% Ramsey,risk_aversion,combined,0,102.13628799534062,2.1227148448833177
8679,euler_ramsey,0.5,2.5% Ramsey,risk_aversion,combined,0,62.256294235047804,2.2638145346542253
8680,euler_ramsey,0.5,1.5% Ramsey,risk_aversion,combined,0,-6.945685261842301,0.5214773087318029
8680,euler_ramsey,0.5,2.0% Ramsey,risk_aversion,combined,0,10.124318201459491,0.42864224175818244
8680,euler_ramsey,0.5,2.5% Ramsey,risk_aversion,combined,0,17.793548511750142,0.3642388267669325
8681,euler_ramsey,0.5,1.5% Ramsey,risk_aversion,combined,0,1286.522352092504,0.948206208830235
8681,euler_ramsey,0.5,2.0% Ramsey,risk_aversion,combined,0,967.7497578675947,0.8915425902997514
8681,euler_ramsey,0.5,2.5% Ramsey,risk_aversion,combined,0,699.1396939275638,0.8406615398398649
8682,euler_ramsey,0.5,1.5% Ramsey,risk_aversion,combined,0,3186.0235805683296,0.5019589201574929
8682,euler_ramsey,0.5,2.0% Ramsey,risk_aversion,combined,0,1999.3449957523799,0.40930894152780933
8682,euler_ramsey,0.5,2.5% Ramsey,risk_aversion,combined,0,1243.8200206453675,0.345688103471649
8683,euler_ramsey,0.5,1.5% Ramsey,risk_aversion,combined,0,619.7988898306357,0.3837485440477541
8683,euler_ramsey,0.5,2.0% Ramsey,risk_aversion,combined,0,509.3270072503437,0.29413367131598295
8683,euler_ramsey,0.5,2.5% Ramsey,risk_aversion,combined,0,387.703337698004,0.23676527661293742
8684,euler_ramsey,0.5,1.5% Ramsey,risk_aversion,combined,0,501.5949464308136,1.47522705865254
8684,euler_ramsey,0.5,2.0% Ramsey,risk_aversion,combined,0,339.4300643273863,1.5320712170464248
8684,euler_ramsey,0.5,2.5% Ramsey,risk_aversion,combined,0,235.91490971109582,1.5600953064436434
8685,euler_ramsey,0.5,1.5% Ramsey,risk_aversion,combined,0,242.0026014082593,2.4855662250446864
8685,euler_ramsey,0.5,2.0% Ramsey,risk_aversion,combined,0,309.87219717566,2.9032258912043893
8685,euler_ramsey,0.5,2.5% Ramsey,risk_aversion,combined,0,328.2865919242949,3.2376288447804478
8686,euler_ramsey,0.5,1.5% Ramsey,risk_aversion,combined,0,-82.42953715355445,1.387720609809473
8686,euler_ramsey,0.5,2.0% Ramsey,risk_aversion,combined,0,-67.57795452982413,1.4211409241141604
8686,euler_ramsey,0.5,2.5% Ramsey,risk_aversion,combined,0,-47.7626375566152,1.4314385577178077
8687,euler_ramsey,0.5,1.5% Ramsey,risk_aversion,combined,0,473.97611058775664,1.3370174119609062
8687,euler_ramsey,0.5,2.0% Ramsey,risk_aversion,combined,0,407.79196575775967,1.3586678870988582
8687,euler_ramsey,0.5,2.5% Ramsey,risk_aversion,combined,0,325.03171553612486,1.3605392835596408
8688,euler_ramsey,0.5,1.5% Ramsey,risk_aversion,combined,0,8.898503079260735,0.8024706563865548
8688,euler_ramsey,0.5,2.0% Ramsey,risk_aversion,combined,0,-8.29253834085324,0.7261026821253693
8688,euler_ramsey,0.5,2.5% Ramsey,risk_aversion,combined,0,-11.457949478655703,0.6645409846880638
8689,euler_ramsey,0.5,1.5% Ramsey,risk_aversion,combined,0,-8.054194928922776,2.3623239165517833
8689,euler_ramsey,0.5,2.0% Ramsey,risk_aversion,combined,0,-4.940568074687094,2.7277388876996116
8689,euler_ramsey,0.5,2.5% Ramsey,risk_aversion,combined,0,-0.23351613826043488,3.0149095482208508
8690,euler_ramsey,0.5,1.5% Ramsey,risk_aversion,combined,0,-218.87024419559492,1.53881583088283
8690,euler_ramsey,0.5,2.0% Ramsey,risk_aversion,combined,0,-155.24931607779823,1.6138817455458654
8690,euler_ramsey,0.5,2.5% Ramsey,risk_aversion,combined,0,-101.32773085855484,1.6558733232535594
8691,euler_ramsey,0.5,1.5% Ramsey,risk_aversion,combined,0,-220.99825989161963,0.5429622326141972
8691,euler_ramsey,0.5,2.0% Ramsey,risk_aversion,combined,0,-152.5417250663446,0.4500674380608761
8691,euler_ramsey,0.5,2.5% Ramsey,risk_aversion,combined,0,-103.1939845631335,0.3849085064370233
8692,euler_ramsey,0.5,1.5% Ramsey,risk_aversion,combined,0,198.24489404128056,1.171170347555754
8692,euler_ramsey,0.5,2.0% Ramsey,risk_aversion,combined,0,145.67382440666154,1.1545327580356166
8692,euler_ramsey,0.5,2.5% Ramsey,risk_aversion,combined,0,100.41512367682718,1.1291551879356647
8693,euler_ramsey,0.5,1.5% Ramsey,risk_aversion,combined,0,252.03383596977721,1.491081788975272
8693,euler_ramsey,0.5,2.0% Ramsey,risk_aversion,combined,0,198.7060178980005,1.5525473870238826
8693,euler_ramsey,0.5,2.5% Ramsey,risk_aversion,combined,0,154.2445900528984,1.5841280315296373
8694,euler_ramsey,0.5,1.5% Ramsey,risk_aversion,combined,0,632.7438495916587,1.3367949896228584
8694,euler_ramsey,0.5,2.0% Ramsey,risk_aversion,combined,0,560.4488517046649,1.3585963844956919
8694,euler_ramsey,0.5,2.5% Ramsey,risk_aversion,combined,0,445.32151632105246,1.3606161257323093
8695,euler_ramsey,0.5,1.5% Ramsey,risk_aversion,combined,0,689.2818991593299,0.3204909692547735
8695,euler_ramsey,0.5,2.0% Ramsey,risk_aversion,combined,0,592.2476486618114,0.23584173605859893
8695,euler_ramsey,0.5,2.5% Ramsey,risk_aversion,combined,0,435.606157104126,0.18394885811334616
8696,euler_ramsey,0.5,1.5% Ramsey,risk_aversion,combined,0,626.6341774643554,1.0461356787877933
8696,euler_ramsey,0.5,2.0% Ramsey,risk_aversion,combined,0,487.47476621469656,1.0054672443002852
8696,euler_ramsey,0.5,2.5% Ramsey,risk_aversion,combined,0,360.90608168893846,0.9642859362468478
8697,euler_ramsey,0.5,1.5% Ramsey,risk_aversion,combined,0,581.8514022751696,0.47986400075463675
8697,euler_ramsey,0.5,2.0% Ramsey,risk_aversion,combined,0,451.4155997722394,0.38728747618470905
8697,euler_ramsey,0.5,2.5% Ramsey,risk_aversion,combined,0,346.14877070406015,0.3244888302458629
8698,euler_ramsey,0.5,1.5% Ramsey,risk_aversion,combined,0,2388.886246970924,0.9451119792437864
8698,euler_ramsey,0.5,2.0% Ramsey,risk_aversion,combined,0,1658.6431256027345,0.8887702958708671
8698,euler_ramsey,0.5,2.5% Ramsey,risk_aversion,combined,0,1064.988805000026,0.8381792870081267
8699,euler_ramsey,0.5,1.5% Ramsey,risk_aversion,combined,0,1156.4373510655887,1.0101764226696412
8699,euler_ramsey,0.5,2.0% Ramsey,risk_aversion,combined,0,921.2473357469064,0.9649306477523443
8699,euler_ramsey,0.5,2.5% Ramsey,risk_aversion,combined,0,665.21550178335,0.9211889807363102
8700,euler_ramsey,0.5,1.5% Ramsey,risk_aversion,combined,0,288.619382587026,1.4156192535672538
8700,euler_ramsey,0.5,2.0% Ramsey,risk_aversion,combined,0,219.63077750108178,1.4566831161310416
8700,euler_ramsey,0.5,2.5% Ramsey,risk_aversion,combined,0,156.67673824608082,1.4727865328604117
8701,euler_ramsey,0.5,1.5% Ramsey,risk_aversion,combined,0,-67.22708566060543,0.3564105607235856
8701,euler_ramsey,0.5,2.0% Ramsey,risk_aversion,combined,0,-94.10194022628714,0.268674052316741
8701,euler_ramsey,0.5,2.5% Ramsey,risk_aversion,combined,0,-93.4252372259689,0.21350363817312587
8702,euler_ramsey,0.5,1.5% Ramsey,risk_aversion,combined,0,361.6146207574763,1.034941657190547
8702,euler_ramsey,0.5,2.0% Ramsey,risk_aversion,combined,0,339.36415166780586,0.9919984597869709
8702,euler_ramsey,0.5,2.5% Ramsey,risk_aversion,combined,0,277.06443966501274,0.9493704554491974
8703,euler_ramsey,0.5,1.5% Ramsey,risk_aversion,combined,0,1707.7277003913534,0.6867582069308
8703,euler_ramsey,0.5,2.0% Ramsey,risk_aversion,combined,0,1154.6308400184569,0.6003229053837699
8703,euler_ramsey,0.5,2.5% Ramsey,risk_aversion,combined,0,789.5478518068675,0.5349792007407186
8704,euler_ramsey,0.5,1.5% Ramsey,risk_aversion,combined,0,920.4181350706656,0.6599960336219349
8704,euler_ramsey,0.5,2.0% Ramsey,risk_aversion,combined,0,599.3075227513061,0.5718371142420909
8704,euler_ramsey,0.5,2.5% Ramsey,risk_aversion,combined,0,383.9717132263952,0.5061425219758663
8705,euler_ramsey,0.5,1.5% Ramsey,risk_aversion,combined,0,1365.8574096513776,0.6823808258215914
8705,euler_ramsey,0.5,2.0% Ramsey,risk_aversion,combined,0,1120.808690128665,0.5957096434849085
8705,euler_ramsey,0.5,2.5% Ramsey,risk_aversion,combined,0,885.6039018646576,0.5303325017008458
8706,euler_ramsey,0.5,1.5% Ramsey,risk_aversion,combined,0,1345.2221752704795,0.5722700851677088
8706,euler_ramsey,0.5,2.0% Ramsey,risk_aversion,combined,0,895.7905115755976,0.48019835628609947
8706,euler_ramsey,0.5,2.5% Ramsey,risk_aversion,combined,0,594.3224601416333,0.4146095513303854
8707,euler_ramsey,0.5,1.5% Ramsey,risk_aversion,combined,0,55.32216805880936,0.8800564500306269
8707,euler_ramsey,0.5,2.0% Ramsey,risk_aversion,combined,0,44.020047982763806,0.8145049356233033
8707,euler_ramsey,0.5,2.5% Ramsey,risk_aversion,combined,0,33.595258436938735,0.7587545229268952
8708,euler_ramsey,0.5,1.5% Ramsey,risk_aversion,combined,0,-75.17810332238004,0.9276140284732913
8708,euler_ramsey,0.5,2.0% Ramsey,risk_aversion,combined,0,-45.494506638284626,0.8682091163986588
8708,euler_ramsey,0.5,2.5% Ramsey,risk_aversion,combined,0,-15.909861690275811,0.8157604972210961
8709,euler_ramsey,0.5,1.5% Ramsey,risk_aversion,combined,0,798.9539204058865,0.675432881559815
8709,euler_ramsey,0.5,2.0% Ramsey,risk_aversion,combined,0,587.70784225809,0.5888947353254051
8709,euler_ramsey,0.5,2.5% Ramsey,risk_aversion,combined,0,428.43361453296285,0.523795069453646
8710,euler_ramsey,0.5,1.5% Ramsey,risk_aversion,combined,0,68.32135581273565,0.9867065506201588
8710,euler_ramsey,0.5,2.0% Ramsey,risk_aversion,combined,0,37.37381025725445,0.9358240917928421
8710,euler_ramsey,0.5,2.5% Ramsey,risk_aversion,combined,0,21.34049410859849,0.8882689683760477
8711,euler_ramsey,0.5,1.5% Ramsey,risk_aversion,combined,0,533.0126064875653,3.255993202706912
8711,euler_ramsey,0.5,2.0% Ramsey,risk_aversion,combined,0,358.58309796239826,4.0432730235817305
8711,euler_ramsey,0.5,2.5% Ramsey,risk_aversion,combined,0,253.2962662298522,4.728035020739247
8712,euler_ramsey,0.5,1.5% Ramsey,risk_aversion,combined,0,46.40319500548381,0.23326224434418422
8712,euler_ramsey,0.5,2.0% Ramsey,risk_aversion,combined,0,-51.94685330824819,0.15982537049663575
8712,euler_ramsey,0.5,2.5% Ramsey,risk_aversion,combined,0,-55.71327391838559,0.11796184908828222
8713,euler_ramsey,0.5,1.5% Ramsey,risk_aversion,combined,0,2675.807819075853,0.3502568357517843
8713,euler_ramsey,0.5,2.0% Ramsey,risk_aversion,combined,0,1992.4586104754912,0.26321609330474355
8713,euler_ramsey,0.5,2.5% Ramsey,risk_aversion,combined,0,1396.7973798594749,0.2086848497523971
8714,euler_ramsey,0.5,1.5% Ramsey,risk_aversion,combined,0,2245.299260388134,0.8571132944940204
8714,euler_ramsey,0.5,2.0% Ramsey,risk_aversion,combined,0,1913.1431497570413,0.7892585911230681
8714,euler_ramsey,0.5,2.5% Ramsey,risk_aversion,combined,0,1434.0285168009073,0.7324551413613225
8715,euler_ramsey,0.5,1.5% Ramsey,risk_aversion,combined,0,1325.8946196344143,0.4794757989258423
8715,euler_ramsey,0.5,2.0% Ramsey,risk_aversion,combined,0,1097.6902807681493,0.38664363585872513
8715,euler_ramsey,0.5,2.5% Ramsey,risk_aversion,combined,0,816.2455890891124,0.32371633847802167
8716,euler_ramsey,0.5,1.5% Ramsey,risk_aversion,combined,0,938.7139883142157,1.2818668747858792
8716,euler_ramsey,0.5,2.0% Ramsey,risk_aversion,combined,0,649.1320919444307,1.2899295748193673
8716,euler_ramsey,0.5,2.5% Ramsey,risk_aversion,combined,0,430.54754549254807,1.2818688885674019
8717,euler_ramsey,0.5,1.5% Ramsey,risk_aversion,combined,0,176.8063928087025,0.3992617552265427
8717,euler_ramsey,0.5,2.0% Ramsey,risk_aversion,combined,0,130.16688521059734,0.30870474734370296
8717,euler_ramsey,0.5,2.5% Ramsey,risk_aversion,combined,0,102.9345944537001,0.2501712039748338
8718,euler_ramsey,0.5,1.5% Ramsey,risk_aversion,combined,0,1093.017119901732,1.0338238301504705
8718,euler_ramsey,0.5,2.0% Ramsey,risk_aversion,combined,0,736.0763672668944,0.9921406090527958
8718,euler_ramsey,0.5,2.5% Ramsey,risk_aversion,combined,0,495.83392217136816,0.9505017565953405
8719,euler_ramsey,0.5,1.5% Ramsey,risk_aversion,combined,0,479.403091367653,2.0542192903771084
8719,euler_ramsey,0.5,2.0% Ramsey,risk_aversion,combined,0,362.79675901109243,2.298459457383045
8719,euler_ramsey,0.5,2.5% Ramsey,risk_aversion,combined,0,258.4361503057306,2.4794449011770103
8720,euler_ramsey,0.5,1.5% Ramsey,risk_aversion,combined,0,1965.327690124367,0.6479981011517937
8720,euler_ramsey,0.5,2.0% Ramsey,risk_aversion,combined,0,1810.9650919620528,0.5602010603395879
8720,euler_ramsey,0.5,2.5% Ramsey,risk_aversion,combined,0,1459.287907806366,0.4950640083807323
8721,euler_ramsey,0.5,1.5% Ramsey,risk_aversion,combined,0,-349.2669842211506,0.8771981274963155
8721,euler_ramsey,0.5,2.0% Ramsey,risk_aversion,combined,0,-286.5711258589057,0.8106295528019873
8721,euler_ramsey,0.5,2.5% Ramsey,risk_aversion,combined,0,-208.7392476478132,0.7541353713067004
8722,euler_ramsey,0.5,1.5% Ramsey,risk_aversion,combined,0,202.43534242906685,1.605251949960376
8722,euler_ramsey,0.5,2.0% Ramsey,risk_aversion,combined,0,145.56340787524275,1.6993263893941648
8722,euler_ramsey,0.5,2.5% Ramsey,risk_aversion,combined,0,103.59783382082303,1.7562120971832773
8723,euler_ramsey,0.5,1.5% Ramsey,risk_aversion,combined,0,4024.623955046331,1.066199667162176
8723,euler_ramsey,0.5,2.0% Ramsey,risk_aversion,combined,0,3758.5645784480475,1.0335458617684246
8723,euler_ramsey,0.5,2.5% Ramsey,risk_aversion,combined,0,3000.6384321422693,0.9983228835173206
8724,euler_ramsey,0.5,1.5% Ramsey,risk_aversion,combined,0,2029.280585089892,1.4272569327444848
8724,euler_ramsey,0.5,2.0% Ramsey,risk_aversion,combined,0,1384.3686010857039,1.4746534476966366
8724,euler_ramsey,0.5,2.5% Ramsey,risk_aversion,combined,0,921.7187530619509,1.4960800548398656
8725,euler_ramsey,0.5,1.5% Ramsey,risk_aversion,combined,0,427.7531359354532,1.3927833524351187
8725,euler_ramsey,0.5,2.0% Ramsey,risk_aversion,combined,0,274.57496786712454,1.4283570054430368
8725,euler_ramsey,0.5,2.5% Ramsey,risk_aversion,combined,0,181.68355889415417,1.4404608291563945
8726,euler_ramsey,0.5,1.5% Ramsey,risk_aversion,combined,0,151.7973521648932,0.924434755521556
8726,euler_ramsey,0.5,2.0% Ramsey,risk_aversion,combined,0,151.76785644308498,0.8638224691690749
8726,euler_ramsey,0.5,2.5% Ramsey,risk_aversion,combined,0,149.02017817236614,0.8105916535329141
8727,euler_ramsey,0.5,1.5% Ramsey,risk_aversion,combined,0,659.9251397316233,0.6534329052745464
8727,euler_ramsey,0.5,2.0% Ramsey,risk_aversion,combined,0,457.477600678599,0.5648838475661662
8727,euler_ramsey,0.5,2.5% Ramsey,risk_aversion,combined,0,314.805706437925,0.49912301271625675
8728,euler_ramsey,0.5,1.5% Ramsey,risk_aversion,combined,0,-30.248482967629553,0.7043759834498844
8728,euler_ramsey,0.5,2.0% Ramsey,risk_aversion,combined,0,-26.239979920527485,0.6190927148491381
8728,euler_ramsey,0.5,2.5% Ramsey,risk_aversion,combined,0,-20.45706673517463,0.5540105672788634
8729,euler_ramsey,0.5,1.5% Ramsey,risk_aversion,combined,0,70.73090487145073,1.4885341016486686
8729,euler_ramsey,0.5,2.0% Ramsey,risk_aversion,combined,0,48.462423584672074,1.5491612079081922
8729,euler_ramsey,0.5,2.5% Ramsey,risk_aversion,combined,0,32.38808928001984,1.5800532928998012
8730,euler_ramsey,0.5,1.5% Ramsey,risk_aversion,combined,0,979.9870348052251,0.8627511311237566
8730,euler_ramsey,0.5,2.0% Ramsey,risk_aversion,combined,0,973.3320349722852,0.7939965307906487
8730,euler_ramsey,0.5,2.5% Ramsey,risk_aversion,combined,0,812.3934671033063,0.7363891949182987
8731,euler_ramsey,0.5,1.5% Ramsey,risk_aversion,combined,0,-802.6643374189669,0.400662233977708
8731,euler_ramsey,0.5,2.0% Ramsey,risk_aversion,combined,0,-580.0220507135991,0.31008602199504853
8731,euler_ramsey,0.5,2.5% Ramsey,risk_aversion,combined,0,-402.11418857214716,0.2514783182647951
8732,euler_ramsey,0.5,1.5% Ramsey,risk_aversion,combined,0,167.06925062401038,1.6694797256872367
8732,euler_ramsey,0.5,2.0% Ramsey,risk_aversion,combined,0,124.06726763338295,1.7830385549611343
8732,euler_ramsey,0.5,2.5% Ramsey,risk_aversion,combined,0,91.88892111277175,1.8555143750229934
8733,euler_ramsey,0.5,1.5% Ramsey,risk_aversion,combined,0,1612.791381984182,0.40034861473400657
8733,euler_ramsey,0.5,2.0% Ramsey,risk_aversion,combined,0,1124.6349073259762,0.3098652319225416
8733,euler_ramsey,0.5,2.5% Ramsey,risk_aversion,combined,0,781.1542845760306,0.2513246860804028
8734,euler_ramsey,0.5,1.5% Ramsey,risk_aversion,combined,0,2397.434252210177,0.3042146197476699
8734,euler_ramsey,0.5,2.0% Ramsey,risk_aversion,combined,0,1263.8689347414647,0.22136369995203065
8734,euler_ramsey,0.5,2.5% Ramsey,risk_aversion,combined,0,693.1547285704206,0.17117248822162534
8735,euler_ramsey,0.5,1.5% Ramsey,risk_aversion,combined,0,1916.3651404242933,0.46334001661892266
8735,euler_ramsey,0.5,2.0% Ramsey,risk_aversion,combined,0,1228.7362638080062,0.37078541562327744
8735,euler_ramsey,0.5,2.5% Ramsey,risk_aversion,combined,0,812.7840007119239,0.30861051022325214
8736,euler_ramsey,0.5,1.5% Ramsey,risk_aversion,combined,0,559.1978444398934,0.2775714146436843
8736,euler_ramsey,0.5,2.0% Ramsey,risk_aversion,combined,0,265.60580913598875,0.19776034935953715
8736,euler_ramsey,0.5,2.5% Ramsey,risk_aversion,combined,0,138.5684559527336,0.15043743858554912
8737,euler_ramsey,0.5,1.5% Ramsey,risk_aversion,combined,0,-472.67920572664104,0.4013936956607663
8737,euler_ramsey,0.5,2.0% Ramsey,risk_aversion,combined,0,-445.0108075615063,0.3109163862362143
8737,euler_ramsey,0.5,2.5% Ramsey,risk_aversion,combined,0,-358.71854357549387,0.25232572464893777
8738,euler_ramsey,0.5,1.5% Ramsey,risk_aversion,combined,0,-820.4675535758499,0.19397578663793064
8738,euler_ramsey,0.5,2.0% Ramsey,risk_aversion,combined,0,-403.2987485687906,0.12751117445196822
8738,euler_ramsey,0.5,2.5% Ramsey,risk_aversion,combined,0,-242.86423900280047,0.09114261151447049
8739,euler_ramsey,0.5,1.5% Ramsey,risk_aversion,combined,0,-337.4417205951182,0.18105767375088708
8739,euler_ramsey,0.5,2.0% Ramsey,risk_aversion,combined,0,-225.09894076497736,0.11718722035578588
8739,euler_ramsey,0.5,2.5% Ramsey,risk_aversion,combined,0,-147.9402267696757,0.08276410186556844
8740,euler_ramsey,0.5,1.5% Ramsey,risk_aversion,combined,0,2222.735046512883,0.5863575428040733
8740,euler_ramsey,0.5,2.0% Ramsey,risk_aversion,combined,0,1509.6641012097346,0.4949086133777669
8740,euler_ramsey,0.5,2.5% Ramsey,risk_aversion,combined,0,990.2119244555421,0.42926574515287613
8741,euler_ramsey,0.5,1.5% Ramsey,risk_aversion,combined,0,622.7527620684888,1.267876172689171
8741,euler_ramsey,0.5,2.0% Ramsey,risk_aversion,combined,0,444.7620795611369,1.27273455293147
8741,euler_ramsey,0.5,2.5% Ramsey,risk_aversion,combined,0,311.7660159690179,1.2623945386927669
8742,euler_ramsey,0.5,1.5% Ramsey,risk_aversion,combined,0,2092.7819264426753,0.3192737006502747
8742,euler_ramsey,0.5,2.0% Ramsey,risk_aversion,combined,0,1888.950585423358,0.2348905996396911
8742,euler_ramsey,0.5,2.5% Ramsey,risk_aversion,combined,0,1452.8406110251199,0.18318634605398199
8743,euler_ramsey,0.5,1.5% Ramsey,risk_aversion,combined,0,1724.6105275605616,0.7164070251851343
8743,euler_ramsey,0.5,2.0% Ramsey,risk_aversion,combined,0,1151.7923602473695,0.6326168444270159
8743,euler_ramsey,0.5,2.5% Ramsey,risk_aversion,combined,0,743.730728306252,0.5682512296340368
8744,euler_ramsey,0.5,1.5% Ramsey,risk_aversion,combined,0,1635.0223754106778,1.3988313575793838
8744,euler_ramsey,0.5,2.0% Ramsey,risk_aversion,combined,0,1238.6873612857396,1.4359112049045977
8744,euler_ramsey,0.5,2.5% Ramsey,risk_aversion,combined,0,863.5528218235816,1.4491449593131738
8745,euler_ramsey,0.5,1.5% Ramsey,risk_aversion,combined,0,-138.89784273583356,0.5180734544081116
8745,euler_ramsey,0.5,2.0% Ramsey,risk_aversion,combined,0,-75.04073496121816,0.4248011334224044
8745,euler_ramsey,0.5,2.5% Ramsey,risk_aversion,combined,0,-30.744906160463945,0.3602587408443187
8746,euler_ramsey,0.5,1.5% Ramsey,risk_aversion,combined,0,-344.77966207012435,0.44937669652636686
8746,euler_ramsey,0.5,2.0% Ramsey,risk_aversion,combined,0,-194.61671756782337,0.3568701342817844
8746,euler_ramsey,0.5,2.5% Ramsey,risk_aversion,combined,0,-120.35810655816813,0.29524854361772673
8747,euler_ramsey,0.5,1.5% Ramsey,risk_aversion,combined,0,-49.22975771942088,1.0611383374840737
8747,euler_ramsey,0.5,2.0% Ramsey,risk_aversion,combined,0,-38.07603338115702,1.0228090047326084
8747,euler_ramsey,0.5,2.5% Ramsey,risk_aversion,combined,0,-24.558465933738677,0.9830252109948989
8748,euler_ramsey,0.5,1.5% Ramsey,risk_aversion,combined,0,141.13048871645367,1.9815749931086806
8748,euler_ramsey,0.5,2.0% Ramsey,risk_aversion,combined,0,82.84673984233498,2.199324162892674
8748,euler_ramsey,0.5,2.5% Ramsey,risk_aversion,combined,0,51.86685274063116,2.357526139690505
8749,euler_ramsey,0.5,1.5% Ramsey,risk_aversion,combined,0,136.1157022619331,0.6197082701732765
8749,euler_ramsey,0.5,2.0% Ramsey,risk_aversion,combined,0,117.23396454601644,0.529415237465576
8749,euler_ramsey,0.5,2.5% Ramsey,risk_aversion,combined,0,94.37081488582011,0.46347932105958456
8750,euler_ramsey,0.5,1.5% Ramsey,risk_aversion,combined,0,539.7834492969824,0.7772940224168383
8750,euler_ramsey,0.5,2.0% Ramsey,risk_aversion,combined,0,413.8515958438666,0.6982931017403009
8750,euler_ramsey,0.5,2.5% Ramsey,risk_aversion,combined,0,286.53865736743757,0.6355566976053252
8751,euler_ramsey,0.5,1.5% Ramsey,risk_aversion,combined,0,638.852693696578,1.4807505896954798
8751,euler_ramsey,0.5,2.0% Ramsey,risk_aversion,combined,0,456.69780386199767,1.5394857447432355
8751,euler_ramsey,0.5,2.5% Ramsey,risk_aversion,combined,0,309.43792808881864,1.569008245276334
8752,euler_ramsey,0.5,1.5% Ramsey,risk_aversion,combined,0,2700.8615828391044,0.7202430349002811
8752,euler_ramsey,0.5,2.0% Ramsey,risk_aversion,combined,0,2461.642285950624,0.6375135790438795
8752,euler_ramsey,0.5,2.5% Ramsey,risk_aversion,combined,0,1936.009950948169,0.5737374541223067
8753,euler_ramsey,0.5,1.5% Ramsey,risk_aversion,combined,0,-198.41298040513138,0.39147476244603086
8753,euler_ramsey,0.5,2.0% Ramsey,risk_aversion,combined,0,-144.11135429701037,0.3013441324984812
8753,euler_ramsey,0.5,2.5% Ramsey,risk_aversion,combined,0,-98.23677657762612,0.2433680554628229
8754,euler_ramsey,0.5,1.5% Ramsey,risk_aversion,combined,0,439.60682616988794,0.7044458460637938
8754,euler_ramsey,0.5,2.0% Ramsey,risk_aversion,combined,0,399.9813848970876,0.6191561875019446
8754,euler_ramsey,0.5,2.5% Ramsey,risk_aversion,combined,0,336.4291220837253,0.5541010473968995
8755,euler_ramsey,0.5,1.5% Ramsey,risk_aversion,combined,0,-290.24630098932624,0.6339763992649421
8755,euler_ramsey,0.5,2.0% Ramsey,risk_aversion,combined,0,-259.6549840413422,0.544594077283262
8755,euler_ramsey,0.5,2.5% Ramsey,risk_aversion,combined,0,-193.3713290037363,0.47880993448509784
8756,euler_ramsey,0.5,1.5% Ramsey,risk_aversion,combined,0,878.0221524828165,0.32104246490698835
8756,euler_ramsey,0.5,2.0% Ramsey,risk_aversion,combined,0,851.045067017765,0.2368667590429332
8756,euler_ramsey,0.5,2.5% Ramsey,risk_aversion,combined,0,722.6674748354727,0.18516127741475602
8757,euler_ramsey,0.5,1.5% Ramsey,risk_aversion,combined,0,-187.18553455031295,1.0930584061054758
8757,euler_ramsey,0.5,2.0% Ramsey,risk_aversion,combined,0,-129.1249788159934,1.0607517951554322
8757,euler_ramsey,0.5,2.5% Ramsey,risk_aversion,combined,0,-84.70413769347971,1.0249090572500115
8758,euler_ramsey,0.5,1.5% Ramsey,risk_aversion,combined,0,462.6021139921572,1.4367659463850104
8758,euler_ramsey,0.5,2.0% Ramsey,risk_aversion,combined,0,313.55118341472354,1.4834819808601987
8758,euler_ramsey,0.5,2.5% Ramsey,risk_aversion,combined,0,214.33203538616172,1.503849566724339
8759,euler_ramsey,0.5,1.5% Ramsey,risk_aversion,combined,0,366.6392266553727,2.03521613791615
8759,euler_ramsey,0.5,2.0% Ramsey,risk_aversion,combined,0,285.67085940358385,2.2728316697265964
8759,euler_ramsey,0.5,2.5% Ramsey,risk_aversion,combined,0,213.6133064881114,2.4481846367072904
8760,euler_ramsey,0.5,1.5% Ramsey,risk_aversion,combined,0,2829.7765648459263,0.16421912736344554
8760,euler_ramsey,0.5,2.0% Ramsey,risk_aversion,combined,0,945.8906287457146,0.10399922603569299
8760,euler_ramsey,0.5,2.5% Ramsey,risk_aversion,combined,0,522.2256238221709,0.07222542413223274
8761,euler_ramsey,0.5,1.5% Ramsey,risk_aversion,combined,0,-787.5164010901614,0.3521796581467917
8761,euler_ramsey,0.5,2.0% Ramsey,risk_aversion,combined,0,-758.5885950926806,0.2649333357204452
8761,euler_ramsey,0.5,2.5% Ramsey,risk_aversion,combined,0,-625.5098260100333,0.21020115400006698
8762,euler_ramsey,0.5,1.5% Ramsey,risk_aversion,combined,0,2738.571619952393,0.24645362710147614
8762,euler_ramsey,0.5,2.0% Ramsey,risk_aversion,combined,0,1304.6087900585287,0.1710630269125563
8762,euler_ramsey,0.5,2.5% Ramsey,risk_aversion,combined,0,738.3075377167875,0.127534826118146
8763,euler_ramsey,0.5,1.5% Ramsey,risk_aversion,combined,0,668.5483842207702,0.8157788084446042
8763,euler_ramsey,0.5,2.0% Ramsey,risk_aversion,combined,0,347.3968397816608,0.7421858917394272
8763,euler_ramsey,0.5,2.5% Ramsey,risk_aversion,combined,0,209.1428353750966,0.6823271267769878
8764,euler_ramsey,0.5,1.5% Ramsey,risk_aversion,combined,0,2020.5525531272126,0.46540761174181927
8764,euler_ramsey,0.5,2.0% Ramsey,risk_aversion,combined,0,1071.5009733841714,0.37276439811394935
8764,euler_ramsey,0.5,2.5% Ramsey,risk_aversion,combined,0,622.7149071762154,0.31046395315629444
8765,euler_ramsey,0.5,1.5% Ramsey,risk_aversion,combined,0,582.4964099545904,0.7159414763700818
8765,euler_ramsey,0.5,2.0% Ramsey,risk_aversion,combined,0,519.4429805747433,0.6312878372682292
8765,euler_ramsey,0.5,2.5% Ramsey,risk_aversion,combined,0,408.55009301910036,0.566324277057883
8766,euler_ramsey,0.5,1.5% Ramsey,risk_aversion,combined,0,145.7388410502244,2.0713698665255817
8766,euler_ramsey,0.5,2.0% Ramsey,risk_aversion,combined,0,101.43485672251973,2.322020840836137
8766,euler_ramsey,0.5,2.5% Ramsey,risk_aversion,combined,0,70.39651241430886,2.5083914703137125
8767,euler_ramsey,0.5,1.5% Ramsey,risk_aversion,combined,0,6591.036034628843,0.6447650464460501
8767,euler_ramsey,0.5,2.0% Ramsey,risk_aversion,combined,0,5019.019122594478,0.556919412046491
8767,euler_ramsey,0.5,2.5% Ramsey,risk_aversion,combined,0,3408.2961794774915,0.4918454069223224
8768,euler_ramsey,0.5,1.5% Ramsey,risk_aversion,combined,0,1223.2670980765051,0.37904328318924835
8768,euler_ramsey,0.5,2.0% Ramsey,risk_aversion,combined,0,907.3412878335274,0.2899580504401324
8768,euler_ramsey,0.5,2.5% Ramsey,risk_aversion,combined,0,656.4494816885991,0.23306823670566387
8769,euler_ramsey,0.5,1.5% Ramsey,risk_aversion,combined,0,1260.3446641243581,0.48881063306872424
8769,euler_ramsey,0.5,2.0% Ramsey,risk_aversion,combined,0,1042.6605732894132,0.39564664657045884
8769,euler_ramsey,0.5,2.5% Ramsey,risk_aversion,combined,0,784.4234667551221,0.33219562470353853
8770,euler_ramsey,0.5,1.5% Ramsey,risk_aversion,combined,0,-486.9036931530822,0.38418327754915965
8770,euler_ramsey,0.5,2.0% Ramsey,risk_aversion,combined,0,-438.0898331083439,0.2946772742387714
8770,euler_ramsey,0.5,2.5% Ramsey,risk_aversion,combined,0,-338.4642087494286,0.23733769079539327
8771,euler_ramsey,0.5,1.5% Ramsey,risk_aversion,combined,0,13879.872363215713,0.5693605960967341
8771,euler_ramsey,0.5,2.0% Ramsey,risk_aversion,combined,0,8781.801195056863,0.47883388052961756
8771,euler_ramsey,0.5,2.5% Ramsey,risk_aversion,combined,0,5271.0236907110775,0.4143021198979798
8772,euler_ramsey,0.5,1.5% Ramsey,risk_aversion,combined,0,9053.906852483142,1.201822325767064
8772,euler_ramsey,0.5,2.0% Ramsey,risk_aversion,combined,0,7140.958192344871,1.1971282984309182
8772,euler_ramsey,0.5,2.5% Ramsey,risk_aversion,combined,0,5133.215037253344,1.1808640707214422
8773,euler_ramsey,0.5,1.5% Ramsey,risk_aversion,combined,0,840.9661695773111,0.513279684362001
8773,euler_ramsey,0.5,2.0% Ramsey,risk_aversion,combined,0,563.7129805502422,0.4200108750067023
8773,euler_ramsey,0.5,2.5% Ramsey,risk_aversion,combined,0,361.7239312270964,0.3556352953608645
8774,euler_ramsey,0.5,1.5% Ramsey,risk_aversion,combined,0,663.5851848157167,1.3004689311057016
8774,euler_ramsey,0.5,2.0% Ramsey,risk_aversion,combined,0,502.25381878505794,1.312708866635205
8774,euler_ramsey,0.5,2.5% Ramsey,risk_aversion,combined,0,341.32361837211795,1.3076119587512571
8775,euler_ramsey,0.5,1.5% Ramsey,risk_aversion,combined,0,4810.6816086692015,0.40769401137970507
8775,euler_ramsey,0.5,2.0% Ramsey,risk_aversion,combined,0,4238.839262120105,0.3170376285125526
8775,euler_ramsey,0.5,2.5% Ramsey,risk_aversion,combined,0,3127.1837802707914,0.2580935030927895
8776,euler_ramsey,0.5,1.5% Ramsey,risk_aversion,combined,0,3716.635331991274,0.328752192461295
8776,euler_ramsey,0.5,2.0% Ramsey,risk_aversion,combined,0,3566.451066938422,0.24357151004114433
8776,euler_ramsey,0.5,2.5% Ramsey,risk_aversion,combined,0,2912.3385754779747,0.19100117575312775
8777,euler_ramsey,0.5,1.5% Ramsey,risk_aversion,combined,0,-2268.527281336997,0.4237775283767792
8777,euler_ramsey,0.5,2.0% Ramsey,risk_aversion,combined,0,-1776.547748349659,0.3322450714625068
8777,euler_ramsey,0.5,2.5% Ramsey,risk_aversion,combined,0,-1249.253618891085,0.27216438070048415
8778,euler_ramsey,0.5,1.5% Ramsey,risk_aversion,combined,0,333.0556590069258,1.9527156376866492
8778,euler_ramsey,0.5,2.0% Ramsey,risk_aversion,combined,0,268.0948454959856,2.160685131019702
8778,euler_ramsey,0.5,2.5% Ramsey,risk_aversion,combined,0,206.24729642690698,2.3108748778557295
8779,euler_ramsey,0.5,1.5% Ramsey,risk_aversion,combined,0,1581.3931477928736,0.3509199348722319
8779,euler_ramsey,0.5,2.0% Ramsey,risk_aversion,combined,0,1034.8307015864368,0.2637014410252407
8779,euler_ramsey,0.5,2.5% Ramsey,risk_aversion,combined,0,692.0257251263027,0.20905224335536846
8780,euler_ramsey,0.5,1.5% Ramsey,risk_aversion,combined,0,485.43953744445275,1.8398485954333232
8780,euler_ramsey,0.5,2.0% Ramsey,risk_aversion,combined,0,412.58378444824996,2.008244075478474
8780,euler_ramsey,0.5,2.5% Ramsey,risk_aversion,combined,0,309.79317094072724,2.1251700705166297
8781,euler_ramsey,0.5,1.5% Ramsey,risk_aversion,combined,0,66.23000647674661,3.7466354358461382
8781,euler_ramsey,0.5,2.0% Ramsey,risk_aversion,combined,0,53.933979419005645,4.798416959401867
8781,euler_ramsey,0.5,2.5% Ramsey,risk_aversion,combined,0,43.77255927111371,5.745813092241685
8782,euler_ramsey,0.5,1.5% Ramsey,risk_aversion,combined,0,119.26366828788319,0.2923546313125379
8782,euler_ramsey,0.5,2.0% Ramsey,risk_aversion,combined,0,29.272245526260456,0.21084754470722802
8782,euler_ramsey,0.5,2.5% Ramsey,risk_aversion,combined,0,-4.34870670521857,0.1619176238658447
8783,euler_ramsey,0.5,1.5% Ramsey,risk_aversion,combined,0,-599.5464681297677,0.4382192001661476
8783,euler_ramsey,0.5,2.0% Ramsey,risk_aversion,combined,0,-468.73799896059774,0.345976729627707
8783,euler_ramsey,0.5,2.5% Ramsey,risk_aversion,combined,0,-320.48502174784176,0.2849403203878827
8784,euler_ramsey,0.5,1.5% Ramsey,risk_aversion,combined,0,2408.4090070480247,0.4950534196297873
8784,euler_ramsey,0.5,2.0% Ramsey,risk_aversion,combined,0,2045.6465034410096,0.4024583876569072
8784,euler_ramsey,0.5,2.5% Ramsey,risk_aversion,combined,0,1529.9799181270903,0.3391118166455207
8785,euler_ramsey,0.5,1.5% Ramsey,risk_aversion,combined,0,177.03694146384584,0.9209995451069426
8785,euler_ramsey,0.5,2.0% Ramsey,risk_aversion,combined,0,144.00556487774136,0.8609690510652351
8785,euler_ramsey,0.5,2.5% Ramsey,risk_aversion,combined,0,113.13726135923916,0.8081877558827026
8786,euler_ramsey,0.5,1.5% Ramsey,risk_aversion,combined,0,289.5401869112683,0.9325245580596451
8786,euler_ramsey,0.5,2.0% Ramsey,risk_aversion,combined,0,219.58371670623904,0.8729070095115214
8786,euler_ramsey,0.5,2.5% Ramsey,risk_aversion,combined,0,161.58877311813941,0.8201768599565484
8787,euler_ramsey,0.5,1.5% Ramsey,risk_aversion,combined,0,12324.375274789794,0.3475342302267554
8787,euler_ramsey,0.5,2.0% Ramsey,risk_aversion,combined,0,6814.290414394979,0.2610298975259409
8787,euler_ramsey,0.5,2.5% Ramsey,risk_aversion,combined,0,3628.275156381708,0.20688895105110167
8788,euler_ramsey,0.5,1.5% Ramsey,risk_aversion,combined,0,672.3994839552031,0.7514700718822295
8788,euler_ramsey,0.5,2.0% Ramsey,risk_aversion,combined,0,597.623282281171,0.670111489658436
8788,euler_ramsey,0.5,2.5% Ramsey,risk_aversion,combined,0,485.6659354210313,0.6064295497288408
8789,euler_ramsey,0.5,1.5% Ramsey,risk_aversion,combined,0,484.98624855524747,0.8266077928673907
8789,euler_ramsey,0.5,2.0% Ramsey,risk_aversion,combined,0,387.41714937399286,0.7538181197998294
8789,euler_ramsey,0.5,2.5% Ramsey,risk_aversion,combined,0,282.05049087133966,0.6942272421366302
8790,euler_ramsey,0.5,1.5% Ramsey,risk_aversion,combined,0,275.975674514132,0.6006452177167418
8790,euler_ramsey,0.5,2.0% Ramsey,risk_aversion,combined,0,225.42446103650175,0.5090681019123082
8790,euler_ramsey,0.5,2.5% Ramsey,risk_aversion,combined,0,174.25591749109412,0.44290493888699645
8791,euler_ramsey,0.5,1.5% Ramsey,risk_aversion,combined,0,1953.1022511517695,0.32820903794488254
8791,euler_ramsey,0.5,2.0% Ramsey,risk_aversion,combined,0,1050.9580103876658,0.24285822274420119
8791,euler_ramsey,0.5,2.5% Ramsey,risk_aversion,combined,0,576.0226530520353,0.19023658959421588
8792,euler_ramsey,0.5,1.5% Ramsey,risk_aversion,combined,0,-322.15459149940654,1.3415120638314564
8792,euler_ramsey,0.5,2.0% Ramsey,risk_aversion,combined,0,-240.80975626981567,1.36361139291263
8792,euler_ramsey,0.5,2.5% Ramsey,risk_aversion,combined,0,-162.94358986060885,1.3655889986345502
8793,euler_ramsey,0.5,1.5% Ramsey,risk_aversion,combined,0,671.5537327558242,0.4844538417222529
8793,euler_ramsey,0.5,2.0% Ramsey,risk_aversion,combined,0,411.2746729217914,0.3912464371812108
8793,euler_ramsey,0.5,2.5% Ramsey,risk_aversion,combined,0,271.32484572408805,0.32792710741523495
8794,euler_ramsey,0.5,1.5% Ramsey,risk_aversion,combined,0,-153.95268821784143,0.9568008359051501
8794,euler_ramsey,0.5,2.0% Ramsey,risk_aversion,combined,0,-105.50336842420668,0.9015872271627113
8794,euler_ramsey,0.5,2.5% Ramsey,risk_aversion,combined,0,-73.14928287898572,0.8515451538143741
8795,euler_ramsey,0.5,1.5% Ramsey,risk_aversion,combined,0,135.7896616013514,1.8530919565059676
8795,euler_ramsey,0.5,2.0% Ramsey,risk_aversion,combined,0,109.17687090426578,2.0257197027702816
8795,euler_ramsey,0.5,2.5% Ramsey,risk_aversion,combined,0,85.77649431100161,2.146198359227423
8796,euler_ramsey,0.5,1.5% Ramsey,risk_aversion,combined,0,-758.0721729627935,0.6463098104636641
8796,euler_ramsey,0.5,2.0% Ramsey,risk_aversion,combined,0,-525.3033038680126,0.5570016891262473
8796,euler_ramsey,0.5,2.5% Ramsey,risk_aversion,combined,0,-342.6671294872436,0.49091520775005476
8797,euler_ramsey,0.5,1.5% Ramsey,risk_aversion,combined,0,818.1871498706184,0.8399984629727193
8797,euler_ramsey,0.5,2.0% Ramsey,risk_aversion,combined,0,692.8631379207836,0.7692546977165509
8797,euler_ramsey,0.5,2.5% Ramsey,risk_aversion,combined,0,533.7791537810174,0.7108128158119706
8798,euler_ramsey,0.5,1.5% Ramsey,risk_aversion,combined,0,814.9688901204782,2.0902046155023206
8798,euler_ramsey,0.5,2.0% Ramsey,risk_aversion,combined,0,595.683018044353,2.3481704834779795
8798,euler_ramsey,0.5,2.5% Ramsey,risk_aversion,combined,0,410.7037509189228,2.541051448094733
8799,euler_ramsey,0.5,1.5% Ramsey,risk_aversion,combined,0,718.6937666141288,1.579935874509155
8799,euler_ramsey,0.5,2.0% Ramsey,risk_aversion,combined,0,490.04685477755527,1.6669374693286272
8799,euler_ramsey,0.5,2.5% Ramsey,risk_aversion,combined,0,335.6012383814281,1.7183954041036484
8800,euler_ramsey,0.5,1.5% Ramsey,risk_aversion,combined,0,447.7054435324077,1.2346534663994204
8800,euler_ramsey,0.5,2.0% Ramsey,risk_aversion,combined,0,345.4339978060043,1.2322502769902046
8800,euler_ramsey,0.5,2.5% Ramsey,risk_aversion,combined,0,266.451873012829,1.21679653755081
8801,euler_ramsey,0.5,1.5% Ramsey,risk_aversion,combined,0,2254.635126521167,0.3806347663314785
8801,euler_ramsey,0.5,2.0% Ramsey,risk_aversion,combined,0,1490.377225009097,0.2913471938017368
8801,euler_ramsey,0.5,2.5% Ramsey,risk_aversion,combined,0,955.3285701781618,0.2342853949282849
8802,euler_ramsey,0.5,1.5% Ramsey,risk_aversion,combined,0,1013.0820736117831,0.6362924222864327
8802,euler_ramsey,0.5,2.0% Ramsey,risk_aversion,combined,0,730.5984622521545,0.5474762701299785
8802,euler_ramsey,0.5,2.5% Ramsey,risk_aversion,combined,0,520.6000171191215,0.4820536543540517
8803,euler_ramsey,0.5,1.5% Ramsey,risk_aversion,combined,0,385.4393321498421,1.086098139539864
8803,euler_ramsey,0.5,2.0% Ramsey,risk_aversion,combined,0,257.51995481107537,1.051779564655911
8803,euler_ramsey,0.5,2.5% Ramsey,risk_aversion,combined,0,169.30649256076964,1.0144917046114013
8804,euler_ramsey,0.5,1.5% Ramsey,risk_aversion,combined,0,217.2915876604957,2.002318328058291
8804,euler_ramsey,0.5,2.0% Ramsey,risk_aversion,combined,0,152.34995913647512,2.227604630089453
8804,euler_ramsey,0.5,2.5% Ramsey,risk_aversion,combined,0,107.46188621364418,2.392310071910718
8805,euler_ramsey,0.5,1.5% Ramsey,risk_aversion,combined,0,1473.739436203525,1.4499509176374978
8805,euler_ramsey,0.5,2.0% Ramsey,risk_aversion,combined,0,963.9759647298688,1.5009606088641214
8805,euler_ramsey,0.5,2.5% Ramsey,risk_aversion,combined,0,653.9180768786991,1.524729527946234
8806,euler_ramsey,0.5,1.5% Ramsey,risk_aversion,combined,0,8098.756559608544,0.2822157866307907
8806,euler_ramsey,0.5,2.0% Ramsey,risk_aversion,combined,0,2555.825274145812,0.2025705862668168
8806,euler_ramsey,0.5,2.5% Ramsey,risk_aversion,combined,0,1365.954450666059,0.155040674567212
8807,euler_ramsey,0.5,1.5% Ramsey,risk_aversion,combined,0,46.81071336882459,0.8047542668454433
8807,euler_ramsey,0.5,2.0% Ramsey,risk_aversion,combined,0,36.355446373636305,0.7286864493738625
8807,euler_ramsey,0.5,2.5% Ramsey,risk_aversion,combined,0,30.10788051484215,0.6672673213100593
8808,euler_ramsey,0.5,1.5% Ramsey,risk_aversion,combined,0,1727.3917728187348,0.8569786753508352
8808,euler_ramsey,0.5,2.0% Ramsey,risk_aversion,combined,0,1244.709140082278,0.7880923914679423
8808,euler_ramsey,0.5,2.5% Ramsey,risk_aversion,combined,0,834.6626411706299,0.7304675347901376
8809,euler_ramsey,0.5,1.5% Ramsey,risk_aversion,combined,0,259.3773283493585,1.0954521730465367
8809,euler_ramsey,0.5,2.0% Ramsey,risk_aversion,combined,0,183.618253842326,1.0629727827775517
8809,euler_ramsey,0.5,2.5% Ramsey,risk_aversion,combined,0,131.97574801543206,1.0268933989180218
8810,euler_ramsey,0.5,1.5% Ramsey,risk_aversion,combined,0,16.617530420634356,1.8214854289954323
8810,euler_ramsey,0.5,2.0% Ramsey,risk_aversion,combined,0,13.518284241666514,1.983654645745687
8810,euler_ramsey,0.5,2.5% Ramsey,risk_aversion,combined,0,11.534849626918533,2.0953554552834155
8811,euler_ramsey,0.5,1.5% Ramsey,risk_aversion,combined,0,870.3831287519416,0.7225126885427906
8811,euler_ramsey,0.5,2.0% Ramsey,risk_aversion,combined,0,785.145744987468,0.6384980972685236
8811,euler_ramsey,0.5,2.5% Ramsey,risk_aversion,combined,0,619.2735242619356,0.5737871803385542
8812,euler_ramsey,0.5,1.5% Ramsey,risk_aversion,combined,0,479.8139644712338,0.5286396885061938
8812,euler_ramsey,0.5,2.0% Ramsey,risk_aversion,combined,0,334.10521669131606,0.43572918800761795
8812,euler_ramsey,0.5,2.5% Ramsey,risk_aversion,combined,0,221.54078524223706,0.3710380153629592
8813,euler_ramsey,0.5,1.5% Ramsey,risk_aversion,combined,0,101.54627211816896,3.3482250843704526
8813,euler_ramsey,0.5,2.0% Ramsey,risk_aversion,combined,0,72.6309278365248,4.181032862463531
8813,euler_ramsey,0.5,2.5% Ramsey,risk_aversion,combined,0,53.31295639025746,4.909456809735536
8814,euler_ramsey,0.5,1.5% Ramsey,risk_aversion,combined,0,931.1887676276017,1.817205044089439
8814,euler_ramsey,0.5,2.0% Ramsey,risk_aversion,combined,0,801.4021328535531,1.98075015671345
8814,euler_ramsey,0.5,2.5% Ramsey,risk_aversion,combined,0,624.9902364620452,2.0941998556392316
8815,euler_ramsey,0.5,1.5% Ramsey,risk_aversion,combined,0,-169.48732064360755,0.5507389517558128
8815,euler_ramsey,0.5,2.0% Ramsey,risk_aversion,combined,0,-114.20112426306896,0.45799914746820947
8815,euler_ramsey,0.5,2.5% Ramsey,risk_aversion,combined,0,-67.53742595927523,0.39268023974392263
8816,euler_ramsey,0.5,1.5% Ramsey,risk_aversion,combined,0,841.2183784629626,0.937883452826514
8816,euler_ramsey,0.5,2.0% Ramsey,risk_aversion,combined,0,658.5035830967798,0.8801851489535354
8816,euler_ramsey,0.5,2.5% Ramsey,risk_aversion,combined,0,493.08723083198356,0.8288024801862304
8817,euler_ramsey,0.5,1.5% Ramsey,risk_aversion,combined,0,2207.2761700169385,0.12820210847967034
8817,euler_ramsey,0.5,2.0% Ramsey,risk_aversion,combined,0,1481.0255799234378,0.07678151026720792
8817,euler_ramsey,0.5,2.5% Ramsey,risk_aversion,combined,0,1008.2411854291893,0.051068876350457273
8818,euler_ramsey,0.5,1.5% Ramsey,risk_aversion,combined,0,703.3397004226847,1.0614099670778931
8818,euler_ramsey,0.5,2.0% Ramsey,risk_aversion,combined,0,571.1870205702344,1.0234539461280263
8818,euler_ramsey,0.5,2.5% Ramsey,risk_aversion,combined,0,438.1122450751354,0.9839929167811752
8819,euler_ramsey,0.5,1.5% Ramsey,risk_aversion,combined,0,461.67186372251575,0.4932648119687522
8819,euler_ramsey,0.5,2.0% Ramsey,risk_aversion,combined,0,307.6590703838252,0.4000408153282582
8819,euler_ramsey,0.5,2.5% Ramsey,risk_aversion,combined,0,215.92181222185263,0.3363960689006268
8820,euler_ramsey,0.5,1.5% Ramsey,risk_aversion,combined,0,366.18916691973476,0.5914809886128284
8820,euler_ramsey,0.5,2.0% Ramsey,risk_aversion,combined,0,335.9270140913802,0.49970963385022876
8820,euler_ramsey,0.5,2.5% Ramsey,risk_aversion,combined,0,267.95000886852944,0.4337134524173165
8821,euler_ramsey,0.5,1.5% Ramsey,risk_aversion,combined,0,2542.3286907084625,0.22957962045707325
8821,euler_ramsey,0.5,2.0% Ramsey,risk_aversion,combined,0,1258.6196067337269,0.1567731112989929
8821,euler_ramsey,0.5,2.5% Ramsey,risk_aversion,combined,0,721.5373277569213,0.11541182133460184
8822,euler_ramsey,0.5,1.5% Ramsey,risk_aversion,combined,0,315.81004922078097,0.21115718788459775
8822,euler_ramsey,0.5,2.0% Ramsey,risk_aversion,combined,0,194.04182759307554,0.14147029276967413
8822,euler_ramsey,0.5,2.5% Ramsey,risk_aversion,combined,0,125.57965370461932,0.10261864994048146
8823,euler_ramsey,0.5,1.5% Ramsey,risk_aversion,combined,0,-109.0992187068576,0.9783982638531044
8823,euler_ramsey,0.5,2.0% Ramsey,risk_aversion,combined,0,-59.534285182895495,0.9263148013412807
8823,euler_ramsey,0.5,2.5% Ramsey,risk_aversion,combined,0,-29.815718128246875,0.878080232204324
8824,euler_ramsey,0.5,1.5% Ramsey,risk_aversion,combined,0,1850.8125935455287,0.42776883357386264
8824,euler_ramsey,0.5,2.0% Ramsey,risk_aversion,combined,0,850.8224287879067,0.33635668202178143
8824,euler_ramsey,0.5,2.5% Ramsey,risk_aversion,combined,0,504.9591492277128,0.276186441924644
8825,euler_ramsey,0.5,1.5% Ramsey,risk_aversion,combined,0,1003.8298995096949,1.1808568336101128
8825,euler_ramsey,0.5,2.0% Ramsey,risk_aversion,combined,0,660.195689825924,1.166119685251401
8825,euler_ramsey,0.5,2.5% Ramsey,risk_aversion,combined,0,429.0718279565262,1.1420578698435555
8826,euler_ramsey,0.5,1.5% Ramsey,risk_aversion,combined,0,290.1523313503341,0.9160688250987964
8826,euler_ramsey,0.5,2.0% Ramsey,risk_aversion,combined,0,192.81322661188142,0.8555375907122674
8826,euler_ramsey,0.5,2.5% Ramsey,risk_aversion,combined,0,123.78174642297779,0.8025775462624265
8827,euler_ramsey,0.5,1.5% Ramsey,risk_aversion,combined,0,-210.05284476264737,0.3593492121746344
8827,euler_ramsey,0.5,2.0% Ramsey,risk_aversion,combined,0,-129.66589338199856,0.2713727527229218
8827,euler_ramsey,0.5,2.5% Ramsey,risk_aversion,combined,0,-94.7031404528926,0.21594456764743933
8828,euler_ramsey,0.5,1.5% Ramsey,risk_aversion,combined,0,248.27686496896956,1.4342603933253426
8828,euler_ramsey,0.5,2.0% Ramsey,risk_aversion,combined,0,169.40142203863073,1.4802871274756817
8828,euler_ramsey,0.5,2.5% Ramsey,risk_aversion,combined,0,118.65105032545821,1.5001123454875935
8829,euler_ramsey,0.5,1.5% Ramsey,risk_aversion,combined,0,479.7797010351131,0.5006986568030639
8829,euler_ramsey,0.5,2.0% Ramsey,risk_aversion,combined,0,420.23465640765414,0.40757355191037925
8829,euler_ramsey,0.5,2.5% Ramsey,risk_aversion,combined,0,328.9543462568512,0.34371676791249955
8830,euler_ramsey,0.5,1.5% Ramsey,risk_aversion,combined,0,477.7247241817133,0.7710412387856211
8830,euler_ramsey,0.5,2.0% Ramsey,risk_aversion,combined,0,410.4606056133705,0.6914267581875314
8830,euler_ramsey,0.5,2.5% Ramsey,risk_aversion,combined,0,324.86653107675215,0.6284335652630505
8831,euler_ramsey,0.5,1.5% Ramsey,risk_aversion,combined,0,144.240412619928,2.1899912655381604
8831,euler_ramsey,0.5,2.0% Ramsey,risk_aversion,combined,0,162.6906092450606,2.486010438544555
8831,euler_ramsey,0.5,2.5% Ramsey,risk_aversion,combined,0,164.42484958260627,2.7118130343441
8832,euler_ramsey,0.5,1.5% Ramsey,risk_aversion,combined,0,483.74827272602033,1.3715515871472055
8832,euler_ramsey,0.5,2.0% Ramsey,risk_aversion,combined,0,422.2925981227992,1.4018052226394195
8832,euler_ramsey,0.5,2.5% Ramsey,risk_aversion,combined,0,326.41455327815385,1.4099668858439292
8833,euler_ramsey,0.5,1.5% Ramsey,risk_aversion,combined,0,287.66925986440907,0.7470623004238118
8833,euler_ramsey,0.5,2.0% Ramsey,risk_aversion,combined,0,231.68332577011049,0.6656465097154675
8833,euler_ramsey,0.5,2.5% Ramsey,risk_aversion,combined,0,176.94488281914772,0.6020257479871916
8834,euler_ramsey,0.5,1.5% Ramsey,risk_aversion,combined,0,1237.3102045613555,1.3486214296872017
8834,euler_ramsey,0.5,2.0% Ramsey,risk_aversion,combined,0,1025.1915643673212,1.3736051869332007
8834,euler_ramsey,0.5,2.5% Ramsey,risk_aversion,combined,0,778.8395757713225,1.3779671040602095
8835,euler_ramsey,0.5,1.5% Ramsey,risk_aversion,combined,0,3297.247418493879,0.8829223295665057
8835,euler_ramsey,0.5,2.0% Ramsey,risk_aversion,combined,0,2775.9741756577932,0.8178093488064416
8835,euler_ramsey,0.5,2.5% Ramsey,risk_aversion,combined,0,2033.0585183274673,0.7622873583230569
8836,euler_ramsey,0.5,1.5% Ramsey,risk_aversion,combined,0,164.85912315043834,1.0491871368913084
8836,euler_ramsey,0.5,2.0% Ramsey,risk_aversion,combined,0,124.77487607044382,1.0096215853875052
8836,euler_ramsey,0.5,2.5% Ramsey,risk_aversion,combined,0,92.14518161180412,0.9692093517944503
8837,euler_ramsey,0.5,1.5% Ramsey,risk_aversion,combined,0,-212.2210356377305,0.4286409526645096
8837,euler_ramsey,0.5,2.0% Ramsey,risk_aversion,combined,0,-88.1774662762953,0.3367457312249444
8837,euler_ramsey,0.5,2.5% Ramsey,risk_aversion,combined,0,-22.87871236676596,0.2762808029594251
8838,euler_ramsey,0.5,1.5% Ramsey,risk_aversion,combined,0,1399.0270575152097,0.6050957456778988
8838,euler_ramsey,0.5,2.0% Ramsey,risk_aversion,combined,0,1232.6298228443566,0.5146775662308156
8838,euler_ramsey,0.5,2.5% Ramsey,risk_aversion,combined,0,970.6267255916529,0.4491096549632372
8839,euler_ramsey,0.5,1.5% Ramsey,risk_aversion,combined,0,208.34117422449168,0.753520066954344
8839,euler_ramsey,0.5,2.0% Ramsey,risk_aversion,combined,0,185.25168918658397,0.6723500616582622
8839,euler_ramsey,0.5,2.5% Ramsey,risk_aversion,combined,0,141.8553274340317,0.6087287415394044
8840,euler_ramsey,0.5,1.5% Ramsey,risk_aversion,combined,0,441.6780423593679,0.7770475655776606
8840,euler_ramsey,0.5,2.0% Ramsey,risk_aversion,combined,0,319.6832435100707,0.698579180275644
8840,euler_ramsey,0.5,2.5% Ramsey,risk_aversion,combined,0,220.80563054820595,0.6362031420279163
8841,euler_ramsey,0.5,1.5% Ramsey,risk_aversion,combined,0,1063.6146040054725,1.3466508140797457
8841,euler_ramsey,0.5,2.0% Ramsey,risk_aversion,combined,0,883.6652213129083,1.370760667437168
8841,euler_ramsey,0.5,2.5% Ramsey,risk_aversion,combined,0,669.0104196858657,1.3744396500094636
8842,euler_ramsey,0.5,1.5% Ramsey,risk_aversion,combined,0,14380.747639025732,0.3281896688726678
8842,euler_ramsey,0.5,2.0% Ramsey,risk_aversion,combined,0,8260.30282167353,0.24361458265293892
8842,euler_ramsey,0.5,2.5% Ramsey,risk_aversion,combined,0,4451.841636334743,0.1913543162407069
8843,euler_ramsey,0.5,1.5% Ramsey,risk_aversion,combined,0,138.31330063021383,1.4233042835952767
8843,euler_ramsey,0.5,2.0% Ramsey,risk_aversion,combined,0,101.39870761159128,1.4663325383142758
8843,euler_ramsey,0.5,2.5% Ramsey,risk_aversion,combined,0,69.17270083145743,1.4838409593866257
8844,euler_ramsey,0.5,1.5% Ramsey,risk_aversion,combined,0,1698.736055803372,0.8111682050858993
8844,euler_ramsey,0.5,2.0% Ramsey,risk_aversion,combined,0,1155.6268275042758,0.7367133382345907
8844,euler_ramsey,0.5,2.5% Ramsey,risk_aversion,combined,0,753.6057302606514,0.6763235407573621
8845,euler_ramsey,0.5,1.5% Ramsey,risk_aversion,combined,0,-38.01271327187154,1.7256040261941104
8845,euler_ramsey,0.5,2.0% Ramsey,risk_aversion,combined,0,-24.746517926750265,1.856703746656672
8845,euler_ramsey,0.5,2.5% Ramsey,risk_aversion,combined,0,-12.883092663632883,1.9431019289292075
8846,euler_ramsey,0.5,1.5% Ramsey,risk_aversion,combined,0,1752.2848115727102,1.5207526313035309
8846,euler_ramsey,0.5,2.0% Ramsey,risk_aversion,combined,0,1335.4305582552943,1.5930613841929169
8846,euler_ramsey,0.5,2.5% Ramsey,risk_aversion,combined,0,935.8160449824363,1.6334657059225057
8847,euler_ramsey,0.5,1.5% Ramsey,risk_aversion,combined,0,516.0419814377902,0.8226599331893626
8847,euler_ramsey,0.5,2.0% Ramsey,risk_aversion,combined,0,378.50745990001576,0.7502483183411195
8847,euler_ramsey,0.5,2.5% Ramsey,risk_aversion,combined,0,268.21161641280986,0.6909520211404665
8848,euler_ramsey,0.5,1.5% Ramsey,risk_aversion,combined,0,503.2452641383477,1.27288296842224
8848,euler_ramsey,0.5,2.0% Ramsey,risk_aversion,combined,0,376.0658599980999,1.279572581733752
8848,euler_ramsey,0.5,2.5% Ramsey,risk_aversion,combined,0,268.5811292949269,1.270703424770834
8849,euler_ramsey,0.5,1.5% Ramsey,risk_aversion,combined,0,729.7272390454334,1.201933295978953
8849,euler_ramsey,0.5,2.0% Ramsey,risk_aversion,combined,0,533.0159550421454,1.1919082581527911
8849,euler_ramsey,0.5,2.5% Ramsey,risk_aversion,combined,0,380.54103437721614,1.1711306660628187
8850,euler_ramsey,0.5,1.5% Ramsey,risk_aversion,combined,0,617.4875234323562,1.6194107786593348
8850,euler_ramsey,0.5,2.0% Ramsey,risk_aversion,combined,0,447.8861683922223,1.7178946103591712
8850,euler_ramsey,0.5,2.5% Ramsey,risk_aversion,combined,0,316.8106392919985,1.7784096462058856
8851,euler_ramsey,0.5,1.5% Ramsey,risk_aversion,combined,0,-274.02910706499284,0.8901429483355576
8851,euler_ramsey,0.5,2.0% Ramsey,risk_aversion,combined,0,-243.87007186172676,0.8251525482943863
8851,euler_ramsey,0.5,2.5% Ramsey,risk_aversion,combined,0,-195.56974354793215,0.7694819801872034
8852,euler_ramsey,0.5,1.5% Ramsey,risk_aversion,combined,0,231.06731837516,2.0287373010022662
8852,euler_ramsey,0.5,2.0% Ramsey,risk_aversion,combined,0,214.00309544565917,2.2637044863836677
8852,euler_ramsey,0.5,2.5% Ramsey,risk_aversion,combined,0,181.54951930518692,2.4367503225923435
8853,euler_ramsey,0.5,1.5% Ramsey,risk_aversion,combined,0,-336.9633360087236,0.36005373405209473
8853,euler_ramsey,0.5,2.0% Ramsey,risk_aversion,combined,0,-225.08294244182616,0.2719906644730873
8853,euler_ramsey,0.5,2.5% Ramsey,risk_aversion,combined,0,-149.0503132683827,0.21648795130082862
8854,euler_ramsey,0.5,1.5% Ramsey,risk_aversion,combined,0,88.519647973176,0.5442634333265555
8854,euler_ramsey,0.5,2.0% Ramsey,risk_aversion,combined,0,42.43323162210884,0.4511680036980342
8854,euler_ramsey,0.5,2.5% Ramsey,risk_aversion,combined,0,19.643597054849828,0.3858528843213063
8855,euler_ramsey,0.5,1.5% Ramsey,risk_aversion,combined,0,322.2793360292194,1.0941099619887196
8855,euler_ramsey,0.5,2.0% Ramsey,risk_aversion,combined,0,227.05474288496603,1.061788388619695
8855,euler_ramsey,0.5,2.5% Ramsey,risk_aversion,combined,0,164.06169177435345,1.025885596328346
8856,euler_ramsey,0.5,1.5% Ramsey,risk_aversion,combined,0,3575.1511101950864,0.5246950244849206
8856,euler_ramsey,0.5,2.0% Ramsey,risk_aversion,combined,0,2505.2155721912973,0.4325445065658796
8856,euler_ramsey,0.5,2.5% Ramsey,risk_aversion,combined,0,1648.8347869671366,0.3684438583846235
8857,euler_ramsey,0.5,1.5% Ramsey,risk_aversion,combined,0,6208.506381147124,0.45403299472457614
8857,euler_ramsey,0.5,2.0% Ramsey,risk_aversion,combined,0,5223.659902804382,0.3620032028405931
8857,euler_ramsey,0.5,2.5% Ramsey,risk_aversion,combined,0,3829.98639357138,0.3004704714477125
8858,euler_ramsey,0.5,1.5% Ramsey,risk_aversion,combined,0,5285.272844154815,0.5989309131044794
8858,euler_ramsey,0.5,2.0% Ramsey,risk_aversion,combined,0,3723.9270915886286,0.50750944926932
8858,euler_ramsey,0.5,2.5% Ramsey,risk_aversion,combined,0,2336.5550988971786,0.4414984559677333
8859,euler_ramsey,0.5,1.5% Ramsey,risk_aversion,combined,0,367.49443343265926,1.905168297511017
8859,euler_ramsey,0.5,2.0% Ramsey,risk_aversion,combined,0,280.90645386717034,2.0959742953986398
8859,euler_ramsey,0.5,2.5% Ramsey,risk_aversion,combined,0,208.06680305019535,2.231735764652861
8860,euler_ramsey,0.5,1.5% Ramsey,risk_aversion,combined,0,834.560964692171,1.106253242190502
8860,euler_ramsey,0.5,2.0% Ramsey,risk_aversion,combined,0,638.9222296539544,1.0767427583195064
8860,euler_ramsey,0.5,2.5% Ramsey,risk_aversion,combined,0,445.47475887516583,1.0428213434182045
8861,euler_ramsey,0.5,1.5% Ramsey,risk_aversion,combined,0,1208.4307059100065,0.3063243779333059
8861,euler_ramsey,0.5,2.0% Ramsey,risk_aversion,combined,0,457.1799248925894,0.22313989707106627
8861,euler_ramsey,0.5,2.5% Ramsey,risk_aversion,combined,0,229.2006199631315,0.17268129359862863
8862,euler_ramsey,0.5,1.5% Ramsey,risk_aversion,combined,0,290.93423887620145,0.3878084898981545
8862,euler_ramsey,0.5,2.0% Ramsey,risk_aversion,combined,0,252.58962222680677,0.298053980900934
8862,euler_ramsey,0.5,2.5% Ramsey,risk_aversion,combined,0,183.35730022028883,0.24042856734750837
8863,euler_ramsey,0.5,1.5% Ramsey,risk_aversion,combined,0,1154.5101824374658,0.503299707276438
8863,euler_ramsey,0.5,2.0% Ramsey,risk_aversion,combined,0,1004.6446926439066,0.41075263850707666
8863,euler_ramsey,0.5,2.5% Ramsey,risk_aversion,combined,0,783.2336067870499,0.3471536212828521
8864,euler_ramsey,0.5,1.5% Ramsey,risk_aversion,combined,0,5118.0536305235355,0.8538797035977513
8864,euler_ramsey,0.5,2.0% Ramsey,risk_aversion,combined,0,5695.986672881372,0.7869737003511674
8864,euler_ramsey,0.5,2.5% Ramsey,risk_aversion,combined,0,5068.79193696356,0.7309536663992152
8865,euler_ramsey,0.5,1.5% Ramsey,risk_aversion,combined,0,2367.95663500369,0.4441948803973928
8865,euler_ramsey,0.5,2.0% Ramsey,risk_aversion,combined,0,2006.1886039532742,0.35216259094785884
8865,euler_ramsey,0.5,2.5% Ramsey,risk_aversion,combined,0,1503.8416365930195,0.29100750904451506
8866,euler_ramsey,0.5,1.5% Ramsey,risk_aversion,combined,0,530.7314677364651,2.1164261712918564
8866,euler_ramsey,0.5,2.0% Ramsey,risk_aversion,combined,0,294.9662938173371,2.3846484255486087
8866,euler_ramsey,0.5,2.5% Ramsey,risk_aversion,combined,0,190.97267853967642,2.586413574801649
8867,euler_ramsey,0.5,1.5% Ramsey,risk_aversion,combined,0,-247.25120565816306,0.5633794679669313
8867,euler_ramsey,0.5,2.0% Ramsey,risk_aversion,combined,0,-172.94676752530427,0.47079889939741404
8867,euler_ramsey,0.5,2.5% Ramsey,risk_aversion,combined,0,-118.53480823375989,0.40517954916296955
8868,euler_ramsey,0.5,1.5% Ramsey,risk_aversion,combined,0,1262.6896643523153,0.9839104130537738
8868,euler_ramsey,0.5,2.0% Ramsey,risk_aversion,combined,0,1019.352360589504,0.9347292074815201
8868,euler_ramsey,0.5,2.5% Ramsey,risk_aversion,combined,0,754.8192758566202,0.8886452962359488
8869,euler_ramsey,0.5,1.5% Ramsey,risk_aversion,combined,0,545.9512465051085,0.9063231352666581
8869,euler_ramsey,0.5,2.0% Ramsey,risk_aversion,combined,0,541.6439344870234,0.843149467004075
8869,euler_ramsey,0.5,2.5% Ramsey,risk_aversion,combined,0,444.7733331661498,0.7884436842899444
8870,euler_ramsey,0.5,1.5% Ramsey,risk_aversion,combined,0,586.1147251400585,1.2575966422407383
8870,euler_ramsey,0.5,2.0% Ramsey,risk_aversion,combined,0,480.1307336608493,1.260954370243668
8870,euler_ramsey,0.5,2.5% Ramsey,risk_aversion,combined,0,383.4732910442278,1.2496599711791196
8871,euler_ramsey,0.5,1.5% Ramsey,risk_aversion,combined,0,-870.196985224008,0.30714530602466295
8871,euler_ramsey,0.5,2.0% Ramsey,risk_aversion,combined,0,-398.47361843266253,0.22409208698638122
8871,euler_ramsey,0.5,2.5% Ramsey,risk_aversion,combined,0,-233.00615392647364,0.17364118117110305
8872,euler_ramsey,0.5,1.5% Ramsey,risk_aversion,combined,0,266.0549179577042,1.1752800929074834
8872,euler_ramsey,0.5,2.0% Ramsey,risk_aversion,combined,0,201.65056749657998,1.1603202932501875
8872,euler_ramsey,0.5,2.5% Ramsey,risk_aversion,combined,0,150.48213646725668,1.136202315505192
8873,euler_ramsey,0.5,1.5% Ramsey,risk_aversion,combined,0,129.5207807263333,2.163342456373734
8873,euler_ramsey,0.5,2.0% Ramsey,risk_aversion,combined,0,98.01050705264694,2.448938869019006
8873,euler_ramsey,0.5,2.5% Ramsey,risk_aversion,combined,0,73.0103223597345,2.6655610638231635
8874,euler_ramsey,0.5,1.5% Ramsey,risk_aversion,combined,0,1097.6232665021219,1.16172902879493
8874,euler_ramsey,0.5,2.0% Ramsey,risk_aversion,combined,0,890.6193211548558,1.1445291254301344
8874,euler_ramsey,0.5,2.5% Ramsey,risk_aversion,combined,0,684.8079046413266,1.1189992603687855
8875,euler_ramsey,0.5,1.5% Ramsey,risk_aversion,combined,0,656.2421731307836,1.2351147646857077
8875,euler_ramsey,0.5,2.0% Ramsey,risk_aversion,combined,0,468.47247108799183,1.2322659179588615
8875,euler_ramsey,0.5,2.5% Ramsey,risk_aversion,combined,0,325.2635603467472,1.2164292032342945
8876,euler_ramsey,0.5,1.5% Ramsey,risk_aversion,combined,0,3495.651977096438,0.39026077474514587
8876,euler_ramsey,0.5,2.0% Ramsey,risk_aversion,combined,0,3117.6417154811056,0.30049220489695067
8876,euler_ramsey,0.5,2.5% Ramsey,risk_aversion,combined,0,2368.8399683518387,0.2427570188932332
8877,euler_ramsey,0.5,1.5% Ramsey,risk_aversion,combined,0,1109.1809207430708,0.23520059420437398
8877,euler_ramsey,0.5,2.0% Ramsey,risk_aversion,combined,0,537.2993256291192,0.1614862481156426
8877,euler_ramsey,0.5,2.5% Ramsey,risk_aversion,combined,0,339.7670736655003,0.11938189593000997
8878,euler_ramsey,0.5,1.5% Ramsey,risk_aversion,combined,0,-1029.5473026776665,0.3762286389618658
8878,euler_ramsey,0.5,2.0% Ramsey,risk_aversion,combined,0,-549.1987663455361,0.287120406063025
8878,euler_ramsey,0.5,2.5% Ramsey,risk_aversion,combined,0,-336.1271485761201,0.23034243693333856
8879,euler_ramsey,0.5,1.5% Ramsey,risk_aversion,combined,0,169.6109961021969,2.1047980277740037
8879,euler_ramsey,0.5,2.0% Ramsey,risk_aversion,combined,0,127.95786081537679,2.3680460082990544
8879,euler_ramsey,0.5,2.5% Ramsey,risk_aversion,combined,0,93.58248505886485,2.565310286461597
8880,euler_ramsey,0.5,1.5% Ramsey,risk_aversion,combined,0,36.47625336116418,0.5510336273825367
8880,euler_ramsey,0.5,2.0% Ramsey,risk_aversion,combined,0,70.84862296383938,0.4583150945997412
8880,euler_ramsey,0.5,2.5% Ramsey,risk_aversion,combined,0,90.20791183979749,0.39300413750993435
8881,euler_ramsey,0.5,1.5% Ramsey,risk_aversion,combined,0,757.90976196831,0.7426107670392553
8881,euler_ramsey,0.5,2.0% Ramsey,risk_aversion,combined,0,705.6166457057523,0.6605264115008189
8881,euler_ramsey,0.5,2.5% Ramsey,risk_aversion,combined,0,592.8472198507143,0.5966049197257502
8882,euler_ramsey,0.5,1.5% Ramsey,risk_aversion,combined,0,1467.479655450794,0.9522487663615067
8882,euler_ramsey,0.5,2.0% Ramsey,risk_aversion,combined,0,1445.0504779241714,0.8963921271925581
8882,euler_ramsey,0.5,2.5% Ramsey,risk_aversion,combined,0,1173.648049386093,0.8459811117778249
8883,euler_ramsey,0.5,1.5% Ramsey,risk_aversion,combined,0,1419.5692305833015,0.7966482219281731
8883,euler_ramsey,0.5,2.0% Ramsey,risk_aversion,combined,0,1052.5722934366697,0.7220630171499526
8883,euler_ramsey,0.5,2.5% Ramsey,risk_aversion,combined,0,742.35315361978,0.6619486155046194
8884,euler_ramsey,0.5,1.5% Ramsey,risk_aversion,combined,0,1722.944809444734,0.40864600005628365
8884,euler_ramsey,0.5,2.0% Ramsey,risk_aversion,combined,0,1276.022553312662,0.31782964215330983
8884,euler_ramsey,0.5,2.5% Ramsey,risk_aversion,combined,0,896.4620393699331,0.25876252972789515
8885,euler_ramsey,0.5,1.5% Ramsey,risk_aversion,combined,0,-1577.632272209839,0.2789564085913348
8885,euler_ramsey,0.5,2.0% Ramsey,risk_aversion,combined,0,-666.3803019097311,0.1989789748625392
8885,euler_ramsey,0.5,2.5% Ramsey,risk_aversion,combined,0,-333.4712101140689,0.15150093370298762
8886,euler_ramsey,0.5,1.5% Ramsey,risk_aversion,combined,0,474.5980802929301,1.0145092061589627
8886,euler_ramsey,0.5,2.0% Ramsey,risk_aversion,combined,0,327.9826789490702,0.9689757835982327
8886,euler_ramsey,0.5,2.5% Ramsey,risk_aversion,combined,0,230.94071347920985,0.9248994806749764
8887,euler_ramsey,0.5,1.5% Ramsey,risk_aversion,combined,0,103.65465500517828,2.0685554817915532
8887,euler_ramsey,0.5,2.0% Ramsey,risk_aversion,combined,0,73.08217162607264,2.3182423574198587
8887,euler_ramsey,0.5,2.5% Ramsey,risk_aversion,combined,0,51.541269215874685,2.503748734039419
8888,euler_ramsey,0.5,1.5% Ramsey,risk_aversion,combined,0,1062.7863585261434,0.4322302798105389
8888,euler_ramsey,0.5,2.0% Ramsey,risk_aversion,combined,0,903.3248166479096,0.3403575933768585
8888,euler_ramsey,0.5,2.5% Ramsey,risk_aversion,combined,0,699.6312822252353,0.2797616019761548
8889,euler_ramsey,0.5,1.5% Ramsey,risk_aversion,combined,0,1000.040129691645,1.1808478719267366
8889,euler_ramsey,0.5,2.0% Ramsey,risk_aversion,combined,0,916.5846984484074,1.167402359836439
8889,euler_ramsey,0.5,2.5% Ramsey,risk_aversion,combined,0,739.7258570134956,1.1445174538315535
8890,euler_ramsey,0.5,1.5% Ramsey,risk_aversion,combined,0,1253.8637218736976,1.7969545820020745
8890,euler_ramsey,0.5,2.0% Ramsey,risk_aversion,combined,0,803.1039400517787,1.9525279198697845
8890,euler_ramsey,0.5,2.5% Ramsey,risk_aversion,combined,0,514.5195071265562,2.0592587788025387
8891,euler_ramsey,0.5,1.5% Ramsey,risk_aversion,combined,0,116.80738324917598,1.9843811117462133
8891,euler_ramsey,0.5,2.0% Ramsey,risk_aversion,combined,0,88.92094687620259,2.2028195080999553
8891,euler_ramsey,0.5,2.5% Ramsey,risk_aversion,combined,0,65.37421230845675,2.361656281821119
8892,euler_ramsey,0.5,1.5% Ramsey,risk_aversion,combined,0,-39.267544996666345,0.4702538133057686
8892,euler_ramsey,0.5,2.0% Ramsey,risk_aversion,combined,0,-73.83169889614749,0.3772834496234528
8892,euler_ramsey,0.5,2.5% Ramsey,risk_aversion,combined,0,-75.05083808414332,0.31461276668890037
8893,euler_ramsey,0.5,1.5% Ramsey,risk_aversion,combined,0,65.99830096533461,0.38607006131668564
8893,euler_ramsey,0.5,2.0% Ramsey,risk_aversion,combined,0,7.915818740651602,0.2962494474992734
8893,euler_ramsey,0.5,2.5% Ramsey,risk_aversion,combined,0,-1.4220155908971015,0.2386714465332668
8894,euler_ramsey,0.5,1.5% Ramsey,risk_aversion,combined,0,526.9319556842838,1.7649167174271145
8894,euler_ramsey,0.5,2.0% Ramsey,risk_aversion,combined,0,425.19717097769984,1.9089575330177797
8894,euler_ramsey,0.5,2.5% Ramsey,risk_aversion,combined,0,329.235006110409,2.0060463365146064
8895,euler_ramsey,0.5,1.5% Ramsey,risk_aversion,combined,0,10823.731510947968,0.4219542298531633
8895,euler_ramsey,0.5,2.0% Ramsey,risk_aversion,combined,0,10341.11007060088,0.33143419046779976
8895,euler_ramsey,0.5,2.5% Ramsey,risk_aversion,combined,0,8170.1957005114,0.2719760074737872
8896,euler_ramsey,0.5,1.5% Ramsey,risk_aversion,combined,0,46.969273783572824,1.502814856686807
8896,euler_ramsey,0.5,2.0% Ramsey,risk_aversion,combined,0,34.92115300779251,1.5677225435767217
8896,euler_ramsey,0.5,2.5% Ramsey,risk_aversion,combined,0,27.69864447745654,1.6018826344156802
8897,euler_ramsey,0.5,1.5% Ramsey,risk_aversion,combined,0,224.20573573249905,1.7065009760142773
8897,euler_ramsey,0.5,2.0% Ramsey,risk_aversion,combined,0,217.94178760496553,1.8317506740550062
8897,euler_ramsey,0.5,2.5% Ramsey,risk_aversion,combined,0,195.31293298073982,1.913598104345762
8898,euler_ramsey,0.5,1.5% Ramsey,risk_aversion,combined,0,2866.1064247962227,0.6290279825868755
8898,euler_ramsey,0.5,2.0% Ramsey,risk_aversion,combined,0,2116.824338721327,0.5402710325015921
8898,euler_ramsey,0.5,2.5% Ramsey,risk_aversion,combined,0,1514.1888652709936,0.4750521666278687
8899,euler_ramsey,0.5,1.5% Ramsey,risk_aversion,combined,0,26.821566957105432,0.8137137152449181
8899,euler_ramsey,0.5,2.0% Ramsey,risk_aversion,combined,0,53.49746367605844,0.7404488080818471
8899,euler_ramsey,0.5,2.5% Ramsey,risk_aversion,combined,0,65.3247141515427,0.6807747249979432
8900,euler_ramsey,0.5,1.5% Ramsey,risk_aversion,combined,0,854.2276949320013,0.3660749825621898
8900,euler_ramsey,0.5,2.0% Ramsey,risk_aversion,combined,0,703.8787423862068,0.2776186106001732
8900,euler_ramsey,0.5,2.5% Ramsey,risk_aversion,combined,0,531.979444043423,0.2216393630606247
8901,euler_ramsey,0.5,1.5% Ramsey,risk_aversion,combined,0,13223.791276597272,0.2982602242918234
8901,euler_ramsey,0.5,2.0% Ramsey,risk_aversion,combined,0,7232.33915021373,0.21692402225738266
8901,euler_ramsey,0.5,2.5% Ramsey,risk_aversion,combined,0,4236.548273651905,0.16773669592225549
8902,euler_ramsey,0.5,1.5% Ramsey,risk_aversion,combined,0,73.24516004936638,0.8847663825008922
8902,euler_ramsey,0.5,2.0% Ramsey,risk_aversion,combined,0,39.206289753714884,0.8183200814972834
8902,euler_ramsey,0.5,2.5% Ramsey,risk_aversion,combined,0,25.036359933061124,0.7617581271795637
8903,euler_ramsey,0.5,1.5% Ramsey,risk_aversion,combined,0,494.250191027708,0.9282625382404605
8903,euler_ramsey,0.5,2.0% Ramsey,risk_aversion,combined,0,377.7800749241345,0.8686819652088434
8903,euler_ramsey,0.5,2.5% Ramsey,risk_aversion,combined,0,281.5041055839157,0.81614237246815
8904,euler_ramsey,0.5,1.5% Ramsey,risk_aversion,combined,0,5751.686221812895,0.1351992392695824
8904,euler_ramsey,0.5,2.0% Ramsey,risk_aversion,combined,0,4038.747543273309,0.08198153880476242
8904,euler_ramsey,0.5,2.5% Ramsey,risk_aversion,combined,0,2810.426919435058,0.05505507629425355
8905,euler_ramsey,0.5,1.5% Ramsey,risk_aversion,combined,0,2756.738426636005,0.9635071944797555
8905,euler_ramsey,0.5,2.0% Ramsey,risk_aversion,combined,0,1964.0459788415103,0.9100699237059093
8905,euler_ramsey,0.5,2.5% Ramsey,risk_aversion,combined,0,1253.8482979045348,0.8612825637259525
8906,euler_ramsey,0.5,1.5% Ramsey,risk_aversion,combined,0,2899.059794851951,0.30691774473391387
8906,euler_ramsey,0.5,2.0% Ramsey,risk_aversion,combined,0,1401.7412594649957,0.223723458465131
8906,euler_ramsey,0.5,2.5% Ramsey,risk_aversion,combined,0,757.3184371600576,0.17322845991759023
8907,euler_ramsey,0.5,1.5% Ramsey,risk_aversion,combined,0,2294.5386218082203,0.14225144914429022
8907,euler_ramsey,0.5,2.0% Ramsey,risk_aversion,combined,0,1177.386091820985,0.08722664695179888
8907,euler_ramsey,0.5,2.5% Ramsey,risk_aversion,combined,0,770.3599002116096,0.05908412142866385
8908,euler_ramsey,0.5,1.5% Ramsey,risk_aversion,combined,0,687.8684822545752,0.8767956671441947
8908,euler_ramsey,0.5,2.0% Ramsey,risk_aversion,combined,0,579.1701563346795,0.8105749168018644
8908,euler_ramsey,0.5,2.5% Ramsey,risk_aversion,combined,0,449.6467026924419,0.7543721771000729
8909,euler_ramsey,0.5,1.5% Ramsey,risk_aversion,combined,0,-187.8349055312473,0.5903790369493763
8909,euler_ramsey,0.5,2.0% Ramsey,risk_aversion,combined,0,-151.30966572301872,0.49893463993196113
8909,euler_ramsey,0.5,2.5% Ramsey,risk_aversion,combined,0,-112.77126572628536,0.43315232418275795
8910,euler_ramsey,0.5,1.5% Ramsey,risk_aversion,combined,0,425.39686329165727,1.1382057205218117
8910,euler_ramsey,0.5,2.0% Ramsey,risk_aversion,combined,0,308.4529704393409,1.1147142305932305
8910,euler_ramsey,0.5,2.5% Ramsey,risk_aversion,combined,0,213.71042417579045,1.084687697375978
8911,euler_ramsey,0.5,1.5% Ramsey,risk_aversion,combined,0,543.2752360848436,0.6556608786397117
8911,euler_ramsey,0.5,2.0% Ramsey,risk_aversion,combined,0,395.2948425082383,0.567501175076435
8911,euler_ramsey,0.5,2.5% Ramsey,risk_aversion,combined,0,280.4350370934885,0.5018984339473178
8912,euler_ramsey,0.5,1.5% Ramsey,risk_aversion,combined,0,4233.13518490257,0.4398026285983906
8912,euler_ramsey,0.5,2.0% Ramsey,risk_aversion,combined,0,3496.9436917169487,0.3480493343972944
8912,euler_ramsey,0.5,2.5% Ramsey,risk_aversion,combined,0,2561.575322088695,0.28721715271134624
8913,euler_ramsey,0.5,1.5% Ramsey,risk_aversion,combined,0,26.886137667956117,1.7281636219073253
8913,euler_ramsey,0.5,2.0% Ramsey,risk_aversion,combined,0,14.444492872248706,1.8597102068688145
8913,euler_ramsey,0.5,2.5% Ramsey,risk_aversion,combined,0,10.811099880481253,1.9464245351777332
8914,euler_ramsey,0.5,1.5% Ramsey,risk_aversion,combined,0,1691.545124592417,0.5888078712941979
8914,euler_ramsey,0.5,2.0% Ramsey,risk_aversion,combined,0,1255.1156172964336,0.4976558046844736
8914,euler_ramsey,0.5,2.5% Ramsey,risk_aversion,combined,0,840.0915988003542,0.43211993945688765
8915,euler_ramsey,0.5,1.5% Ramsey,risk_aversion,combined,0,434.5288527362808,1.463434898521347
8915,euler_ramsey,0.5,2.0% Ramsey,risk_aversion,combined,0,260.25085152921054,1.5175789332596985
8915,euler_ramsey,0.5,2.5% Ramsey,risk_aversion,combined,0,163.73893181652085,1.5435761069983756
8916,euler_ramsey,0.5,1.5% Ramsey,risk_aversion,combined,0,-158.9657873372706,0.6239135231235585
8916,euler_ramsey,0.5,2.0% Ramsey,risk_aversion,combined,0,-80.20492252382228,0.5339297323911886
8916,euler_ramsey,0.5,2.5% Ramsey,risk_aversion,combined,0,-13.737885647398056,0.46808857439746776
8917,euler_ramsey,0.5,1.5% Ramsey,risk_aversion,combined,0,-252.29926879342537,0.8545129507991235
8917,euler_ramsey,0.5,2.0% Ramsey,risk_aversion,combined,0,-212.39716558662693,0.7849521812308162
8917,euler_ramsey,0.5,2.5% Ramsey,risk_aversion,combined,0,-159.732344423546,0.7268678513676655
8918,euler_ramsey,0.5,1.5% Ramsey,risk_aversion,combined,0,-437.2405153179189,0.45335217195667366
8918,euler_ramsey,0.5,2.0% Ramsey,risk_aversion,combined,0,-306.20970732003536,0.3607831036524226
8918,euler_ramsey,0.5,2.5% Ramsey,risk_aversion,combined,0,-214.53000839484073,0.29897253479358077
8919,euler_ramsey,0.5,1.5% Ramsey,risk_aversion,combined,0,371.0496278336497,0.7784224992254374
8919,euler_ramsey,0.5,2.0% Ramsey,risk_aversion,combined,0,235.97159927495252,0.6995245584305955
8919,euler_ramsey,0.5,2.5% Ramsey,risk_aversion,combined,0,137.28075685880515,0.6368258608495209
8920,euler_ramsey,0.5,1.5% Ramsey,risk_aversion,combined,0,529.7958289296265,0.9684645983027557
8920,euler_ramsey,0.5,2.0% Ramsey,risk_aversion,combined,0,421.30745669283596,0.9155878500557034
8920,euler_ramsey,0.5,2.5% Ramsey,risk_aversion,combined,0,309.93522614591603,0.8670313059179108
8921,euler_ramsey,0.5,1.5% Ramsey,risk_aversion,combined,0,-259.3779190874433,0.912779119395587
8921,euler_ramsey,0.5,2.0% Ramsey,risk_aversion,combined,0,-251.00313210294303,0.8504840597701966
8921,euler_ramsey,0.5,2.5% Ramsey,risk_aversion,combined,0,-196.7617253598655,0.7962403101772315
8922,euler_ramsey,0.5,1.5% Ramsey,risk_aversion,combined,0,-481.08893260963384,1.0828178874535501
8922,euler_ramsey,0.5,2.0% Ramsey,risk_aversion,combined,0,-397.57085129637613,1.0490656877380393
8922,euler_ramsey,0.5,2.5% Ramsey,risk_aversion,combined,0,-289.9732409986839,1.0123146721941239
8923,euler_ramsey,0.5,1.5% Ramsey,risk_aversion,combined,0,-42.682457662783314,0.5507078008826957
8923,euler_ramsey,0.5,2.0% Ramsey,risk_aversion,combined,0,-8.567426080984246,0.4579550012036308
8923,euler_ramsey,0.5,2.5% Ramsey,risk_aversion,combined,0,17.15869718411964,0.39263197146569817
8924,euler_ramsey,0.5,1.5% Ramsey,risk_aversion,combined,0,-199.44346110432025,0.9424077967701209
8924,euler_ramsey,0.5,2.0% Ramsey,risk_aversion,combined,0,-137.56278241385138,0.8848825741494581
8924,euler_ramsey,0.5,2.5% Ramsey,risk_aversion,combined,0,-88.56216074934353,0.8334189835119679
8925,euler_ramsey,0.5,1.5% Ramsey,risk_aversion,combined,0,348.9692548136349,2.4257837054602063
8925,euler_ramsey,0.5,2.0% Ramsey,risk_aversion,combined,0,244.80640599816417,2.8178357947681154
8925,euler_ramsey,0.5,2.5% Ramsey,risk_aversion,combined,0,172.31035971414192,3.129065950671164
8926,euler_ramsey,0.5,1.5% Ramsey,risk_aversion,combined,0,-266.1046650472717,1.226238824600004
8926,euler_ramsey,0.5,2.0% Ramsey,risk_aversion,combined,0,-221.46227849386182,1.2217294432291934
8926,euler_ramsey,0.5,2.5% Ramsey,risk_aversion,combined,0,-164.08054627590502,1.2047361288876326
8927,euler_ramsey,0.5,1.5% Ramsey,risk_aversion,combined,0,1722.6470057637762,0.48905911087671544
8927,euler_ramsey,0.5,2.0% Ramsey,risk_aversion,combined,0,1382.7505149038418,0.39591161088800253
8927,euler_ramsey,0.5,2.5% Ramsey,risk_aversion,combined,0,1008.034383035033,0.3324611449897601
8928,euler_ramsey,0.5,1.5% Ramsey,risk_aversion,combined,0,-98.51730134924185,0.410061760368167
8928,euler_ramsey,0.5,2.0% Ramsey,risk_aversion,combined,0,-83.12735799696962,0.31895167027096233
8928,euler_ramsey,0.5,2.5% Ramsey,risk_aversion,combined,0,-60.97221734728564,0.25966838861704344
8929,euler_ramsey,0.5,1.5% Ramsey,risk_aversion,combined,0,634.8929372233665,0.9545449674798697
8929,euler_ramsey,0.5,2.0% Ramsey,risk_aversion,combined,0,447.38507027963345,0.8994703326319228
8929,euler_ramsey,0.5,2.5% Ramsey,risk_aversion,combined,0,320.5665315958852,0.8496733832878882
8930,euler_ramsey,0.5,1.5% Ramsey,risk_aversion,combined,0,-183.33902188443224,0.9109402512438592
8930,euler_ramsey,0.5,2.0% Ramsey,risk_aversion,combined,0,-101.09698168103073,0.8482973179777683
8930,euler_ramsey,0.5,2.5% Ramsey,risk_aversion,combined,0,-56.29377323789412,0.7938501590906096
8931,euler_ramsey,0.5,1.5% Ramsey,risk_aversion,combined,0,746.2865611880397,0.6635201434708116
8931,euler_ramsey,0.5,2.0% Ramsey,risk_aversion,combined,0,592.8728394977682,0.5759111210989152
8931,euler_ramsey,0.5,2.5% Ramsey,risk_aversion,combined,0,441.93756165419353,0.5104469035905826
8932,euler_ramsey,0.5,1.5% Ramsey,risk_aversion,combined,0,2012.419284560844,0.39892794771884243
8932,euler_ramsey,0.5,2.0% Ramsey,risk_aversion,combined,0,1871.8017273379853,0.3088271179724905
8932,euler_ramsey,0.5,2.5% Ramsey,risk_aversion,combined,0,1471.307217682696,0.2505445501472753
8933,euler_ramsey,0.5,1.5% Ramsey,risk_aversion,combined,0,72.08847635856648,1.1509584689066579
8933,euler_ramsey,0.5,2.0% Ramsey,risk_aversion,combined,0,54.82091728159344,1.1302997490327058
8933,euler_ramsey,0.5,2.5% Ramsey,risk_aversion,combined,0,41.10514778344602,1.1022064399431046
8934,euler_ramsey,0.5,1.5% Ramsey,risk_aversion,combined,0,163.43008340079157,2.681527989953625
8934,euler_ramsey,0.5,2.0% Ramsey,risk_aversion,combined,0,146.05197679708962,3.1857145449636306
8934,euler_ramsey,0.5,2.5% Ramsey,risk_aversion,combined,0,122.73075122028237,3.599515749140025
8935,euler_ramsey,0.5,1.5% Ramsey,risk_aversion,combined,0,1106.2587969932329,1.6796653390580885
8935,euler_ramsey,0.5,2.0% Ramsey,risk_aversion,combined,0,589.031661220727,1.7977303095970318
8935,euler_ramsey,0.5,2.5% Ramsey,risk_aversion,combined,0,344.39000524660713,1.873990520152042
8936,euler_ramsey,0.5,1.5% Ramsey,risk_aversion,combined,0,39.18128283350575,1.9608496699930478
8936,euler_ramsey,0.5,2.0% Ramsey,risk_aversion,combined,0,35.39366093126574,2.1709107473286857
8936,euler_ramsey,0.5,2.5% Ramsey,risk_aversion,combined,0,34.3915305183438,2.322714768149406
8937,euler_ramsey,0.5,1.5% Ramsey,risk_aversion,combined,0,2870.8130084763898,0.7223557175261598
8937,euler_ramsey,0.5,2.0% Ramsey,risk_aversion,combined,0,1801.9541764733913,0.6400095113309616
8937,euler_ramsey,0.5,2.5% Ramsey,risk_aversion,combined,0,1157.4163927267018,0.5764849953354827
8938,euler_ramsey,0.5,1.5% Ramsey,risk_aversion,combined,0,-917.3585852401322,0.786980371197877
8938,euler_ramsey,0.5,2.0% Ramsey,risk_aversion,combined,0,-674.4773242688357,0.7096579798621739
8938,euler_ramsey,0.5,2.5% Ramsey,risk_aversion,combined,0,-445.05991878294947,0.6478439211440167
8939,euler_ramsey,0.5,1.5% Ramsey,risk_aversion,combined,0,1448.5559195262003,0.8699353678947657
8939,euler_ramsey,0.5,2.0% Ramsey,risk_aversion,combined,0,1197.1919669837264,0.8025958409913339
8939,euler_ramsey,0.5,2.5% Ramsey,risk_aversion,combined,0,914.7093568900938,0.7457940785054157
8940,euler_ramsey,0.5,1.5% Ramsey,risk_aversion,combined,0,4.252414055840357,1.8364304941592424
8940,euler_ramsey,0.5,2.0% Ramsey,risk_aversion,combined,0,6.172029752661645,2.003635125097803
8940,euler_ramsey,0.5,2.5% Ramsey,risk_aversion,combined,0,10.174467951148543,2.1195525240436446
8941,euler_ramsey,0.5,1.5% Ramsey,risk_aversion,combined,0,-292.83585599026367,0.7944672048128496
8941,euler_ramsey,0.5,2.0% Ramsey,risk_aversion,combined,0,-156.49238311980776,0.7177708505808522
8941,euler_ramsey,0.5,2.5% Ramsey,risk_aversion,combined,0,-89.72034314469245,0.6561790606920068
8942,euler_ramsey,0.5,1.5% Ramsey,risk_aversion,combined,0,-353.61007074396105,0.6785665157658829
8942,euler_ramsey,0.5,2.0% Ramsey,risk_aversion,combined,0,-291.2921088006011,0.5920106137945356
8942,euler_ramsey,0.5,2.5% Ramsey,risk_aversion,combined,0,-203.5760564720059,0.5268244237584943
8943,euler_ramsey,0.5,1.5% Ramsey,risk_aversion,combined,0,385.35092071403875,1.2701856453364384
8943,euler_ramsey,0.5,2.0% Ramsey,risk_aversion,combined,0,293.8594535562264,1.2758420974491187
8943,euler_ramsey,0.5,2.5% Ramsey,risk_aversion,combined,0,220.7100579377304,1.266127777206808
8944,euler_ramsey,0.5,1.5% Ramsey,risk_aversion,combined,0,90.43760858117275,2.4630269638129723
8944,euler_ramsey,0.5,2.0% Ramsey,risk_aversion,combined,0,53.269895754362004,2.8707751381922377
8944,euler_ramsey,0.5,2.5% Ramsey,risk_aversion,combined,0,35.737028052522355,3.1960362721110873
8945,euler_ramsey,0.5,1.5% Ramsey,risk_aversion,combined,0,1365.21710160137,1.2452161758691374
8945,euler_ramsey,0.5,2.0% Ramsey,risk_aversion,combined,0,934.6732824643443,1.2453085552830228
8945,euler_ramsey,0.5,2.5% Ramsey,risk_aversion,combined,0,604.9886344915438,1.231686584964716
8946,euler_ramsey,0.5,1.5% Ramsey,risk_aversion,combined,0,2489.160608969455,0.4740802795343993
8946,euler_ramsey,0.5,2.0% Ramsey,risk_aversion,combined,0,1921.2565448069465,0.381107980017014
8946,euler_ramsey,0.5,2.5% Ramsey,risk_aversion,combined,0,1328.6978050888742,0.31830133479492295
8947,euler_ramsey,0.5,1.5% Ramsey,risk_aversion,combined,0,42.02563100561779,1.1487265050363087
8947,euler_ramsey,0.5,2.0% Ramsey,risk_aversion,combined,0,33.21324747519712,1.1273036949636241
8947,euler_ramsey,0.5,2.5% Ramsey,risk_aversion,combined,0,28.518594081064673,1.0986398338675356
8948,euler_ramsey,0.5,1.5% Ramsey,risk_aversion,combined,0,-68.73213109415482,0.45105877256032917
8948,euler_ramsey,0.5,2.0% Ramsey,risk_aversion,combined,0,-68.25955424487992,0.35844453362053946
8948,euler_ramsey,0.5,2.5% Ramsey,risk_aversion,combined,0,-54.185323194003985,0.2967014775651489
8949,euler_ramsey,0.5,1.5% Ramsey,risk_aversion,combined,0,960.0456130405566,0.7265980138686486
8949,euler_ramsey,0.5,2.0% Ramsey,risk_aversion,combined,0,864.9748002849165,0.6431782709452685
8949,euler_ramsey,0.5,2.5% Ramsey,risk_aversion,combined,0,704.6438272378318,0.5787813236373907
8950,euler_ramsey,0.5,1.5% Ramsey,risk_aversion,combined,0,1828.9176482444473,0.4140476801944194
8950,euler_ramsey,0.5,2.0% Ramsey,risk_aversion,combined,0,1050.3614538713591,0.3227834586078728
8950,euler_ramsey,0.5,2.5% Ramsey,risk_aversion,combined,0,613.1477913710104,0.26325410533080706
8951,euler_ramsey,0.5,1.5% Ramsey,risk_aversion,combined,0,609.5629997987481,0.8227216633791077
8951,euler_ramsey,0.5,2.0% Ramsey,risk_aversion,combined,0,404.9984458996441,0.7487326432484509
8951,euler_ramsey,0.5,2.5% Ramsey,risk_aversion,combined,0,264.8843259421759,0.6883225889824307
8952,euler_ramsey,0.5,1.5% Ramsey,risk_aversion,combined,0,655.4438428842641,1.0239203198929698
8952,euler_ramsey,0.5,2.0% Ramsey,risk_aversion,combined,0,509.8179472343415,0.980406660004116
8952,euler_ramsey,0.5,2.5% Ramsey,risk_aversion,combined,0,365.0283289651551,0.9376696040469968
8953,euler_ramsey,0.5,1.5% Ramsey,risk_aversion,combined,0,1049.6202719748746,0.8620230890269349
8953,euler_ramsey,0.5,2.0% Ramsey,risk_aversion,combined,0,759.9789569829949,0.7927006235175675
8953,euler_ramsey,0.5,2.5% Ramsey,risk_aversion,combined,0,499.46074589172184,0.7346391370935815
8954,euler_ramsey,0.5,1.5% Ramsey,risk_aversion,combined,0,704.8243213518678,1.3392271384556915
8954,euler_ramsey,0.5,2.0% Ramsey,risk_aversion,combined,0,627.4728498997855,1.3617970904176746
8954,euler_ramsey,0.5,2.5% Ramsey,risk_aversion,combined,0,501.6198685560886,1.3644110625928332
8955,euler_ramsey,0.5,1.5% Ramsey,risk_aversion,combined,0,587.578591810585,0.9661264798538225
8955,euler_ramsey,0.5,2.0% Ramsey,risk_aversion,combined,0,389.2091260445083,0.9130360787433286
8955,euler_ramsey,0.5,2.5% Ramsey,risk_aversion,combined,0,263.66779269283677,0.8644558593223338
8956,euler_ramsey,0.5,1.5% Ramsey,risk_aversion,combined,0,533.1818695586056,0.24189876058367327
8956,euler_ramsey,0.5,2.0% Ramsey,risk_aversion,combined,0,410.8517630022667,0.16712130253225896
8956,euler_ramsey,0.5,2.5% Ramsey,risk_aversion,combined,0,327.30048516086185,0.12414222155783729
8957,euler_ramsey,0.5,1.5% Ramsey,risk_aversion,combined,0,1277.4482287975977,1.403117179053007
8957,euler_ramsey,0.5,2.0% Ramsey,risk_aversion,combined,0,1164.1184337220618,1.4420035360743526
8957,euler_ramsey,0.5,2.5% Ramsey,risk_aversion,combined,0,921.976794528592,1.4567327950046347
8958,euler_ramsey,0.5,1.5% Ramsey,risk_aversion,combined,0,1096.2538651825832,0.7618973445000073
8958,euler_ramsey,0.5,2.0% Ramsey,risk_aversion,combined,0,876.1418139008372,0.6827054347595893
8958,euler_ramsey,0.5,2.5% Ramsey,risk_aversion,combined,0,659.0521376022745,0.6202397871805879
8959,euler_ramsey,0.5,1.5% Ramsey,risk_aversion,combined,0,178.941785314794,0.6946927343504479
8959,euler_ramsey,0.5,2.0% Ramsey,risk_aversion,combined,0,136.07317087498248,0.608795858312278
8959,euler_ramsey,0.5,2.5% Ramsey,risk_aversion,combined,0,106.31586395675804,0.5436136668154837
8960,euler_ramsey,0.5,1.5% Ramsey,risk_aversion,combined,0,293.08135918272615,0.8207345516000742
8960,euler_ramsey,0.5,2.0% Ramsey,risk_aversion,combined,0,260.8479285666066,0.7469847652087088
8960,euler_ramsey,0.5,2.5% Ramsey,risk_aversion,combined,0,211.12914522757248,0.6868029470675985
8961,euler_ramsey,0.5,1.5% Ramsey,risk_aversion,combined,0,233.5362271666111,2.0147980505061476
8961,euler_ramsey,0.5,2.0% Ramsey,risk_aversion,combined,0,222.3706730529834,2.2450664299568217
8961,euler_ramsey,0.5,2.5% Ramsey,risk_aversion,combined,0,195.58846732193152,2.4141330381090707
8962,euler_ramsey,0.5,1.5% Ramsey,risk_aversion,combined,0,603.1316852249837,0.4945721639262996
8962,euler_ramsey,0.5,2.0% Ramsey,risk_aversion,combined,0,424.4853183849047,0.40147211865629046
8962,euler_ramsey,0.5,2.5% Ramsey,risk_aversion,combined,0,309.9050125660073,0.3378523018082171
8963,euler_ramsey,0.5,1.5% Ramsey,risk_aversion,combined,0,648.8905556801363,2.5831556015858057
8963,euler_ramsey,0.5,2.0% Ramsey,risk_aversion,combined,0,550.6191867208861,3.04467137196888
8963,euler_ramsey,0.5,2.5% Ramsey,risk_aversion,combined,0,434.67107578423133,3.419506569683479
8964,euler_ramsey,0.5,1.5% Ramsey,risk_aversion,combined,0,241.57124794481655,2.7854079226900277
8964,euler_ramsey,0.5,2.0% Ramsey,risk_aversion,combined,0,180.60983202627105,3.337420644011207
8964,euler_ramsey,0.5,2.5% Ramsey,risk_aversion,combined,0,129.08897747341047,3.7957096040085485
8965,euler_ramsey,0.5,1.5% Ramsey,risk_aversion,combined,0,154.18725110297083,0.7375615817711174
8965,euler_ramsey,0.5,2.0% Ramsey,risk_aversion,combined,0,151.61213180065383,0.654698449671464
8965,euler_ramsey,0.5,2.5% Ramsey,risk_aversion,combined,0,135.19744411458348,0.5903589875835089
8966,euler_ramsey,0.5,1.5% Ramsey,risk_aversion,combined,0,15555.07766415266,0.14153564890880496
8966,euler_ramsey,0.5,2.0% Ramsey,risk_aversion,combined,0,12761.254872606813,0.08685888668668536
8966,euler_ramsey,0.5,2.5% Ramsey,risk_aversion,combined,0,9082.548244913894,0.05888318815171377
8967,euler_ramsey,0.5,1.5% Ramsey,risk_aversion,combined,0,-611.5075383683453,0.5214204679556035
8967,euler_ramsey,0.5,2.0% Ramsey,risk_aversion,combined,0,-508.56256919622575,0.42840871714854817
8967,euler_ramsey,0.5,2.5% Ramsey,risk_aversion,combined,0,-374.99234235507356,0.36390441711879007
8968,euler_ramsey,0.5,1.5% Ramsey,risk_aversion,combined,0,2888.5287485062913,0.3866204696592325
8968,euler_ramsey,0.5,2.0% Ramsey,risk_aversion,combined,0,1239.9789602355472,0.29699348040335555
8968,euler_ramsey,0.5,2.5% Ramsey,risk_aversion,combined,0,715.9389862242809,0.23949205663765363
8969,euler_ramsey,0.5,1.5% Ramsey,risk_aversion,combined,0,99.18147972602597,1.4322242198895907
8969,euler_ramsey,0.5,2.0% Ramsey,risk_aversion,combined,0,72.0682484832201,1.477601603853804
8969,euler_ramsey,0.5,2.5% Ramsey,risk_aversion,combined,0,52.719284181858285,1.4969289547445095
8970,euler_ramsey,0.5,1.5% Ramsey,risk_aversion,combined,0,-180.7281333717964,0.37091322644723296
8970,euler_ramsey,0.5,2.0% Ramsey,risk_aversion,combined,0,-59.363693253468995,0.2821830595993122
8970,euler_ramsey,0.5,2.5% Ramsey,risk_aversion,combined,0,49.091044384233335,0.2258436168369449
8971,euler_ramsey,0.5,1.5% Ramsey,risk_aversion,combined,0,5.853815895351795,0.4348746563696075
8971,euler_ramsey,0.5,2.0% Ramsey,risk_aversion,combined,0,0.6361998728055754,0.34274538175164354
8971,euler_ramsey,0.5,2.5% Ramsey,risk_aversion,combined,0,2.846770646678648,0.28190323945432993
8972,euler_ramsey,0.5,1.5% Ramsey,risk_aversion,combined,0,227.046167825109,0.807254271970102
8972,euler_ramsey,0.5,2.0% Ramsey,risk_aversion,combined,0,185.88346724859758,0.732130811381618
8972,euler_ramsey,0.5,2.5% Ramsey,risk_aversion,combined,0,142.96824628583138,0.671303321430666
8973,euler_ramsey,0.5,1.5% Ramsey,risk_aversion,combined,0,2045.9973434181402,0.7067481863303281
8973,euler_ramsey,0.5,2.0% Ramsey,risk_aversion,combined,0,1641.6807596323313,0.6221873207065192
8973,euler_ramsey,0.5,2.5% Ramsey,risk_aversion,combined,0,1206.563245264744,0.5575386845256388
8974,euler_ramsey,0.5,1.5% Ramsey,risk_aversion,combined,0,189.1907139575652,0.48497521033507257
8974,euler_ramsey,0.5,2.0% Ramsey,risk_aversion,combined,0,122.40863815782996,0.3917192076228408
8974,euler_ramsey,0.5,2.5% Ramsey,risk_aversion,combined,0,83.09212784148384,0.3283513738804459
8975,euler_ramsey,0.5,1.5% Ramsey,risk_aversion,combined,0,1018.8539715151196,0.478699988051023
8975,euler_ramsey,0.5,2.0% Ramsey,risk_aversion,combined,0,688.0027179716569,0.3855747471323641
8975,euler_ramsey,0.5,2.5% Ramsey,risk_aversion,combined,0,475.44719422996974,0.322511650747377
8976,euler_ramsey,0.5,1.5% Ramsey,risk_aversion,combined,0,-44.89125248046607,0.7589880765217872
8976,euler_ramsey,0.5,2.0% Ramsey,risk_aversion,combined,0,42.44674945076523,0.6791318658965866
8976,euler_ramsey,0.5,2.5% Ramsey,risk_aversion,combined,0,79.332516220612,0.6162838595444681
8977,euler_ramsey,0.5,1.5% Ramsey,risk_aversion,combined,0,1446.8543444756506,0.3636303740916727
8977,euler_ramsey,0.5,2.0% Ramsey,risk_aversion,combined,0,1018.1015152678914,0.2753368207505146
8977,euler_ramsey,0.5,2.5% Ramsey,risk_aversion,combined,0,721.5259644176731,0.2195538413099619
8978,euler_ramsey,0.5,1.5% Ramsey,risk_aversion,combined,0,774.5884485274124,1.6811739631407578
8978,euler_ramsey,0.5,2.0% Ramsey,risk_aversion,combined,0,508.40889625748747,1.800146576599959
8978,euler_ramsey,0.5,2.5% Ramsey,risk_aversion,combined,0,358.84628813288367,1.8772795902985637
8979,euler_ramsey,0.5,1.5% Ramsey,risk_aversion,combined,0,655.6777744449406,0.4607657803943621
8979,euler_ramsey,0.5,2.0% Ramsey,risk_aversion,combined,0,583.2368055588994,0.3679919484361208
8979,euler_ramsey,0.5,2.5% Ramsey,risk_aversion,combined,0,480.1067412121485,0.30579317951776996
8980,euler_ramsey,0.5,1.5% Ramsey,risk_aversion,combined,0,379.1861924430275,1.8734204503517247
8980,euler_ramsey,0.5,2.0% Ramsey,risk_aversion,combined,0,263.247978767729,2.0533554370223492
8980,euler_ramsey,0.5,2.5% Ramsey,risk_aversion,combined,0,183.14280402948373,2.1798837920883445
8981,euler_ramsey,0.5,1.5% Ramsey,risk_aversion,combined,0,222.72681426966687,0.9896925227969803
8981,euler_ramsey,0.5,2.0% Ramsey,risk_aversion,combined,0,183.26375790308396,0.9404267631984367
8981,euler_ramsey,0.5,2.5% Ramsey,risk_aversion,combined,0,140.22803335634757,0.8940274552439123
8982,euler_ramsey,0.5,1.5% Ramsey,risk_aversion,combined,0,11637.433561015221,0.47643819396984244
8982,euler_ramsey,0.5,2.0% Ramsey,risk_aversion,combined,0,9230.156300800953,0.38467625074922995
8982,euler_ramsey,0.5,2.5% Ramsey,risk_aversion,combined,0,6557.719716793425,0.32246336545785464
8983,euler_ramsey,0.5,1.5% Ramsey,risk_aversion,combined,0,719.230597885338,0.43876365455557936
8983,euler_ramsey,0.5,2.0% Ramsey,risk_aversion,combined,0,601.7708962397288,0.3465725955433937
8983,euler_ramsey,0.5,2.5% Ramsey,risk_aversion,combined,0,459.14779841448427,0.2855443041732811
8984,euler_ramsey,0.5,1.5% Ramsey,risk_aversion,combined,0,72.53142075400257,1.1968803291555108
8984,euler_ramsey,0.5,2.0% Ramsey,risk_aversion,combined,0,53.03731679694456,1.1852111080415064
8984,euler_ramsey,0.5,2.5% Ramsey,risk_aversion,combined,0,39.47111023274466,1.1631281783750331
8985,euler_ramsey,0.5,1.5% Ramsey,risk_aversion,combined,0,144.4914565169034,1.4089044923972065
8985,euler_ramsey,0.5,2.0% Ramsey,risk_aversion,combined,0,98.92450263531323,1.4481556147047576
8985,euler_ramsey,0.5,2.5% Ramsey,risk_aversion,combined,0,64.7324522421404,1.4628691301370411
8986,euler_ramsey,0.5,1.5% Ramsey,risk_aversion,combined,0,895.6437064681955,0.2465172544451819
8986,euler_ramsey,0.5,2.0% Ramsey,risk_aversion,combined,0,390.5582928741907,0.17101799468700285
8986,euler_ramsey,0.5,2.5% Ramsey,risk_aversion,combined,0,173.4628347185531,0.1274409709356834
8987,euler_ramsey,0.5,1.5% Ramsey,risk_aversion,combined,0,281.3357890012052,1.98828008926225
8987,euler_ramsey,0.5,2.0% Ramsey,risk_aversion,combined,0,192.9747791969572,2.208326230959854
8987,euler_ramsey,0.5,2.5% Ramsey,risk_aversion,combined,0,137.98889802407248,2.3686352462053675
8988,euler_ramsey,0.5,1.5% Ramsey,risk_aversion,combined,0,1461.1261387130442,0.2738536064391507
8988,euler_ramsey,0.5,2.0% Ramsey,risk_aversion,combined,0,789.3058465995675,0.19455026266749811
8988,euler_ramsey,0.5,2.5% Ramsey,risk_aversion,combined,0,472.23936733731915,0.147669299210311
8989,euler_ramsey,0.5,1.5% Ramsey,risk_aversion,combined,0,463.8765713145322,0.8696538749742017
8989,euler_ramsey,0.5,2.0% Ramsey,risk_aversion,combined,0,323.6990967659546,0.8032598721020574
8989,euler_ramsey,0.5,2.5% Ramsey,risk_aversion,combined,0,223.66255117315455,0.7471961998603984
8990,euler_ramsey,0.5,1.5% Ramsey,risk_aversion,combined,0,-1325.4653648441672,0.3625401682507382
8990,euler_ramsey,0.5,2.0% Ramsey,risk_aversion,combined,0,-792.6304902939523,0.27436328843572855
8990,euler_ramsey,0.5,2.5% Ramsey,risk_aversion,combined,0,-502.39130684323845,0.21868409691176702
8991,euler_ramsey,0.5,1.5% Ramsey,risk_aversion,combined,0,622.8286110792226,1.2484355693579867
8991,euler_ramsey,0.5,2.0% Ramsey,risk_aversion,combined,0,473.25984026108256,1.2494888064784553
8991,euler_ramsey,0.5,2.5% Ramsey,risk_aversion,combined,0,356.0459821071902,1.2365200321072447
8992,euler_ramsey,0.5,1.5% Ramsey,risk_aversion,combined,0,2077.762878784854,0.3038252744209102
8992,euler_ramsey,0.5,2.0% Ramsey,risk_aversion,combined,0,1896.8230599409517,0.22109518021197458
8992,euler_ramsey,0.5,2.5% Ramsey,risk_aversion,combined,0,1525.3661777987495,0.17097954710966257
8993,euler_ramsey,0.5,1.5% Ramsey,risk_aversion,combined,0,189.8951554525506,1.242489338413818
8993,euler_ramsey,0.5,2.0% Ramsey,risk_aversion,combined,0,158.57115448692952,1.2412200034918857
8993,euler_ramsey,0.5,2.5% Ramsey,risk_aversion,combined,0,122.29993549762459,1.2264978814422323
8994,euler_ramsey,0.5,1.5% Ramsey,risk_aversion,combined,0,587.4693121576762,1.389286806685336
8994,euler_ramsey,0.5,2.0% Ramsey,risk_aversion,combined,0,453.37064372968615,1.424418117347383
8994,euler_ramsey,0.5,2.5% Ramsey,risk_aversion,combined,0,342.6089663465977,1.436299922547831
8995,euler_ramsey,0.5,1.5% Ramsey,risk_aversion,combined,0,222.7531058428129,1.6311252578480202
8995,euler_ramsey,0.5,2.0% Ramsey,risk_aversion,combined,0,165.9655096118945,1.7329597105812198
8995,euler_ramsey,0.5,2.5% Ramsey,risk_aversion,combined,0,119.3446352703697,1.7959904645088625
8996,euler_ramsey,0.5,1.5% Ramsey,risk_aversion,combined,0,416.2492287727582,1.3794552679346554
8996,euler_ramsey,0.5,2.0% Ramsey,risk_aversion,combined,0,412.44891398422527,1.4123344317199396
8996,euler_ramsey,0.5,2.5% Ramsey,risk_aversion,combined,0,347.9505058240622,1.4224801252752592
8997,euler_ramsey,0.5,1.5% Ramsey,risk_aversion,combined,0,218.06536278295422,1.072842387458432
8997,euler_ramsey,0.5,2.0% Ramsey,risk_aversion,combined,0,178.70400299120237,1.0375992445696414
8997,euler_ramsey,0.5,2.5% Ramsey,risk_aversion,combined,0,136.20385446667302,0.9999479671404596
8998,euler_ramsey,0.5,1.5% Ramsey,risk_aversion,combined,0,1279.0180316533651,0.6338764515862156
8998,euler_ramsey,0.5,2.0% Ramsey,risk_aversion,combined,0,1638.223535658623,0.5438924062841732
8998,euler_ramsey,0.5,2.5% Ramsey,risk_aversion,combined,0,1662.687639938388,0.4777456278673088
8999,euler_ramsey,0.5,1.5% Ramsey,risk_aversion,combined,0,882.0300354084305,0.9310515476561815
8999,euler_ramsey,0.5,2.0% Ramsey,risk_aversion,combined,0,751.503689262017,0.8720961626248724
8999,euler_ramsey,0.5,2.5% Ramsey,risk_aversion,combined,0,603.1147866494204,0.8199332481547505
9000,euler_ramsey,0.5,1.5% Ramsey,risk_aversion,combined,0,128.41427983743128,0.3211567105737092
9000,euler_ramsey,0.5,2.0% Ramsey,risk_aversion,combined,0,130.45198605716928,0.2364613918961468
9000,euler_ramsey,0.5,2.5% Ramsey,risk_aversion,combined,0,140.79795415645498,0.18451310144281483
9001,euler_ramsey,0.5,1.5% Ramsey,risk_aversion,combined,0,3716.2161414638513,0.23773199508378384
9001,euler_ramsey,0.5,2.0% Ramsey,risk_aversion,combined,0,1839.8705354340484,0.16388335864787623
9001,euler_ramsey,0.5,2.5% Ramsey,risk_aversion,combined,0,1164.9427085345824,0.12155094823546043
9002,euler_ramsey,0.5,1.5% Ramsey,risk_aversion,combined,0,-452.7280674180334,0.39121627338541615
9002,euler_ramsey,0.5,2.0% Ramsey,risk_aversion,combined,0,-152.7806399432545,0.3011621253813102
9002,euler_ramsey,0.5,2.5% Ramsey,risk_aversion,combined,0,-78.69321102278332,0.2432354764014033
9003,euler_ramsey,0.5,1.5% Ramsey,risk_aversion,combined,0,106.369177836984,1.6761759319766083
9003,euler_ramsey,0.5,2.0% Ramsey,risk_aversion,combined,0,71.36728205110803,1.791693250456117
9003,euler_ramsey,0.5,2.5% Ramsey,risk_aversion,combined,0,48.878282709653455,1.8655648221561623
9004,euler_ramsey,0.5,1.5% Ramsey,risk_aversion,combined,0,5940.400666447871,0.5373195198792784
9004,euler_ramsey,0.5,2.0% Ramsey,risk_aversion,combined,0,5039.767839664012,0.44610166715974897
9004,euler_ramsey,0.5,2.5% Ramsey,risk_aversion,combined,0,3672.3932623727446,0.3821417256841837
9005,euler_ramsey,0.5,1.5% Ramsey,risk_aversion,combined,0,510.6607202817367,0.2982053354332648
9005,euler_ramsey,0.5,2.0% Ramsey,risk_aversion,combined,0,215.97423539399472,0.2159188588194239
9005,euler_ramsey,0.5,2.5% Ramsey,risk_aversion,combined,0,99.28788672820433,0.16631422347720942
9006,euler_ramsey,0.5,1.5% Ramsey,risk_aversion,combined,0,-159.64685678805816,0.9412004969520332
9006,euler_ramsey,0.5,2.0% Ramsey,risk_aversion,combined,0,-141.00438044746008,0.8834043971397407
9006,euler_ramsey,0.5,2.5% Ramsey,risk_aversion,combined,0,-110.34240989890873,0.831768866013675
9007,euler_ramsey,0.5,1.5% Ramsey,risk_aversion,combined,0,99.95975520920841,2.0051738262573684
9007,euler_ramsey,0.5,2.0% Ramsey,risk_aversion,combined,0,71.38976136850535,2.2314078290810144
9007,euler_ramsey,0.5,2.5% Ramsey,risk_aversion,combined,0,51.64434351269027,2.396945132676098
9008,euler_ramsey,0.5,1.5% Ramsey,risk_aversion,combined,0,3586.2617986535233,0.517413937799752
9008,euler_ramsey,0.5,2.0% Ramsey,risk_aversion,combined,0,1223.651103921369,0.42468491174528356
9008,euler_ramsey,0.5,2.5% Ramsey,risk_aversion,combined,0,634.8800465957864,0.36048806303422276
9009,euler_ramsey,0.5,1.5% Ramsey,risk_aversion,combined,0,11195.929977206095,0.26196662273730265
9009,euler_ramsey,0.5,2.0% Ramsey,risk_aversion,combined,0,4949.297638415697,0.1846427883017978
9009,euler_ramsey,0.5,2.5% Ramsey,risk_aversion,combined,0,2461.0819317063633,0.1393240696399537
9010,euler_ramsey,0.5,1.5% Ramsey,risk_aversion,combined,0,2235.4627963933754,0.8019164963082577
9010,euler_ramsey,0.5,2.0% Ramsey,risk_aversion,combined,0,1805.4562675667553,0.7260694813141326
9010,euler_ramsey,0.5,2.5% Ramsey,risk_aversion,combined,0,1257.9197523690675,0.6648976723710727
9011,euler_ramsey,0.5,1.5% Ramsey,risk_aversion,combined,0,122.60227291106821,0.7139089877257295
9011,euler_ramsey,0.5,2.0% Ramsey,risk_aversion,combined,0,100.91225791874955,0.629355972484387
9011,euler_ramsey,0.5,2.5% Ramsey,risk_aversion,combined,0,79.35411057841273,0.5645231548007661
9012,euler_ramsey,0.5,1.5% Ramsey,risk_aversion,combined,0,743.288757908874,1.9019970458755429
9012,euler_ramsey,0.5,2.0% Ramsey,risk_aversion,combined,0,582.869814726819,2.0931524044576593
9012,euler_ramsey,0.5,2.5% Ramsey,risk_aversion,combined,0,430.82752797327043,2.2294037748412032
9013,euler_ramsey,0.5,1.5% Ramsey,risk_aversion,combined,0,-327.07837513005416,0.7019879928776752
9013,euler_ramsey,0.5,2.0% Ramsey,risk_aversion,combined,0,-185.3839647547708,0.6164031284307108
9013,euler_ramsey,0.5,2.5% Ramsey,risk_aversion,combined,0,-107.97014554781708,0.5511883002617747
9014,euler_ramsey,0.5,1.5% Ramsey,risk_aversion,combined,0,7063.660800797211,0.22091222268697658
9014,euler_ramsey,0.5,2.0% Ramsey,risk_aversion,combined,0,4184.458804054268,0.14960027053334024
9014,euler_ramsey,0.5,2.5% Ramsey,risk_aversion,combined,0,2590.948442943071,0.10942588188441935
9015,euler_ramsey,0.5,1.5% Ramsey,risk_aversion,combined,0,616.5981472657622,0.9068427787696927
9015,euler_ramsey,0.5,2.0% Ramsey,risk_aversion,combined,0,477.1836359608829,0.8439325040076737
9015,euler_ramsey,0.5,2.5% Ramsey,risk_aversion,combined,0,364.52964505240857,0.7894634356830356
9016,euler_ramsey,0.5,1.5% Ramsey,risk_aversion,combined,0,842.4426295774135,0.8109289402882037
9016,euler_ramsey,0.5,2.0% Ramsey,risk_aversion,combined,0,610.4648519788524,0.73738096530069
9016,euler_ramsey,0.5,2.5% Ramsey,risk_aversion,combined,0,428.07172725573827,0.6775793248907496
9017,euler_ramsey,0.5,1.5% Ramsey,risk_aversion,combined,0,-307.7585306098748,0.7719519661533386
9017,euler_ramsey,0.5,2.0% Ramsey,risk_aversion,combined,0,-215.14543375400527,0.6924229033997136
9017,euler_ramsey,0.5,2.5% Ramsey,risk_aversion,combined,0,-136.36112785632798,0.6294607805248328
9018,euler_ramsey,0.5,1.5% Ramsey,risk_aversion,combined,0,288.87548840906294,1.8293547800659695
9018,euler_ramsey,0.5,2.0% Ramsey,risk_aversion,combined,0,225.67932509178323,1.9943048352569506
9018,euler_ramsey,0.5,2.5% Ramsey,risk_aversion,combined,0,170.05103902167062,2.10844713057753
9019,euler_ramsey,0.5,1.5% Ramsey,risk_aversion,combined,0,850.3043162172073,1.2598067448348247
9019,euler_ramsey,0.5,2.0% Ramsey,risk_aversion,combined,0,561.7700131194803,1.2636412479803774
9019,euler_ramsey,0.5,2.5% Ramsey,risk_aversion,combined,0,368.827927239971,1.2527801737978062
9020,euler_ramsey,0.5,1.5% Ramsey,risk_aversion,combined,0,371.6710246197508,0.8449590588609792
9020,euler_ramsey,0.5,2.0% Ramsey,risk_aversion,combined,0,308.1325367087117,0.7739317231798101
9020,euler_ramsey,0.5,2.5% Ramsey,risk_aversion,combined,0,234.35109713798897,0.7150565378383448
9021,euler_ramsey,0.5,1.5% Ramsey,risk_aversion,combined,0,780.9459103076549,0.745563237199377
9021,euler_ramsey,0.5,2.0% Ramsey,risk_aversion,combined,0,701.5681980819049,0.6634632795147691
9021,euler_ramsey,0.5,2.5% Ramsey,risk_aversion,combined,0,556.3314556263493,0.5994322125977519
9022,euler_ramsey,0.5,1.5% Ramsey,risk_aversion,combined,0,462.07316253815503,1.697098619624919
9022,euler_ramsey,0.5,2.0% Ramsey,risk_aversion,combined,0,283.41768503059,1.8192961103830698
9022,euler_ramsey,0.5,2.5% Ramsey,risk_aversion,combined,0,188.4951864389155,1.898624849826032
9023,euler_ramsey,0.5,1.5% Ramsey,risk_aversion,combined,0,1043.9780736882603,0.4425819147285931
9023,euler_ramsey,0.5,2.0% Ramsey,risk_aversion,combined,0,657.2105670100685,0.3502904268954081
9023,euler_ramsey,0.5,2.5% Ramsey,risk_aversion,combined,0,428.94847400884464,0.2890572742155748
9024,euler_ramsey,0.5,1.5% Ramsey,risk_aversion,combined,0,1301.8751871847983,0.9059770389757796
9024,euler_ramsey,0.5,2.0% Ramsey,risk_aversion,combined,0,1042.8024901976892,0.8433152488774908
9024,euler_ramsey,0.5,2.5% Ramsey,risk_aversion,combined,0,779.0172103451083,0.78901886497021
9025,euler_ramsey,0.5,1.5% Ramsey,risk_aversion,combined,0,267.6697553999444,1.9774447360663832
9025,euler_ramsey,0.5,2.0% Ramsey,risk_aversion,combined,0,198.29310445014977,2.1938156743736776
9025,euler_ramsey,0.5,2.5% Ramsey,risk_aversion,combined,0,138.75043164903383,2.3509953034231623
9026,euler_ramsey,0.5,1.5% Ramsey,risk_aversion,combined,0,212.99900128667588,1.9565264445941468
9026,euler_ramsey,0.5,2.0% Ramsey,risk_aversion,combined,0,153.375178413873,2.165394168386456
9026,euler_ramsey,0.5,2.5% Ramsey,risk_aversion,combined,0,108.14050316805576,2.3162061751229244
9027,euler_ramsey,0.5,1.5% Ramsey,risk_aversion,combined,0,-360.355558213509,0.8701615651428257
9027,euler_ramsey,0.5,2.0% Ramsey,risk_aversion,combined,0,-313.2140615995943,0.8020410797785072
9027,euler_ramsey,0.5,2.5% Ramsey,risk_aversion,combined,0,-242.45898516410904,0.7446488233230456
9028,euler_ramsey,0.5,1.5% Ramsey,risk_aversion,combined,0,2226.1154283117994,0.533819275330137
9028,euler_ramsey,0.5,2.0% Ramsey,risk_aversion,combined,0,1586.845794397832,0.44116881494850124
9028,euler_ramsey,0.5,2.5% Ramsey,risk_aversion,combined,0,1092.2445883304263,0.3764687157213735
9029,euler_ramsey,0.5,1.5% Ramsey,risk_aversion,combined,0,-259.155613274562,1.2261806921608764
9029,euler_ramsey,0.5,2.0% Ramsey,risk_aversion,combined,0,-215.791184937933,1.2216450388506426
9029,euler_ramsey,0.5,2.5% Ramsey,risk_aversion,combined,0,-159.92868964973934,1.2046331918191964
9030,euler_ramsey,0.5,1.5% Ramsey,risk_aversion,combined,0,-3013.3307444338047,0.21600752333804138
9030,euler_ramsey,0.5,2.0% Ramsey,risk_aversion,combined,0,-1386.7849410004558,0.145478682944331
9030,euler_ramsey,0.5,2.5% Ramsey,risk_aversion,combined,0,-813.9274893648326,0.1059541986406041
9031,euler_ramsey,0.5,1.5% Ramsey,risk_aversion,combined,0,182.14582331602446,0.9528766570691928
9031,euler_ramsey,0.5,2.0% Ramsey,risk_aversion,combined,0,131.51495400659968,0.8961998253680149
9031,euler_ramsey,0.5,2.5% Ramsey,risk_aversion,combined,0,94.1900395676113,0.8451309717064515
9032,euler_ramsey,0.5,1.5% Ramsey,risk_aversion,combined,0,-148.29260377044966,0.3768318830160935
9032,euler_ramsey,0.5,2.0% Ramsey,risk_aversion,combined,0,-127.21943672997456,0.287762395111345
9032,euler_ramsey,0.5,2.5% Ramsey,risk_aversion,combined,0,-88.22103650974674,0.2309773491094441
9033,euler_ramsey,0.5,1.5% Ramsey,risk_aversion,combined,0,293.5046197973416,0.9842549626364333
9033,euler_ramsey,0.5,2.0% Ramsey,risk_aversion,combined,0,226.18315989200784,0.9330476896135746
9033,euler_ramsey,0.5,2.5% Ramsey,risk_aversion,combined,0,161.952423551416,0.885350914035122
9034,euler_ramsey,0.5,1.5% Ramsey,risk_aversion,combined,0,339.2905846597732,1.5368271162817833
9034,euler_ramsey,0.5,2.0% Ramsey,risk_aversion,combined,0,264.8640273315631,1.6114267701566418
9034,euler_ramsey,0.5,2.5% Ramsey,risk_aversion,combined,0,188.5577563198545,1.6531162429397825
9035,euler_ramsey,0.5,1.5% Ramsey,risk_aversion,combined,0,2855.53378153869,0.7332722918078567
9035,euler_ramsey,0.5,2.0% Ramsey,risk_aversion,combined,0,2527.3813096590993,0.6511399422428938
9035,euler_ramsey,0.5,2.5% Ramsey,risk_aversion,combined,0,1936.8943122915266,0.587418599352107
9036,euler_ramsey,0.5,1.5% Ramsey,risk_aversion,combined,0,1690.5914018158758,0.8401089075087687
9036,euler_ramsey,0.5,2.0% Ramsey,risk_aversion,combined,0,1305.890450783458,0.7693036500352872
9036,euler_ramsey,0.5,2.5% Ramsey,risk_aversion,combined,0,969.5307412254742,0.7107976203619647
9037,euler_ramsey,0.5,1.5% Ramsey,risk_aversion,combined,0,488.3858211349388,1.3600690436031073
9037,euler_ramsey,0.5,2.0% Ramsey,risk_aversion,combined,0,384.12587735376434,1.387471493257509
9037,euler_ramsey,0.5,2.5% Ramsey,risk_aversion,combined,0,284.65705348339304,1.3935265006267854
9038,euler_ramsey,0.5,1.5% Ramsey,risk_aversion,combined,0,696.9607771641155,0.587707639437614
9038,euler_ramsey,0.5,2.0% Ramsey,risk_aversion,combined,0,517.785284961447,0.4957070884834503
9038,euler_ramsey,0.5,2.5% Ramsey,risk_aversion,combined,0,364.7367664196282,0.4296790122447078
9039,euler_ramsey,0.5,1.5% Ramsey,risk_aversion,combined,0,958.1222509924124,1.1180557392085901
9039,euler_ramsey,0.5,2.0% Ramsey,risk_aversion,combined,0,722.0723694252772,1.0914533555495356
9039,euler_ramsey,0.5,2.5% Ramsey,risk_aversion,combined,0,555.7927462005234,1.0595275175160668
9040,euler_ramsey,0.5,1.5% Ramsey,risk_aversion,combined,0,3053.0406676063553,0.7075535938219342
9040,euler_ramsey,0.5,2.0% Ramsey,risk_aversion,combined,0,2204.1059641434586,0.6238638633759515
9040,euler_ramsey,0.5,2.5% Ramsey,risk_aversion,combined,0,1497.5254640453393,0.5597825467316865
9041,euler_ramsey,0.5,1.5% Ramsey,risk_aversion,combined,0,1306.162982704762,2.389766000611917
9041,euler_ramsey,0.5,2.0% Ramsey,risk_aversion,combined,0,771.9159120898015,2.7672212332875086
9041,euler_ramsey,0.5,2.5% Ramsey,risk_aversion,combined,0,455.47423216499163,3.0654662256845073
9042,euler_ramsey,0.5,1.5% Ramsey,risk_aversion,combined,0,5471.35528741654,0.23615446217712155
9042,euler_ramsey,0.5,2.0% Ramsey,risk_aversion,combined,0,3151.9386788027573,0.16251545365559186
9042,euler_ramsey,0.5,2.5% Ramsey,risk_aversion,combined,0,2158.613182243684,0.1203732468371532
9043,euler_ramsey,0.5,1.5% Ramsey,risk_aversion,combined,0,733.1129307794697,0.15464393577611152
9043,euler_ramsey,0.5,2.0% Ramsey,risk_aversion,combined,0,371.52192327879726,0.09659979741961619
9043,euler_ramsey,0.5,2.5% Ramsey,risk_aversion,combined,0,209.5921462606139,0.06637603257264328
9044,euler_ramsey,0.5,1.5% Ramsey,risk_aversion,combined,0,155.9684736577842,1.1648490328721963
9044,euler_ramsey,0.5,2.0% Ramsey,risk_aversion,combined,0,119.41785494973209,1.14680079028271
9044,euler_ramsey,0.5,2.5% Ramsey,risk_aversion,combined,0,91.96546673230654,1.1204628650747948
9045,euler_ramsey,0.5,1.5% Ramsey,risk_aversion,combined,0,996.7394382035059,0.8433830991422292
9045,euler_ramsey,0.5,2.0% Ramsey,risk_aversion,combined,0,742.0273251578186,0.773131744600994
9045,euler_ramsey,0.5,2.5% Ramsey,risk_aversion,combined,0,536.4752212306943,0.7149308882209434
9046,euler_ramsey,0.5,1.5% Ramsey,risk_aversion,combined,0,111.1152319234724,2.052925294026254
9046,euler_ramsey,0.5,2.0% Ramsey,risk_aversion,combined,0,75.81842233697778,2.296736734506166
9046,euler_ramsey,0.5,2.5% Ramsey,risk_aversion,combined,0,54.60158557396574,2.477250968843344
9047,euler_ramsey,0.5,1.5% Ramsey,risk_aversion,combined,0,40.72686502335673,1.5211757118300286
9047,euler_ramsey,0.5,2.0% Ramsey,risk_aversion,combined,0,24.076742298126327,1.5908972725499233
9047,euler_ramsey,0.5,2.5% Ramsey,risk_aversion,combined,0,16.509730960664417,1.6287903709086062
9048,euler_ramsey,0.5,1.5% Ramsey,risk_aversion,combined,0,2209.1813839453444,0.8312828588518271
9048,euler_ramsey,0.5,2.0% Ramsey,risk_aversion,combined,0,1796.6961617432303,0.7600941287514782
9048,euler_ramsey,0.5,2.5% Ramsey,risk_aversion,combined,0,1309.8140302512893,0.7014883204843527
9049,euler_ramsey,0.5,1.5% Ramsey,risk_aversion,combined,0,1034.619440319984,0.7651766462043837
9049,euler_ramsey,0.5,2.0% Ramsey,risk_aversion,combined,0,972.2882660802289,0.6852685600814268
9049,euler_ramsey,0.5,2.5% Ramsey,risk_aversion,combined,0,821.2765602205246,0.6222345509877224
9050,euler_ramsey,0.5,1.5% Ramsey,risk_aversion,combined,0,8.348789872869803,1.2378503538131298
9050,euler_ramsey,0.5,2.0% Ramsey,risk_aversion,combined,0,42.65185615599182,1.2364297254205998
9050,euler_ramsey,0.5,2.5% Ramsey,risk_aversion,combined,0,50.75803472695114,1.221669601998708
9051,euler_ramsey,0.5,1.5% Ramsey,risk_aversion,combined,0,3929.9859236276284,0.5929169023495331
9051,euler_ramsey,0.5,2.0% Ramsey,risk_aversion,combined,0,2319.811156936315,0.5037633113722401
9051,euler_ramsey,0.5,2.5% Ramsey,risk_aversion,combined,0,1508.1985063843156,0.43937106363127015
9052,euler_ramsey,0.5,1.5% Ramsey,risk_aversion,combined,0,2081.0905081355986,0.38766294448330013
9052,euler_ramsey,0.5,2.0% Ramsey,risk_aversion,combined,0,839.9917570941903,0.2978872501408768
9052,euler_ramsey,0.5,2.5% Ramsey,risk_aversion,combined,0,490.65092520956017,0.24026396763092547
9053,euler_ramsey,0.5,1.5% Ramsey,risk_aversion,combined,0,447.10650690532,0.4310598096571129
9053,euler_ramsey,0.5,2.0% Ramsey,risk_aversion,combined,0,384.23840234622367,0.33910751316507903
9053,euler_ramsey,0.5,2.5% Ramsey,risk_aversion,combined,0,303.6359564008902,0.2785151214152576
9054,euler_ramsey,0.5,1.5% Ramsey,risk_aversion,combined,0,1314.783053943542,1.012854056557356
9054,euler_ramsey,0.5,2.0% Ramsey,risk_aversion,combined,0,587.4362846256181,0.9663986911151203
9054,euler_ramsey,0.5,2.5% Ramsey,risk_aversion,combined,0,288.2806065225127,0.92156109454936
9055,euler_ramsey,0.5,1.5% Ramsey,risk_aversion,combined,0,790.2130007983563,1.5562407517117842
9055,euler_ramsey,0.5,2.0% Ramsey,risk_aversion,combined,0,630.3511962402337,1.6361898671465471
9055,euler_ramsey,0.5,2.5% Ramsey,risk_aversion,combined,0,450.3753453724507,1.6821572625952144
9056,euler_ramsey,0.5,1.5% Ramsey,risk_aversion,combined,0,117.75959435743265,0.7787913675133193
9056,euler_ramsey,0.5,2.0% Ramsey,risk_aversion,combined,0,98.44592309992856,0.7007043606174863
9056,euler_ramsey,0.5,2.5% Ramsey,risk_aversion,combined,0,79.9430403634355,0.638553164276257
9057,euler_ramsey,0.5,1.5% Ramsey,risk_aversion,combined,0,395.8230597592998,1.4078818310642502
9057,euler_ramsey,0.5,2.0% Ramsey,risk_aversion,combined,0,273.4698519903657,1.447163061354493
9057,euler_ramsey,0.5,2.5% Ramsey,risk_aversion,combined,0,187.57893189041346,1.4619786658237013
9058,euler_ramsey,0.5,1.5% Ramsey,risk_aversion,combined,0,323.00718783528447,1.6670216522444432
9058,euler_ramsey,0.5,2.0% Ramsey,risk_aversion,combined,0,239.42637603940503,1.7798591768779
9058,euler_ramsey,0.5,2.5% Ramsey,risk_aversion,combined,0,167.4060518954311,1.8516684836597719
9059,euler_ramsey,0.5,1.5% Ramsey,risk_aversion,combined,0,345.53238832015444,0.3052097185129714
9059,euler_ramsey,0.5,2.0% Ramsey,risk_aversion,combined,0,307.40853774720574,0.22214311084293392
9059,euler_ramsey,0.5,2.5% Ramsey,risk_aversion,combined,0,240.60843979351844,0.17179892603429758
9060,euler_ramsey,0.5,1.5% Ramsey,risk_aversion,combined,0,-291.57472237064474,1.2154764865829975
9060,euler_ramsey,0.5,2.0% Ramsey,risk_aversion,combined,0,-213.74632650033445,1.2085084215147235
9060,euler_ramsey,0.5,2.5% Ramsey,risk_aversion,combined,0,-137.68286920579868,1.1897912789209386
9061,euler_ramsey,0.5,1.5% Ramsey,risk_aversion,combined,0,686.2019267377322,0.7080605685104426
9061,euler_ramsey,0.5,2.0% Ramsey,risk_aversion,combined,0,453.2589907102725,0.6240345594721869
9061,euler_ramsey,0.5,2.5% Ramsey,risk_aversion,combined,0,293.90614172087385,0.5597475395003909
9062,euler_ramsey,0.5,1.5% Ramsey,risk_aversion,combined,0,954.0900075898661,1.1289700825626037
9062,euler_ramsey,0.5,2.0% Ramsey,risk_aversion,combined,0,783.3359865822518,1.104516570342341
9062,euler_ramsey,0.5,2.5% Ramsey,risk_aversion,combined,0,593.0653391951422,1.0740323679978516
9063,euler_ramsey,0.5,1.5% Ramsey,risk_aversion,combined,0,-204.7201614685272,0.607388925856308
9063,euler_ramsey,0.5,2.0% Ramsey,risk_aversion,combined,0,-168.3729608862476,0.5167236974571509
9063,euler_ramsey,0.5,2.5% Ramsey,risk_aversion,combined,0,-127.44208847368208,0.4509095359042067
9064,euler_ramsey,0.5,1.5% Ramsey,risk_aversion,combined,0,-33.94318208664478,0.8323221178821931
9064,euler_ramsey,0.5,2.0% Ramsey,risk_aversion,combined,0,-29.53643827738155,0.7591981836773045
9064,euler_ramsey,0.5,2.5% Ramsey,risk_aversion,combined,0,-24.101663725476318,0.6991444653564791
9065,euler_ramsey,0.5,1.5% Ramsey,risk_aversion,combined,0,12910.409293617051,0.13877124450471798
9065,euler_ramsey,0.5,2.0% Ramsey,risk_aversion,combined,0,10343.222386901474,0.08472389809434927
9065,euler_ramsey,0.5,2.5% Ramsey,risk_aversion,combined,0,7258.643509429681,0.05720313382223536
9066,euler_ramsey,0.5,1.5% Ramsey,risk_aversion,combined,0,1024.7130034816732,0.8517867431934195
9066,euler_ramsey,0.5,2.0% Ramsey,risk_aversion,combined,0,785.0783547126431,0.781664109381357
9066,euler_ramsey,0.5,2.5% Ramsey,risk_aversion,combined,0,546.8129743933852,0.7233222269182241
9067,euler_ramsey,0.5,1.5% Ramsey,risk_aversion,combined,0,125.5630870485061,1.8692960118449524
9067,euler_ramsey,0.5,2.0% Ramsey,risk_aversion,combined,0,81.86122982333686,2.0477402438562486
9067,euler_ramsey,0.5,2.5% Ramsey,risk_aversion,combined,0,55.3206051454362,2.1730320384249024
9068,euler_ramsey,0.5,1.5% Ramsey,risk_aversion,combined,0,-1114.3479114090983,0.26414779248439013
9068,euler_ramsey,0.5,2.0% Ramsey,risk_aversion,combined,0,-534.6259942204728,0.1861115392289179
9068,euler_ramsey,0.5,2.5% Ramsey,risk_aversion,combined,0,-274.0902397171547,0.14036132730398204
9069,euler_ramsey,0.5,1.5% Ramsey,risk_aversion,combined,0,-295.325961067769,1.0755680945358923
9069,euler_ramsey,0.5,2.0% Ramsey,risk_aversion,combined,0,-204.56179546320644,1.0394029129427362
9069,euler_ramsey,0.5,2.5% Ramsey,risk_aversion,combined,0,-136.58727473052016,1.000923951657986
9070,euler_ramsey,0.5,1.5% Ramsey,risk_aversion,combined,0,317.9998260455213,0.6199904272108239
9070,euler_ramsey,0.5,2.0% Ramsey,risk_aversion,combined,0,167.4436328328864,0.5294278932111883
9070,euler_ramsey,0.5,2.5% Ramsey,risk_aversion,combined,0,98.92486463811564,0.4633158645252853
9071,euler_ramsey,0.5,1.5% Ramsey,risk_aversion,combined,0,61.323293114535524,2.0628026997698736
9071,euler_ramsey,0.5,2.0% Ramsey,risk_aversion,combined,0,38.60899153523886,2.310404371234671
9071,euler_ramsey,0.5,2.5% Ramsey,risk_aversion,combined,0,28.234534333936814,2.494165503402135
9072,euler_ramsey,0.5,1.5% Ramsey,risk_aversion,combined,0,1664.030612254929,0.7230536468492729
9072,euler_ramsey,0.5,2.0% Ramsey,risk_aversion,combined,0,967.9792444425769,0.6397070978097713
9072,euler_ramsey,0.5,2.5% Ramsey,risk_aversion,combined,0,586.97627786422,0.5754363157021788
9073,euler_ramsey,0.5,1.5% Ramsey,risk_aversion,combined,0,649.355126934503,0.736394857379314
9073,euler_ramsey,0.5,2.0% Ramsey,risk_aversion,combined,0,571.2359846600872,0.6549602615425167
9073,euler_ramsey,0.5,2.5% Ramsey,risk_aversion,combined,0,448.7291349631515,0.5916791622777028
9074,euler_ramsey,0.5,1.5% Ramsey,risk_aversion,combined,0,332.0598036936326,2.65913362406721
9074,euler_ramsey,0.5,2.0% Ramsey,risk_aversion,combined,0,243.04936406471538,3.1538294706207823
9074,euler_ramsey,0.5,2.5% Ramsey,risk_aversion,combined,0,176.2771709172276,3.55909869333499
9075,euler_ramsey,0.5,1.5% Ramsey,risk_aversion,combined,0,161.7584573242708,1.1860074111919896
9075,euler_ramsey,0.5,2.0% Ramsey,risk_aversion,combined,0,131.91024337380267,1.1718922053228544
9075,euler_ramsey,0.5,2.5% Ramsey,risk_aversion,combined,0,105.35752108111973,1.1481234050780016
9076,euler_ramsey,0.5,1.5% Ramsey,risk_aversion,combined,0,722.7463039820365,0.44514067949511343
9076,euler_ramsey,0.5,2.0% Ramsey,risk_aversion,combined,0,415.2131328699782,0.35270657393070354
9076,euler_ramsey,0.5,2.5% Ramsey,risk_aversion,combined,0,257.01626041253536,0.2912947824961929
9077,euler_ramsey,0.5,1.5% Ramsey,risk_aversion,combined,0,-376.1259978355508,0.6092685284664991
9077,euler_ramsey,0.5,2.0% Ramsey,risk_aversion,combined,0,-233.66037535298125,0.5185029808590451
9077,euler_ramsey,0.5,2.5% Ramsey,risk_aversion,combined,0,-147.95040079265,0.45257259448006065
9078,euler_ramsey,0.5,1.5% Ramsey,risk_aversion,combined,0,477.44257977988406,1.7320926168465993
9078,euler_ramsey,0.5,2.0% Ramsey,risk_aversion,combined,0,350.85376584261803,1.8652892408925947
9078,euler_ramsey,0.5,2.5% Ramsey,risk_aversion,combined,0,238.27454170805922,1.9534680547776062
9079,euler_ramsey,0.5,1.5% Ramsey,risk_aversion,combined,0,1783.783248084748,0.9981722200558873
9079,euler_ramsey,0.5,2.0% Ramsey,risk_aversion,combined,0,1615.0829643168488,0.9500846719096456
9079,euler_ramsey,0.5,2.5% Ramsey,risk_aversion,combined,0,1276.1024746527569,0.9045118991989939
9080,euler_ramsey,0.5,1.5% Ramsey,risk_aversion,combined,0,-1244.2935579497291,0.3135720661372048
9080,euler_ramsey,0.5,2.0% Ramsey,risk_aversion,combined,0,-768.9936003322376,0.22979558379368614
9080,euler_ramsey,0.5,2.5% Ramsey,risk_aversion,combined,0,-508.05543953026165,0.17866703236373943
9081,euler_ramsey,0.5,1.5% Ramsey,risk_aversion,combined,0,1292.8524232977443,1.8321176451173224
9081,euler_ramsey,0.5,2.0% Ramsey,risk_aversion,combined,0,1040.9087105059666,1.9991483027528592
9081,euler_ramsey,0.5,2.5% Ramsey,risk_aversion,combined,0,782.1515465615956,2.1152795652369076
9082,euler_ramsey,0.5,1.5% Ramsey,risk_aversion,combined,0,463.16618552184275,1.3931321181537184
9082,euler_ramsey,0.5,2.0% Ramsey,risk_aversion,combined,0,340.8014956370529,1.428450089675572
9082,euler_ramsey,0.5,2.5% Ramsey,risk_aversion,combined,0,254.1651687958453,1.4402999663849207
9083,euler_ramsey,0.5,1.5% Ramsey,risk_aversion,combined,0,384.9247095035898,1.204870063518456
9083,euler_ramsey,0.5,2.0% Ramsey,risk_aversion,combined,0,268.86921055600027,1.195277163534778
9083,euler_ramsey,0.5,2.5% Ramsey,risk_aversion,combined,0,185.7717393402975,1.1748212046539654
9084,euler_ramsey,0.5,1.5% Ramsey,risk_aversion,combined,0,1095.4086110030235,0.5339840460621978
9084,euler_ramsey,0.5,2.0% Ramsey,risk_aversion,combined,0,584.7971760186348,0.44088640737232637
9084,euler_ramsey,0.5,2.5% Ramsey,risk_aversion,combined,0,346.179480748809,0.3759148174193796
9085,euler_ramsey,0.5,1.5% Ramsey,risk_aversion,combined,0,149.90822293974244,0.7408945411787488
9085,euler_ramsey,0.5,2.0% Ramsey,risk_aversion,combined,0,132.25442407120138,0.658618109596799
9085,euler_ramsey,0.5,2.5% Ramsey,risk_aversion,combined,0,103.29173926360558,0.5945776473127737
9086,euler_ramsey,0.5,1.5% Ramsey,risk_aversion,combined,0,241.5230910784534,0.5126705408438765
9086,euler_ramsey,0.5,2.0% Ramsey,risk_aversion,combined,0,217.10948432565135,0.41943097029837195
9086,euler_ramsey,0.5,2.5% Ramsey,risk_aversion,combined,0,187.00589754428293,0.35509634753919384
9087,euler_ramsey,0.5,1.5% Ramsey,risk_aversion,combined,0,1840.2359195910085,0.17759195355455082
9087,euler_ramsey,0.5,2.0% Ramsey,risk_aversion,combined,0,1055.2868564927367,0.11444846304602152
9087,euler_ramsey,0.5,2.5% Ramsey,risk_aversion,combined,0,605.0728948490053,0.08056119466774364
9088,euler_ramsey,0.5,1.5% Ramsey,risk_aversion,combined,0,37.72803267740462,0.7949429472878704
9088,euler_ramsey,0.5,2.0% Ramsey,risk_aversion,combined,0,34.4755400525441,0.7182523286904575
9088,euler_ramsey,0.5,2.5% Ramsey,risk_aversion,combined,0,32.56051652950852,0.6566637313116589
9089,euler_ramsey,0.5,1.5% Ramsey,risk_aversion,combined,0,211.21196843666618,0.5437364369260403
9089,euler_ramsey,0.5,2.0% Ramsey,risk_aversion,combined,0,154.44545391439527,0.45063070535070204
9089,euler_ramsey,0.5,2.5% Ramsey,risk_aversion,combined,0,102.06697375609222,0.3853273531377369
9090,euler_ramsey,0.5,1.5% Ramsey,risk_aversion,combined,0,105.43071088845745,1.7466793100850133
9090,euler_ramsey,0.5,2.0% Ramsey,risk_aversion,combined,0,83.16858120381458,1.883945185872918
9090,euler_ramsey,0.5,2.5% Ramsey,risk_aversion,combined,0,65.47707489766991,1.9752777505293218
9091,euler_ramsey,0.5,1.5% Ramsey,risk_aversion,combined,0,387.5596965647846,1.2116852014434234
9091,euler_ramsey,0.5,2.0% Ramsey,risk_aversion,combined,0,247.81008503580964,1.2041336298483198
9091,euler_ramsey,0.5,2.5% Ramsey,risk_aversion,combined,0,166.49871924230544,1.185066330940928
9092,euler_ramsey,0.5,1.5% Ramsey,risk_aversion,combined,0,-1436.8386933014299,0.3703324735836512
9092,euler_ramsey,0.5,2.0% Ramsey,risk_aversion,combined,0,-1401.295030232626,0.28166830462028225
9092,euler_ramsey,0.5,2.5% Ramsey,risk_aversion,combined,0,-1131.4930305732005,0.22538214608283966
9093,euler_ramsey,0.5,1.5% Ramsey,risk_aversion,combined,0,401.69229781480374,0.974423384513765
9093,euler_ramsey,0.5,2.0% Ramsey,risk_aversion,combined,0,315.8792848939984,0.9227819440665996
9093,euler_ramsey,0.5,2.5% Ramsey,risk_aversion,combined,0,232.46413148193736,0.874967353849865
9094,euler_ramsey,0.5,1.5% Ramsey,risk_aversion,combined,0,233.7927910495864,1.5493233152656825
9094,euler_ramsey,0.5,2.0% Ramsey,risk_aversion,combined,0,167.24699170971158,1.6280592076560714
9094,euler_ramsey,0.5,2.5% Ramsey,risk_aversion,combined,0,119.5142115764768,1.6731693205897142
9095,euler_ramsey,0.5,1.5% Ramsey,risk_aversion,combined,0,414.9945542242594,1.305463839434357
9095,euler_ramsey,0.5,2.0% Ramsey,risk_aversion,combined,0,306.1421147643113,1.31893479757249
9095,euler_ramsey,0.5,2.5% Ramsey,risk_aversion,combined,0,220.04614296182024,1.3147219917476174
9096,euler_ramsey,0.5,1.5% Ramsey,risk_aversion,combined,0,622.5767862564006,1.6779979699164005
9096,euler_ramsey,0.5,2.0% Ramsey,risk_aversion,combined,0,450.1683785184354,1.794552628500312
9096,euler_ramsey,0.5,2.5% Ramsey,risk_aversion,combined,0,311.1674057563161,1.8694381431502138
9097,euler_ramsey,0.5,1.5% Ramsey,risk_aversion,combined,0,778.2708701847725,0.6071374196288094
9097,euler_ramsey,0.5,2.0% Ramsey,risk_aversion,combined,0,617.5264866636171,0.51581381578393
9097,euler_ramsey,0.5,2.5% Ramsey,risk_aversion,combined,0,448.41356714297143,0.44961216417723643
9098,euler_ramsey,0.5,1.5% Ramsey,risk_aversion,combined,0,126.99534672629181,0.9261450750295582
9098,euler_ramsey,0.5,2.0% Ramsey,risk_aversion,combined,0,86.0145115441214,0.865744753078221
9098,euler_ramsey,0.5,2.5% Ramsey,risk_aversion,combined,0,57.49199331994588,0.8125830767706212
9099,euler_ramsey,0.5,1.5% Ramsey,risk_aversion,combined,0,-149.65816496168398,0.531093292986953
9099,euler_ramsey,0.5,2.0% Ramsey,risk_aversion,combined,0,-135.66993243986934,0.4379589281878224
9099,euler_ramsey,0.5,2.5% Ramsey,risk_aversion,combined,0,-110.5955505396718,0.37305310511946527
9100,euler_ramsey,0.5,1.5% Ramsey,risk_aversion,combined,0,-29.84315678886251,1.1674591509555716
9100,euler_ramsey,0.5,2.0% Ramsey,risk_aversion,combined,0,-41.85412899580406,1.1501581947805686
9100,euler_ramsey,0.5,2.5% Ramsey,risk_aversion,combined,0,-32.916297269893036,1.1243154039352716
9101,euler_ramsey,0.5,1.5% Ramsey,risk_aversion,combined,0,953.2032675606646,0.8976535860527453
9101,euler_ramsey,0.5,2.0% Ramsey,risk_aversion,combined,0,661.7480317856993,0.8341886185000712
9101,euler_ramsey,0.5,2.5% Ramsey,risk_aversion,combined,0,465.1697417316549,0.7795060452957183
9102,euler_ramsey,0.5,1.5% Ramsey,risk_aversion,combined,0,846.7626533625205,0.7413808828954758
9102,euler_ramsey,0.5,2.0% Ramsey,risk_aversion,combined,0,721.9073142848662,0.6598629769146914
9102,euler_ramsey,0.5,2.5% Ramsey,risk_aversion,combined,0,567.6098710790234,0.5964025329300768
9103,euler_ramsey,0.5,1.5% Ramsey,risk_aversion,combined,0,189.81083447181,0.4733929015666532
9103,euler_ramsey,0.5,2.0% Ramsey,risk_aversion,combined,0,132.48007675860626,0.38029508226704
9103,euler_ramsey,0.5,2.5% Ramsey,risk_aversion,combined,0,91.13456424291536,0.31744139272497024
9104,euler_ramsey,0.5,1.5% Ramsey,risk_aversion,combined,0,573.006117647907,1.2568367350388574
9104,euler_ramsey,0.5,2.0% Ramsey,risk_aversion,combined,0,394.81395254441304,1.2588756731555049
9104,euler_ramsey,0.5,2.5% Ramsey,risk_aversion,combined,0,268.4453126379905,1.2464668344133183
9105,euler_ramsey,0.5,1.5% Ramsey,risk_aversion,combined,0,-4.133421982026007,0.3943135277026703
9105,euler_ramsey,0.5,2.0% Ramsey,risk_aversion,combined,0,73.3906731003724,0.3040300472127292
9105,euler_ramsey,0.5,2.5% Ramsey,risk_aversion,combined,0,79.23377275000851,0.2458534960392625
9106,euler_ramsey,0.5,1.5% Ramsey,risk_aversion,combined,0,641.0350387214726,0.5330629461089018
9106,euler_ramsey,0.5,2.0% Ramsey,risk_aversion,combined,0,524.0819680656672,0.4399106885241619
9106,euler_ramsey,0.5,2.5% Ramsey,risk_aversion,combined,0,394.31907594542577,0.37493710404910885
9107,euler_ramsey,0.5,1.5% Ramsey,risk_aversion,combined,0,268.29297967020756,0.4933641350627615
9107,euler_ramsey,0.5,2.0% Ramsey,risk_aversion,combined,0,250.51944835967927,0.4000357003886966
9107,euler_ramsey,0.5,2.5% Ramsey,risk_aversion,combined,0,214.72125156712605,0.3363246275303363
9108,euler_ramsey,0.5,1.5% Ramsey,risk_aversion,combined,0,567.1052378311302,0.5069385533634205
9108,euler_ramsey,0.5,2.0% Ramsey,risk_aversion,combined,0,463.91261460073554,0.4137186688302924
9108,euler_ramsey,0.5,2.5% Ramsey,risk_aversion,combined,0,343.0515394784241,0.3495894382450777
9109,euler_ramsey,0.5,1.5% Ramsey,risk_aversion,combined,0,129.05463151724143,1.1991306163272661
9109,euler_ramsey,0.5,2.0% Ramsey,risk_aversion,combined,0,84.78772327148104,1.1887339784930357
9109,euler_ramsey,0.5,2.5% Ramsey,risk_aversion,combined,0,57.139848976606004,1.167660275028995
9110,euler_ramsey,0.5,1.5% Ramsey,risk_aversion,combined,0,1368.8097230784017,0.6118005029258962
9110,euler_ramsey,0.5,2.0% Ramsey,risk_aversion,combined,0,1009.2154537224131,0.5219209925354771
9110,euler_ramsey,0.5,2.5% Ramsey,risk_aversion,combined,0,718.3893779794415,0.4564953087849027
9111,euler_ramsey,0.5,1.5% Ramsey,risk_aversion,combined,0,232.95469969966024,1.3388472087357357
9111,euler_ramsey,0.5,2.0% Ramsey,risk_aversion,combined,0,150.56463694415402,1.3601796040539984
9111,euler_ramsey,0.5,2.5% Ramsey,risk_aversion,combined,0,102.31230332215611,1.3616320367292796
9112,euler_ramsey,0.5,1.5% Ramsey,risk_aversion,combined,0,-45.93678525658715,0.6880413610406347
9112,euler_ramsey,0.5,2.0% Ramsey,risk_aversion,combined,0,-60.60223765262922,0.6013855240158058
9112,euler_ramsey,0.5,2.5% Ramsey,risk_aversion,combined,0,-58.93869747519484,0.5358548163988763
9113,euler_ramsey,0.5,1.5% Ramsey,risk_aversion,combined,0,9229.304155515369,0.13200563843592245
9113,euler_ramsey,0.5,2.0% Ramsey,risk_aversion,combined,0,6895.649829058852,0.0797200424028769
9113,euler_ramsey,0.5,2.5% Ramsey,risk_aversion,combined,0,5088.867407687101,0.053374716315970364
9114,euler_ramsey,0.5,1.5% Ramsey,risk_aversion,combined,0,1400.998837684633,0.9583150663938792
9114,euler_ramsey,0.5,2.0% Ramsey,risk_aversion,combined,0,1144.2133805170738,0.9037072771188777
9114,euler_ramsey,0.5,2.5% Ramsey,risk_aversion,combined,0,859.056710681484,0.8540876876143729
9115,euler_ramsey,0.5,1.5% Ramsey,risk_aversion,combined,0,102.50357939225401,1.3332106162109743
9115,euler_ramsey,0.5,2.0% Ramsey,risk_aversion,combined,0,83.01672173236916,1.3543267626420648
9115,euler_ramsey,0.5,2.5% Ramsey,risk_aversion,combined,0,63.111810899303016,1.35579669257149
9116,euler_ramsey,0.5,1.5% Ramsey,risk_aversion,combined,0,551.1748731471292,0.7811193872945315
9116,euler_ramsey,0.5,2.0% Ramsey,risk_aversion,combined,0,440.3132223858992,0.7026282192206732
9116,euler_ramsey,0.5,2.5% Ramsey,risk_aversion,combined,0,317.7853168982556,0.6401401982772165
9117,euler_ramsey,0.5,1.5% Ramsey,risk_aversion,combined,0,852.5289738637232,0.884463928799872
9117,euler_ramsey,0.5,2.0% Ramsey,risk_aversion,combined,0,695.0557911008015,0.8197068621338377
9117,euler_ramsey,0.5,2.5% Ramsey,risk_aversion,combined,0,549.2553943034927,0.7644965182156902
9118,euler_ramsey,0.5,1.5% Ramsey,risk_aversion,combined,0,326.5334129931489,0.631358699247052
9118,euler_ramsey,0.5,2.0% Ramsey,risk_aversion,combined,0,221.69126986769464,0.5413168906714242
9118,euler_ramsey,0.5,2.5% Ramsey,risk_aversion,combined,0,150.8536390748401,0.4752024696694536
9119,euler_ramsey,0.5,1.5% Ramsey,risk_aversion,combined,0,-867.6261068040849,0.15997045333668464
9119,euler_ramsey,0.5,2.0% Ramsey,risk_aversion,combined,0,-539.1100836609206,0.10070939144202479
9119,euler_ramsey,0.5,2.5% Ramsey,risk_aversion,combined,0,-363.64445572567854,0.06961890730354747
9120,euler_ramsey,0.5,1.5% Ramsey,risk_aversion,combined,0,1029.1744681393955,0.6295173916382563
9120,euler_ramsey,0.5,2.0% Ramsey,risk_aversion,combined,0,795.7285411381886,0.5402612471408282
9120,euler_ramsey,0.5,2.5% Ramsey,risk_aversion,combined,0,596.3536284378845,0.47470975501881923
9121,euler_ramsey,0.5,1.5% Ramsey,risk_aversion,combined,0,2659.2927003652053,0.35235003130908077
9121,euler_ramsey,0.5,2.0% Ramsey,risk_aversion,combined,0,1614.3572976686662,0.2652913399915302
9121,euler_ramsey,0.5,2.5% Ramsey,risk_aversion,combined,0,1036.5180920791722,0.21064954884400455
9122,euler_ramsey,0.5,1.5% Ramsey,risk_aversion,combined,0,294.5700967717281,2.7371510624101614
9122,euler_ramsey,0.5,2.0% Ramsey,risk_aversion,combined,0,206.63771228790685,3.2671181695755434
9122,euler_ramsey,0.5,2.5% Ramsey,risk_aversion,combined,0,146.97828220739623,3.705073283090682
9123,euler_ramsey,0.5,1.5% Ramsey,risk_aversion,combined,0,21989.31294208604,0.3074275666171461
9123,euler_ramsey,0.5,2.0% Ramsey,risk_aversion,combined,0,6459.653511272321,0.2252936100834871
9123,euler_ramsey,0.5,2.5% Ramsey,risk_aversion,combined,0,2863.643702379469,0.17524591483030585
9124,euler_ramsey,0.5,1.5% Ramsey,risk_aversion,combined,0,60.14932482055679,0.7939115953591931
9124,euler_ramsey,0.5,2.0% Ramsey,risk_aversion,combined,0,47.45087081769641,0.717344445652618
9124,euler_ramsey,0.5,2.5% Ramsey,risk_aversion,combined,0,36.52726305666004,0.6558478590177468
9125,euler_ramsey,0.5,1.5% Ramsey,risk_aversion,combined,0,1196.8986655074425,0.4082819223789205
9125,euler_ramsey,0.5,2.0% Ramsey,risk_aversion,combined,0,1049.8493577270106,0.31742937507388236
9125,euler_ramsey,0.5,2.5% Ramsey,risk_aversion,combined,0,806.2708940798776,0.2583565267005715
9126,euler_ramsey,0.5,1.5% Ramsey,risk_aversion,combined,0,92.25068880146378,1.6804656578399746
9126,euler_ramsey,0.5,2.0% Ramsey,risk_aversion,combined,0,73.30285247783452,1.7971424114119652
9126,euler_ramsey,0.5,2.5% Ramsey,risk_aversion,combined,0,63.21730943108918,1.8719536820527238
9127,euler_ramsey,0.5,1.5% Ramsey,risk_aversion,combined,0,-4.615291065720696,0.32440610297596967
9127,euler_ramsey,0.5,2.0% Ramsey,risk_aversion,combined,0,-52.51183082960388,0.23948112109858938
9127,euler_ramsey,0.5,2.5% Ramsey,risk_aversion,combined,0,-49.38392877107784,0.18725142211957707
9128,euler_ramsey,0.5,1.5% Ramsey,risk_aversion,combined,0,205.73393276089664,0.7622840280107867
9128,euler_ramsey,0.5,2.0% Ramsey,risk_aversion,combined,0,191.5732434062055,0.6819869028672325
9128,euler_ramsey,0.5,2.5% Ramsey,risk_aversion,combined,0,155.56949704256587,0.6187334313348045
9129,euler_ramsey,0.5,1.5% Ramsey,risk_aversion,combined,0,119.78659017599986,1.6634781727442782
9129,euler_ramsey,0.5,2.0% Ramsey,risk_aversion,combined,0,64.66166540537508,1.7749020660166186
9129,euler_ramsey,0.5,2.5% Ramsey,risk_aversion,combined,0,35.26702419671777,1.8454418371316397
9130,euler_ramsey,0.5,1.5% Ramsey,risk_aversion,combined,0,399.1383841768744,1.4283997396242165
9130,euler_ramsey,0.5,2.0% Ramsey,risk_aversion,combined,0,249.61581469609604,1.4727351859798303
9130,euler_ramsey,0.5,2.5% Ramsey,risk_aversion,combined,0,155.7345519578924,1.4912789773966064
9131,euler_ramsey,0.5,1.5% Ramsey,risk_aversion,combined,0,318.9186682941442,1.2963057188928442
9131,euler_ramsey,0.5,2.0% Ramsey,risk_aversion,combined,0,248.21273505657666,1.3075674531004948
9131,euler_ramsey,0.5,2.5% Ramsey,risk_aversion,combined,0,175.02451905687127,1.301781609474276
9132,euler_ramsey,0.5,1.5% Ramsey,risk_aversion,combined,0,178.53676614377184,0.5339157840672469
9132,euler_ramsey,0.5,2.0% Ramsey,risk_aversion,combined,0,85.49191369090728,0.44140800669620983
9132,euler_ramsey,0.5,2.5% Ramsey,risk_aversion,combined,0,47.314552935381506,0.37677162635053074
9133,euler_ramsey,0.5,1.5% Ramsey,risk_aversion,combined,0,-2145.996358076513,0.39710654164126896
9133,euler_ramsey,0.5,2.0% Ramsey,risk_aversion,combined,0,-1108.999460000615,0.3066895478851928
9133,euler_ramsey,0.5,2.5% Ramsey,risk_aversion,combined,0,-614.9075368552491,0.24831889723121575
9134,euler_ramsey,0.5,1.5% Ramsey,risk_aversion,combined,0,271.73453538989804,0.18799876700255863
9134,euler_ramsey,0.5,2.0% Ramsey,risk_aversion,combined,0,153.23592031230447,0.12270748705598945
9134,euler_ramsey,0.5,2.5% Ramsey,risk_aversion,combined,0,92.16698591352505,0.08722861216882345
9135,euler_ramsey,0.5,1.5% Ramsey,risk_aversion,combined,0,2083.551310923291,0.5163002585700099
9135,euler_ramsey,0.5,2.0% Ramsey,risk_aversion,combined,0,1697.0631845772377,0.4235219720929225
9135,euler_ramsey,0.5,2.5% Ramsey,risk_aversion,combined,0,1229.6973336871242,0.3593340522673076
9136,euler_ramsey,0.5,1.5% Ramsey,risk_aversion,combined,0,474.5400601029016,1.57314746224705
9136,euler_ramsey,0.5,2.0% Ramsey,risk_aversion,combined,0,376.3074232068577,1.658410357941424
9136,euler_ramsey,0.5,2.5% Ramsey,risk_aversion,combined,0,291.82547526653394,1.7085698279137538
9137,euler_ramsey,0.5,1.5% Ramsey,risk_aversion,combined,0,37.78381859527421,0.9369460133814679
9137,euler_ramsey,0.5,2.0% Ramsey,risk_aversion,combined,0,36.88926790650532,0.8780774475732046
9137,euler_ramsey,0.5,2.5% Ramsey,risk_aversion,combined,0,33.81551212236463,0.8257650238998359
9138,euler_ramsey,0.5,1.5% Ramsey,risk_aversion,combined,0,555.160249197676,1.236832989084935
9138,euler_ramsey,0.5,2.0% Ramsey,risk_aversion,combined,0,417.85071320519916,1.234778082366446
9138,euler_ramsey,0.5,2.5% Ramsey,risk_aversion,combined,0,316.5133638103048,1.2195405553219698
9139,euler_ramsey,0.5,1.5% Ramsey,risk_aversion,combined,0,1564.9719853072102,0.41626055271689627
9139,euler_ramsey,0.5,2.0% Ramsey,risk_aversion,combined,0,1276.6428409644304,0.32498703213602415
9139,euler_ramsey,0.5,2.5% Ramsey,risk_aversion,combined,0,940.7272404642488,0.2653604272415973
9140,euler_ramsey,0.5,1.5% Ramsey,risk_aversion,combined,0,709.4417992192211,0.8871616726941582
9140,euler_ramsey,0.5,2.0% Ramsey,risk_aversion,combined,0,560.01603930217,0.8220348719444863
9140,euler_ramsey,0.5,2.5% Ramsey,risk_aversion,combined,0,415.5082871710357,0.7664045373233147
9141,euler_ramsey,0.5,1.5% Ramsey,risk_aversion,combined,0,822.7091393606945,1.060117161908453
9141,euler_ramsey,0.5,2.0% Ramsey,risk_aversion,combined,0,638.9329210826182,1.0231350993366835
9141,euler_ramsey,0.5,2.5% Ramsey,risk_aversion,combined,0,455.04462405898676,0.9845073846451867
9142,euler_ramsey,0.5,1.5% Ramsey,risk_aversion,combined,0,193.16820268985666,1.8548503984487148
9142,euler_ramsey,0.5,2.0% Ramsey,risk_aversion,combined,0,159.19120134812016,2.028098351629144
9142,euler_ramsey,0.5,2.5% Ramsey,risk_aversion,combined,0,127.24032202484615,2.1491292952919077
9143,euler_ramsey,0.5,1.5% Ramsey,risk_aversion,combined,0,344.13432392794766,0.9653234380886454
9143,euler_ramsey,0.5,2.0% Ramsey,risk_aversion,combined,0,216.65085801962758,0.9119225775645606
9143,euler_ramsey,0.5,2.5% Ramsey,risk_aversion,combined,0,129.1728547820477,0.8630097853632398
9144,euler_ramsey,0.5,1.5% Ramsey,risk_aversion,combined,0,373.7192027878194,1.0190943581840362
9144,euler_ramsey,0.5,2.0% Ramsey,risk_aversion,combined,0,356.3734123951846,0.9734707227525389
9144,euler_ramsey,0.5,2.5% Ramsey,risk_aversion,combined,0,300.4791197144937,0.9291856975349345
9145,euler_ramsey,0.5,1.5% Ramsey,risk_aversion,combined,0,605.3627470354971,0.9833248077288543
9145,euler_ramsey,0.5,2.0% Ramsey,risk_aversion,combined,0,416.298947396698,0.9335592956123976
9145,euler_ramsey,0.5,2.5% Ramsey,risk_aversion,combined,0,269.82866794692166,0.8870442012838196
9146,euler_ramsey,0.5,1.5% Ramsey,risk_aversion,combined,0,101.6492990856029,0.5419642172644645
9146,euler_ramsey,0.5,2.0% Ramsey,risk_aversion,combined,0,61.02188214070877,0.44882384388137675
9146,euler_ramsey,0.5,2.5% Ramsey,risk_aversion,combined,0,38.649273036404445,0.38355871250431645
9147,euler_ramsey,0.5,1.5% Ramsey,risk_aversion,combined,0,892.0178370532624,1.2077472382843433
9147,euler_ramsey,0.5,2.0% Ramsey,risk_aversion,combined,0,662.3867210256255,1.2010296556251028
9147,euler_ramsey,0.5,2.5% Ramsey,risk_aversion,combined,0,483.0325774424684,1.1829476524773779
9148,euler_ramsey,0.5,1.5% Ramsey,risk_aversion,combined,0,2064.4708567053103,1.2088630103656903
9148,euler_ramsey,0.5,2.0% Ramsey,risk_aversion,combined,0,1625.9928660118792,1.2044250658540072
9148,euler_ramsey,0.5,2.5% Ramsey,risk_aversion,combined,0,1194.7310622304828,1.188190030246147
9149,euler_ramsey,0.5,1.5% Ramsey,risk_aversion,combined,0,2995.80122229133,0.2537645206233293
9149,euler_ramsey,0.5,2.0% Ramsey,risk_aversion,combined,0,705.7009166313848,0.17723051835806947
9149,euler_ramsey,0.5,2.5% Ramsey,risk_aversion,combined,0,330.0400610160452,0.1327615805178088
9150,euler_ramsey,0.5,1.5% Ramsey,risk_aversion,combined,0,403.7654673630678,0.6779699984923111
9150,euler_ramsey,0.5,2.0% Ramsey,risk_aversion,combined,0,205.54089111488253,0.5908509966823958
9150,euler_ramsey,0.5,2.5% Ramsey,risk_aversion,combined,0,114.48978864057041,0.525318251736352
9151,euler_ramsey,0.5,1.5% Ramsey,risk_aversion,combined,0,3489.6290614347245,0.3452451035382065
9151,euler_ramsey,0.5,2.0% Ramsey,risk_aversion,combined,0,2263.838986081428,0.25875562497393917
9151,euler_ramsey,0.5,2.5% Ramsey,risk_aversion,combined,0,1459.1650355909198,0.20473448980411138
9152,euler_ramsey,0.5,1.5% Ramsey,risk_aversion,combined,0,-327.83741964143377,1.0818920256731297
9152,euler_ramsey,0.5,2.0% Ramsey,risk_aversion,combined,0,-250.85045389390984,1.0477937122179315
9152,euler_ramsey,0.5,2.5% Ramsey,risk_aversion,combined,0,-175.61246600373966,1.0107872193393348
9153,euler_ramsey,0.5,1.5% Ramsey,risk_aversion,combined,0,723.705439633025,1.941335709393684
9153,euler_ramsey,0.5,2.0% Ramsey,risk_aversion,combined,0,595.6800546890512,2.145495306506282
9153,euler_ramsey,0.5,2.5% Ramsey,risk_aversion,combined,0,455.2901437650114,2.2925035527692432
9154,euler_ramsey,0.5,1.5% Ramsey,risk_aversion,combined,0,333.4055832567647,0.8421068222169917
9154,euler_ramsey,0.5,2.0% Ramsey,risk_aversion,combined,0,246.94397428297017,0.7714114419174327
9154,euler_ramsey,0.5,2.5% Ramsey,risk_aversion,combined,0,178.79932857743032,0.7129199148994703
9155,euler_ramsey,0.5,1.5% Ramsey,risk_aversion,combined,0,130.77969921521563,1.4689979166785456
9155,euler_ramsey,0.5,2.0% Ramsey,risk_aversion,combined,0,106.52076386328605,1.524417686634059
9155,euler_ramsey,0.5,2.5% Ramsey,risk_aversion,combined,0,89.49136681903322,1.55144307669367
9156,euler_ramsey,0.5,1.5% Ramsey,risk_aversion,combined,0,336.0365300902494,0.9417598513751974
9156,euler_ramsey,0.5,2.0% Ramsey,risk_aversion,combined,0,276.68810560975777,0.8836809732954587
9156,euler_ramsey,0.5,2.5% Ramsey,risk_aversion,combined,0,224.28983816578446,0.8318779208023648
9157,euler_ramsey,0.5,1.5% Ramsey,risk_aversion,combined,0,129.63800647829606,1.773946573859167
9157,euler_ramsey,0.5,2.0% Ramsey,risk_aversion,combined,0,105.05336022139666,1.9203016644452116
9157,euler_ramsey,0.5,2.5% Ramsey,risk_aversion,combined,0,86.63526825668946,2.0191996487440145
9158,euler_ramsey,0.5,1.5% Ramsey,risk_aversion,combined,0,1335.178516757221,0.8441160538754598
9158,euler_ramsey,0.5,2.0% Ramsey,risk_aversion,combined,0,1124.2996286734383,0.7739055299890728
9158,euler_ramsey,0.5,2.5% Ramsey,risk_aversion,combined,0,848.7086359402612,0.7156561216488794
9159,euler_ramsey,0.5,1.5% Ramsey,risk_aversion,combined,0,-397.21724133554216,0.6986937160363057
9159,euler_ramsey,0.5,2.0% Ramsey,risk_aversion,combined,0,-270.2564538721161,0.6131256965416311
9159,euler_ramsey,0.5,2.5% Ramsey,risk_aversion,combined,0,-175.7635321722486,0.5480154502574874
9160,euler_ramsey,0.5,1.5% Ramsey,risk_aversion,combined,0,2304.462987710074,0.40440016333286366
9160,euler_ramsey,0.5,2.0% Ramsey,risk_aversion,combined,0,2080.364297744934,0.3143246517822294
9160,euler_ramsey,0.5,2.5% Ramsey,risk_aversion,combined,0,1681.66449094467,0.2558242023276994
9161,euler_ramsey,0.5,1.5% Ramsey,risk_aversion,combined,0,260.7733500600604,2.0681617899715894
9161,euler_ramsey,0.5,2.0% Ramsey,risk_aversion,combined,0,154.35614662073556,2.317767331686131
9161,euler_ramsey,0.5,2.5% Ramsey,risk_aversion,combined,0,99.4128000532964,2.5033237585396373
9162,euler_ramsey,0.5,1.5% Ramsey,risk_aversion,combined,0,-294.1482179128506,1.3264070853165602
9162,euler_ramsey,0.5,2.0% Ramsey,risk_aversion,combined,0,-231.57285252631056,1.3450004249972773
9162,euler_ramsey,0.5,2.5% Ramsey,risk_aversion,combined,0,-161.8120741835768,1.3444704624056916
9163,euler_ramsey,0.5,1.5% Ramsey,risk_aversion,combined,0,2511.907518567083,0.3069788732376463
9163,euler_ramsey,0.5,2.0% Ramsey,risk_aversion,combined,0,1231.9481513898106,0.22378325070487343
9163,euler_ramsey,0.5,2.5% Ramsey,risk_aversion,combined,0,678.2739725846627,0.17328430045763496
9164,euler_ramsey,0.5,1.5% Ramsey,risk_aversion,combined,0,-366.66508240283696,1.0754562382625104
9164,euler_ramsey,0.5,2.0% Ramsey,risk_aversion,combined,0,-253.31200599604313,1.039221340844018
9164,euler_ramsey,0.5,2.5% Ramsey,risk_aversion,combined,0,-167.88554937775712,1.000692320173646
9165,euler_ramsey,0.5,1.5% Ramsey,risk_aversion,combined,0,4487.90690621971,0.7855261259212469
9165,euler_ramsey,0.5,2.0% Ramsey,risk_aversion,combined,0,4264.202595965884,0.7107869247019294
9165,euler_ramsey,0.5,2.5% Ramsey,risk_aversion,combined,0,3544.4693309928994,0.6508337918181696
9166,euler_ramsey,0.5,1.5% Ramsey,risk_aversion,combined,0,575.0036859589575,0.8338616272423016
9166,euler_ramsey,0.5,2.0% Ramsey,risk_aversion,combined,0,545.9841242196708,0.7633124317464136
9166,euler_ramsey,0.5,2.5% Ramsey,risk_aversion,combined,0,485.48550648792974,0.7051071459781559
9167,euler_ramsey,0.5,1.5% Ramsey,risk_aversion,combined,0,-62.04700331554799,0.734800620118694
9167,euler_ramsey,0.5,2.0% Ramsey,risk_aversion,combined,0,-30.498460453323233,0.6528007006321818
9167,euler_ramsey,0.5,2.5% Ramsey,risk_aversion,combined,0,-11.3639620656698,0.5891240916775604
9168,euler_ramsey,0.5,1.5% Ramsey,risk_aversion,combined,0,451.8369469994526,0.9859036976609553
9168,euler_ramsey,0.5,2.0% Ramsey,risk_aversion,combined,0,354.08804690917003,0.9350598814755348
9168,euler_ramsey,0.5,2.5% Ramsey,risk_aversion,combined,0,257.16201304019904,0.8876116827854675
9169,euler_ramsey,0.5,1.5% Ramsey,risk_aversion,combined,0,490.69313882616444,1.9475325728931288
9169,euler_ramsey,0.5,2.0% Ramsey,risk_aversion,combined,0,337.2491129872587,2.15360650950657
9169,euler_ramsey,0.5,2.5% Ramsey,risk_aversion,combined,0,231.30147049524265,2.3021631658724937
9170,euler_ramsey,0.5,1.5% Ramsey,risk_aversion,combined,0,1360.3135355626882,0.7518306437768006
9170,euler_ramsey,0.5,2.0% Ramsey,risk_aversion,combined,0,967.3357458678358,0.6725751898353963
9170,euler_ramsey,0.5,2.5% Ramsey,risk_aversion,combined,0,665.7541557267315,0.6103391217382256
9171,euler_ramsey,0.5,1.5% Ramsey,risk_aversion,combined,0,1560.8034142123054,0.788433891593482
9171,euler_ramsey,0.5,2.0% Ramsey,risk_aversion,combined,0,1200.464234621902,0.7115743705344775
9171,euler_ramsey,0.5,2.5% Ramsey,risk_aversion,combined,0,822.2082942507275,0.6501034344438567
9172,euler_ramsey,0.5,1.5% Ramsey,risk_aversion,combined,0,4007.4033028111644,0.38383901635466305
9172,euler_ramsey,0.5,2.0% Ramsey,risk_aversion,combined,0,2689.0422401870587,0.2943990004130513
9172,euler_ramsey,0.5,2.5% Ramsey,risk_aversion,combined,0,1699.1729748417504,0.2371163028302501
9173,euler_ramsey,0.5,1.5% Ramsey,risk_aversion,combined,0,235.6582002460735,0.5423009922196312
9173,euler_ramsey,0.5,2.0% Ramsey,risk_aversion,combined,0,328.39316585730967,0.4495218140624723
9173,euler_ramsey,0.5,2.5% Ramsey,risk_aversion,combined,0,344.53872056598743,0.38446558712946516
9174,euler_ramsey,0.5,1.5% Ramsey,risk_aversion,combined,0,1348.779676626214,0.17762167626867872
9174,euler_ramsey,0.5,2.0% Ramsey,risk_aversion,combined,0,786.1610312351153,0.11450033981692721
9174,euler_ramsey,0.5,2.5% Ramsey,risk_aversion,combined,0,548.5542451792556,0.08061770926223004
9175,euler_ramsey,0.5,1.5% Ramsey,risk_aversion,combined,0,405.24121074943565,1.2320686118673687
9175,euler_ramsey,0.5,2.0% Ramsey,risk_aversion,combined,0,308.7458005922482,1.228810357857989
9175,euler_ramsey,0.5,2.5% Ramsey,risk_aversion,combined,0,230.8645077341119,1.2127355263508661
9176,euler_ramsey,0.5,1.5% Ramsey,risk_aversion,combined,0,810.7044632586678,0.849214378995094
9176,euler_ramsey,0.5,2.0% Ramsey,risk_aversion,combined,0,598.6948687702305,0.7790599158877403
9176,euler_ramsey,0.5,2.5% Ramsey,risk_aversion,combined,0,401.50848389813194,0.7207424666037203
9177,euler_ramsey,0.5,1.5% Ramsey,risk_aversion,combined,0,5888.549829046644,0.3934901074927456
9177,euler_ramsey,0.5,2.0% Ramsey,risk_aversion,combined,0,3441.6391769454585,0.30372375908822197
9177,euler_ramsey,0.5,2.5% Ramsey,risk_aversion,combined,0,2031.039865473575,0.24584872171418967
9178,euler_ramsey,0.5,1.5% Ramsey,risk_aversion,combined,0,-295.5778080212444,0.4769354256080577
9178,euler_ramsey,0.5,2.0% Ramsey,risk_aversion,combined,0,-211.84768912513303,0.3837952838725213
9178,euler_ramsey,0.5,2.5% Ramsey,risk_aversion,combined,0,-137.3906189505762,0.32078484453813016
9179,euler_ramsey,0.5,1.5% Ramsey,risk_aversion,combined,0,305.6898882793446,2.037498929072497
9179,euler_ramsey,0.5,2.0% Ramsey,risk_aversion,combined,0,223.3041286344045,2.2757062812149553
9179,euler_ramsey,0.5,2.5% Ramsey,risk_aversion,combined,0,157.45069971026305,2.4514857518492628
9180,euler_ramsey,0.5,1.5% Ramsey,risk_aversion,combined,0,823.7575362041055,0.5876877502745567
9180,euler_ramsey,0.5,2.0% Ramsey,risk_aversion,combined,0,352.6362415998801,0.495831803018309
9180,euler_ramsey,0.5,2.5% Ramsey,risk_aversion,combined,0,185.54696605350597,0.4298889029057192
9181,euler_ramsey,0.5,1.5% Ramsey,risk_aversion,combined,0,571.6284872323064,0.8251956471004689
9181,euler_ramsey,0.5,2.0% Ramsey,risk_aversion,combined,0,481.8320668388278,0.7524115718418575
9181,euler_ramsey,0.5,2.5% Ramsey,risk_aversion,combined,0,371.2612243742179,0.6927950984273707
9182,euler_ramsey,0.5,1.5% Ramsey,risk_aversion,combined,0,3488.976973128572,0.34831494145981895
9182,euler_ramsey,0.5,2.0% Ramsey,risk_aversion,combined,0,2701.955137979686,0.26168963050456284
9182,euler_ramsey,0.5,2.5% Ramsey,risk_aversion,combined,0,1912.88258854762,0.20745255863994944
9183,euler_ramsey,0.5,1.5% Ramsey,risk_aversion,combined,0,2849.660842109674,0.6259199622022183
9183,euler_ramsey,0.5,2.0% Ramsey,risk_aversion,combined,0,2150.359040418372,0.5364176064924309
9183,euler_ramsey,0.5,2.5% Ramsey,risk_aversion,combined,0,1459.7364119662047,0.4708145832150136
9184,euler_ramsey,0.5,1.5% Ramsey,risk_aversion,combined,0,-883.8170747820114,0.235992891199763
9184,euler_ramsey,0.5,2.0% Ramsey,risk_aversion,combined,0,-432.6991262162977,0.16212239297689446
9184,euler_ramsey,0.5,2.5% Ramsey,risk_aversion,combined,0,-268.53709247603933,0.11990105374771275
9185,euler_ramsey,0.5,1.5% Ramsey,risk_aversion,combined,0,-353.2261722069808,0.8624351962212209
9185,euler_ramsey,0.5,2.0% Ramsey,risk_aversion,combined,0,-278.3830086916846,0.7938735007307907
9185,euler_ramsey,0.5,2.5% Ramsey,risk_aversion,combined,0,-185.404558833913,0.7363187690744936
9186,euler_ramsey,0.5,1.5% Ramsey,risk_aversion,combined,0,-155.98294280731466,0.39367239171560986
9186,euler_ramsey,0.5,2.0% Ramsey,risk_aversion,combined,0,-134.96570331563655,0.3035821211864254
9186,euler_ramsey,0.5,2.5% Ramsey,risk_aversion,combined,0,-91.63650528501138,0.2455286652982295
9187,euler_ramsey,0.5,1.5% Ramsey,risk_aversion,combined,0,976.8886554934635,0.6177559564393522
9187,euler_ramsey,0.5,2.0% Ramsey,risk_aversion,combined,0,711.7988113832924,0.5277461199959264
9187,euler_ramsey,0.5,2.5% Ramsey,risk_aversion,combined,0,493.4445344601868,0.46208821943057155
9188,euler_ramsey,0.5,1.5% Ramsey,risk_aversion,combined,0,196.13238185888176,0.9752784097807462
9188,euler_ramsey,0.5,2.0% Ramsey,risk_aversion,combined,0,147.51345318982987,0.9224270779512903
9188,euler_ramsey,0.5,2.5% Ramsey,risk_aversion,combined,0,109.51454231907593,0.8736945541572447
9189,euler_ramsey,0.5,1.5% Ramsey,risk_aversion,combined,0,306.1389452309736,0.8414074026702055
9189,euler_ramsey,0.5,2.0% Ramsey,risk_aversion,combined,0,263.1398597509194,0.770480342279212
9189,euler_ramsey,0.5,2.5% Ramsey,risk_aversion,combined,0,204.1444004767795,0.7117942501768052
9190,euler_ramsey,0.5,1.5% Ramsey,risk_aversion,combined,0,505.57448349780316,1.6022919767977135
9190,euler_ramsey,0.5,2.0% Ramsey,risk_aversion,combined,0,342.53160638889096,1.6953332763009223
9190,euler_ramsey,0.5,2.5% Ramsey,risk_aversion,combined,0,229.33170837630308,1.751458779989339
9191,euler_ramsey,0.5,1.5% Ramsey,risk_aversion,combined,0,1690.0714667505888,1.5193764016003093
9191,euler_ramsey,0.5,2.0% Ramsey,risk_aversion,combined,0,1307.4669724429632,1.589887914447941
9191,euler_ramsey,0.5,2.5% Ramsey,risk_aversion,combined,0,934.6098798765016,1.628664379270264
9192,euler_ramsey,0.5,1.5% Ramsey,risk_aversion,combined,0,220.86085290357204,1.0886777471509907
9192,euler_ramsey,0.5,2.0% Ramsey,risk_aversion,combined,0,127.01346708340893,1.0556605666413306
9192,euler_ramsey,0.5,2.5% Ramsey,risk_aversion,combined,0,84.23466751325488,1.0194116185358362
9193,euler_ramsey,0.5,1.5% Ramsey,risk_aversion,combined,0,5362.328137770768,0.43040043927018534
9193,euler_ramsey,0.5,2.0% Ramsey,risk_aversion,combined,0,3206.941428116154,0.3388576285203586
9193,euler_ramsey,0.5,2.5% Ramsey,risk_aversion,combined,0,1926.3929894905627,0.27851178872695526
9194,euler_ramsey,0.5,1.5% Ramsey,risk_aversion,combined,0,513.4937636196825,1.1718641107287784
9194,euler_ramsey,0.5,2.0% Ramsey,risk_aversion,combined,0,345.98341423324933,1.1548596104975788
9194,euler_ramsey,0.5,2.5% Ramsey,risk_aversion,combined,0,226.10441945614198,1.129146532965329
9195,euler_ramsey,0.5,1.5% Ramsey,risk_aversion,combined,0,275.50768967252804,0.7299885343586883
9195,euler_ramsey,0.5,2.0% Ramsey,risk_aversion,combined,0,188.1129516920814,0.6466033115611911
9195,euler_ramsey,0.5,2.5% Ramsey,risk_aversion,combined,0,130.02770790022444,0.5821141487183334
9196,euler_ramsey,0.5,1.5% Ramsey,risk_aversion,combined,0,514.5844909632781,2.0578461723823778
9196,euler_ramsey,0.5,2.0% Ramsey,risk_aversion,combined,0,393.90977820845677,2.3037465325329674
9196,euler_ramsey,0.5,2.5% Ramsey,risk_aversion,combined,0,284.82615937732777,2.4861504858740773
9197,euler_ramsey,0.5,1.5% Ramsey,risk_aversion,combined,0,196.10719944368287,1.3779970630458553
9197,euler_ramsey,0.5,2.0% Ramsey,risk_aversion,combined,0,151.80961841366167,1.410107890637827
9197,euler_ramsey,0.5,2.5% Ramsey,risk_aversion,combined,0,106.75608166402367,1.4196294308494015
9198,euler_ramsey,0.5,1.5% Ramsey,risk_aversion,combined,0,365.74952890649615,0.6651654959597714
9198,euler_ramsey,0.5,2.0% Ramsey,risk_aversion,combined,0,297.6342254867981,0.5778037846307948
9198,euler_ramsey,0.5,2.5% Ramsey,risk_aversion,combined,0,236.48959138625295,0.5124418639576769
9199,euler_ramsey,0.5,1.5% Ramsey,risk_aversion,combined,0,340.30577837351814,1.4895294824165997
9199,euler_ramsey,0.5,2.0% Ramsey,risk_aversion,combined,0,246.3716154401303,1.550616219218607
9199,euler_ramsey,0.5,2.5% Ramsey,risk_aversion,combined,0,172.48836885418783,1.5819339518091446
9200,euler_ramsey,0.5,1.5% Ramsey,risk_aversion,combined,0,-359.4196104035388,0.45199765904490485
9200,euler_ramsey,0.5,2.0% Ramsey,risk_aversion,combined,0,-159.0884402842584,0.35946299932718667
9200,euler_ramsey,0.5,2.5% Ramsey,risk_aversion,combined,0,-96.93499131486028,0.297724802735023
9201,euler_ramsey,0.5,1.5% Ramsey,risk_aversion,combined,0,1296.520280275619,1.9391923008854983
9201,euler_ramsey,0.5,2.0% Ramsey,risk_aversion,combined,0,931.6629811349145,2.1449480981929607
9201,euler_ramsey,0.5,2.5% Ramsey,risk_aversion,combined,0,648.4932149748574,2.293751050997996
9202,euler_ramsey,0.5,1.5% Ramsey,risk_aversion,combined,0,250.9356773496611,0.29502779964813786
9202,euler_ramsey,0.5,2.0% Ramsey,risk_aversion,combined,0,161.7836934144321,0.2131008736677964
9202,euler_ramsey,0.5,2.5% Ramsey,risk_aversion,combined,0,112.85865445599498,0.1638367051606291
9203,euler_ramsey,0.5,1.5% Ramsey,risk_aversion,combined,0,381.2858130143099,0.9180133794487547
9203,euler_ramsey,0.5,2.0% Ramsey,risk_aversion,combined,0,263.32112588119605,0.8566014699834084
9203,euler_ramsey,0.5,2.5% Ramsey,risk_aversion,combined,0,169.61384931988366,0.8029538455706103
9204,euler_ramsey,0.5,1.5% Ramsey,risk_aversion,combined,0,172.52846227495175,0.3935047653603909
9204,euler_ramsey,0.5,2.0% Ramsey,risk_aversion,combined,0,65.64202611236246,0.30325890174086717
9204,euler_ramsey,0.5,2.5% Ramsey,risk_aversion,combined,0,18.60373444858053,0.24513463008197375
9205,euler_ramsey,0.5,1.5% Ramsey,risk_aversion,combined,0,860.6775744577736,0.9894470522983412
9205,euler_ramsey,0.5,2.0% Ramsey,risk_aversion,combined,0,757.4722162464483,0.9404712263755604
9205,euler_ramsey,0.5,2.5% Ramsey,risk_aversion,combined,0,602.5126800179185,0.8944892061728646
9206,euler_ramsey,0.5,1.5% Ramsey,risk_aversion,combined,0,421.2800432038075,1.4534724897696332
9206,euler_ramsey,0.5,2.0% Ramsey,risk_aversion,combined,0,308.97771640626274,1.5046709462781025
9206,euler_ramsey,0.5,2.5% Ramsey,risk_aversion,combined,0,219.6140370597339,1.5284295698604364
9207,euler_ramsey,0.5,1.5% Ramsey,risk_aversion,combined,0,611.7520793637199,1.2623096651662458
9207,euler_ramsey,0.5,2.0% Ramsey,risk_aversion,combined,0,418.808144008836,1.2659183187614003
9207,euler_ramsey,0.5,2.5% Ramsey,risk_aversion,combined,0,277.70185008384306,1.254711011307031
9208,euler_ramsey,0.5,1.5% Ramsey,risk_aversion,combined,0,834.5663095150162,1.8055775717189155
9208,euler_ramsey,0.5,2.0% Ramsey,risk_aversion,combined,0,584.9706307356337,1.9629208371826006
9208,euler_ramsey,0.5,2.5% Ramsey,risk_aversion,combined,0,387.9591148604699,2.070889695888966
9209,euler_ramsey,0.5,1.5% Ramsey,risk_aversion,combined,0,1339.0980878090284,1.3280197502151674
9209,euler_ramsey,0.5,2.0% Ramsey,risk_aversion,combined,0,1059.9006888886415,1.3479703324484826
9209,euler_ramsey,0.5,2.5% Ramsey,risk_aversion,combined,0,763.4523858032169,1.3487025336611744
9210,euler_ramsey,0.5,1.5% Ramsey,risk_aversion,combined,0,1018.5052393041163,0.47878184815188574
9210,euler_ramsey,0.5,2.0% Ramsey,risk_aversion,combined,0,459.31503450842183,0.38574088380584753
9210,euler_ramsey,0.5,2.5% Ramsey,risk_aversion,combined,0,246.9747519755852,0.3227199689636791
9211,euler_ramsey,0.5,1.5% Ramsey,risk_aversion,combined,0,173.7750383488984,2.0140586434603103
9211,euler_ramsey,0.5,2.0% Ramsey,risk_aversion,combined,0,122.34477930518028,2.243775398686845
9211,euler_ramsey,0.5,2.5% Ramsey,risk_aversion,combined,0,93.74838936172053,2.41233878070253
9212,euler_ramsey,0.5,1.5% Ramsey,risk_aversion,combined,0,734.4719472290482,0.3848762710701445
9212,euler_ramsey,0.5,2.0% Ramsey,risk_aversion,combined,0,488.5214312098602,0.2951275789760451
9212,euler_ramsey,0.5,2.5% Ramsey,risk_aversion,combined,0,292.73557267186004,0.23763944659083408
9213,euler_ramsey,0.5,1.5% Ramsey,risk_aversion,combined,0,116.86148787280717,1.3206858673224315
9213,euler_ramsey,0.5,2.0% Ramsey,risk_aversion,combined,0,108.86555685651602,1.3383857116311941
9213,euler_ramsey,0.5,2.5% Ramsey,risk_aversion,combined,0,97.44949200627765,1.3373691685714404
9214,euler_ramsey,0.5,1.5% Ramsey,risk_aversion,combined,0,590.8352472018968,1.7693055311856147
9214,euler_ramsey,0.5,2.0% Ramsey,risk_aversion,combined,0,359.72990124552734,1.9148130919513058
9214,euler_ramsey,0.5,2.5% Ramsey,risk_aversion,combined,0,227.70767043970432,2.013099746863594
9215,euler_ramsey,0.5,1.5% Ramsey,risk_aversion,combined,0,1148.9922320479413,0.8203137127286412
9215,euler_ramsey,0.5,2.0% Ramsey,risk_aversion,combined,0,855.8672127651743,0.746717005413801
9215,euler_ramsey,0.5,2.5% Ramsey,risk_aversion,combined,0,613.4599809137521,0.6866600288572895
9216,euler_ramsey,0.5,1.5% Ramsey,risk_aversion,combined,0,204.45790402500924,1.4208309328403994
9216,euler_ramsey,0.5,2.0% Ramsey,risk_aversion,combined,0,146.3129948812365,1.4630354795751246
9216,euler_ramsey,0.5,2.5% Ramsey,risk_aversion,combined,0,106.60677314687617,1.4799598997085628
9217,euler_ramsey,0.5,1.5% Ramsey,risk_aversion,combined,0,3857.6597086111115,0.4638308099068786
9217,euler_ramsey,0.5,2.0% Ramsey,risk_aversion,combined,0,1885.0185450149304,0.3712233961300018
9217,euler_ramsey,0.5,2.5% Ramsey,risk_aversion,combined,0,1002.107839393458,0.3090019011873127
9218,euler_ramsey,0.5,1.5% Ramsey,risk_aversion,combined,0,-1108.3728836905273,0.2563624515244349
9218,euler_ramsey,0.5,2.0% Ramsey,risk_aversion,combined,0,-492.4853870640349,0.17945235146470617
9218,euler_ramsey,0.5,2.5% Ramsey,risk_aversion,combined,0,-264.1689660563418,0.13465942837090425
9219,euler_ramsey,0.5,1.5% Ramsey,risk_aversion,combined,0,789.3687956973232,1.0243894866599703
9219,euler_ramsey,0.5,2.0% Ramsey,risk_aversion,combined,0,513.713250914706,0.9807469124866448
9219,euler_ramsey,0.5,2.5% Ramsey,risk_aversion,combined,0,345.63589054254965,0.9379237789334683
9220,euler_ramsey,0.5,1.5% Ramsey,risk_aversion,combined,0,877.299346264278,0.7072209041725657
9220,euler_ramsey,0.5,2.0% Ramsey,risk_aversion,combined,0,521.1693324752125,0.6230956772231502
9220,euler_ramsey,0.5,2.5% Ramsey,risk_aversion,combined,0,329.9771370356705,0.5587449186388421
9221,euler_ramsey,0.5,1.5% Ramsey,risk_aversion,combined,0,559.9000539901405,0.45138799861822854
9221,euler_ramsey,0.5,2.0% Ramsey,risk_aversion,combined,0,439.83097556477776,0.35877504269394345
9221,euler_ramsey,0.5,2.5% Ramsey,risk_aversion,combined,0,318.9971131390095,0.297022625035238
9222,euler_ramsey,0.5,1.5% Ramsey,risk_aversion,combined,0,-190.7323236677563,0.6296402642310895
9222,euler_ramsey,0.5,2.0% Ramsey,risk_aversion,combined,0,-133.42697162676515,0.540027135451631
9222,euler_ramsey,0.5,2.5% Ramsey,risk_aversion,combined,0,-94.30579784861189,0.4742193530140789
9223,euler_ramsey,0.5,1.5% Ramsey,risk_aversion,combined,0,143.24113352049798,3.933408582351126
9223,euler_ramsey,0.5,2.0% Ramsey,risk_aversion,combined,0,151.88973273366153,5.093153928099098
9223,euler_ramsey,0.5,2.5% Ramsey,risk_aversion,combined,0,136.80149430731166,6.1507738373178436
9224,euler_ramsey,0.5,1.5% Ramsey,risk_aversion,combined,0,118.47427705112104,0.9613268857936584
9224,euler_ramsey,0.5,2.0% Ramsey,risk_aversion,combined,0,115.56097745671605,0.9060791363934076
9224,euler_ramsey,0.5,2.5% Ramsey,risk_aversion,combined,0,94.88221896301802,0.8558602392703957
9225,euler_ramsey,0.5,1.5% Ramsey,risk_aversion,combined,0,166.5041994248686,1.0344165324941084
9225,euler_ramsey,0.5,2.0% Ramsey,risk_aversion,combined,0,164.328315259739,0.9927110625072806
9225,euler_ramsey,0.5,2.5% Ramsey,risk_aversion,combined,0,138.31708805069033,0.9509870491422826
9226,euler_ramsey,0.5,1.5% Ramsey,risk_aversion,combined,0,-48.80580069024519,1.0943542771845676
9226,euler_ramsey,0.5,2.0% Ramsey,risk_aversion,combined,0,-47.45631385842383,1.0616783037710884
9226,euler_ramsey,0.5,2.5% Ramsey,risk_aversion,combined,0,-35.88418376514125,1.025461472360752
9227,euler_ramsey,0.5,1.5% Ramsey,risk_aversion,combined,0,180.1148882496209,1.2774267397303132
9227,euler_ramsey,0.5,2.0% Ramsey,risk_aversion,combined,0,133.69075805370747,1.2844622936219743
9227,euler_ramsey,0.5,2.5% Ramsey,risk_aversion,combined,0,95.09030607252313,1.275615826984828
9228,euler_ramsey,0.5,1.5% Ramsey,risk_aversion,combined,0,311.6337044980693,2.1091265079591017
9228,euler_ramsey,0.5,2.0% Ramsey,risk_aversion,combined,0,184.79596076437952,2.374269806051458
9228,euler_ramsey,0.5,2.5% Ramsey,risk_aversion,combined,0,126.61569410519905,2.5732911653979498
9229,euler_ramsey,0.5,1.5% Ramsey,risk_aversion,combined,0,-587.464037550565,0.40306829649157483
9229,euler_ramsey,0.5,2.0% Ramsey,risk_aversion,combined,0,-381.27073083063794,0.3123633327758532
9229,euler_ramsey,0.5,2.5% Ramsey,risk_aversion,combined,0,-253.68390641211937,0.2535857109466099
9230,euler_ramsey,0.5,1.5% Ramsey,risk_aversion,combined,0,1474.9968083553797,0.9025263737508367
9230,euler_ramsey,0.5,2.0% Ramsey,risk_aversion,combined,0,1093.0961345476217,0.8396468098992772
9230,euler_ramsey,0.5,2.5% Ramsey,risk_aversion,combined,0,743.1240487181467,0.7853025292380602
9231,euler_ramsey,0.5,1.5% Ramsey,risk_aversion,combined,0,-292.2926509463983,0.7171244107040378
9231,euler_ramsey,0.5,2.0% Ramsey,risk_aversion,combined,0,-248.59411454344726,0.6328976949268595
9231,euler_ramsey,0.5,2.5% Ramsey,risk_aversion,combined,0,-184.83858705664582,0.5681731514040719
9232,euler_ramsey,0.5,1.5% Ramsey,risk_aversion,combined,0,817.5149122565341,1.1698537653654417
9232,euler_ramsey,0.5,2.0% Ramsey,risk_aversion,combined,0,630.9966969874471,1.1543516183545208
9232,euler_ramsey,0.5,2.5% Ramsey,risk_aversion,combined,0,460.9869073629494,1.130092992386203
9233,euler_ramsey,0.5,1.5% Ramsey,risk_aversion,combined,0,246.33015656302572,1.30910444236015
9233,euler_ramsey,0.5,2.0% Ramsey,risk_aversion,combined,0,201.8889129905049,1.3251833046560249
9233,euler_ramsey,0.5,2.5% Ramsey,risk_aversion,combined,0,156.64102827009344,1.3231135534220424
9234,euler_ramsey,0.5,1.5% Ramsey,risk_aversion,combined,0,-509.1743448166251,0.7095758640227849
9234,euler_ramsey,0.5,2.0% Ramsey,risk_aversion,combined,0,-476.8871502469669,0.6249980241997538
9234,euler_ramsey,0.5,2.5% Ramsey,risk_aversion,combined,0,-379.3404359731804,0.5602393854868474
9235,euler_ramsey,0.5,1.5% Ramsey,risk_aversion,combined,0,270.0333376804883,1.2423903450346419
9235,euler_ramsey,0.5,2.0% Ramsey,risk_aversion,combined,0,228.74396903332357,1.2430922606671788
9235,euler_ramsey,0.5,2.5% Ramsey,risk_aversion,combined,0,184.2995371108878,1.2300666351685654
9236,euler_ramsey,0.5,1.5% Ramsey,risk_aversion,combined,0,336.0262077729091,0.7781545804077976
9236,euler_ramsey,0.5,2.0% Ramsey,risk_aversion,combined,0,242.12635340167182,0.7007902560902138
9236,euler_ramsey,0.5,2.5% Ramsey,risk_aversion,combined,0,172.6106018597973,0.6391503583293348
9237,euler_ramsey,0.5,1.5% Ramsey,risk_aversion,combined,0,1003.3168041689689,0.6793687429134685
9237,euler_ramsey,0.5,2.0% Ramsey,risk_aversion,combined,0,964.6513424402726,0.5927681756220062
9237,euler_ramsey,0.5,2.5% Ramsey,risk_aversion,combined,0,789.6640369729223,0.5275135597418691
9238,euler_ramsey,0.5,1.5% Ramsey,risk_aversion,combined,0,1403.9397042961111,0.5014058262662026
9238,euler_ramsey,0.5,2.0% Ramsey,risk_aversion,combined,0,1180.2979365066403,0.4084958005627741
9238,euler_ramsey,0.5,2.5% Ramsey,risk_aversion,combined,0,861.8329390850328,0.34474382541846654
9239,euler_ramsey,0.5,1.5% Ramsey,risk_aversion,combined,0,-731.3688803652434,0.6434054864227684
9239,euler_ramsey,0.5,2.0% Ramsey,risk_aversion,combined,0,-532.5148954029834,0.5544396166656239
9239,euler_ramsey,0.5,2.5% Ramsey,risk_aversion,combined,0,-368.9120358458765,0.48864970743906233
9240,euler_ramsey,0.5,1.5% Ramsey,risk_aversion,combined,0,193.80307337591427,2.0449741197605964
9240,euler_ramsey,0.5,2.0% Ramsey,risk_aversion,combined,0,141.51093978550114,2.2858911579538206
9240,euler_ramsey,0.5,2.5% Ramsey,risk_aversion,combined,0,101.05427577529508,2.4639566072867547
9241,euler_ramsey,0.5,1.5% Ramsey,risk_aversion,combined,0,688.1007828683116,0.40435091856785
9241,euler_ramsey,0.5,2.0% Ramsey,risk_aversion,combined,0,552.5890987120338,0.3136404633686774
9241,euler_ramsey,0.5,2.5% Ramsey,risk_aversion,combined,0,406.85912112165323,0.2548061531068641
9242,euler_ramsey,0.5,1.5% Ramsey,risk_aversion,combined,0,18.87094727766396,0.39255202043820414
9242,euler_ramsey,0.5,2.0% Ramsey,risk_aversion,combined,0,49.3258036171751,0.3023540825127457
9242,euler_ramsey,0.5,2.5% Ramsey,risk_aversion,combined,0,66.35567777051921,0.24429818017579286
9243,euler_ramsey,0.5,1.5% Ramsey,risk_aversion,combined,0,-560.0984260135237,0.6234555000757889
9243,euler_ramsey,0.5,2.0% Ramsey,risk_aversion,combined,0,-413.3161850262212,0.5334037500825399
9243,euler_ramsey,0.5,2.5% Ramsey,risk_aversion,combined,0,-269.0367015804799,0.4675197165244961
9244,euler_ramsey,0.5,1.5% Ramsey,risk_aversion,combined,0,197.9449404227859,2.146845402889389
9244,euler_ramsey,0.5,2.0% Ramsey,risk_aversion,combined,0,157.09200281966986,2.426177606764008
9244,euler_ramsey,0.5,2.5% Ramsey,risk_aversion,combined,0,124.37499030013667,2.6374366450017668
9245,euler_ramsey,0.5,1.5% Ramsey,risk_aversion,combined,0,2721.043043755838,0.6185870951760041
9245,euler_ramsey,0.5,2.0% Ramsey,risk_aversion,combined,0,2244.399540973944,0.5292043660359346
9245,euler_ramsey,0.5,2.5% Ramsey,risk_aversion,combined,0,1687.4743180148948,0.46389796611052253
9246,euler_ramsey,0.5,1.5% Ramsey,risk_aversion,combined,0,-81.40610361520831,0.6776359212135603
9246,euler_ramsey,0.5,2.0% Ramsey,risk_aversion,combined,0,-52.03657918876033,0.5902315277177295
9246,euler_ramsey,0.5,2.5% Ramsey,risk_aversion,combined,0,-29.779537593613068,0.5244931964806412
9247,euler_ramsey,0.5,1.5% Ramsey,risk_aversion,combined,0,729.5573542529123,1.9075945515724015
9247,euler_ramsey,0.5,2.0% Ramsey,risk_aversion,combined,0,498.018953292376,2.100169601802597
9247,euler_ramsey,0.5,2.5% Ramsey,risk_aversion,combined,0,332.9997952950863,2.2374535567620883
9248,euler_ramsey,0.5,1.5% Ramsey,risk_aversion,combined,0,356.389719462816,1.681427692962026
9248,euler_ramsey,0.5,2.0% Ramsey,risk_aversion,combined,0,254.86800934515793,1.7986159170690248
9248,euler_ramsey,0.5,2.5% Ramsey,risk_aversion,combined,0,172.29938621193682,1.8738704973744507
9249,euler_ramsey,0.5,1.5% Ramsey,risk_aversion,combined,0,587.3879053758387,0.3834847562240729
9249,euler_ramsey,0.5,2.0% Ramsey,risk_aversion,combined,0,264.0847712082012,0.29381997109621333
9249,euler_ramsey,0.5,2.5% Ramsey,risk_aversion,combined,0,142.15254080094377,0.23643808435565178
9250,euler_ramsey,0.5,1.5% Ramsey,risk_aversion,combined,0,1641.3783380306581,0.8562242407607084
9250,euler_ramsey,0.5,2.0% Ramsey,risk_aversion,combined,0,1186.6779782911563,0.7871478704977468
9250,euler_ramsey,0.5,2.5% Ramsey,risk_aversion,combined,0,799.5363358236158,0.7294020907646408
9251,euler_ramsey,0.5,1.5% Ramsey,risk_aversion,combined,0,1497.6057457917843,0.6371359253867794
9251,euler_ramsey,0.5,2.0% Ramsey,risk_aversion,combined,0,1197.3083448133711,0.5484397371778171
9251,euler_ramsey,0.5,2.5% Ramsey,risk_aversion,combined,0,875.640301941223,0.4830285793610377
9252,euler_ramsey,0.5,1.5% Ramsey,risk_aversion,combined,0,591.7215418585772,0.9649480814365253
9252,euler_ramsey,0.5,2.0% Ramsey,risk_aversion,combined,0,383.1302928890007,0.911528559744495
9252,euler_ramsey,0.5,2.5% Ramsey,risk_aversion,combined,0,253.26968656667205,0.8627183092223444
9253,euler_ramsey,0.5,1.5% Ramsey,risk_aversion,combined,0,457.637548394884,1.293091663633038
9253,euler_ramsey,0.5,2.0% Ramsey,risk_aversion,combined,0,358.29544822943166,1.3042868219438928
9253,euler_ramsey,0.5,2.5% Ramsey,risk_aversion,combined,0,257.6351790726496,1.298591108248378
9254,euler_ramsey,0.5,1.5% Ramsey,risk_aversion,combined,0,297.800611715776,2.005360840478957
9254,euler_ramsey,0.5,2.0% Ramsey,risk_aversion,combined,0,216.72757852477474,2.231790002761425
9254,euler_ramsey,0.5,2.5% Ramsey,risk_aversion,combined,0,157.50629251864086,2.3974467698261352
9255,euler_ramsey,0.5,1.5% Ramsey,risk_aversion,combined,0,501.83295411199543,0.4187524754024187
9255,euler_ramsey,0.5,2.0% Ramsey,risk_aversion,combined,0,369.1997405412914,0.3273775129926149
9255,euler_ramsey,0.5,2.5% Ramsey,risk_aversion,combined,0,255.42350924292697,0.2675903073654735
9256,euler_ramsey,0.5,1.5% Ramsey,risk_aversion,combined,0,-288.1339034403905,0.4931974863580696
9256,euler_ramsey,0.5,2.0% Ramsey,risk_aversion,combined,0,-70.62909160770809,0.39987247610968985
9256,euler_ramsey,0.5,2.5% Ramsey,risk_aversion,combined,0,-17.52294083779843,0.33617039987465075
9257,euler_ramsey,0.5,1.5% Ramsey,risk_aversion,combined,0,387.5242036754459,1.1717536832509714
9257,euler_ramsey,0.5,2.0% Ramsey,risk_aversion,combined,0,240.64207689290285,1.1568537523997833
9257,euler_ramsey,0.5,2.5% Ramsey,risk_aversion,combined,0,158.6936184521592,1.1329714180894057
9258,euler_ramsey,0.5,1.5% Ramsey,risk_aversion,combined,0,430.65029543175007,0.5210792781936998
9258,euler_ramsey,0.5,2.0% Ramsey,risk_aversion,combined,0,366.8521349918324,0.42796105019733666
9258,euler_ramsey,0.5,2.5% Ramsey,risk_aversion,combined,0,306.40845532436765,0.36340930375923197
9259,euler_ramsey,0.5,1.5% Ramsey,risk_aversion,combined,0,1299.472938817184,0.7356206379011794
9259,euler_ramsey,0.5,2.0% Ramsey,risk_aversion,combined,0,1167.29032705349,0.6532265313099826
9259,euler_ramsey,0.5,2.5% Ramsey,risk_aversion,combined,0,944.4397912418591,0.5892943837671974
9260,euler_ramsey,0.5,1.5% Ramsey,risk_aversion,combined,0,1187.3325975686616,0.9072125053000164
9260,euler_ramsey,0.5,2.0% Ramsey,risk_aversion,combined,0,593.3500078713487,0.8445313909777058
9260,euler_ramsey,0.5,2.5% Ramsey,risk_aversion,combined,0,344.11687496004225,0.7902144888373712
9261,euler_ramsey,0.5,1.5% Ramsey,risk_aversion,combined,0,79.29838421577888,1.510102676244846
9261,euler_ramsey,0.5,2.0% Ramsey,risk_aversion,combined,0,56.962955619825095,1.5767608093993102
9261,euler_ramsey,0.5,2.5% Ramsey,risk_aversion,combined,0,42.003636109234094,1.6122802318285088
9262,euler_ramsey,0.5,1.5% Ramsey,risk_aversion,combined,0,1214.483075641672,0.6431940247501982
9262,euler_ramsey,0.5,2.0% Ramsey,risk_aversion,combined,0,905.7509594558903,0.5550032112821958
9262,euler_ramsey,0.5,2.5% Ramsey,risk_aversion,combined,0,664.8019466955434,0.4897450146566952
9263,euler_ramsey,0.5,1.5% Ramsey,risk_aversion,combined,0,2081.178274315294,0.4987803127423197
9263,euler_ramsey,0.5,2.0% Ramsey,risk_aversion,combined,0,1675.0239907171388,0.4063305238843635
9263,euler_ramsey,0.5,2.5% Ramsey,risk_aversion,combined,0,1246.3662434292305,0.3429364464001286
9264,euler_ramsey,0.5,1.5% Ramsey,risk_aversion,combined,0,-150.74084097348472,0.2744300419319288
9264,euler_ramsey,0.5,2.0% Ramsey,risk_aversion,combined,0,-139.754033722627,0.1950398661746849
9264,euler_ramsey,0.5,2.5% Ramsey,risk_aversion,combined,0,-110.83308884038966,0.1480849133155201
9265,euler_ramsey,0.5,1.5% Ramsey,risk_aversion,combined,0,156.3068082900707,2.5664188571368745
9265,euler_ramsey,0.5,2.0% Ramsey,risk_aversion,combined,0,126.09651002970149,3.019047560783306
9265,euler_ramsey,0.5,2.5% Ramsey,risk_aversion,combined,0,98.17905181817542,3.385291579697641
9266,euler_ramsey,0.5,1.5% Ramsey,risk_aversion,combined,0,-169.1221097678396,0.3354685462919221
9266,euler_ramsey,0.5,2.0% Ramsey,risk_aversion,combined,0,-76.43277668673149,0.24942875479831492
9266,euler_ramsey,0.5,2.5% Ramsey,risk_aversion,combined,0,-37.46886012448855,0.1961092145136547
9267,euler_ramsey,0.5,1.5% Ramsey,risk_aversion,combined,0,820.0368236219587,1.0665613466888961
9267,euler_ramsey,0.5,2.0% Ramsey,risk_aversion,combined,0,646.5583654991256,1.0299477580778098
9267,euler_ramsey,0.5,2.5% Ramsey,risk_aversion,combined,0,472.0873891320926,0.9914249947425704
9268,euler_ramsey,0.5,1.5% Ramsey,risk_aversion,combined,0,-56.59451004609595,1.2488727837806766
9268,euler_ramsey,0.5,2.0% Ramsey,risk_aversion,combined,0,-83.7523219699507,1.2486517160315194
9268,euler_ramsey,0.5,2.5% Ramsey,risk_aversion,combined,0,-75.96909447314911,1.2345547166239144
9269,euler_ramsey,0.5,1.5% Ramsey,risk_aversion,combined,0,243.85068867402987,0.6341070048043704
9269,euler_ramsey,0.5,2.0% Ramsey,risk_aversion,combined,0,224.14235989233467,0.5442097795047615
9269,euler_ramsey,0.5,2.5% Ramsey,risk_aversion,combined,0,187.8956415387807,0.47810626614952767
9270,euler_ramsey,0.5,1.5% Ramsey,risk_aversion,combined,0,231.82192182629282,3.3323243415121553
9270,euler_ramsey,0.5,2.0% Ramsey,risk_aversion,combined,0,187.72103982562638,4.157749499103805
9270,euler_ramsey,0.5,2.5% Ramsey,risk_aversion,combined,0,144.97417641578878,4.879458457512067
9271,euler_ramsey,0.5,1.5% Ramsey,risk_aversion,combined,0,215.23817907238748,0.9366962849499151
9271,euler_ramsey,0.5,2.0% Ramsey,risk_aversion,combined,0,155.0616721779262,0.8780741488633573
9271,euler_ramsey,0.5,2.5% Ramsey,risk_aversion,combined,0,105.57252972069848,0.8259724518048894
9272,euler_ramsey,0.5,1.5% Ramsey,risk_aversion,combined,0,-76.708403658841,0.6591286320203876
9272,euler_ramsey,0.5,2.0% Ramsey,risk_aversion,combined,0,-64.32854600917845,0.5704306431594702
9272,euler_ramsey,0.5,2.5% Ramsey,risk_aversion,combined,0,-48.40345419102137,0.504374448271901
9273,euler_ramsey,0.5,1.5% Ramsey,risk_aversion,combined,0,-992.0543190546616,0.5655341616972644
9273,euler_ramsey,0.5,2.0% Ramsey,risk_aversion,combined,0,-688.5177995312604,0.47310327579794037
9273,euler_ramsey,0.5,2.5% Ramsey,risk_aversion,combined,0,-452.34639064135393,0.40749541654271904
9274,euler_ramsey,0.5,1.5% Ramsey,risk_aversion,combined,0,665.2813578483067,1.8484770568212403
9274,euler_ramsey,0.5,2.0% Ramsey,risk_aversion,combined,0,462.2195670088566,2.02006962204815
9274,euler_ramsey,0.5,2.5% Ramsey,risk_aversion,combined,0,305.50600442663074,2.139880029297998
9275,euler_ramsey,0.5,1.5% Ramsey,risk_aversion,combined,0,236.77822910939074,0.8121204875516193
9275,euler_ramsey,0.5,2.0% Ramsey,risk_aversion,combined,0,197.9036342263239,0.7368693584477813
9275,euler_ramsey,0.5,2.5% Ramsey,risk_aversion,combined,0,152.84824048551317,0.6758379259212287
9276,euler_ramsey,0.5,1.5% Ramsey,risk_aversion,combined,0,-1311.2835514520123,0.7822936468615935
9276,euler_ramsey,0.5,2.0% Ramsey,risk_aversion,combined,0,-1225.8698610831498,0.703860459740963
9276,euler_ramsey,0.5,2.5% Ramsey,risk_aversion,combined,0,-1001.7623231950479,0.6413784193188719
9277,euler_ramsey,0.5,1.5% Ramsey,risk_aversion,combined,0,2194.7523545405634,0.3085777348098943
9277,euler_ramsey,0.5,2.0% Ramsey,risk_aversion,combined,0,1702.733236842468,0.22526943703427296
9277,euler_ramsey,0.5,2.5% Ramsey,risk_aversion,combined,0,1236.5512989151118,0.1746318128033033
9278,euler_ramsey,0.5,1.5% Ramsey,risk_aversion,combined,0,6251.841764954025,0.1685699094675279
9278,euler_ramsey,0.5,2.0% Ramsey,risk_aversion,combined,0,2641.3893172965218,0.10754980747464694
9278,euler_ramsey,0.5,2.5% Ramsey,risk_aversion,combined,0,1566.2252909117435,0.0751322779474855
9279,euler_ramsey,0.5,1.5% Ramsey,risk_aversion,combined,0,-74.2730019664868,1.1191589392651804
9279,euler_ramsey,0.5,2.0% Ramsey,risk_aversion,combined,0,-51.68542888653964,1.0921030331781758
9279,euler_ramsey,0.5,2.5% Ramsey,risk_aversion,combined,0,-22.936509576637174,1.0597473234497687
9280,euler_ramsey,0.5,1.5% Ramsey,risk_aversion,combined,0,141.0935007226565,0.32613029340937305
9280,euler_ramsey,0.5,2.0% Ramsey,risk_aversion,combined,0,66.72810336933475,0.24093430147472192
9280,euler_ramsey,0.5,2.5% Ramsey,risk_aversion,combined,0,34.63261506148249,0.18849168539079839
9281,euler_ramsey,0.5,1.5% Ramsey,risk_aversion,combined,0,765.2507550996793,1.411258761647252
9281,euler_ramsey,0.5,2.0% Ramsey,risk_aversion,combined,0,537.0810176171403,1.4517689246513887
9281,euler_ramsey,0.5,2.5% Ramsey,risk_aversion,combined,0,389.7816296107162,1.4675691698838418
9282,euler_ramsey,0.5,1.5% Ramsey,risk_aversion,combined,0,42.44929456913374,0.3708866018095125
9282,euler_ramsey,0.5,2.0% Ramsey,risk_aversion,combined,0,-40.07433833409467,0.2820525548967112
9282,euler_ramsey,0.5,2.5% Ramsey,risk_aversion,combined,0,-62.725806587466856,0.22566009872134296
9283,euler_ramsey,0.5,1.5% Ramsey,risk_aversion,combined,0,823.7648868450813,0.6110812756178413
9283,euler_ramsey,0.5,2.0% Ramsey,risk_aversion,combined,0,697.0263565092968,0.520184203635728
9283,euler_ramsey,0.5,2.5% Ramsey,risk_aversion,combined,0,524.8566357582752,0.45413017214009804
9284,euler_ramsey,0.5,1.5% Ramsey,risk_aversion,combined,0,-60.50191551616735,0.8215774267962069
9284,euler_ramsey,0.5,2.0% Ramsey,risk_aversion,combined,0,-48.255924856719744,0.7480775039605406
9284,euler_ramsey,0.5,2.5% Ramsey,risk_aversion,combined,0,-33.14096218092546,0.6880881080746689
9285,euler_ramsey,0.5,1.5% Ramsey,risk_aversion,combined,0,490.38572440471495,1.478387239971286
9285,euler_ramsey,0.5,2.0% Ramsey,risk_aversion,combined,0,367.8958649377815,1.5362732596845954
9285,euler_ramsey,0.5,2.5% Ramsey,risk_aversion,combined,0,269.9947040409269,1.5651577318113565
9286,euler_ramsey,0.5,1.5% Ramsey,risk_aversion,combined,0,107.03587206172577,2.7163137874063796
9286,euler_ramsey,0.5,2.0% Ramsey,risk_aversion,combined,0,89.14517547097755,3.236513156665005
9286,euler_ramsey,0.5,2.5% Ramsey,risk_aversion,combined,0,72.85699693634554,3.665288319901421
9287,euler_ramsey,0.5,1.5% Ramsey,risk_aversion,combined,0,2819.5521848580565,0.5971837805803129
9287,euler_ramsey,0.5,2.0% Ramsey,risk_aversion,combined,0,5247.260766908598,0.5063884220352893
9287,euler_ramsey,0.5,2.5% Ramsey,risk_aversion,combined,0,6987.385824110101,0.4408233707546063
9288,euler_ramsey,0.5,1.5% Ramsey,risk_aversion,combined,0,10493.466846323772,0.4117961995138504
9288,euler_ramsey,0.5,2.0% Ramsey,risk_aversion,combined,0,10132.01551768412,0.32141974634236764
9288,euler_ramsey,0.5,2.5% Ramsey,risk_aversion,combined,0,7924.07065973462,0.26245293800169145
9289,euler_ramsey,0.5,1.5% Ramsey,risk_aversion,combined,0,651.670363620802,1.1507287846865004
9289,euler_ramsey,0.5,2.0% Ramsey,risk_aversion,combined,0,558.7580114865302,1.1303583735981249
9289,euler_ramsey,0.5,2.5% Ramsey,risk_aversion,combined,0,442.6714313913767,1.1025241333344031
9290,euler_ramsey,0.5,1.5% Ramsey,risk_aversion,combined,0,124.42639165789986,0.8220353058324518
9290,euler_ramsey,0.5,2.0% Ramsey,risk_aversion,combined,0,99.90824366652544,0.7486362368829869
9290,euler_ramsey,0.5,2.5% Ramsey,risk_aversion,combined,0,74.92167564617293,0.6887188383876197
9291,euler_ramsey,0.5,1.5% Ramsey,risk_aversion,combined,0,741.3202318553601,1.026729537894735
9291,euler_ramsey,0.5,2.0% Ramsey,risk_aversion,combined,0,443.02090009637925,0.9826803649577627
9291,euler_ramsey,0.5,2.5% Ramsey,risk_aversion,combined,0,290.30401206797075,0.9394136229873989
9292,euler_ramsey,0.5,1.5% Ramsey,risk_aversion,combined,0,2119.5502775443097,0.1323565407878568
9292,euler_ramsey,0.5,2.0% Ramsey,risk_aversion,combined,0,1469.207665783096,0.0798368090075084
9292,euler_ramsey,0.5,2.5% Ramsey,risk_aversion,combined,0,1025.3171855850703,0.05339434839860307
9293,euler_ramsey,0.5,1.5% Ramsey,risk_aversion,combined,0,34.18309901554486,0.7722595688761131
9293,euler_ramsey,0.5,2.0% Ramsey,risk_aversion,combined,0,15.234351636275635,0.6927916726677523
9293,euler_ramsey,0.5,2.5% Ramsey,risk_aversion,combined,0,3.2024725808355523,0.6298503917624895
9294,euler_ramsey,0.5,1.5% Ramsey,risk_aversion,combined,0,1763.531971845394,0.5029352577464568
9294,euler_ramsey,0.5,2.0% Ramsey,risk_aversion,combined,0,1569.506264784762,0.41066389642969026
9294,euler_ramsey,0.5,2.5% Ramsey,risk_aversion,combined,0,1249.1208585244342,0.34723850076675117
9295,euler_ramsey,0.5,1.5% Ramsey,risk_aversion,combined,0,590.7038909624713,0.5538424280512447
9295,euler_ramsey,0.5,2.0% Ramsey,risk_aversion,combined,0,452.4727405037641,0.460957698115526
9295,euler_ramsey,0.5,2.5% Ramsey,risk_aversion,combined,0,311.88062202391706,0.39545890383221294
9296,euler_ramsey,0.5,1.5% Ramsey,risk_aversion,combined,0,655.4116573074973,1.1451069607382456
9296,euler_ramsey,0.5,2.0% Ramsey,risk_aversion,combined,0,508.18239026422634,1.1232107918576875
9296,euler_ramsey,0.5,2.5% Ramsey,risk_aversion,combined,0,402.70513380701806,1.0942933649488042
9297,euler_ramsey,0.5,1.5% Ramsey,risk_aversion,combined,0,6706.258636979928,0.3862624773713697
9297,euler_ramsey,0.5,2.0% Ramsey,risk_aversion,combined,0,6351.4738195001,0.2968188940531423
9297,euler_ramsey,0.5,2.5% Ramsey,risk_aversion,combined,0,4902.612145026393,0.23942536841450568
9298,euler_ramsey,0.5,1.5% Ramsey,risk_aversion,combined,0,351.0850154529708,0.8491295723666238
9298,euler_ramsey,0.5,2.0% Ramsey,risk_aversion,combined,0,274.92717872883594,0.7786870566039853
9298,euler_ramsey,0.5,2.5% Ramsey,risk_aversion,combined,0,202.84999141752616,0.7201223185324849
9299,euler_ramsey,0.5,1.5% Ramsey,risk_aversion,combined,0,1236.7290545426931,0.3494251981110149
9299,euler_ramsey,0.5,2.0% Ramsey,risk_aversion,combined,0,401.610084449052,0.26227230333098556
9299,euler_ramsey,0.5,2.5% Ramsey,risk_aversion,combined,0,200.35359130786094,0.20772625925972188
9300,euler_ramsey,0.5,1.5% Ramsey,risk_aversion,combined,0,-350.46547450816536,0.5827185260903212
9300,euler_ramsey,0.5,2.0% Ramsey,risk_aversion,combined,0,-283.82526427377366,0.49052654388380473
9300,euler_ramsey,0.5,2.5% Ramsey,risk_aversion,combined,0,-206.70677817726127,0.4245303298292247
9301,euler_ramsey,0.5,1.5% Ramsey,risk_aversion,combined,0,182.8102751469215,1.592603609030625
9301,euler_ramsey,0.5,2.0% Ramsey,risk_aversion,combined,0,140.3461087039479,1.6828960214203288
9301,euler_ramsey,0.5,2.5% Ramsey,risk_aversion,combined,0,103.87649089774676,1.7367842205739392
9302,euler_ramsey,0.5,1.5% Ramsey,risk_aversion,combined,0,441.3731262069175,1.7980103557877742
9302,euler_ramsey,0.5,2.0% Ramsey,risk_aversion,combined,0,315.92278583008033,1.952603137700822
9302,euler_ramsey,0.5,2.5% Ramsey,risk_aversion,combined,0,218.86772119263395,2.0582460893628767
9303,euler_ramsey,0.5,1.5% Ramsey,risk_aversion,combined,0,900.2280616143555,0.3842802481120479
9303,euler_ramsey,0.5,2.0% Ramsey,risk_aversion,combined,0,636.7465359207795,0.29457387477776875
9303,euler_ramsey,0.5,2.5% Ramsey,risk_aversion,combined,0,443.0821267791729,0.23713556813279793
9304,euler_ramsey,0.5,1.5% Ramsey,risk_aversion,combined,0,282.6898629320576,1.7006880912838647
9304,euler_ramsey,0.5,2.0% Ramsey,risk_aversion,combined,0,237.17622954585178,1.823898563730944
9304,euler_ramsey,0.5,2.5% Ramsey,risk_aversion,combined,0,183.74715369602578,1.9039817801007761
9305,euler_ramsey,0.5,1.5% Ramsey,risk_aversion,combined,0,959.0232077411285,1.0492370089547358
9305,euler_ramsey,0.5,2.0% Ramsey,risk_aversion,combined,0,816.0404378384605,1.009812919483357
9305,euler_ramsey,0.5,2.5% Ramsey,risk_aversion,combined,0,611.0813589494129,0.9696467321433335
9306,euler_ramsey,0.5,1.5% Ramsey,risk_aversion,combined,0,-502.7298568552002,0.4226911260892597
9306,euler_ramsey,0.5,2.0% Ramsey,risk_aversion,combined,0,-411.2406536811099,0.33119021595111475
9306,euler_ramsey,0.5,2.5% Ramsey,risk_aversion,combined,0,-303.08473451102986,0.2711711749840065
9307,euler_ramsey,0.5,1.5% Ramsey,risk_aversion,combined,0,-156.9899405883414,0.7316825747638215
9307,euler_ramsey,0.5,2.0% Ramsey,risk_aversion,combined,0,-95.25344207900794,0.648634993660297
9307,euler_ramsey,0.5,2.5% Ramsey,risk_aversion,combined,0,-59.72387926471125,0.5843138379827478
9308,euler_ramsey,0.5,1.5% Ramsey,risk_aversion,combined,0,-1833.5807277475712,0.10557543781066041
9308,euler_ramsey,0.5,2.0% Ramsey,risk_aversion,combined,0,-480.91778703935233,0.06052475522695855
9308,euler_ramsey,0.5,2.5% Ramsey,risk_aversion,combined,0,-144.2959679235476,0.038916937984594745
9309,euler_ramsey,0.5,1.5% Ramsey,risk_aversion,combined,0,360.0017808893478,1.5140028466835038
9309,euler_ramsey,0.5,2.0% Ramsey,risk_aversion,combined,0,265.526666545524,1.5818095278645314
9309,euler_ramsey,0.5,2.5% Ramsey,risk_aversion,combined,0,187.20326747900637,1.6182791201313105
9310,euler_ramsey,0.5,1.5% Ramsey,risk_aversion,combined,0,89.7798132294601,0.7815495138905633
9310,euler_ramsey,0.5,2.0% Ramsey,risk_aversion,combined,0,67.21165623121693,0.7030322316598016
9310,euler_ramsey,0.5,2.5% Ramsey,risk_aversion,combined,0,43.75953278112837,0.6405111237309963
9311,euler_ramsey,0.5,1.5% Ramsey,risk_aversion,combined,0,-218.75405571447538,0.5171067575432609
9311,euler_ramsey,0.5,2.0% Ramsey,risk_aversion,combined,0,-203.23961717260448,0.42399502207187856
9311,euler_ramsey,0.5,2.5% Ramsey,risk_aversion,combined,0,-162.64562080452572,0.35957302028939536
9312,euler_ramsey,0.5,1.5% Ramsey,risk_aversion,combined,0,-106.03871190753529,0.8645679616947004
9312,euler_ramsey,0.5,2.0% Ramsey,risk_aversion,combined,0,-73.00340118154566,0.7956960041752013
9312,euler_ramsey,0.5,2.5% Ramsey,risk_aversion,combined,0,-39.64689654025583,0.7379068557634394
9313,euler_ramsey,0.5,1.5% Ramsey,risk_aversion,combined,0,-421.7131422002826,0.31743215701901145
9313,euler_ramsey,0.5,2.0% Ramsey,risk_aversion,combined,0,-278.6279164576515,0.2331185037669743
9313,euler_ramsey,0.5,2.5% Ramsey,risk_aversion,combined,0,-196.70507680639344,0.18154102621655102
9314,euler_ramsey,0.5,1.5% Ramsey,risk_aversion,combined,0,232.96465045727226,0.39508922122929824
9314,euler_ramsey,0.5,2.0% Ramsey,risk_aversion,combined,0,181.98087511869997,0.3049372670242523
9314,euler_ramsey,0.5,2.5% Ramsey,risk_aversion,combined,0,143.1814077850648,0.2467902427796207
9315,euler_ramsey,0.5,1.5% Ramsey,risk_aversion,combined,0,953.0300112198083,0.7868882526784862
9315,euler_ramsey,0.5,2.0% Ramsey,risk_aversion,combined,0,662.5213930494102,0.7100309333100746
9315,euler_ramsey,0.5,2.5% Ramsey,risk_aversion,combined,0,453.9471369907958,0.6485224570551161
9316,euler_ramsey,0.5,1.5% Ramsey,risk_aversion,combined,0,398.2034320551431,1.0944377529748854
9316,euler_ramsey,0.5,2.0% Ramsey,risk_aversion,combined,0,331.4334994625867,1.0634557025383429
9316,euler_ramsey,0.5,2.5% Ramsey,risk_aversion,combined,0,253.3736407525794,1.0286430608365362
9317,euler_ramsey,0.5,1.5% Ramsey,risk_aversion,combined,0,179.87664646677513,1.7587591997664982
9317,euler_ramsey,0.5,2.0% Ramsey,risk_aversion,combined,0,121.3444310331027,1.9004621377728481
9317,euler_ramsey,0.5,2.5% Ramsey,risk_aversion,combined,0,82.32407493314777,1.9955389976478934
9318,euler_ramsey,0.5,1.5% Ramsey,risk_aversion,combined,0,2217.15107601193,0.3889802112727634
9318,euler_ramsey,0.5,2.0% Ramsey,risk_aversion,combined,0,2014.17441406757,0.2994985130638712
9318,euler_ramsey,0.5,2.5% Ramsey,risk_aversion,combined,0,1585.525318179547,0.24196667536980115
9319,euler_ramsey,0.5,1.5% Ramsey,risk_aversion,combined,0,81.73202616733082,2.1234134376803233
9319,euler_ramsey,0.5,2.0% Ramsey,risk_aversion,combined,0,53.34443495927704,2.393785457809243
9319,euler_ramsey,0.5,2.5% Ramsey,risk_aversion,combined,0,36.95592995612865,2.597201832168093
9320,euler_ramsey,0.5,1.5% Ramsey,risk_aversion,combined,0,-3.468079862957237,1.8956773689615014
9320,euler_ramsey,0.5,2.0% Ramsey,risk_aversion,combined,0,1.9930860079568111,2.0831444096873732
9320,euler_ramsey,0.5,2.5% Ramsey,risk_aversion,combined,0,6.853796512843924,2.2158582693584985
9321,euler_ramsey,0.5,1.5% Ramsey,risk_aversion,combined,0,1660.0496126771077,0.40630232356355744
9321,euler_ramsey,0.5,2.0% Ramsey,risk_aversion,combined,0,1161.6482979484988,0.315629491176729
9321,euler_ramsey,0.5,2.5% Ramsey,risk_aversion,combined,0,790.4983183897215,0.2567329835997035
9322,euler_ramsey,0.5,1.5% Ramsey,risk_aversion,combined,0,390.4599078451099,3.366507033567019
9322,euler_ramsey,0.5,2.0% Ramsey,risk_aversion,combined,0,260.9387907397562,4.209487563556076
9322,euler_ramsey,0.5,2.5% Ramsey,risk_aversion,combined,0,173.48286472771434,4.948222386409745
9323,euler_ramsey,0.5,1.5% Ramsey,risk_aversion,combined,0,609.1627491348482,1.6405494391880737
9323,euler_ramsey,0.5,2.0% Ramsey,risk_aversion,combined,0,451.0709251389083,1.7451570990218215
9323,euler_ramsey,0.5,2.5% Ramsey,risk_aversion,combined,0,312.46137310437473,1.8103971228697944
9324,euler_ramsey,0.5,1.5% Ramsey,risk_aversion,combined,0,47.562436159180635,0.6320983649353026
9324,euler_ramsey,0.5,2.0% Ramsey,risk_aversion,combined,0,62.79676720233977,0.5423950222677826
9324,euler_ramsey,0.5,2.5% Ramsey,risk_aversion,combined,0,61.4526377713466,0.47646404003485304
9325,euler_ramsey,0.5,1.5% Ramsey,risk_aversion,combined,0,898.0860591715478,0.3802263408025345
9325,euler_ramsey,0.5,2.0% Ramsey,risk_aversion,combined,0,672.1428661566821,0.2910266191892765
9325,euler_ramsey,0.5,2.5% Ramsey,risk_aversion,combined,0,501.9466066824303,0.2340248982238052
9326,euler_ramsey,0.5,1.5% Ramsey,risk_aversion,combined,0,860.6629937451462,1.007003508409403
9326,euler_ramsey,0.5,2.0% Ramsey,risk_aversion,combined,0,790.9855879090295,0.9599909353291122
9326,euler_ramsey,0.5,2.5% Ramsey,risk_aversion,combined,0,624.2439751220279,0.9148964878064157
9327,euler_ramsey,0.5,1.5% Ramsey,risk_aversion,combined,0,171.70415972810008,2.3698026048899288
9327,euler_ramsey,0.5,2.0% Ramsey,risk_aversion,combined,0,104.08637480857813,2.738106477729536
9327,euler_ramsey,0.5,2.5% Ramsey,risk_aversion,combined,0,68.58171188801502,3.027792293981496
9328,euler_ramsey,0.5,1.5% Ramsey,risk_aversion,combined,0,-3426.8547447989604,0.31388465670858895
9328,euler_ramsey,0.5,2.0% Ramsey,risk_aversion,combined,0,-1434.4435912641043,0.23006107702665948
9328,euler_ramsey,0.5,2.5% Ramsey,risk_aversion,combined,0,-629.2574448926698,0.17889632898171465
9329,euler_ramsey,0.5,1.5% Ramsey,risk_aversion,combined,0,21.34996908584526,1.412675453819675
9329,euler_ramsey,0.5,2.0% Ramsey,risk_aversion,combined,0,10.098224524896073,1.452914211655143
9329,euler_ramsey,0.5,2.5% Ramsey,risk_aversion,combined,0,5.545762779560283,1.4683584914884709
9330,euler_ramsey,0.5,1.5% Ramsey,risk_aversion,combined,0,594.4114579348284,0.6277800166755371
9330,euler_ramsey,0.5,2.0% Ramsey,risk_aversion,combined,0,281.3457776433315,0.5379626974036064
9330,euler_ramsey,0.5,2.5% Ramsey,risk_aversion,combined,0,143.85516704712816,0.47208781478709916
9331,euler_ramsey,0.5,1.5% Ramsey,risk_aversion,combined,0,217.47136453909616,2.1327561631913934
9331,euler_ramsey,0.5,2.0% Ramsey,risk_aversion,combined,0,152.55700032132026,2.4067385301622926
9331,euler_ramsey,0.5,2.5% Ramsey,risk_aversion,combined,0,110.41773162280037,2.6133707522359253
9332,euler_ramsey,0.5,1.5% Ramsey,risk_aversion,combined,0,859.8984344884447,1.0474287480457323
9332,euler_ramsey,0.5,2.0% Ramsey,risk_aversion,combined,0,805.8418675483518,1.0073250087820496
9332,euler_ramsey,0.5,2.5% Ramsey,risk_aversion,combined,0,663.2942426814951,0.9665642389416865
9333,euler_ramsey,0.5,1.5% Ramsey,risk_aversion,combined,0,-876.4450875930524,0.36689633107921515
9333,euler_ramsey,0.5,2.0% Ramsey,risk_aversion,combined,0,-817.9322000136657,0.2783864049821818
9333,euler_ramsey,0.5,2.5% Ramsey,risk_aversion,combined,0,-635.1989799158515,0.22233966314502143
9334,euler_ramsey,0.5,1.5% Ramsey,risk_aversion,combined,0,1084.6447062707211,1.3247187504846267
9334,euler_ramsey,0.5,2.0% Ramsey,risk_aversion,combined,0,844.3730139530768,1.3446688815947496
9334,euler_ramsey,0.5,2.5% Ramsey,risk_aversion,combined,0,594.9605761510891,1.3454994529207396
9335,euler_ramsey,0.5,1.5% Ramsey,risk_aversion,combined,0,-109.1164683543005,0.48968762370326324
9335,euler_ramsey,0.5,2.0% Ramsey,risk_aversion,combined,0,-81.68902076530193,0.396585820081535
9335,euler_ramsey,0.5,2.5% Ramsey,risk_aversion,combined,0,-59.32114494235967,0.33313093675202116
9336,euler_ramsey,0.5,1.5% Ramsey,risk_aversion,combined,0,302.6684599025707,1.1861781290577917
9336,euler_ramsey,0.5,2.0% Ramsey,risk_aversion,combined,0,245.09703769995306,1.1720861201025607
9336,euler_ramsey,0.5,2.5% Ramsey,risk_aversion,combined,0,190.81102560878182,1.1483338682096311
9337,euler_ramsey,0.5,1.5% Ramsey,risk_aversion,combined,0,1100.8118027815085,0.8920638293034995
9337,euler_ramsey,0.5,2.0% Ramsey,risk_aversion,combined,0,827.113205824205,0.8269720579094327
9337,euler_ramsey,0.5,2.5% Ramsey,risk_aversion,combined,0,562.0900484802418,0.771240719478182
9338,euler_ramsey,0.5,1.5% Ramsey,risk_aversion,combined,0,1337.0837239599807,0.7918805259483045
9338,euler_ramsey,0.5,2.0% Ramsey,risk_aversion,combined,0,968.8489564356778,0.7152740965055601
9338,euler_ramsey,0.5,2.5% Ramsey,risk_aversion,combined,0,651.8329724152826,0.6538752131321167
9339,euler_ramsey,0.5,1.5% Ramsey,risk_aversion,combined,0,91.00827693468769,0.6441004231781778
9339,euler_ramsey,0.5,2.0% Ramsey,risk_aversion,combined,0,46.64597503286119,0.5548266337471782
9339,euler_ramsey,0.5,2.5% Ramsey,risk_aversion,combined,0,17.51887317294519,0.48882494114709446
9340,euler_ramsey,0.5,1.5% Ramsey,risk_aversion,combined,0,469.08565145758786,0.9316438246632265
9340,euler_ramsey,0.5,2.0% Ramsey,risk_aversion,combined,0,299.6537608246084,0.8724337158319725
9340,euler_ramsey,0.5,2.5% Ramsey,risk_aversion,combined,0,197.17822381245668,0.8200750927924932
9341,euler_ramsey,0.5,1.5% Ramsey,risk_aversion,combined,0,24.142295573887598,0.9149381209748287
9341,euler_ramsey,0.5,2.0% Ramsey,risk_aversion,combined,0,21.9832807717832,0.8535023378329489
9341,euler_ramsey,0.5,2.5% Ramsey,risk_aversion,combined,0,18.140670846034183,0.7998485987946348
9342,euler_ramsey,0.5,1.5% Ramsey,risk_aversion,combined,0,697.3338424779982,2.1233490981306256
9342,euler_ramsey,0.5,2.0% Ramsey,risk_aversion,combined,0,556.7372809585473,2.3944431203947496
9342,euler_ramsey,0.5,2.5% Ramsey,risk_aversion,combined,0,408.72010382744355,2.5987210247028703
9343,euler_ramsey,0.5,1.5% Ramsey,risk_aversion,combined,0,1520.1410636309402,0.51861670925344
9343,euler_ramsey,0.5,2.0% Ramsey,risk_aversion,combined,0,1205.6875992221287,0.42550334024055075
9343,euler_ramsey,0.5,2.5% Ramsey,risk_aversion,combined,0,828.3811357028923,0.3610332237693061
9344,euler_ramsey,0.5,1.5% Ramsey,risk_aversion,combined,0,-314.5096007403569,0.9723539323667338
9344,euler_ramsey,0.5,2.0% Ramsey,risk_aversion,combined,0,-166.3352346143691,0.9206598972964845
9344,euler_ramsey,0.5,2.5% Ramsey,risk_aversion,combined,0,-71.8807033460018,0.8729543469137487
9345,euler_ramsey,0.5,1.5% Ramsey,risk_aversion,combined,0,432.3174366860398,0.933535114781373
9345,euler_ramsey,0.5,2.0% Ramsey,risk_aversion,combined,0,343.6020068066799,0.8750817156313353
9345,euler_ramsey,0.5,2.5% Ramsey,risk_aversion,combined,0,249.45575613827882,0.8232001894002192
9346,euler_ramsey,0.5,1.5% Ramsey,risk_aversion,combined,0,968.9185157169459,1.9556355613492524
9346,euler_ramsey,0.5,2.0% Ramsey,risk_aversion,combined,0,806.873275043412,2.165706925011367
9346,euler_ramsey,0.5,2.5% Ramsey,risk_aversion,combined,0,623.578713676622,2.3178753715451363
9347,euler_ramsey,0.5,1.5% Ramsey,risk_aversion,combined,0,1004.943919842489,0.8116305495722936
9347,euler_ramsey,0.5,2.0% Ramsey,risk_aversion,combined,0,729.594552871776,0.7382886347287154
9347,euler_ramsey,0.5,2.5% Ramsey,risk_aversion,combined,0,511.7663061644872,0.6786219380116103
9348,euler_ramsey,0.5,1.5% Ramsey,risk_aversion,combined,0,175.2950959139155,1.2327714029801544
9348,euler_ramsey,0.5,2.0% Ramsey,risk_aversion,combined,0,131.76591330654995,1.2296484495270508
9348,euler_ramsey,0.5,2.5% Ramsey,risk_aversion,combined,0,102.35648133824944,1.2136103635063913
9349,euler_ramsey,0.5,1.5% Ramsey,risk_aversion,combined,0,329.77854534207415,0.7252602647658705
9349,euler_ramsey,0.5,2.0% Ramsey,risk_aversion,combined,0,295.79303077292445,0.6413047782501625
9349,euler_ramsey,0.5,2.5% Ramsey,risk_aversion,combined,0,238.73697839617148,0.5765557386762701
9350,euler_ramsey,0.5,1.5% Ramsey,risk_aversion,combined,0,237.25200737359128,1.5883271861700337
9350,euler_ramsey,0.5,2.0% Ramsey,risk_aversion,combined,0,127.42853169708724,1.6761189873327496
9350,euler_ramsey,0.5,2.5% Ramsey,risk_aversion,combined,0,77.28565506135031,1.7278386733452287
9351,euler_ramsey,0.5,1.5% Ramsey,risk_aversion,combined,0,344.3525484460531,0.9680046182620169
9351,euler_ramsey,0.5,2.0% Ramsey,risk_aversion,combined,0,195.27655184475663,0.9137322959751027
9351,euler_ramsey,0.5,2.5% Ramsey,risk_aversion,combined,0,122.40174541427426,0.8640878570736701
9352,euler_ramsey,0.5,1.5% Ramsey,risk_aversion,combined,0,432.6917247100096,1.0509473800575078
9352,euler_ramsey,0.5,2.0% Ramsey,risk_aversion,combined,0,355.7742141828907,1.0119356904911034
9352,euler_ramsey,0.5,2.5% Ramsey,risk_aversion,combined,0,268.11829719386236,0.9719396009993095
9353,euler_ramsey,0.5,1.5% Ramsey,risk_aversion,combined,0,77.23021408427229,1.8296956201891201
9353,euler_ramsey,0.5,2.0% Ramsey,risk_aversion,combined,0,62.79836853708554,1.9944031281639099
9353,euler_ramsey,0.5,2.5% Ramsey,risk_aversion,combined,0,53.44573314624529,2.108340485828207
9354,euler_ramsey,0.5,1.5% Ramsey,risk_aversion,combined,0,693.80801195145,1.6814780699236427
9354,euler_ramsey,0.5,2.0% Ramsey,risk_aversion,combined,0,504.9939181320678,1.7987661874207128
9354,euler_ramsey,0.5,2.5% Ramsey,risk_aversion,combined,0,358.57868571034004,1.8741337216334928
9355,euler_ramsey,0.5,1.5% Ramsey,risk_aversion,combined,0,2281.781340630465,0.8745426698210627
9355,euler_ramsey,0.5,2.0% Ramsey,risk_aversion,combined,0,2407.41570777751,0.8087387722666296
9355,euler_ramsey,0.5,2.5% Ramsey,risk_aversion,combined,0,2076.9251346409665,0.7529936132428776
9356,euler_ramsey,0.5,1.5% Ramsey,risk_aversion,combined,0,1684.496833156171,0.8857492068598014
9356,euler_ramsey,0.5,2.0% Ramsey,risk_aversion,combined,0,1442.694730173945,0.821763599174241
9356,euler_ramsey,0.5,2.5% Ramsey,risk_aversion,combined,0,1126.8338255725944,0.7670078059705702
9357,euler_ramsey,0.5,1.5% Ramsey,risk_aversion,combined,0,1106.482866359728,1.0576643435326307
9357,euler_ramsey,0.5,2.0% Ramsey,risk_aversion,combined,0,921.7171707359419,1.0212142044113517
9357,euler_ramsey,0.5,2.5% Ramsey,risk_aversion,combined,0,686.8242747663667,0.9831086719026673
9358,euler_ramsey,0.5,1.5% Ramsey,risk_aversion,combined,0,871.5829157501771,0.717097080338614
9358,euler_ramsey,0.5,2.0% Ramsey,risk_aversion,combined,0,792.2252541221833,0.632625192417621
9358,euler_ramsey,0.5,2.5% Ramsey,risk_aversion,combined,0,620.157368209614,0.5677535910979803
9359,euler_ramsey,0.5,1.5% Ramsey,risk_aversion,combined,0,341.3646078396073,1.0279457400241172
9359,euler_ramsey,0.5,2.0% Ramsey,risk_aversion,combined,0,220.63850523663797,0.9835816143795806
9359,euler_ramsey,0.5,2.5% Ramsey,risk_aversion,combined,0,149.6115430692773,0.9399665504920283
9360,euler_ramsey,0.5,1.5% Ramsey,risk_aversion,combined,0,943.1446095504923,1.405396264166859
9360,euler_ramsey,0.5,2.0% Ramsey,risk_aversion,combined,0,655.536124057757,1.4445140640617977
9360,euler_ramsey,0.5,2.5% Ramsey,risk_aversion,combined,0,459.2466975159021,1.459334106404268
9361,euler_ramsey,0.5,1.5% Ramsey,risk_aversion,combined,0,1134.6856884928948,1.0595760431884673
9361,euler_ramsey,0.5,2.0% Ramsey,risk_aversion,combined,0,886.7686326118708,1.0229589533595551
9361,euler_ramsey,0.5,2.5% Ramsey,risk_aversion,combined,0,633.3570257029938,0.9846729028772646
9362,euler_ramsey,0.5,1.5% Ramsey,risk_aversion,combined,0,444.3387968357626,2.027846443337191
9362,euler_ramsey,0.5,2.0% Ramsey,risk_aversion,combined,0,327.5886581437601,2.262534637822479
9362,euler_ramsey,0.5,2.5% Ramsey,risk_aversion,combined,0,226.2115895195852,2.435316589320811
9363,euler_ramsey,0.5,1.5% Ramsey,risk_aversion,combined,0,7894.446503299012,0.3826303516837509
9363,euler_ramsey,0.5,2.0% Ramsey,risk_aversion,combined,0,2187.471379649634,0.29340130070479103
9363,euler_ramsey,0.5,2.5% Ramsey,risk_aversion,combined,0,948.7459810955169,0.23627915893322132
9364,euler_ramsey,0.5,1.5% Ramsey,risk_aversion,combined,0,1030.7558505574289,0.645465328423381
9364,euler_ramsey,0.5,2.0% Ramsey,risk_aversion,combined,0,746.700397995889,0.5563888516428579
9364,euler_ramsey,0.5,2.5% Ramsey,risk_aversion,combined,0,508.8377341839139,0.49049200384847624
9365,euler_ramsey,0.5,1.5% Ramsey,risk_aversion,combined,0,937.4140321817597,0.9263362808186095
9365,euler_ramsey,0.5,2.0% Ramsey,risk_aversion,combined,0,741.0160025275397,0.8664950965376161
9365,euler_ramsey,0.5,2.5% Ramsey,risk_aversion,combined,0,551.685080757618,0.8137875213607055
9366,euler_ramsey,0.5,1.5% Ramsey,risk_aversion,combined,0,-53.64788118875859,0.24164803719829323
9366,euler_ramsey,0.5,2.0% Ramsey,risk_aversion,combined,0,-106.499575962383,0.16689998527453734
9366,euler_ramsey,0.5,2.5% Ramsey,risk_aversion,combined,0,-113.18999246046089,0.12394766632306761
9367,euler_ramsey,0.5,1.5% Ramsey,risk_aversion,combined,0,2153.693836027457,0.7705900991396138
9367,euler_ramsey,0.5,2.0% Ramsey,risk_aversion,combined,0,1953.9361483356165,0.692025332503915
9367,euler_ramsey,0.5,2.5% Ramsey,risk_aversion,combined,0,1584.7851341125297,0.62978633887379
9368,euler_ramsey,0.5,1.5% Ramsey,risk_aversion,combined,0,888.5677764640302,0.7226436107790728
9368,euler_ramsey,0.5,2.0% Ramsey,risk_aversion,combined,0,680.6937583351928,0.6401807330695681
9368,euler_ramsey,0.5,2.5% Ramsey,risk_aversion,combined,0,478.86143293020865,0.5765121305033596
9369,euler_ramsey,0.5,1.5% Ramsey,risk_aversion,combined,0,7671.581793549587,0.16860237935657435
9369,euler_ramsey,0.5,2.0% Ramsey,risk_aversion,combined,0,2304.210838452216,0.10742250012675612
9369,euler_ramsey,0.5,2.5% Ramsey,risk_aversion,combined,0,1108.8021029475717,0.07495338265769452
9370,euler_ramsey,0.5,1.5% Ramsey,risk_aversion,combined,0,482.30885619846674,0.5419455849558101
9370,euler_ramsey,0.5,2.0% Ramsey,risk_aversion,combined,0,264.4136550635132,0.44904148622300943
9370,euler_ramsey,0.5,2.5% Ramsey,risk_aversion,combined,0,164.2598877536198,0.3839170194697743
9371,euler_ramsey,0.5,1.5% Ramsey,risk_aversion,combined,0,118.15295387694026,1.9819534621917363
9371,euler_ramsey,0.5,2.0% Ramsey,risk_aversion,combined,0,113.39032437671203,2.1998759254116527
9371,euler_ramsey,0.5,2.5% Ramsey,risk_aversion,combined,0,95.56500481166155,2.3582722979748385
9372,euler_ramsey,0.5,1.5% Ramsey,risk_aversion,combined,0,2524.8459912120593,0.4537350300831709
9372,euler_ramsey,0.5,2.0% Ramsey,risk_aversion,combined,0,2077.442948197329,0.3612638758572491
9372,euler_ramsey,0.5,2.5% Ramsey,risk_aversion,combined,0,1519.7579695565137,0.2995003292109806
9373,euler_ramsey,0.5,1.5% Ramsey,risk_aversion,combined,0,-126.99829532442153,0.789434098662179
9373,euler_ramsey,0.5,2.0% Ramsey,risk_aversion,combined,0,-108.9750584173008,0.7117645257054573
9373,euler_ramsey,0.5,2.5% Ramsey,risk_aversion,combined,0,-82.92557952999418,0.6496185534399567
9374,euler_ramsey,0.5,1.5% Ramsey,risk_aversion,combined,0,635.0056860537256,1.2448081864178526
9374,euler_ramsey,0.5,2.0% Ramsey,risk_aversion,combined,0,495.91631551897274,1.244735109803957
9374,euler_ramsey,0.5,2.5% Ramsey,risk_aversion,combined,0,384.87100952406996,1.2309311697657825
9375,euler_ramsey,0.5,1.5% Ramsey,risk_aversion,combined,0,832.6931916401859,0.36997694413471843
9375,euler_ramsey,0.5,2.0% Ramsey,risk_aversion,combined,0,555.231882265272,0.2813409395533968
9375,euler_ramsey,0.5,2.5% Ramsey,risk_aversion,combined,0,355.4925491207636,0.22508783846026784
9376,euler_ramsey,0.5,1.5% Ramsey,risk_aversion,combined,0,1681.624614265764,0.7192487951273813
9376,euler_ramsey,0.5,2.0% Ramsey,risk_aversion,combined,0,1552.950970615181,0.6352257278715173
9376,euler_ramsey,0.5,2.5% Ramsey,risk_aversion,combined,0,1216.2545165971094,0.570599806029176
9377,euler_ramsey,0.5,1.5% Ramsey,risk_aversion,combined,0,443.7694385659826,1.1696089859088663
9377,euler_ramsey,0.5,2.0% Ramsey,risk_aversion,combined,0,348.4715354896507,1.152597893246745
9377,euler_ramsey,0.5,2.5% Ramsey,risk_aversion,combined,0,245.0238585777405,1.1269806962900377
9378,euler_ramsey,0.5,1.5% Ramsey,risk_aversion,combined,0,498.5043042666878,0.816285715948883
9378,euler_ramsey,0.5,2.0% Ramsey,risk_aversion,combined,0,400.4843739046177,0.7414821049330639
9378,euler_ramsey,0.5,2.5% Ramsey,risk_aversion,combined,0,287.3643116665709,0.6806582057010778
9379,euler_ramsey,0.5,1.5% Ramsey,risk_aversion,combined,0,3069.319441336314,0.38996880634469716
9379,euler_ramsey,0.5,2.0% Ramsey,risk_aversion,combined,0,2739.490708724911,0.300326270904255
9379,euler_ramsey,0.5,2.5% Ramsey,risk_aversion,combined,0,2113.784717427202,0.24266812653464087
9380,euler_ramsey,0.5,1.5% Ramsey,risk_aversion,combined,0,314.1168102903662,0.9338109154754388
9380,euler_ramsey,0.5,2.0% Ramsey,risk_aversion,combined,0,254.3540999558013,0.8751230001857402
9380,euler_ramsey,0.5,2.5% Ramsey,risk_aversion,combined,0,183.49986549193582,0.823035557204347
9381,euler_ramsey,0.5,1.5% Ramsey,risk_aversion,combined,0,1333.799865748097,0.642271424704301
9381,euler_ramsey,0.5,2.0% Ramsey,risk_aversion,combined,0,924.1133694427062,0.5530754407911117
9381,euler_ramsey,0.5,2.5% Ramsey,risk_aversion,combined,0,585.0020641583943,0.48718308888941503
9382,euler_ramsey,0.5,1.5% Ramsey,risk_aversion,combined,0,196.46775408353952,2.0385616987412463
9382,euler_ramsey,0.5,2.0% Ramsey,risk_aversion,combined,0,153.262667350072,2.277026777123075
9382,euler_ramsey,0.5,2.5% Ramsey,risk_aversion,combined,0,119.05087855643306,2.4530838586991783
9383,euler_ramsey,0.5,1.5% Ramsey,risk_aversion,combined,0,149.95107148037766,1.6541249558006648
9383,euler_ramsey,0.5,2.0% Ramsey,risk_aversion,combined,0,108.60134535955808,1.7628589142509477
9383,euler_ramsey,0.5,2.5% Ramsey,risk_aversion,combined,0,75.79247662167542,1.831329066303745
9384,euler_ramsey,0.5,1.5% Ramsey,risk_aversion,combined,0,754.0370404478454,0.9192928880049589
9384,euler_ramsey,0.5,2.0% Ramsey,risk_aversion,combined,0,519.0084731497204,0.8581477189781563
9384,euler_ramsey,0.5,2.5% Ramsey,risk_aversion,combined,0,331.02899717703133,0.8046863254682108
9385,euler_ramsey,0.5,1.5% Ramsey,risk_aversion,combined,0,365.3499124911118,2.1599976189182595
9385,euler_ramsey,0.5,2.0% Ramsey,risk_aversion,combined,0,292.89510738838356,2.4446262323900467
9385,euler_ramsey,0.5,2.5% Ramsey,risk_aversion,combined,0,232.45552961113455,2.6605767268087583
9386,euler_ramsey,0.5,1.5% Ramsey,risk_aversion,combined,0,661.829592055709,0.7998098037943777
9386,euler_ramsey,0.5,2.0% Ramsey,risk_aversion,combined,0,526.4589224577257,0.7238846875941779
9386,euler_ramsey,0.5,2.5% Ramsey,risk_aversion,combined,0,392.4240019105852,0.6627522443355743
9387,euler_ramsey,0.5,1.5% Ramsey,risk_aversion,combined,0,-1671.4141144132202,0.42357713264862173
9387,euler_ramsey,0.5,2.0% Ramsey,risk_aversion,combined,0,-1267.626417793835,0.3320055561529092
9387,euler_ramsey,0.5,2.5% Ramsey,risk_aversion,combined,0,-852.8121902554282,0.2719147908376355
9388,euler_ramsey,0.5,1.5% Ramsey,risk_aversion,combined,0,1060.2897759393454,1.360794676820897
9388,euler_ramsey,0.5,2.0% Ramsey,risk_aversion,combined,0,886.1750000675639,1.388197084871617
9388,euler_ramsey,0.5,2.5% Ramsey,risk_aversion,combined,0,673.5809079852773,1.3942714189770133
9389,euler_ramsey,0.5,1.5% Ramsey,risk_aversion,combined,0,524.3022582907989,0.791197823196347
9389,euler_ramsey,0.5,2.0% Ramsey,risk_aversion,combined,0,374.6508648367039,0.7140312288762122
9389,euler_ramsey,0.5,2.5% Ramsey,risk_aversion,combined,0,249.4006771086793,0.6522410737755447
9390,euler_ramsey,0.5,1.5% Ramsey,risk_aversion,combined,0,2164.049452249754,0.4795752248773277
9390,euler_ramsey,0.5,2.0% Ramsey,risk_aversion,combined,0,1547.048863048311,0.386488150769877
9390,euler_ramsey,0.5,2.5% Ramsey,risk_aversion,combined,0,1034.095265375545,0.32341503322500026
9391,euler_ramsey,0.5,1.5% Ramsey,risk_aversion,combined,0,-148.70308222169544,0.47639692512481563
9391,euler_ramsey,0.5,2.0% Ramsey,risk_aversion,combined,0,-129.29209335265517,0.3832516913435862
9391,euler_ramsey,0.5,2.5% Ramsey,risk_aversion,combined,0,-94.99801777794453,0.32025922835545895
9392,euler_ramsey,0.5,1.5% Ramsey,risk_aversion,combined,0,342.80371763327497,1.0741268237809432
9392,euler_ramsey,0.5,2.0% Ramsey,risk_aversion,combined,0,275.19079325666735,1.039248404328914
9392,euler_ramsey,0.5,2.5% Ramsey,risk_aversion,combined,0,204.6162012435195,1.0018615662539836
9393,euler_ramsey,0.5,1.5% Ramsey,risk_aversion,combined,0,1589.3189798839148,0.6390625715022669
9393,euler_ramsey,0.5,2.0% Ramsey,risk_aversion,combined,0,1096.3641192336274,0.5499946069584191
9393,euler_ramsey,0.5,2.5% Ramsey,risk_aversion,combined,0,778.1359171603143,0.48428401372899094
9394,euler_ramsey,0.5,1.5% Ramsey,risk_aversion,combined,0,404.4015661023511,1.46115330661967
9394,euler_ramsey,0.5,2.0% Ramsey,risk_aversion,combined,0,471.15091970697927,1.5145711688565167
9394,euler_ramsey,0.5,2.5% Ramsey,risk_aversion,combined,0,464.88689269884054,1.5400473205855054
9395,euler_ramsey,0.5,1.5% Ramsey,risk_aversion,combined,0,146.07559158404052,1.2319556028327021
9395,euler_ramsey,0.5,2.0% Ramsey,risk_aversion,combined,0,116.57327535214014,1.2286251787776106
9395,euler_ramsey,0.5,2.5% Ramsey,risk_aversion,combined,0,90.69141111784698,1.212495276719081
9396,euler_ramsey,0.5,1.5% Ramsey,risk_aversion,combined,0,27.84820487701877,0.7446981284627634
9396,euler_ramsey,0.5,2.0% Ramsey,risk_aversion,combined,0,22.406131549182366,0.6626685956132577
9396,euler_ramsey,0.5,2.5% Ramsey,risk_aversion,combined,0,17.752256403895903,0.5987121378914697
9397,euler_ramsey,0.5,1.5% Ramsey,risk_aversion,combined,0,130.8372752165975,0.6000078638551322
9397,euler_ramsey,0.5,2.0% Ramsey,risk_aversion,combined,0,128.73758882852465,0.5088865360085996
9397,euler_ramsey,0.5,2.5% Ramsey,risk_aversion,combined,0,117.9984236385222,0.44303121821675967
9398,euler_ramsey,0.5,1.5% Ramsey,risk_aversion,combined,0,495.6043557623546,1.3518073520400364
9398,euler_ramsey,0.5,2.0% Ramsey,risk_aversion,combined,0,361.47931118824016,1.3782001187846162
9398,euler_ramsey,0.5,2.5% Ramsey,risk_aversion,combined,0,263.23446399832665,1.3836426409109095
9399,euler_ramsey,0.5,1.5% Ramsey,risk_aversion,combined,0,280.1671869309029,1.2293904934065256
9399,euler_ramsey,0.5,2.0% Ramsey,risk_aversion,combined,0,299.0684369679576,1.2247608403415537
9399,euler_ramsey,0.5,2.5% Ramsey,risk_aversion,combined,0,271.01420430617196,1.2075749162403364
9400,euler_ramsey,0.5,1.5% Ramsey,risk_aversion,combined,0,259.03038614738927,0.6507940125139245
9400,euler_ramsey,0.5,2.0% Ramsey,risk_aversion,combined,0,237.4460786932935,0.562657889359702
9400,euler_ramsey,0.5,2.5% Ramsey,risk_aversion,combined,0,187.9792696474559,0.4972551097628849
9401,euler_ramsey,0.5,1.5% Ramsey,risk_aversion,combined,0,326.75658212148033,1.3919926496305897
9401,euler_ramsey,0.5,2.0% Ramsey,risk_aversion,combined,0,267.8101665928015,1.4269192758099325
9401,euler_ramsey,0.5,2.5% Ramsey,risk_aversion,combined,0,205.10247897899276,1.4384445501669438
9402,euler_ramsey,0.5,1.5% Ramsey,risk_aversion,combined,0,16822.672652236044,0.18137037068713963
9402,euler_ramsey,0.5,2.0% Ramsey,risk_aversion,combined,0,9423.424953335767,0.11795274007102975
9402,euler_ramsey,0.5,2.5% Ramsey,risk_aversion,combined,0,5584.713040970354,0.08364899002997005
9403,euler_ramsey,0.5,1.5% Ramsey,risk_aversion,combined,0,726.774647466789,0.5823933116462775
9403,euler_ramsey,0.5,2.0% Ramsey,risk_aversion,combined,0,559.2715824032765,0.49060266710070327
9403,euler_ramsey,0.5,2.5% Ramsey,risk_aversion,combined,0,404.4200610262327,0.4248649058646781
9404,euler_ramsey,0.5,1.5% Ramsey,risk_aversion,combined,0,74.28101930518287,0.9867581436867565
9404,euler_ramsey,0.5,2.0% Ramsey,risk_aversion,combined,0,44.32400736704017,0.9358895102316358
9404,euler_ramsey,0.5,2.5% Ramsey,risk_aversion,combined,0,28.034094209182737,0.888345154775549
9405,euler_ramsey,0.5,1.5% Ramsey,risk_aversion,combined,0,-24.42597688163721,1.3455226220904728
9405,euler_ramsey,0.5,2.0% Ramsey,risk_aversion,combined,0,-13.551226840230292,1.368416515048665
9405,euler_ramsey,0.5,2.5% Ramsey,risk_aversion,combined,0,-2.3244687572379394,1.3709966274037604
9406,euler_ramsey,0.5,1.5% Ramsey,risk_aversion,combined,0,1337.8959073564727,1.0627904174662575
9406,euler_ramsey,0.5,2.0% Ramsey,risk_aversion,combined,0,1123.5236511586293,1.0278914750535166
9406,euler_ramsey,0.5,2.5% Ramsey,risk_aversion,combined,0,845.4636553124409,0.9908938534210922
9407,euler_ramsey,0.5,1.5% Ramsey,risk_aversion,combined,0,3624.54822246635,0.5977396961283579
9407,euler_ramsey,0.5,2.0% Ramsey,risk_aversion,combined,0,3308.1696552357694,0.5074427329574323
9407,euler_ramsey,0.5,2.5% Ramsey,risk_aversion,combined,0,2555.775976522531,0.4421722223621502
9408,euler_ramsey,0.5,1.5% Ramsey,risk_aversion,combined,0,330.7175021275694,0.6626761183585296
9408,euler_ramsey,0.5,2.0% Ramsey,risk_aversion,combined,0,204.82551865448693,0.5748824872995251
9408,euler_ramsey,0.5,2.5% Ramsey,risk_aversion,combined,0,131.81682604124168,0.5093049515471536
9409,euler_ramsey,0.5,1.5% Ramsey,risk_aversion,combined,0,-188.38397088920217,0.36773966919629153
9409,euler_ramsey,0.5,2.0% Ramsey,risk_aversion,combined,0,-131.9263447865904,0.27911700190144895
9409,euler_ramsey,0.5,2.5% Ramsey,risk_aversion,combined,0,-87.546511782309,0.22297626529769152
9410,euler_ramsey,0.5,1.5% Ramsey,risk_aversion,combined,0,1399.636422762076,0.4448346170377102
9410,euler_ramsey,0.5,2.0% Ramsey,risk_aversion,combined,0,1041.3422792655253,0.35238888898585347
9410,euler_ramsey,0.5,2.5% Ramsey,risk_aversion,combined,0,691.5300324338552,0.29098197002117665
9411,euler_ramsey,0.5,1.5% Ramsey,risk_aversion,combined,0,437.12372650406064,1.309957866941907
9411,euler_ramsey,0.5,2.0% Ramsey,risk_aversion,combined,0,348.86536411773346,1.324736459247389
9411,euler_ramsey,0.5,2.5% Ramsey,risk_aversion,combined,0,260.23403591763827,1.321547030277355
9412,euler_ramsey,0.5,1.5% Ramsey,risk_aversion,combined,0,140.19243684562977,2.1433523188829775
9412,euler_ramsey,0.5,2.0% Ramsey,risk_aversion,combined,0,100.41575501805525,2.421337262053752
9412,euler_ramsey,0.5,2.5% Ramsey,risk_aversion,combined,0,73.21597166914118,2.6314081689444517
9413,euler_ramsey,0.5,1.5% Ramsey,risk_aversion,combined,0,1200.525005938955,0.37508890823971497
9413,euler_ramsey,0.5,2.0% Ramsey,risk_aversion,combined,0,627.9700493786937,0.28597322429480704
9413,euler_ramsey,0.5,2.5% Ramsey,risk_aversion,combined,0,353.1830808048696,0.22924903006544212
9414,euler_ramsey,0.5,1.5% Ramsey,risk_aversion,combined,0,94.34391689427021,0.6313781668248757
9414,euler_ramsey,0.5,2.0% Ramsey,risk_aversion,combined,0,71.31624663632346,0.541806256981547
9414,euler_ramsey,0.5,2.5% Ramsey,risk_aversion,combined,0,54.12495094113006,0.4759780362579123
9415,euler_ramsey,0.5,1.5% Ramsey,risk_aversion,combined,0,1586.3143297660015,0.5752020852463309
9415,euler_ramsey,0.5,2.0% Ramsey,risk_aversion,combined,0,1253.0399552513306,0.4837128276312314
9415,euler_ramsey,0.5,2.5% Ramsey,risk_aversion,combined,0,898.4521446125335,0.41839042537920895
9416,euler_ramsey,0.5,1.5% Ramsey,risk_aversion,combined,0,53.73542270587108,0.3439647211583805
9416,euler_ramsey,0.5,2.0% Ramsey,risk_aversion,combined,0,99.11262366516294,0.2571997867263908
9416,euler_ramsey,0.5,2.5% Ramsey,risk_aversion,combined,0,115.47672731726388,0.20311025917597195
9417,euler_ramsey,0.5,1.5% Ramsey,risk_aversion,combined,0,3720.538690779408,0.9424800512324487
9417,euler_ramsey,0.5,2.0% Ramsey,risk_aversion,combined,0,2870.651360004168,0.8882163179679562
9417,euler_ramsey,0.5,2.5% Ramsey,risk_aversion,combined,0,2014.364530222633,0.8393219460005984
9418,euler_ramsey,0.5,1.5% Ramsey,risk_aversion,combined,0,547.0978217876122,1.7063589530912138
9418,euler_ramsey,0.5,2.0% Ramsey,risk_aversion,combined,0,358.8346660415451,1.8313125077717862
9418,euler_ramsey,0.5,2.5% Ramsey,risk_aversion,combined,0,234.5924624287055,1.9128605940595729
9419,euler_ramsey,0.5,1.5% Ramsey,risk_aversion,combined,0,-128.82140793069917,0.6326328208278507
9419,euler_ramsey,0.5,2.0% Ramsey,risk_aversion,combined,0,-103.03173904410444,0.5430245632072784
9419,euler_ramsey,0.5,2.5% Ramsey,risk_aversion,combined,0,-77.00257196274923,0.4771346493981441
9420,euler_ramsey,0.5,1.5% Ramsey,risk_aversion,combined,0,906.9858678425768,0.8655563980379977
9420,euler_ramsey,0.5,2.0% Ramsey,risk_aversion,combined,0,730.2182607000047,0.7977734318311523
9420,euler_ramsey,0.5,2.5% Ramsey,risk_aversion,combined,0,548.4658601871433,0.7407824701550735
9421,euler_ramsey,0.5,1.5% Ramsey,risk_aversion,combined,0,673.8313451221547,0.6291075939515215
9421,euler_ramsey,0.5,2.0% Ramsey,risk_aversion,combined,0,339.5108961603308,0.5390241106844051
9421,euler_ramsey,0.5,2.5% Ramsey,risk_aversion,combined,0,200.35886365462292,0.4729512511879222
9422,euler_ramsey,0.5,1.5% Ramsey,risk_aversion,combined,0,4042.09904360684,0.3132060609625679
9422,euler_ramsey,0.5,2.0% Ramsey,risk_aversion,combined,0,1584.1960999957867,0.22969430080857764
9422,euler_ramsey,0.5,2.5% Ramsey,risk_aversion,combined,0,947.7350596419354,0.17871235893673562
9423,euler_ramsey,0.5,1.5% Ramsey,risk_aversion,combined,0,77.87400516503426,0.23334607809997465
9423,euler_ramsey,0.5,2.0% Ramsey,risk_aversion,combined,0,38.081247596674444,0.15988882671036483
9423,euler_ramsey,0.5,2.5% Ramsey,risk_aversion,combined,0,28.568514585535677,0.11801240431461114
9424,euler_ramsey,0.5,1.5% Ramsey,risk_aversion,combined,0,166.27581884406388,0.462430429390405
9424,euler_ramsey,0.5,2.0% Ramsey,risk_aversion,combined,0,64.47816034860574,0.3695397050219261
9424,euler_ramsey,0.5,2.5% Ramsey,risk_aversion,combined,0,24.917575604742765,0.30720986516310894
9425,euler_ramsey,0.5,1.5% Ramsey,risk_aversion,combined,0,-105.95868858858492,0.36026871404447014
9425,euler_ramsey,0.5,2.0% Ramsey,risk_aversion,combined,0,-33.79851383066183,0.27218967039363035
9425,euler_ramsey,0.5,2.5% Ramsey,risk_aversion,combined,0,10.871360532540331,0.216670775036408
9426,euler_ramsey,0.5,1.5% Ramsey,risk_aversion,combined,0,587.4573820015703,0.9359519878746105
9426,euler_ramsey,0.5,2.0% Ramsey,risk_aversion,combined,0,593.4500845001912,0.8770461575820575
9426,euler_ramsey,0.5,2.5% Ramsey,risk_aversion,combined,0,493.00902744288464,0.8247476116330644
9427,euler_ramsey,0.5,1.5% Ramsey,risk_aversion,combined,0,3928.8574277984,0.46996265035727475
9427,euler_ramsey,0.5,2.0% Ramsey,risk_aversion,combined,0,3304.432789943588,0.3778544407127087
9427,euler_ramsey,0.5,2.5% Ramsey,risk_aversion,combined,0,2505.0978309968937,0.31568289589860865
9428,euler_ramsey,0.5,1.5% Ramsey,risk_aversion,combined,0,655.7266168865661,1.2316092306816284
9428,euler_ramsey,0.5,2.0% Ramsey,risk_aversion,combined,0,610.781099184748,1.2281286484632774
9428,euler_ramsey,0.5,2.5% Ramsey,risk_aversion,combined,0,505.4015152160701,1.2119345926769332
9429,euler_ramsey,0.5,1.5% Ramsey,risk_aversion,combined,0,891.0796241877632,0.483434897547956
9429,euler_ramsey,0.5,2.0% Ramsey,risk_aversion,combined,0,687.390473915329,0.3902007505137283
9429,euler_ramsey,0.5,2.5% Ramsey,risk_aversion,combined,0,478.6595031685725,0.3269020806829665
9430,euler_ramsey,0.5,1.5% Ramsey,risk_aversion,combined,0,295.61721323511784,1.2586362000027682
9430,euler_ramsey,0.5,2.0% Ramsey,risk_aversion,combined,0,236.79889014520995,1.2605202344387125
9430,euler_ramsey,0.5,2.5% Ramsey,risk_aversion,combined,0,178.29938075726642,1.2479167573150454
9431,euler_ramsey,0.5,1.5% Ramsey,risk_aversion,combined,0,1267.542778572867,0.17544317046535834
9431,euler_ramsey,0.5,2.0% Ramsey,risk_aversion,combined,0,725.4488841101764,0.11278240021766954
9431,euler_ramsey,0.5,2.5% Ramsey,risk_aversion,combined,0,515.0395433467673,0.07923775341147704
9432,euler_ramsey,0.5,1.5% Ramsey,risk_aversion,combined,0,539.606155750388,0.715979437483716
9432,euler_ramsey,0.5,2.0% Ramsey,risk_aversion,combined,0,199.00945369387097,0.6320541228143373
9432,euler_ramsey,0.5,2.5% Ramsey,risk_aversion,combined,0,105.61223557038441,0.5676324846708047
9433,euler_ramsey,0.5,1.5% Ramsey,risk_aversion,combined,0,905.3663590559701,0.747136427742053
9433,euler_ramsey,0.5,2.0% Ramsey,risk_aversion,combined,0,839.1076564042734,0.6655311745104141
9433,euler_ramsey,0.5,2.5% Ramsey,risk_aversion,combined,0,649.2394115729119,0.6017882358136964
9434,euler_ramsey,0.5,1.5% Ramsey,risk_aversion,combined,0,288.4218868482696,0.6141328546557773
9434,euler_ramsey,0.5,2.0% Ramsey,risk_aversion,combined,0,188.7676020610639,0.5232614236556894
9434,euler_ramsey,0.5,2.5% Ramsey,risk_aversion,combined,0,125.25302018334948,0.4571301982679232
9435,euler_ramsey,0.5,1.5% Ramsey,risk_aversion,combined,0,155.72720848460472,1.1614345303479376
9435,euler_ramsey,0.5,2.0% Ramsey,risk_aversion,combined,0,121.35510777404953,1.1434292260554422
9435,euler_ramsey,0.5,2.5% Ramsey,risk_aversion,combined,0,90.08877043026084,1.1172930757998352
9436,euler_ramsey,0.5,1.5% Ramsey,risk_aversion,combined,0,487.0986922796199,0.4091451995177378
9436,euler_ramsey,0.5,2.0% Ramsey,risk_aversion,combined,0,403.5876166390216,0.3182153084646714
9436,euler_ramsey,0.5,2.5% Ramsey,risk_aversion,combined,0,311.9616977536026,0.2590642480496342
9437,euler_ramsey,0.5,1.5% Ramsey,risk_aversion,combined,0,2479.36227291304,0.30118282331416957
9437,euler_ramsey,0.5,2.0% Ramsey,risk_aversion,combined,0,1185.5053426715417,0.21871426755025078
9437,euler_ramsey,0.5,2.5% Ramsey,risk_aversion,combined,0,619.1811558447306,0.16885972516194211
9438,euler_ramsey,0.5,1.5% Ramsey,risk_aversion,combined,0,178.07023002814273,2.0881057693726506
9438,euler_ramsey,0.5,2.0% Ramsey,risk_aversion,combined,0,147.44511115491912,2.3450595231344815
9438,euler_ramsey,0.5,2.5% Ramsey,risk_aversion,combined,0,119.47748657064952,2.5368907419230875
9439,euler_ramsey,0.5,1.5% Ramsey,risk_aversion,combined,0,1702.6149188376094,0.44926639010339464
9439,euler_ramsey,0.5,2.0% Ramsey,risk_aversion,combined,0,1348.4019813126727,0.35680625870440885
9439,euler_ramsey,0.5,2.5% Ramsey,risk_aversion,combined,0,985.8511216226576,0.2952206351428955
9440,euler_ramsey,0.5,1.5% Ramsey,risk_aversion,combined,0,145.42119562267436,1.9755957736116354
9440,euler_ramsey,0.5,2.0% Ramsey,risk_aversion,combined,0,109.15038418038972,2.191272149775221
9440,euler_ramsey,0.5,2.5% Ramsey,risk_aversion,combined,0,81.15104649198202,2.3478419171262015
9441,euler_ramsey,0.5,1.5% Ramsey,risk_aversion,combined,0,395.4173547409946,1.951319809275905
9441,euler_ramsey,0.5,2.0% Ramsey,risk_aversion,combined,0,309.37808146865603,2.1590401294740302
9441,euler_ramsey,0.5,2.5% Ramsey,risk_aversion,combined,0,231.73327765394563,2.3090538162457297
9442,euler_ramsey,0.5,1.5% Ramsey,risk_aversion,combined,0,4254.952197537607,0.3055820816543605
9442,euler_ramsey,0.5,2.0% Ramsey,risk_aversion,combined,0,2229.0623809427475,0.22258432638723946
9442,euler_ramsey,0.5,2.5% Ramsey,risk_aversion,combined,0,1222.0767469307734,0.17225148935797435
9443,euler_ramsey,0.5,1.5% Ramsey,risk_aversion,combined,0,327.2594539209841,2.7849967626246817
9443,euler_ramsey,0.5,2.0% Ramsey,risk_aversion,combined,0,185.5354141437995,3.3369384942268168
9443,euler_ramsey,0.5,2.5% Ramsey,risk_aversion,combined,0,108.41248737419222,3.7952804576484844
9444,euler_ramsey,0.5,1.5% Ramsey,risk_aversion,combined,0,1371.6066795956967,0.5116562606389947
9444,euler_ramsey,0.5,2.0% Ramsey,risk_aversion,combined,0,1184.5061234342606,0.41872852548914635
9444,euler_ramsey,0.5,2.5% Ramsey,risk_aversion,combined,0,908.3232316013523,0.354610445844668
9445,euler_ramsey,0.5,1.5% Ramsey,risk_aversion,combined,0,560.0219199657683,1.2225087752925738
9445,euler_ramsey,0.5,2.0% Ramsey,risk_aversion,combined,0,506.6276342660167,1.2172589437374792
9445,euler_ramsey,0.5,2.5% Ramsey,risk_aversion,combined,0,400.6095997297084,1.1999055768624782
9446,euler_ramsey,0.5,1.5% Ramsey,risk_aversion,combined,0,402.7098910232657,2.7319861123642033
9446,euler_ramsey,0.5,2.0% Ramsey,risk_aversion,combined,0,302.72327703297447,3.2598145920020656
9446,euler_ramsey,0.5,2.5% Ramsey,risk_aversion,combined,0,229.75910850762392,3.695779028492832
9447,euler_ramsey,0.5,1.5% Ramsey,risk_aversion,combined,0,2966.4958362062944,1.68421726607926
9447,euler_ramsey,0.5,2.0% Ramsey,risk_aversion,combined,0,2250.368233992431,1.8036314691398532
9447,euler_ramsey,0.5,2.5% Ramsey,risk_aversion,combined,0,1573.5574943155752,1.8809886765727633
9448,euler_ramsey,0.5,1.5% Ramsey,risk_aversion,combined,0,770.8179367590337,1.263728239181344
9448,euler_ramsey,0.5,2.0% Ramsey,risk_aversion,combined,0,554.4413208314203,1.2676998367379284
9448,euler_ramsey,0.5,2.5% Ramsey,risk_aversion,combined,0,384.96113336398156,1.2567419692753203
9449,euler_ramsey,0.5,1.5% Ramsey,risk_aversion,combined,0,-477.21014110717454,0.45440221156880395
9449,euler_ramsey,0.5,2.0% Ramsey,risk_aversion,combined,0,-380.12486876271197,0.3616905972070605
9449,euler_ramsey,0.5,2.5% Ramsey,risk_aversion,combined,0,-258.6344717138779,0.2997664755965216
9450,euler_ramsey,0.5,1.5% Ramsey,risk_aversion,combined,0,979.1629941751181,0.4487267828046263
9450,euler_ramsey,0.5,2.0% Ramsey,risk_aversion,combined,0,790.0729099430879,0.35617280317191374
9450,euler_ramsey,0.5,2.5% Ramsey,risk_aversion,combined,0,565.0233253247221,0.2945552781714065
9451,euler_ramsey,0.5,1.5% Ramsey,risk_aversion,combined,0,-662.7698937991004,0.5304834336970978
9451,euler_ramsey,0.5,2.0% Ramsey,risk_aversion,combined,0,-529.4339191439406,0.43750308573117197
9451,euler_ramsey,0.5,2.5% Ramsey,risk_aversion,combined,0,-382.0214017450963,0.3727043728900649
9452,euler_ramsey,0.5,1.5% Ramsey,risk_aversion,combined,0,877.6336894886593,0.7353579541988251
9452,euler_ramsey,0.5,2.0% Ramsey,risk_aversion,combined,0,720.0769202352838,0.6534674132817079
9452,euler_ramsey,0.5,2.5% Ramsey,risk_aversion,combined,0,529.8768887010834,0.5898821218601018
9453,euler_ramsey,0.5,1.5% Ramsey,risk_aversion,combined,0,15.120865570807178,1.1719290660820731
9453,euler_ramsey,0.5,2.0% Ramsey,risk_aversion,combined,0,24.76361316939152,1.155982287651152
9453,euler_ramsey,0.5,2.5% Ramsey,risk_aversion,combined,0,26.15675861070685,1.131136838896444
9454,euler_ramsey,0.5,1.5% Ramsey,risk_aversion,combined,0,581.8121913897498,1.2474931816019692
9454,euler_ramsey,0.5,2.0% Ramsey,risk_aversion,combined,0,434.0179300462294,1.2498236782628482
9454,euler_ramsey,0.5,2.5% Ramsey,risk_aversion,combined,0,309.31494942321524,1.2380165808376113
9455,euler_ramsey,0.5,1.5% Ramsey,risk_aversion,combined,0,-1923.4052984048355,0.31252432034839256
9455,euler_ramsey,0.5,2.0% Ramsey,risk_aversion,combined,0,-1249.2042783024951,0.22885615795586142
9455,euler_ramsey,0.5,2.5% Ramsey,risk_aversion,combined,0,-815.1089902306736,0.1778335308836092
9456,euler_ramsey,0.5,1.5% Ramsey,risk_aversion,combined,0,-1614.6094705758776,0.30080695366266247
9456,euler_ramsey,0.5,2.0% Ramsey,risk_aversion,combined,0,-762.2508883419847,0.21838186178114152
9456,euler_ramsey,0.5,2.5% Ramsey,risk_aversion,combined,0,-389.35593128372506,0.16856604458405863
9457,euler_ramsey,0.5,1.5% Ramsey,risk_aversion,combined,0,832.0670851441538,0.49247931620163815
9457,euler_ramsey,0.5,2.0% Ramsey,risk_aversion,combined,0,621.3364939716117,0.3996785050954173
9457,euler_ramsey,0.5,2.5% Ramsey,risk_aversion,combined,0,438.5262724945434,0.336296624682968
9458,euler_ramsey,0.5,1.5% Ramsey,risk_aversion,combined,0,105.34111072725575,1.9289750685137355
9458,euler_ramsey,0.5,2.0% Ramsey,risk_aversion,combined,0,68.36486961982219,2.128099069382615
9458,euler_ramsey,0.5,2.5% Ramsey,risk_aversion,combined,0,47.99735299630123,2.2706927629992637
9459,euler_ramsey,0.5,1.5% Ramsey,risk_aversion,combined,0,386.19788782713505,2.2651355940105162
9459,euler_ramsey,0.5,2.0% Ramsey,risk_aversion,combined,0,277.8580072739924,2.5911574459384585
9459,euler_ramsey,0.5,2.5% Ramsey,risk_aversion,combined,0,200.77978486656747,2.8434540047056704
9460,euler_ramsey,0.5,1.5% Ramsey,risk_aversion,combined,0,265.82390417719193,3.939769443966696
9460,euler_ramsey,0.5,2.0% Ramsey,risk_aversion,combined,0,285.2824202024232,5.1032281624236235
9460,euler_ramsey,0.5,2.5% Ramsey,risk_aversion,combined,0,253.8838920713708,6.164651832743767
9461,euler_ramsey,0.5,1.5% Ramsey,risk_aversion,combined,0,1038.139285982696,0.8649165629026595
9461,euler_ramsey,0.5,2.0% Ramsey,risk_aversion,combined,0,821.163572951612,0.7964418046899393
9461,euler_ramsey,0.5,2.5% Ramsey,risk_aversion,combined,0,590.2542421109936,0.7389458298890911
9462,euler_ramsey,0.5,1.5% Ramsey,risk_aversion,combined,0,574.4778967384642,0.8415976769057931
9462,euler_ramsey,0.5,2.0% Ramsey,risk_aversion,combined,0,476.3098572927878,0.7706699523607049
9462,euler_ramsey,0.5,2.5% Ramsey,risk_aversion,combined,0,352.9065364911653,0.712034271479011
9463,euler_ramsey,0.5,1.5% Ramsey,risk_aversion,combined,0,325.00309646302685,2.052709274690215
9463,euler_ramsey,0.5,2.0% Ramsey,risk_aversion,combined,0,355.45885514613497,2.2965700485375877
9463,euler_ramsey,0.5,2.5% Ramsey,risk_aversion,combined,0,331.1869478586622,2.4772032715293197
9464,euler_ramsey,0.5,1.5% Ramsey,risk_aversion,combined,0,1312.4961233473764,0.7703760598268236
9464,euler_ramsey,0.5,2.0% Ramsey,risk_aversion,combined,0,702.9327076736267,0.6914616579736954
9464,euler_ramsey,0.5,2.5% Ramsey,risk_aversion,combined,0,415.4603313732054,0.6289906168808651
9465,euler_ramsey,0.5,1.5% Ramsey,risk_aversion,combined,0,475.7365576503498,0.7720726278178685
9465,euler_ramsey,0.5,2.0% Ramsey,risk_aversion,combined,0,415.2710569540442,0.6924309495608327
9465,euler_ramsey,0.5,2.5% Ramsey,risk_aversion,combined,0,321.64217931458893,0.629381350707271
9466,euler_ramsey,0.5,1.5% Ramsey,risk_aversion,combined,0,1012.7457905654123,0.9175501976488801
9466,euler_ramsey,0.5,2.0% Ramsey,risk_aversion,combined,0,771.7596790351206,0.857141021342409
9466,euler_ramsey,0.5,2.5% Ramsey,risk_aversion,combined,0,574.0310178117654,0.8042894367447214
9467,euler_ramsey,0.5,1.5% Ramsey,risk_aversion,combined,0,560.5189289494276,1.2015868412037134
9467,euler_ramsey,0.5,2.0% Ramsey,risk_aversion,combined,0,370.1129058282445,1.1919124505021175
9467,euler_ramsey,0.5,2.5% Ramsey,risk_aversion,combined,0,252.69321230186765,1.171361027788419
9468,euler_ramsey,0.5,1.5% Ramsey,risk_aversion,combined,0,469.6364770440668,0.3899948349790744
9468,euler_ramsey,0.5,2.0% Ramsey,risk_aversion,combined,0,297.0943137175629,0.29996869401651566
9468,euler_ramsey,0.5,2.5% Ramsey,risk_aversion,combined,0,198.72780960597024,0.24211394211116213
9469,euler_ramsey,0.5,1.5% Ramsey,risk_aversion,combined,0,287.62299982546875,1.2839263723694943
9469,euler_ramsey,0.5,2.0% Ramsey,risk_aversion,combined,0,239.64506095407594,1.2928133409746818
9469,euler_ramsey,0.5,2.5% Ramsey,risk_aversion,combined,0,194.45446410085387,1.2853459438093795
9470,euler_ramsey,0.5,1.5% Ramsey,risk_aversion,combined,0,-294.89668593467667,0.5832510612996844
9470,euler_ramsey,0.5,2.0% Ramsey,risk_aversion,combined,0,-231.4792749954459,0.4915528553437201
9470,euler_ramsey,0.5,2.5% Ramsey,risk_aversion,combined,0,-161.90404532916898,0.4258330820715282
9471,euler_ramsey,0.5,1.5% Ramsey,risk_aversion,combined,0,134.60301567690857,0.49427367356533264
9471,euler_ramsey,0.5,2.0% Ramsey,risk_aversion,combined,0,124.37887374886712,0.4011394712733499
9471,euler_ramsey,0.5,2.5% Ramsey,risk_aversion,combined,0,105.69436961720741,0.3375044354848594
9472,euler_ramsey,0.5,1.5% Ramsey,risk_aversion,combined,0,1991.0004746595812,0.29188029101064533
9472,euler_ramsey,0.5,2.0% Ramsey,risk_aversion,combined,0,1067.2636012562934,0.21036597320810632
9472,euler_ramsey,0.5,2.5% Ramsey,risk_aversion,combined,0,627.4153739308219,0.1614645777961594
9473,euler_ramsey,0.5,1.5% Ramsey,risk_aversion,combined,0,331.73033872282525,1.1886883532881123
9473,euler_ramsey,0.5,2.0% Ramsey,risk_aversion,combined,0,239.56966338689713,1.1755030222023444
9473,euler_ramsey,0.5,2.5% Ramsey,risk_aversion,combined,0,168.23123915460675,1.1524575635185001
9474,euler_ramsey,0.5,1.5% Ramsey,risk_aversion,combined,0,105.52059024912376,0.8134227546030496
9474,euler_ramsey,0.5,2.0% Ramsey,risk_aversion,combined,0,104.24875267583921,0.7380298848822767
9474,euler_ramsey,0.5,2.5% Ramsey,risk_aversion,combined,0,87.26073005340797,0.6768614018289576
9475,euler_ramsey,0.5,1.5% Ramsey,risk_aversion,combined,0,136.96280804635063,2.001827638403087
9475,euler_ramsey,0.5,2.0% Ramsey,risk_aversion,combined,0,99.83731930422508,2.2269593314421043
9475,euler_ramsey,0.5,2.5% Ramsey,risk_aversion,combined,0,72.78900376683305,2.391538263070918
9476,euler_ramsey,0.5,1.5% Ramsey,risk_aversion,combined,0,742.2513824916442,0.9040679396454566
9476,euler_ramsey,0.5,2.0% Ramsey,risk_aversion,combined,0,565.8910134656293,0.8409061791967537
9476,euler_ramsey,0.5,2.5% Ramsey,risk_aversion,combined,0,403.56095602514665,0.7862780091959947
9477,euler_ramsey,0.5,1.5% Ramsey,risk_aversion,combined,0,1303.088208759526,0.5821648602272279
9477,euler_ramsey,0.5,2.0% Ramsey,risk_aversion,combined,0,845.9597104761648,0.49035964252181646
9477,euler_ramsey,0.5,2.5% Ramsey,risk_aversion,combined,0,530.9104887057956,0.4246233717683489
9478,euler_ramsey,0.5,1.5% Ramsey,risk_aversion,combined,0,664.8414393200004,0.8571946729469676
9478,euler_ramsey,0.5,2.0% Ramsey,risk_aversion,combined,0,541.0396237653483,0.7884621547826209
9478,euler_ramsey,0.5,2.5% Ramsey,risk_aversion,combined,0,405.84702422396333,0.7309246322596968
9479,euler_ramsey,0.5,1.5% Ramsey,risk_aversion,combined,0,-417.34428018718603,0.5170440396154921
9479,euler_ramsey,0.5,2.0% Ramsey,risk_aversion,combined,0,-331.4730916700203,0.4237547511550567
9479,euler_ramsey,0.5,2.5% Ramsey,risk_aversion,combined,0,-235.45185902083614,0.3592348157671185
9480,euler_ramsey,0.5,1.5% Ramsey,risk_aversion,combined,0,1557.3060311745985,0.7614755690470295
9480,euler_ramsey,0.5,2.0% Ramsey,risk_aversion,combined,0,1372.4144291698417,0.6815642051754944
9480,euler_ramsey,0.5,2.5% Ramsey,risk_aversion,combined,0,1051.170975048447,0.6186123021300998
9481,euler_ramsey,0.5,1.5% Ramsey,risk_aversion,combined,0,-62.016746740979265,1.2056993994761769
9481,euler_ramsey,0.5,2.0% Ramsey,risk_aversion,combined,0,-48.161804127272134,1.1967020942889808
9481,euler_ramsey,0.5,2.5% Ramsey,risk_aversion,combined,0,-31.586045756220575,1.1765715173398499
9482,euler_ramsey,0.5,1.5% Ramsey,risk_aversion,combined,0,3410.2981105815466,0.4570887451041669
9482,euler_ramsey,0.5,2.0% Ramsey,risk_aversion,combined,0,2759.1366936591326,0.36459819051504383
9482,euler_ramsey,0.5,2.5% Ramsey,risk_aversion,combined,0,1965.342774811146,0.30269597953102056
9483,euler_ramsey,0.5,1.5% Ramsey,risk_aversion,combined,0,2110.463588347659,0.6694475676133288
9483,euler_ramsey,0.5,2.0% Ramsey,risk_aversion,combined,0,1773.1260253270927,0.5827928389699303
9483,euler_ramsey,0.5,2.5% Ramsey,risk_aversion,combined,0,1339.9286137974832,0.5178263230519785
9484,euler_ramsey,0.5,1.5% Ramsey,risk_aversion,combined,0,418.42655782359003,2.0245953961098975
9484,euler_ramsey,0.5,2.0% Ramsey,risk_aversion,combined,0,317.44704127814634,2.2582463840064264
9484,euler_ramsey,0.5,2.5% Ramsey,risk_aversion,combined,0,231.10461866276106,2.430192258102739
9485,euler_ramsey,0.5,1.5% Ramsey,risk_aversion,combined,0,57.30287840071545,1.4463438894280718
9485,euler_ramsey,0.5,2.0% Ramsey,risk_aversion,combined,0,41.27029481053897,1.495430527272471
9485,euler_ramsey,0.5,2.5% Ramsey,risk_aversion,combined,0,29.51707939381025,1.5175312666361709
9486,euler_ramsey,0.5,1.5% Ramsey,risk_aversion,combined,0,1670.1680744615396,0.45228226374364705
9486,euler_ramsey,0.5,2.0% Ramsey,risk_aversion,combined,0,867.5161102713103,0.359850400051965
9486,euler_ramsey,0.5,2.5% Ramsey,risk_aversion,combined,0,489.9133977903492,0.29816396338683254
9487,euler_ramsey,0.5,1.5% Ramsey,risk_aversion,combined,0,771.9616852533185,2.0313004002719195
9487,euler_ramsey,0.5,2.0% Ramsey,risk_aversion,combined,0,531.2151140290363,2.268073834376696
9487,euler_ramsey,0.5,2.5% Ramsey,risk_aversion,combined,0,366.8130383603025,2.4428201959841265
9488,euler_ramsey,0.5,1.5% Ramsey,risk_aversion,combined,0,598.3778515946871,0.46639041813824705
9488,euler_ramsey,0.5,2.0% Ramsey,risk_aversion,combined,0,458.41510831652084,0.3734273023878741
9488,euler_ramsey,0.5,2.5% Ramsey,risk_aversion,combined,0,325.5921555530174,0.31091033338678803
9489,euler_ramsey,0.5,1.5% Ramsey,risk_aversion,combined,0,332.81722374751547,0.6414059583327999
9489,euler_ramsey,0.5,2.0% Ramsey,risk_aversion,combined,0,258.24171505197717,0.5519922364087034
9489,euler_ramsey,0.5,2.5% Ramsey,risk_aversion,combined,0,187.64341064733725,0.4859854221956206
9490,euler_ramsey,0.5,1.5% Ramsey,risk_aversion,combined,0,930.4858981264053,0.8200570415572609
9490,euler_ramsey,0.5,2.0% Ramsey,risk_aversion,combined,0,619.747838567103,0.747878622153237
9490,euler_ramsey,0.5,2.5% Ramsey,risk_aversion,combined,0,399.1666250280696,0.6889063685050894
9491,euler_ramsey,0.5,1.5% Ramsey,risk_aversion,combined,0,367.2573742577489,2.6506371093179535
9491,euler_ramsey,0.5,2.0% Ramsey,risk_aversion,combined,0,264.54489154643244,3.1416345168452446
9491,euler_ramsey,0.5,2.5% Ramsey,risk_aversion,combined,0,186.38417886893723,3.5435155273568637
9492,euler_ramsey,0.5,1.5% Ramsey,risk_aversion,combined,0,176.78951393220453,0.9395587699515743
9492,euler_ramsey,0.5,2.0% Ramsey,risk_aversion,combined,0,132.35232844543987,0.8814082299811636
9492,euler_ramsey,0.5,2.5% Ramsey,risk_aversion,combined,0,100.82786996486756,0.8296041475692416
9493,euler_ramsey,0.5,1.5% Ramsey,risk_aversion,combined,0,718.7453499449455,0.7294901777040943
9493,euler_ramsey,0.5,2.0% Ramsey,risk_aversion,combined,0,536.6002318109868,0.6468477199003105
9493,euler_ramsey,0.5,2.5% Ramsey,risk_aversion,combined,0,387.5036021510258,0.5829041388051427
9494,euler_ramsey,0.5,1.5% Ramsey,risk_aversion,combined,0,6837.5548395994065,0.5079779898354961
9494,euler_ramsey,0.5,2.0% Ramsey,risk_aversion,combined,0,6013.21685382672,0.41624333232493527
9494,euler_ramsey,0.5,2.5% Ramsey,risk_aversion,combined,0,4620.222751976168,0.3529524614397915
9495,euler_ramsey,0.5,1.5% Ramsey,risk_aversion,combined,0,2906.535246541747,0.6923470576643715
9495,euler_ramsey,0.5,2.0% Ramsey,risk_aversion,combined,0,1952.0084007587368,0.6076012473141545
9495,euler_ramsey,0.5,2.5% Ramsey,risk_aversion,combined,0,1296.3058667170517,0.5432401150885476
9496,euler_ramsey,0.5,1.5% Ramsey,risk_aversion,combined,0,277.56624267800663,0.3039191543204248
9496,euler_ramsey,0.5,2.0% Ramsey,risk_aversion,combined,0,235.6041724182224,0.22099871189901224
9496,euler_ramsey,0.5,2.5% Ramsey,risk_aversion,combined,0,170.25910413805607,0.17079082736219964
9497,euler_ramsey,0.5,1.5% Ramsey,risk_aversion,combined,0,433.6067267448255,0.8601155961462019
9497,euler_ramsey,0.5,2.0% Ramsey,risk_aversion,combined,0,359.9773293239639,0.7912788648677175
9497,euler_ramsey,0.5,2.5% Ramsey,risk_aversion,combined,0,269.5521731840862,0.7335884081844528
9498,euler_ramsey,0.5,1.5% Ramsey,risk_aversion,combined,0,152.21180018037444,1.932517586834559
9498,euler_ramsey,0.5,2.0% Ramsey,risk_aversion,combined,0,101.05255940979904,2.1329329086389848
9498,euler_ramsey,0.5,2.5% Ramsey,risk_aversion,combined,0,71.7196726241954,2.276646073251585
9499,euler_ramsey,0.5,1.5% Ramsey,risk_aversion,combined,0,546.452098335707,0.7509784503040732
9499,euler_ramsey,0.5,2.0% Ramsey,risk_aversion,combined,0,490.68176364764884,0.6695076314270519
9499,euler_ramsey,0.5,2.5% Ramsey,risk_aversion,combined,0,402.93695652749784,0.6057609575290527
9500,euler_ramsey,0.5,1.5% Ramsey,risk_aversion,combined,0,965.6447731908096,0.5129182155383037
9500,euler_ramsey,0.5,2.0% Ramsey,risk_aversion,combined,0,825.6000948570407,0.419791928335391
9500,euler_ramsey,0.5,2.5% Ramsey,risk_aversion,combined,0,621.2941383126613,0.3555099147101883
9501,euler_ramsey,0.5,1.5% Ramsey,risk_aversion,combined,0,1805.5737506444232,0.8728352826793322
9501,euler_ramsey,0.5,2.0% Ramsey,risk_aversion,combined,0,1508.798119945886,0.8058175146911006
9501,euler_ramsey,0.5,2.5% Ramsey,risk_aversion,combined,0,1160.6886310023913,0.7491842002246362
9502,euler_ramsey,0.5,1.5% Ramsey,risk_aversion,combined,0,234.27572935822926,0.8857980964226947
9502,euler_ramsey,0.5,2.0% Ramsey,risk_aversion,combined,0,176.59805241266864,0.8205647139679905
9502,euler_ramsey,0.5,2.5% Ramsey,risk_aversion,combined,0,134.81705741330293,0.7648727339327256
9503,euler_ramsey,0.5,1.5% Ramsey,risk_aversion,combined,0,1738.0421899569135,1.1785878360420867
9503,euler_ramsey,0.5,2.0% Ramsey,risk_aversion,combined,0,1430.4876763489578,1.1652321892548185
9503,euler_ramsey,0.5,2.5% Ramsey,risk_aversion,combined,0,1041.9934653476341,1.1424860773484564
9504,euler_ramsey,0.5,1.5% Ramsey,risk_aversion,combined,0,557.9715214890438,1.4333220146499408
9504,euler_ramsey,0.5,2.0% Ramsey,risk_aversion,combined,0,447.63722591849125,1.479344472735277
9504,euler_ramsey,0.5,2.5% Ramsey,risk_aversion,combined,0,342.58976535346363,1.49923128508866
9505,euler_ramsey,0.5,1.5% Ramsey,risk_aversion,combined,0,1526.7210201174112,0.3113282654050419
9505,euler_ramsey,0.5,2.0% Ramsey,risk_aversion,combined,0,749.8179529026618,0.22762391702238904
9505,euler_ramsey,0.5,2.5% Ramsey,risk_aversion,combined,0,441.82917193639236,0.17665640875798252
9506,euler_ramsey,0.5,1.5% Ramsey,risk_aversion,combined,0,3003.743649430941,0.44322676485633505
9506,euler_ramsey,0.5,2.0% Ramsey,risk_aversion,combined,0,1906.7681317286556,0.3512913595540666
9506,euler_ramsey,0.5,2.5% Ramsey,risk_aversion,combined,0,1248.8899481842627,0.29022659844204385
9507,euler_ramsey,0.5,1.5% Ramsey,risk_aversion,combined,0,1252.3850492246102,0.7308180358896107
9507,euler_ramsey,0.5,2.0% Ramsey,risk_aversion,combined,0,824.2573492246058,0.6488730330614603
9507,euler_ramsey,0.5,2.5% Ramsey,risk_aversion,combined,0,534.1332407822516,0.5854088582005182
9508,euler_ramsey,0.5,1.5% Ramsey,risk_aversion,combined,0,600.7722429738974,0.258486829107212
9508,euler_ramsey,0.5,2.0% Ramsey,risk_aversion,combined,0,328.1469328770103,0.18124106919857458
9508,euler_ramsey,0.5,2.5% Ramsey,risk_aversion,combined,0,207.02963591343018,0.13617677618370314
9509,euler_ramsey,0.5,1.5% Ramsey,risk_aversion,combined,0,348.9064127990125,1.2479630931538783
9509,euler_ramsey,0.5,2.0% Ramsey,risk_aversion,combined,0,316.79814322744267,1.2484223983341298
9509,euler_ramsey,0.5,2.5% Ramsey,risk_aversion,combined,0,255.88360481507894,1.2350503345981902
9510,euler_ramsey,0.5,1.5% Ramsey,risk_aversion,combined,0,5683.087436132965,0.43029874373702837
9510,euler_ramsey,0.5,2.0% Ramsey,risk_aversion,combined,0,3352.346879803341,0.3387482509941923
9510,euler_ramsey,0.5,2.5% Ramsey,risk_aversion,combined,0,1975.578077124764,0.2784023902027316
9511,euler_ramsey,0.5,1.5% Ramsey,risk_aversion,combined,0,629.2714492277506,1.406258830144791
9511,euler_ramsey,0.5,2.0% Ramsey,risk_aversion,combined,0,438.50243651887433,1.4466331356082616
9511,euler_ramsey,0.5,2.5% Ramsey,risk_aversion,combined,0,309.07452612829803,1.4625194345224264
9512,euler_ramsey,0.5,1.5% Ramsey,risk_aversion,combined,0,-506.1209618655503,0.6794927189585225
9512,euler_ramsey,0.5,2.0% Ramsey,risk_aversion,combined,0,-299.13750355784464,0.5923348540354594
9512,euler_ramsey,0.5,2.5% Ramsey,risk_aversion,combined,0,-197.9551061384057,0.5267028192358476
9513,euler_ramsey,0.5,1.5% Ramsey,risk_aversion,combined,0,-101.57717104406245,0.24172370740807825
9513,euler_ramsey,0.5,2.0% Ramsey,risk_aversion,combined,0,-6.949193062494148,0.16694926992632814
9513,euler_ramsey,0.5,2.5% Ramsey,risk_aversion,combined,0,34.56000154891691,0.1239828186721711
9514,euler_ramsey,0.5,1.5% Ramsey,risk_aversion,combined,0,158.23891252682105,1.4037146312794737
9514,euler_ramsey,0.5,2.0% Ramsey,risk_aversion,combined,0,107.0172751803527,1.4415498677088603
9514,euler_ramsey,0.5,2.5% Ramsey,risk_aversion,combined,0,78.52532475560649,1.4551846825467385
9515,euler_ramsey,0.5,1.5% Ramsey,risk_aversion,combined,0,279.857200787033,1.1594742365144857
9515,euler_ramsey,0.5,2.0% Ramsey,risk_aversion,combined,0,177.24833890495202,1.1411797319195762
9515,euler_ramsey,0.5,2.5% Ramsey,risk_aversion,combined,0,115.70702006426284,1.114854215027903
9516,euler_ramsey,0.5,1.5% Ramsey,risk_aversion,combined,0,2053.976641302783,1.1165144605613795
9516,euler_ramsey,0.5,2.0% Ramsey,risk_aversion,combined,0,1596.9339792339597,1.0902331270298635
9516,euler_ramsey,0.5,2.5% Ramsey,risk_aversion,combined,0,1142.8742344300845,1.058634051075972
9517,euler_ramsey,0.5,1.5% Ramsey,risk_aversion,combined,0,676.0960241769905,1.3595319517309137
9517,euler_ramsey,0.5,2.0% Ramsey,risk_aversion,combined,0,511.63026641081274,1.3885277078269356
9517,euler_ramsey,0.5,2.5% Ramsey,risk_aversion,combined,0,391.1713118034979,1.3960303994253378
9518,euler_ramsey,0.5,1.5% Ramsey,risk_aversion,combined,0,632.6545279660845,2.178787481446554
9518,euler_ramsey,0.5,2.0% Ramsey,risk_aversion,combined,0,785.4188464246761,2.4715224105448548
9518,euler_ramsey,0.5,2.5% Ramsey,risk_aversion,combined,0,804.4792734496541,2.69473864573507
9519,euler_ramsey,0.5,1.5% Ramsey,risk_aversion,combined,0,759.8402306428845,1.7082630289113385
9519,euler_ramsey,0.5,2.0% Ramsey,risk_aversion,combined,0,572.8418878748106,1.8350886048684878
9519,euler_ramsey,0.5,2.5% Ramsey,risk_aversion,combined,0,408.3232042994984,1.9183700099815946
9520,euler_ramsey,0.5,1.5% Ramsey,risk_aversion,combined,0,2840.819437411236,0.36302172362684926
9520,euler_ramsey,0.5,2.0% Ramsey,risk_aversion,combined,0,2680.978102773799,0.2753045184769584
9520,euler_ramsey,0.5,2.5% Ramsey,risk_aversion,combined,0,2126.0343295199714,0.21983016815446227
9521,euler_ramsey,0.5,1.5% Ramsey,risk_aversion,combined,0,522.9999001301912,0.8377803344293605
9521,euler_ramsey,0.5,2.0% Ramsey,risk_aversion,combined,0,415.5466795938954,0.7655187815468066
9521,euler_ramsey,0.5,2.5% Ramsey,risk_aversion,combined,0,297.3915938427228,0.7059531354398502
9522,euler_ramsey,0.5,1.5% Ramsey,risk_aversion,combined,0,-47.720435981872434,0.6143814323683575
9522,euler_ramsey,0.5,2.0% Ramsey,risk_aversion,combined,0,-21.491642567761904,0.5238408606316646
9522,euler_ramsey,0.5,2.5% Ramsey,risk_aversion,combined,0,-5.702923442693254,0.4579005479280226
9523,euler_ramsey,0.5,1.5% Ramsey,risk_aversion,combined,0,389.30288608642167,1.036708831144038
9523,euler_ramsey,0.5,2.0% Ramsey,risk_aversion,combined,0,273.99250772872307,0.9936790955038586
9523,euler_ramsey,0.5,2.5% Ramsey,risk_aversion,combined,0,189.00857861837196,0.9509018276300284
9524,euler_ramsey,0.5,1.5% Ramsey,risk_aversion,combined,0,19922.30656750623,0.644964572864555
9524,euler_ramsey,0.5,2.0% Ramsey,risk_aversion,combined,0,19658.29424340034,0.5608383744485845
9524,euler_ramsey,0.5,2.5% Ramsey,risk_aversion,combined,0,15877.408584931702,0.49819538705822275
9525,euler_ramsey,0.5,1.5% Ramsey,risk_aversion,combined,0,-46.35858955760574,1.2131669766897635
9525,euler_ramsey,0.5,2.0% Ramsey,risk_aversion,combined,0,-23.10959903984457,1.205816691750724
9525,euler_ramsey,0.5,2.5% Ramsey,risk_aversion,combined,0,0.5520203785770681,1.186883816299188
9526,euler_ramsey,0.5,1.5% Ramsey,risk_aversion,combined,0,5145.600765869145,0.3903228082196898
9526,euler_ramsey,0.5,2.0% Ramsey,risk_aversion,combined,0,4678.618064994659,0.30082149854277657
9526,euler_ramsey,0.5,2.5% Ramsey,risk_aversion,combined,0,3601.0612025721834,0.24322113948685503
9527,euler_ramsey,0.5,1.5% Ramsey,risk_aversion,combined,0,-185.38248837325133,1.392678635649868
9527,euler_ramsey,0.5,2.0% Ramsey,risk_aversion,combined,0,-124.4724804772827,1.4277918511764685
9527,euler_ramsey,0.5,2.5% Ramsey,risk_aversion,combined,0,-73.70156052856149,1.4394478084368258
9528,euler_ramsey,0.5,1.5% Ramsey,risk_aversion,combined,0,679.8788234578976,1.347397301385127
9528,euler_ramsey,0.5,2.0% Ramsey,risk_aversion,combined,0,513.5677019548858,1.3713899924892226
9528,euler_ramsey,0.5,2.5% Ramsey,risk_aversion,combined,0,358.1683188656894,1.374896987708262
9529,euler_ramsey,0.5,1.5% Ramsey,risk_aversion,combined,0,539.5840601709468,1.878167860082757
9529,euler_ramsey,0.5,2.0% Ramsey,risk_aversion,combined,0,368.6869832828272,2.0599525578049898
9529,euler_ramsey,0.5,2.5% Ramsey,risk_aversion,combined,0,250.68199453363854,2.188078792400609
9530,euler_ramsey,0.5,1.5% Ramsey,risk_aversion,combined,0,5.049033818707898,2.259133713622417
9530,euler_ramsey,0.5,2.0% Ramsey,risk_aversion,combined,0,-5.04190360336707,2.582820027744074
9530,euler_ramsey,0.5,2.5% Ramsey,risk_aversion,combined,0,-5.290289894506206,2.832876411809036
9531,euler_ramsey,0.5,1.5% Ramsey,risk_aversion,combined,0,-536.2364057737531,0.6798659946218186
9531,euler_ramsey,0.5,2.0% Ramsey,risk_aversion,combined,0,-317.7131687682165,0.5927980894762606
9531,euler_ramsey,0.5,2.5% Ramsey,risk_aversion,combined,0,-212.53750543164693,0.5272127610367953
9532,euler_ramsey,0.5,1.5% Ramsey,risk_aversion,combined,0,210.29870759137634,1.2704683050466041
9532,euler_ramsey,0.5,2.0% Ramsey,risk_aversion,combined,0,157.3380772283987,1.2757567631381737
9532,euler_ramsey,0.5,2.5% Ramsey,risk_aversion,combined,0,118.51105806946016,1.2656756946937469
9533,euler_ramsey,0.5,1.5% Ramsey,risk_aversion,combined,0,790.8990916975248,1.8269085246912133
9533,euler_ramsey,0.5,2.0% Ramsey,risk_aversion,combined,0,559.3668592052875,1.9922682514515948
9533,euler_ramsey,0.5,2.5% Ramsey,risk_aversion,combined,0,388.7770767932092,2.107101933927218
9534,euler_ramsey,0.5,1.5% Ramsey,risk_aversion,combined,0,625.7060295732173,1.1188298203092102
9534,euler_ramsey,0.5,2.0% Ramsey,risk_aversion,combined,0,440.792787739473,1.0912732629030097
9534,euler_ramsey,0.5,2.5% Ramsey,risk_aversion,combined,0,291.6639203985567,1.058496137390971
9535,euler_ramsey,0.5,1.5% Ramsey,risk_aversion,combined,0,1896.7700974980346,0.9798568433010098
9535,euler_ramsey,0.5,2.0% Ramsey,risk_aversion,combined,0,1632.4004329514048,0.9297207576891967
9535,euler_ramsey,0.5,2.5% Ramsey,risk_aversion,combined,0,1204.1517365561097,0.8831018093903947
9536,euler_ramsey,0.5,1.5% Ramsey,risk_aversion,combined,0,110.4575239205039,0.35830197747113135
9536,euler_ramsey,0.5,2.0% Ramsey,risk_aversion,combined,0,10.701980666442177,0.27036292851194615
9536,euler_ramsey,0.5,2.5% Ramsey,risk_aversion,combined,0,-4.391539607730667,0.21500512281626413
9537,euler_ramsey,0.5,1.5% Ramsey,risk_aversion,combined,0,-3291.22896157151,0.36465623246327167
9537,euler_ramsey,0.5,2.0% Ramsey,risk_aversion,combined,0,-1742.6289438582678,0.2763931769920851
9537,euler_ramsey,0.5,2.5% Ramsey,risk_aversion,combined,0,-994.7295108037891,0.22057002327607947
9538,euler_ramsey,0.5,1.5% Ramsey,risk_aversion,combined,0,55872.97742753315,0.327823025097161
9538,euler_ramsey,0.5,2.0% Ramsey,risk_aversion,combined,0,37241.83772278187,0.24461104094816513
9538,euler_ramsey,0.5,2.5% Ramsey,risk_aversion,combined,0,23423.61795631523,0.19300860327845495
9539,euler_ramsey,0.5,1.5% Ramsey,risk_aversion,combined,0,-231.82802852395497,0.7182881336501187
9539,euler_ramsey,0.5,2.0% Ramsey,risk_aversion,combined,0,-215.99184791619328,0.6339024767976423
9539,euler_ramsey,0.5,2.5% Ramsey,risk_aversion,combined,0,-176.65787592697748,0.5690431403305314
9540,euler_ramsey,0.5,1.5% Ramsey,risk_aversion,combined,0,601.8436504022538,0.6163267415534002
9540,euler_ramsey,0.5,2.0% Ramsey,risk_aversion,combined,0,395.04449887641846,0.526064726707182
9540,euler_ramsey,0.5,2.5% Ramsey,risk_aversion,combined,0,259.6006911719245,0.460250243689106
9541,euler_ramsey,0.5,1.5% Ramsey,risk_aversion,combined,0,792.1649308503322,1.1875906061786117
9541,euler_ramsey,0.5,2.0% Ramsey,risk_aversion,combined,0,582.5643559160925,1.1768506255407347
9541,euler_ramsey,0.5,2.5% Ramsey,risk_aversion,combined,0,412.6840086953409,1.1559201251732598
9542,euler_ramsey,0.5,1.5% Ramsey,risk_aversion,combined,0,914.9830340229054,1.8051241626845935
9542,euler_ramsey,0.5,2.0% Ramsey,risk_aversion,combined,0,736.2792310473669,1.9635356389186462
9542,euler_ramsey,0.5,2.5% Ramsey,risk_aversion,combined,0,561.9598220342912,2.072623443376318
9543,euler_ramsey,0.5,1.5% Ramsey,risk_aversion,combined,0,280.9226409038499,3.7770594365492087
9543,euler_ramsey,0.5,2.0% Ramsey,risk_aversion,combined,0,212.6170768468835,4.846383123665041
9543,euler_ramsey,0.5,2.5% Ramsey,risk_aversion,combined,0,161.7665010563929,5.811721955864368
9544,euler_ramsey,0.5,1.5% Ramsey,risk_aversion,combined,0,755.1888383906326,1.9123224735428934
9544,euler_ramsey,0.5,2.0% Ramsey,risk_aversion,combined,0,596.380186820432,2.106101916913152
9544,euler_ramsey,0.5,2.5% Ramsey,risk_aversion,combined,0,456.11681567843016,2.244363926736184
9545,euler_ramsey,0.5,1.5% Ramsey,risk_aversion,combined,0,503.59845408919296,1.798785858163093
9545,euler_ramsey,0.5,2.0% Ramsey,risk_aversion,combined,0,358.20983995794796,1.953654838663672
9545,euler_ramsey,0.5,2.5% Ramsey,risk_aversion,combined,0,245.58908694249135,2.059531056893139
9546,euler_ramsey,0.5,1.5% Ramsey,risk_aversion,combined,0,4942.847251430187,0.3106303526729671
9546,euler_ramsey,0.5,2.0% Ramsey,risk_aversion,combined,0,2877.863662816439,0.22710956445169972
9546,euler_ramsey,0.5,2.5% Ramsey,risk_aversion,combined,0,1620.093145546579,0.17626376122212364
9547,euler_ramsey,0.5,1.5% Ramsey,risk_aversion,combined,0,83.68953581707088,1.3513663171460304
9547,euler_ramsey,0.5,2.0% Ramsey,risk_aversion,combined,0,79.71002197224419,1.376937237733207
9547,euler_ramsey,0.5,2.5% Ramsey,risk_aversion,combined,0,68.63456244802234,1.3816475250901663
9548,euler_ramsey,0.5,1.5% Ramsey,risk_aversion,combined,0,402.5539399898061,0.5920918584126091
9548,euler_ramsey,0.5,2.0% Ramsey,risk_aversion,combined,0,763.338016076731,0.5004732131246729
9548,euler_ramsey,0.5,2.5% Ramsey,risk_aversion,combined,0,1047.9114902457632,0.43453962920378414
9549,euler_ramsey,0.5,1.5% Ramsey,risk_aversion,combined,0,424.36437836645,1.9063269116669241
9549,euler_ramsey,0.5,2.0% Ramsey,risk_aversion,combined,0,302.9230954170678,2.0978523459082825
9549,euler_ramsey,0.5,2.5% Ramsey,risk_aversion,combined,0,218.9296844329288,2.234113136197063
9550,euler_ramsey,0.5,1.5% Ramsey,risk_aversion,combined,0,811.7593853976832,0.5748200367934996
9550,euler_ramsey,0.5,2.0% Ramsey,risk_aversion,combined,0,633.5899356679105,0.48250436864914203
9550,euler_ramsey,0.5,2.5% Ramsey,risk_aversion,combined,0,465.5722900865558,0.41668159343659494
9551,euler_ramsey,0.5,1.5% Ramsey,risk_aversion,combined,0,332.50454801775095,0.7069689999982224
9551,euler_ramsey,0.5,2.0% Ramsey,risk_aversion,combined,0,227.0587746310315,0.6227114360548777
9551,euler_ramsey,0.5,2.5% Ramsey,risk_aversion,combined,0,154.32336235699734,0.5582901794376035
9552,euler_ramsey,0.5,1.5% Ramsey,risk_aversion,combined,0,2167.1928909566836,0.4538271981668333
9552,euler_ramsey,0.5,2.0% Ramsey,risk_aversion,combined,0,1245.57652225799,0.3613264342410121
9552,euler_ramsey,0.5,2.5% Ramsey,risk_aversion,combined,0,762.2225306542921,0.29954264661735575
9553,euler_ramsey,0.5,1.5% Ramsey,risk_aversion,combined,0,2440.2773110863905,0.48426589093733086
9553,euler_ramsey,0.5,2.0% Ramsey,risk_aversion,combined,0,1613.0524263578495,0.3920444925981848
9553,euler_ramsey,0.5,2.5% Ramsey,risk_aversion,combined,0,1124.865377794699,0.32929149380624234
9554,euler_ramsey,0.5,1.5% Ramsey,risk_aversion,combined,0,344.6926373763675,2.0009946782526846
9554,euler_ramsey,0.5,2.0% Ramsey,risk_aversion,combined,0,239.55183068315074,2.2258051863428827
9554,euler_ramsey,0.5,2.5% Ramsey,risk_aversion,combined,0,162.4927797193767,2.3902093574739176
9555,euler_ramsey,0.5,1.5% Ramsey,risk_aversion,combined,0,1283.1725882922085,0.1882224408107778
9555,euler_ramsey,0.5,2.0% Ramsey,risk_aversion,combined,0,784.3156664689479,0.12290044834768754
9555,euler_ramsey,0.5,2.5% Ramsey,risk_aversion,combined,0,491.5272049289978,0.087393033102817
9556,euler_ramsey,0.5,1.5% Ramsey,risk_aversion,combined,0,638.9992298336351,2.556577391634878
9556,euler_ramsey,0.5,2.0% Ramsey,risk_aversion,combined,0,505.2030267407983,3.006284766042151
9556,euler_ramsey,0.5,2.5% Ramsey,risk_aversion,combined,0,377.11715324310296,3.370229854375968
9557,euler_ramsey,0.5,1.5% Ramsey,risk_aversion,combined,0,36.09497684254423,1.1402817958724245
9557,euler_ramsey,0.5,2.0% Ramsey,risk_aversion,combined,0,32.07205898400072,1.1174769985968631
9557,euler_ramsey,0.5,2.5% Ramsey,risk_aversion,combined,0,27.898600725815804,1.087987980845895
9558,euler_ramsey,0.5,1.5% Ramsey,risk_aversion,combined,0,187.13881017135367,1.6534140929666314
9558,euler_ramsey,0.5,2.0% Ramsey,risk_aversion,combined,0,133.5978013431928,1.7619412983275133
9558,euler_ramsey,0.5,2.5% Ramsey,risk_aversion,combined,0,91.06342969813318,1.8302450728589175
9559,euler_ramsey,0.5,1.5% Ramsey,risk_aversion,combined,0,1781.2362112587505,0.5546540489252118
9559,euler_ramsey,0.5,2.0% Ramsey,risk_aversion,combined,0,1236.0725675629164,0.46230608575240334
9559,euler_ramsey,0.5,2.5% Ramsey,risk_aversion,combined,0,824.8253924807118,0.3971082907030126
9560,euler_ramsey,0.5,1.5% Ramsey,risk_aversion,combined,0,393.1823797966052,2.0069259108697115
9560,euler_ramsey,0.5,2.0% Ramsey,risk_aversion,combined,0,289.02744048526705,2.234232097122018
9560,euler_ramsey,0.5,2.5% Ramsey,risk_aversion,combined,0,210.8176994673142,2.400765275564794
9561,euler_ramsey,0.5,1.5% Ramsey,risk_aversion,combined,0,939.5107352898673,0.8094535520187992
9561,euler_ramsey,0.5,2.0% Ramsey,risk_aversion,combined,0,705.272726174684,0.7356429908501647
9561,euler_ramsey,0.5,2.5% Ramsey,risk_aversion,combined,0,501.38960667066925,0.6757506442501913
9562,euler_ramsey,0.5,1.5% Ramsey,risk_aversion,combined,0,2423.418816321725,0.5473094335261726
9562,euler_ramsey,0.5,2.0% Ramsey,risk_aversion,combined,0,1961.361004464058,0.4547082590711347
9562,euler_ramsey,0.5,2.5% Ramsey,risk_aversion,combined,0,1398.6703096530127,0.3895950892025897
9563,euler_ramsey,0.5,1.5% Ramsey,risk_aversion,combined,0,5851.641061828983,0.3115956148465913
9563,euler_ramsey,0.5,2.0% Ramsey,risk_aversion,combined,0,3622.731638891953,0.22795235701713837
9563,euler_ramsey,0.5,2.5% Ramsey,risk_aversion,combined,0,2193.0591157617882,0.1769985209054704
9564,euler_ramsey,0.5,1.5% Ramsey,risk_aversion,combined,0,-27.994894066685358,0.7124167334806882
9564,euler_ramsey,0.5,2.0% Ramsey,risk_aversion,combined,0,2.5194464507894523,0.6277021086708897
9564,euler_ramsey,0.5,2.5% Ramsey,risk_aversion,combined,0,20.32728274698791,0.5628041876962151
9565,euler_ramsey,0.5,1.5% Ramsey,risk_aversion,combined,0,88.81203257425095,1.3089051319260598
9565,euler_ramsey,0.5,2.0% Ramsey,risk_aversion,combined,0,63.507640577280185,1.322895280332088
9565,euler_ramsey,0.5,2.5% Ramsey,risk_aversion,combined,0,40.55038844216257,1.3189828134976511
9566,euler_ramsey,0.5,1.5% Ramsey,risk_aversion,combined,0,1350.9286950102821,0.8757689038687667
9566,euler_ramsey,0.5,2.0% Ramsey,risk_aversion,combined,0,929.3907597944483,0.8106120840250882
9566,euler_ramsey,0.5,2.5% Ramsey,risk_aversion,combined,0,607.8808933763789,0.7553369715467583
9567,euler_ramsey,0.5,1.5% Ramsey,risk_aversion,combined,0,65.45029359654748,0.45188786066354664
9567,euler_ramsey,0.5,2.0% Ramsey,risk_aversion,combined,0,56.677011613823495,0.3592413458610777
9567,euler_ramsey,0.5,2.5% Ramsey,risk_aversion,combined,0,50.60455388547412,0.2974501241629207
9568,euler_ramsey,0.5,1.5% Ramsey,risk_aversion,combined,0,255.41527627551002,2.006804770234809
9568,euler_ramsey,0.5,2.0% Ramsey,risk_aversion,combined,0,191.40507702098176,2.2338043016466074
9568,euler_ramsey,0.5,2.5% Ramsey,risk_aversion,combined,0,143.6847973248007,2.399960539312263
9569,euler_ramsey,0.5,1.5% Ramsey,risk_aversion,combined,0,594.3369949162732,1.647068952744181
9569,euler_ramsey,0.5,2.0% Ramsey,risk_aversion,combined,0,488.74211328633857,1.7541002400833665
9569,euler_ramsey,0.5,2.5% Ramsey,risk_aversion,combined,0,378.4884345257456,1.821363788680199
9570,euler_ramsey,0.5,1.5% Ramsey,risk_aversion,combined,0,318.4978086652094,2.1537361383750824
9570,euler_ramsey,0.5,2.0% Ramsey,risk_aversion,combined,0,243.21505931687946,2.4358096815602415
9570,euler_ramsey,0.5,2.5% Ramsey,risk_aversion,combined,0,184.1517245294088,2.6494943595553244
9571,euler_ramsey,0.5,1.5% Ramsey,risk_aversion,combined,0,3262.604406294701,0.46482851418734833
9571,euler_ramsey,0.5,2.0% Ramsey,risk_aversion,combined,0,2189.121054283104,0.37224928401092855
9571,euler_ramsey,0.5,2.5% Ramsey,risk_aversion,combined,0,1395.1711778428125,0.31000605952345567
9572,euler_ramsey,0.5,1.5% Ramsey,risk_aversion,combined,0,426.5145871345048,1.9329662763237585
9572,euler_ramsey,0.5,2.0% Ramsey,risk_aversion,combined,0,276.3484425370662,2.1338020189311115
9572,euler_ramsey,0.5,2.5% Ramsey,risk_aversion,combined,0,188.54905139270926,2.277949598722755
9573,euler_ramsey,0.5,1.5% Ramsey,risk_aversion,combined,0,222.39965160770532,2.0399373668073557
9573,euler_ramsey,0.5,2.0% Ramsey,risk_aversion,combined,0,140.63751681844866,2.2790551719826526
9573,euler_ramsey,0.5,2.5% Ramsey,risk_aversion,combined,0,93.21957577367961,2.455568376299041
9574,euler_ramsey,0.5,1.5% Ramsey,risk_aversion,combined,0,745.5504309637985,2.0243434251682917
9574,euler_ramsey,0.5,2.0% Ramsey,risk_aversion,combined,0,618.0651829187283,2.2594245589038655
9574,euler_ramsey,0.5,2.5% Ramsey,risk_aversion,combined,0,487.8657152395013,2.432907340668496
9575,euler_ramsey,0.5,1.5% Ramsey,risk_aversion,combined,0,1816.3702967435113,0.9298053367860808
9575,euler_ramsey,0.5,2.0% Ramsey,risk_aversion,combined,0,1425.2285202365454,0.8707856217138177
9575,euler_ramsey,0.5,2.5% Ramsey,risk_aversion,combined,0,1045.0244092725554,0.8186120989248558
9576,euler_ramsey,0.5,1.5% Ramsey,risk_aversion,combined,0,1314.4914768124054,1.3529621118783441
9576,euler_ramsey,0.5,2.0% Ramsey,risk_aversion,combined,0,1005.3368671596628,1.3782953021091535
9576,euler_ramsey,0.5,2.5% Ramsey,risk_aversion,combined,0,677.2046644781221,1.382811792710309
9577,euler_ramsey,0.5,1.5% Ramsey,risk_aversion,combined,0,791.1056157979563,0.6378780830131173
9577,euler_ramsey,0.5,2.0% Ramsey,risk_aversion,combined,0,663.2170219732956,0.5487804875007432
9577,euler_ramsey,0.5,2.5% Ramsey,risk_aversion,combined,0,511.6576869331312,0.48310410481758076
9578,euler_ramsey,0.5,1.5% Ramsey,risk_aversion,combined,0,1839.0199597664057,0.6426996260016394
9578,euler_ramsey,0.5,2.0% Ramsey,risk_aversion,combined,0,952.367177592668,0.5536600438743343
9578,euler_ramsey,0.5,2.5% Ramsey,risk_aversion,combined,0,562.5780400472456,0.48786433176633415
9579,euler_ramsey,0.5,1.5% Ramsey,risk_aversion,combined,0,-685.5199936485167,0.5216138742633304
9579,euler_ramsey,0.5,2.0% Ramsey,risk_aversion,combined,0,-503.04544317070395,0.4284328062967461
9579,euler_ramsey,0.5,2.5% Ramsey,risk_aversion,combined,0,-362.4735751383962,0.363817811412974
9580,euler_ramsey,0.5,1.5% Ramsey,risk_aversion,combined,0,-175.17339433282143,1.0793120589718768
9580,euler_ramsey,0.5,2.0% Ramsey,risk_aversion,combined,0,-126.68661575871954,1.0442562705864584
9580,euler_ramsey,0.5,2.5% Ramsey,risk_aversion,combined,0,-80.44949823065724,1.0066035834579616
9581,euler_ramsey,0.5,1.5% Ramsey,risk_aversion,combined,0,109.72990721819836,1.1432379509660693
9581,euler_ramsey,0.5,2.0% Ramsey,risk_aversion,combined,0,84.04293217711682,1.1204971156475005
9581,euler_ramsey,0.5,2.5% Ramsey,risk_aversion,combined,0,71.20372994517976,1.0909739240730993
9582,euler_ramsey,0.5,1.5% Ramsey,risk_aversion,combined,0,-218.91193733961646,0.8514536520589249
9582,euler_ramsey,0.5,2.0% Ramsey,risk_aversion,combined,0,-258.48204446270285,0.781436915064907
9582,euler_ramsey,0.5,2.5% Ramsey,risk_aversion,combined,0,-233.16370533865475,0.7231145680103518
9583,euler_ramsey,0.5,1.5% Ramsey,risk_aversion,combined,0,633.4791679385205,0.9909322617895755
9583,euler_ramsey,0.5,2.0% Ramsey,risk_aversion,combined,0,515.9946666790942,0.9426631766897448
9583,euler_ramsey,0.5,2.5% Ramsey,risk_aversion,combined,0,389.7261715577444,0.8970408086137197
9584,euler_ramsey,0.5,1.5% Ramsey,risk_aversion,combined,0,600.2103514699222,0.5975472554790969
9584,euler_ramsey,0.5,2.0% Ramsey,risk_aversion,combined,0,456.68086271831334,0.5063565240532021
9584,euler_ramsey,0.5,2.5% Ramsey,risk_aversion,combined,0,316.8601219335672,0.4405227088539778
9585,euler_ramsey,0.5,1.5% Ramsey,risk_aversion,combined,0,4625.633530231952,0.6206483628185572
9585,euler_ramsey,0.5,2.0% Ramsey,risk_aversion,combined,0,4473.896086344857,0.5316334402935345
9585,euler_ramsey,0.5,2.5% Ramsey,risk_aversion,combined,0,3579.0329744855158,0.46649801295732873
9586,euler_ramsey,0.5,1.5% Ramsey,risk_aversion,combined,0,335.16641033810504,1.6994922485479875
9586,euler_ramsey,0.5,2.0% Ramsey,risk_aversion,combined,0,265.6776902181323,1.822366090107013
9586,euler_ramsey,0.5,2.5% Ramsey,risk_aversion,combined,0,198.75375522791566,1.9022239131935301
9587,euler_ramsey,0.5,1.5% Ramsey,risk_aversion,combined,0,3299.904377948601,0.8581827560861133
9587,euler_ramsey,0.5,2.0% Ramsey,risk_aversion,combined,0,2599.5597553362804,0.7901627510618419
9587,euler_ramsey,0.5,2.5% Ramsey,risk_aversion,combined,0,1819.599938965545,0.7331917931882902
9588,euler_ramsey,0.5,1.5% Ramsey,risk_aversion,combined,0,681.5200538913643,0.13059641043727555
9588,euler_ramsey,0.5,2.0% Ramsey,risk_aversion,combined,0,510.20946217961296,0.07853857366874163
9588,euler_ramsey,0.5,2.5% Ramsey,risk_aversion,combined,0,394.8102949803445,0.05240408963922333
9589,euler_ramsey,0.5,1.5% Ramsey,risk_aversion,combined,0,1376.8747917335027,0.6445821131861847
9589,euler_ramsey,0.5,2.0% Ramsey,risk_aversion,combined,0,1219.6568799244992,0.5569218768212407
9589,euler_ramsey,0.5,2.5% Ramsey,risk_aversion,combined,0,991.6298406828296,0.49200680413008524
9590,euler_ramsey,0.5,1.5% Ramsey,risk_aversion,combined,0,1545.397365038447,0.34669734176371475
9590,euler_ramsey,0.5,2.0% Ramsey,risk_aversion,combined,0,914.7005708931679,0.25969498251087164
9590,euler_ramsey,0.5,2.5% Ramsey,risk_aversion,combined,0,540.454895916612,0.20535623424964022
9591,euler_ramsey,0.5,1.5% Ramsey,risk_aversion,combined,0,640.5353848925032,0.847446959325876
9591,euler_ramsey,0.5,2.0% Ramsey,risk_aversion,combined,0,474.4648331672199,0.7763258203029356
9591,euler_ramsey,0.5,2.5% Ramsey,risk_aversion,combined,0,312.1351374441087,0.7173272719663958
9592,euler_ramsey,0.5,1.5% Ramsey,risk_aversion,combined,0,5696.584835508716,0.2817031476542442
9592,euler_ramsey,0.5,2.0% Ramsey,risk_aversion,combined,0,2476.294510604618,0.20178998788331878
9592,euler_ramsey,0.5,2.5% Ramsey,risk_aversion,combined,0,1355.8588932696755,0.15417702636500197
9593,euler_ramsey,0.5,1.5% Ramsey,risk_aversion,combined,0,551.1657926573837,2.1331704744449107
9593,euler_ramsey,0.5,2.0% Ramsey,risk_aversion,combined,0,364.0150379372828,2.4082992827048573
9593,euler_ramsey,0.5,2.5% Ramsey,risk_aversion,combined,0,243.22166017958398,2.6161517073504013
9594,euler_ramsey,0.5,1.5% Ramsey,risk_aversion,combined,0,170.14403337869788,1.5985710200556726
9594,euler_ramsey,0.5,2.0% Ramsey,risk_aversion,combined,0,121.5457187088052,1.6905986476888417
9594,euler_ramsey,0.5,2.5% Ramsey,risk_aversion,combined,0,89.81994985272327,1.7458881053001885
9595,euler_ramsey,0.5,1.5% Ramsey,risk_aversion,combined,0,-47.78816403012425,0.6678615568055882
9595,euler_ramsey,0.5,2.0% Ramsey,risk_aversion,combined,0,-67.38989027567123,0.5798498849025777
9595,euler_ramsey,0.5,2.5% Ramsey,risk_aversion,combined,0,-65.76493226906659,0.5139879844332409
9596,euler_ramsey,0.5,1.5% Ramsey,risk_aversion,combined,0,132.6134324919113,2.2084815318973927
9596,euler_ramsey,0.5,2.0% Ramsey,risk_aversion,combined,0,103.84071723756074,2.5118051565997277
9596,euler_ramsey,0.5,2.5% Ramsey,risk_aversion,combined,0,83.8834988229752,2.7440326739831478
9597,euler_ramsey,0.5,1.5% Ramsey,risk_aversion,combined,0,504.39169182442004,1.2650201861794717
9597,euler_ramsey,0.5,2.0% Ramsey,risk_aversion,combined,0,344.33789287802557,1.2693040872625276
9597,euler_ramsey,0.5,2.5% Ramsey,risk_aversion,combined,0,238.13056313502958,1.2586308896331144
9598,euler_ramsey,0.5,1.5% Ramsey,risk_aversion,combined,0,-144.9060698497359,0.541472748710447
9598,euler_ramsey,0.5,2.0% Ramsey,risk_aversion,combined,0,-126.47143644270498,0.44845747498016775
9598,euler_ramsey,0.5,2.5% Ramsey,risk_aversion,combined,0,-98.23303190577003,0.38327798079150954
9599,euler_ramsey,0.5,1.5% Ramsey,risk_aversion,combined,0,3027.9705625516085,0.3658971664359632
9599,euler_ramsey,0.5,2.0% Ramsey,risk_aversion,combined,0,2223.9957491392643,0.2776919596567809
9599,euler_ramsey,0.5,2.5% Ramsey,risk_aversion,combined,0,1615.2317693583288,0.2218463258598468
9600,euler_ramsey,0.5,1.5% Ramsey,risk_aversion,combined,0,-184.78285820678298,1.2645801520384008
9600,euler_ramsey,0.5,2.0% Ramsey,risk_aversion,combined,0,-151.27387859058084,1.2684006918629172
9600,euler_ramsey,0.5,2.5% Ramsey,risk_aversion,combined,0,-109.7720737752403,1.257224653353427
9601,euler_ramsey,0.5,1.5% Ramsey,risk_aversion,combined,0,-52.598442068694794,2.0272371712829322
9601,euler_ramsey,0.5,2.0% Ramsey,risk_aversion,combined,0,-43.513934696195044,2.2614343295796004
9601,euler_ramsey,0.5,2.5% Ramsey,risk_aversion,combined,0,-30.77502864957227,2.4336990327119863
9602,euler_ramsey,0.5,1.5% Ramsey,risk_aversion,combined,0,85.73660428327591,1.678055701832215
9602,euler_ramsey,0.5,2.0% Ramsey,risk_aversion,combined,0,73.27874485269966,1.79441736684547
9602,euler_ramsey,0.5,2.5% Ramsey,risk_aversion,combined,0,64.8835581605327,1.869087082718202
9603,euler_ramsey,0.5,1.5% Ramsey,risk_aversion,combined,0,1695.5590842529132,1.5084041512557849
9603,euler_ramsey,0.5,2.0% Ramsey,risk_aversion,combined,0,1402.1742061890113,1.5771175220561011
9603,euler_ramsey,0.5,2.5% Ramsey,risk_aversion,combined,0,1082.4673548854225,1.6147264074024572
9604,euler_ramsey,0.5,1.5% Ramsey,risk_aversion,combined,0,633.2918051699054,0.7881593087860356
9604,euler_ramsey,0.5,2.0% Ramsey,risk_aversion,combined,0,463.9708715701683,0.7106989092111696
9604,euler_ramsey,0.5,2.5% Ramsey,risk_aversion,combined,0,338.54935025579135,0.6487624068072491
9605,euler_ramsey,0.5,1.5% Ramsey,risk_aversion,combined,0,162.49001604041692,3.688304134877572
9605,euler_ramsey,0.5,2.0% Ramsey,risk_aversion,combined,0,127.39503820373962,4.707075640564925
9605,euler_ramsey,0.5,2.5% Ramsey,risk_aversion,combined,0,100.34347583172841,5.62112321994907
9606,euler_ramsey,0.5,1.5% Ramsey,risk_aversion,combined,0,1007.5757154179486,1.7950344432593444
9606,euler_ramsey,0.5,2.0% Ramsey,risk_aversion,combined,0,794.4814140152394,1.9495907274333986
9606,euler_ramsey,0.5,2.5% Ramsey,risk_aversion,combined,0,576.5913915845148,2.0554095389421443
9607,euler_ramsey,0.5,1.5% Ramsey,risk_aversion,combined,0,106.50152320979875,1.328912667692749
9607,euler_ramsey,0.5,2.0% Ramsey,risk_aversion,combined,0,87.68260784593113,1.3475674114513665
9607,euler_ramsey,0.5,2.5% Ramsey,risk_aversion,combined,0,67.17113318381857,1.34703448420882
9608,euler_ramsey,0.5,1.5% Ramsey,risk_aversion,combined,0,232.2075849442028,1.1772895644225614
9608,euler_ramsey,0.5,2.0% Ramsey,risk_aversion,combined,0,177.8186862648638,1.161415219458787
9608,euler_ramsey,0.5,2.5% Ramsey,risk_aversion,combined,0,133.7563175394468,1.1365474907898094
9609,euler_ramsey,0.5,1.5% Ramsey,risk_aversion,combined,0,62.17094580059054,1.2115405074639594
9609,euler_ramsey,0.5,2.0% Ramsey,risk_aversion,combined,0,50.70785564449493,1.204103132833592
9609,euler_ramsey,0.5,2.5% Ramsey,risk_aversion,combined,0,48.49030479187552,1.1851067851842794
9610,euler_ramsey,0.5,1.5% Ramsey,risk_aversion,combined,0,709.6879901359763,0.9913046933522157
9610,euler_ramsey,0.5,2.0% Ramsey,risk_aversion,combined,0,636.140432401377,0.9421778057546364
9610,euler_ramsey,0.5,2.5% Ramsey,risk_aversion,combined,0,496.1780242932769,0.8958656102258865
9611,euler_ramsey,0.5,1.5% Ramsey,risk_aversion,combined,0,546.022321077607,1.2477995108725122
9611,euler_ramsey,0.5,2.0% Ramsey,risk_aversion,combined,0,416.74078297690494,1.2488987881367188
9611,euler_ramsey,0.5,2.5% Ramsey,risk_aversion,combined,0,301.3612907004592,1.2360829391447699
9612,euler_ramsey,0.5,1.5% Ramsey,risk_aversion,combined,0,485.95583777199937,0.3956673723130054
9612,euler_ramsey,0.5,2.0% Ramsey,risk_aversion,combined,0,339.7299796250974,0.3054716397284144
9612,euler_ramsey,0.5,2.5% Ramsey,risk_aversion,combined,0,233.68487917099586,0.24727811192635246
9613,euler_ramsey,0.5,1.5% Ramsey,risk_aversion,combined,0,4253.140494960862,0.30846985129227245
9613,euler_ramsey,0.5,2.0% Ramsey,risk_aversion,combined,0,2545.927385183935,0.22530997338860065
9613,euler_ramsey,0.5,2.5% Ramsey,risk_aversion,combined,0,1635.6526431318757,0.17474498602107819
9614,euler_ramsey,0.5,1.5% Ramsey,risk_aversion,combined,0,265.6565118282696,1.8750607044560732
9614,euler_ramsey,0.5,2.0% Ramsey,risk_aversion,combined,0,194.04492239908183,2.0555994063515324
9614,euler_ramsey,0.5,2.5% Ramsey,risk_aversion,combined,0,138.89146043605814,2.182709611209734
9615,euler_ramsey,0.5,1.5% Ramsey,risk_aversion,combined,0,259.4102371878489,1.3827202607355642
9615,euler_ramsey,0.5,2.0% Ramsey,risk_aversion,combined,0,176.79590360024636,1.415100979763029
9615,euler_ramsey,0.5,2.5% Ramsey,risk_aversion,combined,0,124.13470770774529,1.4247004906618137
9616,euler_ramsey,0.5,1.5% Ramsey,risk_aversion,combined,0,-1136.5014436516292,0.4072206412857387
9616,euler_ramsey,0.5,2.0% Ramsey,risk_aversion,combined,0,-1021.2180724284269,0.3164241843365927
9616,euler_ramsey,0.5,2.5% Ramsey,risk_aversion,combined,0,-788.7457707217291,0.2574210098739288
9617,euler_ramsey,0.5,1.5% Ramsey,risk_aversion,combined,0,582.5661405298671,1.413041308795061
9617,euler_ramsey,0.5,2.0% Ramsey,risk_aversion,combined,0,440.2206151457633,1.4538053425006094
9617,euler_ramsey,0.5,2.5% Ramsey,risk_aversion,combined,0,310.10699122834615,1.469765430312999
9618,euler_ramsey,0.5,1.5% Ramsey,risk_aversion,combined,0,2064.491538694376,0.34621575647381775
9618,euler_ramsey,0.5,2.0% Ramsey,risk_aversion,combined,0,1038.1049689006657,0.25938965039903633
9618,euler_ramsey,0.5,2.5% Ramsey,risk_aversion,combined,0,680.6858722622629,0.20515985144823062
9619,euler_ramsey,0.5,1.5% Ramsey,risk_aversion,combined,0,3470.374141417837,0.6187719237438041
9619,euler_ramsey,0.5,2.0% Ramsey,risk_aversion,combined,0,2562.103174873975,0.528929929880571
9619,euler_ramsey,0.5,2.5% Ramsey,risk_aversion,combined,0,1806.6665362004626,0.4633220506947978
9620,euler_ramsey,0.5,1.5% Ramsey,risk_aversion,combined,0,304.50794704542704,0.4855272443388818
9620,euler_ramsey,0.5,2.0% Ramsey,risk_aversion,combined,0,270.93044312468305,0.3925060273242801
9620,euler_ramsey,0.5,2.5% Ramsey,risk_aversion,combined,0,217.386755847379,0.3292488797150402
9621,euler_ramsey,0.5,1.5% Ramsey,risk_aversion,combined,0,-927.2793219879944,0.36530821628832655
9621,euler_ramsey,0.5,2.0% Ramsey,risk_aversion,combined,0,-894.1914881257793,0.2769902872978146
9621,euler_ramsey,0.5,2.5% Ramsey,risk_aversion,combined,0,-732.3640480640951,0.22110998816795377
9622,euler_ramsey,0.5,1.5% Ramsey,risk_aversion,combined,0,-312.5864985888982,0.6512940414755404
9622,euler_ramsey,0.5,2.0% Ramsey,risk_aversion,combined,0,-224.85492677709246,0.5623543451819446
9622,euler_ramsey,0.5,2.5% Ramsey,risk_aversion,combined,0,-152.0476963494809,0.49636175924613934
9623,euler_ramsey,0.5,1.5% Ramsey,risk_aversion,combined,0,183.866693260484,1.987661146091848
9623,euler_ramsey,0.5,2.0% Ramsey,risk_aversion,combined,0,133.42341554555185,2.20766971990743
9623,euler_ramsey,0.5,2.5% Ramsey,risk_aversion,combined,0,95.63847897397075,2.3678993926078884
9624,euler_ramsey,0.5,1.5% Ramsey,risk_aversion,combined,0,644.4024969157803,0.5281204050388613
9624,euler_ramsey,0.5,2.0% Ramsey,risk_aversion,combined,0,590.4458692587081,0.4351327506301851
9624,euler_ramsey,0.5,2.5% Ramsey,risk_aversion,combined,0,484.6961426738457,0.3704188375296532
9625,euler_ramsey,0.5,1.5% Ramsey,risk_aversion,combined,0,953.4787037687174,1.1365947940897576
9625,euler_ramsey,0.5,2.0% Ramsey,risk_aversion,combined,0,770.0766358258658,1.1136667551092911
9625,euler_ramsey,0.5,2.5% Ramsey,risk_aversion,combined,0,587.2892374213953,1.0842231270747535
9626,euler_ramsey,0.5,1.5% Ramsey,risk_aversion,combined,0,-93.67117214957837,1.0691819994343104
9626,euler_ramsey,0.5,2.0% Ramsey,risk_aversion,combined,0,-27.489535146190153,1.0331837581644623
9626,euler_ramsey,0.5,2.5% Ramsey,risk_aversion,combined,0,6.020296062108558,0.9950285451605555
9627,euler_ramsey,0.5,1.5% Ramsey,risk_aversion,combined,0,510.7074767390719,1.1288862299539817
9627,euler_ramsey,0.5,2.0% Ramsey,risk_aversion,combined,0,395.35027107931785,1.1037668361105255
9627,euler_ramsey,0.5,2.5% Ramsey,risk_aversion,combined,0,283.0876176463113,1.0727162090033608
9628,euler_ramsey,0.5,1.5% Ramsey,risk_aversion,combined,0,374.00416085553235,2.15164159228177
9628,euler_ramsey,0.5,2.0% Ramsey,risk_aversion,combined,0,287.96662302872517,2.433063029016657
9628,euler_ramsey,0.5,2.5% Ramsey,risk_aversion,combined,0,218.69750546595895,2.6461717508020617
9629,euler_ramsey,0.5,1.5% Ramsey,risk_aversion,combined,0,224.03230309841334,0.7884730545541623
9629,euler_ramsey,0.5,2.0% Ramsey,risk_aversion,combined,0,182.80502445969248,0.7113230284555173
9629,euler_ramsey,0.5,2.5% Ramsey,risk_aversion,combined,0,136.3538620108285,0.6496090709406853
9630,euler_ramsey,0.5,1.5% Ramsey,risk_aversion,combined,0,656.5683906219916,0.5029335000544609
9630,euler_ramsey,0.5,2.0% Ramsey,risk_aversion,combined,0,586.7758996386954,0.41011724991568843
9630,euler_ramsey,0.5,2.5% Ramsey,risk_aversion,combined,0,458.34442990277984,0.3463632350688986
9631,euler_ramsey,0.5,1.5% Ramsey,risk_aversion,combined,0,438.0076278088114,1.343043430623748
9631,euler_ramsey,0.5,2.0% Ramsey,risk_aversion,combined,0,334.2065594730733,1.3654159031396766
9631,euler_ramsey,0.5,2.5% Ramsey,risk_aversion,combined,0,230.7302535652868,1.367639098564736
9632,euler_ramsey,0.5,1.5% Ramsey,risk_aversion,combined,0,474.08183360696967,1.047365196249853
9632,euler_ramsey,0.5,2.0% Ramsey,risk_aversion,combined,0,325.6980165051821,1.00662597284734
9632,euler_ramsey,0.5,2.5% Ramsey,risk_aversion,combined,0,220.42021661259642,0.9653769626863565
9633,euler_ramsey,0.5,1.5% Ramsey,risk_aversion,combined,0,-265.6654934262218,0.4836971998358142
9633,euler_ramsey,0.5,2.0% Ramsey,risk_aversion,combined,0,-204.46323597320028,0.3905376508844442
9633,euler_ramsey,0.5,2.5% Ramsey,risk_aversion,combined,0,-154.63779428155289,0.3272665784862299
9634,euler_ramsey,0.5,1.5% Ramsey,risk_aversion,combined,0,446.91999295684263,1.9022087975141235
9634,euler_ramsey,0.5,2.0% Ramsey,risk_aversion,combined,0,261.36442792396974,2.0920633468092853
9634,euler_ramsey,0.5,2.5% Ramsey,risk_aversion,combined,0,155.05820436528177,2.226929142703164
9635,euler_ramsey,0.5,1.5% Ramsey,risk_aversion,combined,0,559.013943718837,2.0551955346619533
9635,euler_ramsey,0.5,2.0% Ramsey,risk_aversion,combined,0,425.1240782151114,2.3003910110629824
9635,euler_ramsey,0.5,2.5% Ramsey,risk_aversion,combined,0,311.4901508729662,2.482288949119022
9636,euler_ramsey,0.5,1.5% Ramsey,risk_aversion,combined,0,563.7943568397042,1.171424228378711
9636,euler_ramsey,0.5,2.0% Ramsey,risk_aversion,combined,0,516.1981939832108,1.15491034204316
9636,euler_ramsey,0.5,2.5% Ramsey,risk_aversion,combined,0,410.4048804117757,1.129726899065976
9637,euler_ramsey,0.5,1.5% Ramsey,risk_aversion,combined,0,490.06296930143134,1.7841499710175293
9637,euler_ramsey,0.5,2.0% Ramsey,risk_aversion,combined,0,377.95824355462224,1.9342733919473578
9637,euler_ramsey,0.5,2.5% Ramsey,risk_aversion,combined,0,274.6219794387991,2.03627635546713
9638,euler_ramsey,0.5,1.5% Ramsey,risk_aversion,combined,0,45.305377947011365,0.48106677932416625
9638,euler_ramsey,0.5,2.0% Ramsey,risk_aversion,combined,0,79.35319558528779,0.38807467675353996
9638,euler_ramsey,0.5,2.5% Ramsey,risk_aversion,combined,0,82.08568127264856,0.32499685950525214
9639,euler_ramsey,0.5,1.5% Ramsey,risk_aversion,combined,0,651.6661804862439,1.2705336726885628
9639,euler_ramsey,0.5,2.0% Ramsey,risk_aversion,combined,0,467.82043617082223,1.276131246196239
9639,euler_ramsey,0.5,2.5% Ramsey,risk_aversion,combined,0,329.67795055082877,1.2663434038438595
9640,euler_ramsey,0.5,1.5% Ramsey,risk_aversion,combined,0,4748.195868057803,0.3827191333921689
9640,euler_ramsey,0.5,2.0% Ramsey,risk_aversion,combined,0,3804.430004529204,0.29343014956445324
9640,euler_ramsey,0.5,2.5% Ramsey,risk_aversion,combined,0,2744.3252118102773,0.23627379976357146
9641,euler_ramsey,0.5,1.5% Ramsey,risk_aversion,combined,0,711.5299454614918,1.242479379882537
9641,euler_ramsey,0.5,2.0% Ramsey,risk_aversion,combined,0,548.5219881834818,1.2418354538678311
9641,euler_ramsey,0.5,2.5% Ramsey,risk_aversion,combined,0,414.4952241089297,1.2276202164720955
9642,euler_ramsey,0.5,1.5% Ramsey,risk_aversion,combined,0,1629.7738880727782,0.2665020307907683
9642,euler_ramsey,0.5,2.0% Ramsey,risk_aversion,combined,0,817.0125124379019,0.1881618179039538
9642,euler_ramsey,0.5,2.5% Ramsey,risk_aversion,combined,0,453.55648640453114,0.14213867765744595
9643,euler_ramsey,0.5,1.5% Ramsey,risk_aversion,combined,0,-151.29438819888873,0.6651052911438334
9643,euler_ramsey,0.5,2.0% Ramsey,risk_aversion,combined,0,-88.8764823101439,0.5774757494012659
9643,euler_ramsey,0.5,2.5% Ramsey,risk_aversion,combined,0,-50.205364582684105,0.5119329240645114
9644,euler_ramsey,0.5,1.5% Ramsey,risk_aversion,combined,0,808.6419282947525,1.269564193836316
9644,euler_ramsey,0.5,2.0% Ramsey,risk_aversion,combined,0,585.9358374769107,1.2750993684391974
9644,euler_ramsey,0.5,2.5% Ramsey,risk_aversion,combined,0,410.4297301093019,1.2652963623144116
9645,euler_ramsey,0.5,1.5% Ramsey,risk_aversion,combined,0,500.7632392983037,0.7972387654320694
9645,euler_ramsey,0.5,2.0% Ramsey,risk_aversion,combined,0,419.35943775558917,0.7205491898195979
9645,euler_ramsey,0.5,2.5% Ramsey,risk_aversion,combined,0,311.83286824429155,0.6588900774459441
9646,euler_ramsey,0.5,1.5% Ramsey,risk_aversion,combined,0,161.74972373649726,2.3714720596410084
9646,euler_ramsey,0.5,2.0% Ramsey,risk_aversion,combined,0,124.08703520875106,2.740610051975528
9646,euler_ramsey,0.5,2.5% Ramsey,risk_aversion,combined,0,94.83019960676467,3.0311569155290656
9647,euler_ramsey,0.5,1.5% Ramsey,risk_aversion,combined,0,571.8652474520131,0.827630365412372
9647,euler_ramsey,0.5,2.0% Ramsey,risk_aversion,combined,0,380.9267134220253,0.7547481785219082
9647,euler_ramsey,0.5,2.5% Ramsey,risk_aversion,combined,0,259.70217786530327,0.695043287914118
9648,euler_ramsey,0.5,1.5% Ramsey,risk_aversion,combined,0,881.959124038293,0.4391013869772609
9648,euler_ramsey,0.5,2.0% Ramsey,risk_aversion,combined,0,796.9950040058867,0.34700381438392436
9648,euler_ramsey,0.5,2.5% Ramsey,risk_aversion,combined,0,625.1909873497947,0.28601055690747773
9649,euler_ramsey,0.5,1.5% Ramsey,risk_aversion,combined,0,1017.5640295804591,1.342056550623201
9649,euler_ramsey,0.5,2.0% Ramsey,risk_aversion,combined,0,769.7780606679834,1.3653109189637678
9649,euler_ramsey,0.5,2.5% Ramsey,risk_aversion,combined,0,533.7256079356355,1.3683668624842449
9650,euler_ramsey,0.5,1.5% Ramsey,risk_aversion,combined,0,178.6468165168277,0.36515857850067074
9650,euler_ramsey,0.5,2.0% Ramsey,risk_aversion,combined,0,163.33781515857802,0.276796494994307
9650,euler_ramsey,0.5,2.5% Ramsey,risk_aversion,combined,0,139.29371453213415,0.2209054003826078
9651,euler_ramsey,0.5,1.5% Ramsey,risk_aversion,combined,0,9353.595374770422,0.23060362601287474
9651,euler_ramsey,0.5,2.0% Ramsey,risk_aversion,combined,0,3153.1591785400906,0.1580795051391078
9651,euler_ramsey,0.5,2.5% Ramsey,risk_aversion,combined,0,1588.229814292527,0.11675149715779003
9652,euler_ramsey,0.5,1.5% Ramsey,risk_aversion,combined,0,588.7913889193375,1.2324554261173142
9652,euler_ramsey,0.5,2.0% Ramsey,risk_aversion,combined,0,399.90650999648716,1.2295626458615023
9652,euler_ramsey,0.5,2.5% Ramsey,risk_aversion,combined,0,257.9136239538179,1.2138335567130667
9653,euler_ramsey,0.5,1.5% Ramsey,risk_aversion,combined,0,3881.1168858116907,0.5269266403475642
9653,euler_ramsey,0.5,2.0% Ramsey,risk_aversion,combined,0,3128.6195428418496,0.43453757993277253
9653,euler_ramsey,0.5,2.5% Ramsey,risk_aversion,combined,0,2253.0255736816703,0.37022117793232834
9654,euler_ramsey,0.5,1.5% Ramsey,risk_aversion,combined,0,1344.1502273211076,0.4785155798786975
9654,euler_ramsey,0.5,2.0% Ramsey,risk_aversion,combined,0,1073.840098714767,0.38575026596074585
9654,euler_ramsey,0.5,2.5% Ramsey,risk_aversion,combined,0,832.2945962953189,0.32289772231954333
9655,euler_ramsey,0.5,1.5% Ramsey,risk_aversion,combined,0,-33.10964469738685,1.4453083535588163
9655,euler_ramsey,0.5,2.0% Ramsey,risk_aversion,combined,0,-14.38495970359519,1.4941412837135368
9655,euler_ramsey,0.5,2.5% Ramsey,risk_aversion,combined,0,4.3082856916566605,1.5160389168666648
9656,euler_ramsey,0.5,1.5% Ramsey,risk_aversion,combined,0,674.0095111542697,0.696846451173431
9656,euler_ramsey,0.5,2.0% Ramsey,risk_aversion,combined,0,637.3910646554071,0.6113398117345006
9656,euler_ramsey,0.5,2.5% Ramsey,risk_aversion,combined,0,503.9232144272398,0.5463194535049163
9657,euler_ramsey,0.5,1.5% Ramsey,risk_aversion,combined,0,1296.5099540819333,0.8370655971798142
9657,euler_ramsey,0.5,2.0% Ramsey,risk_aversion,combined,0,1100.0869347997173,0.7660163455844925
9657,euler_ramsey,0.5,2.5% Ramsey,risk_aversion,combined,0,859.1977306896869,0.7073994161193644
9658,euler_ramsey,0.5,1.5% Ramsey,risk_aversion,combined,0,-82.84755234015948,0.9421473070291196
9658,euler_ramsey,0.5,2.0% Ramsey,risk_aversion,combined,0,-70.00668264928291,0.8841008047308654
9658,euler_ramsey,0.5,2.5% Ramsey,risk_aversion,combined,0,-46.154802715908986,0.8322791776475515
9659,euler_ramsey,0.5,1.5% Ramsey,risk_aversion,combined,0,659.3036215875507,1.8321118287973512
9659,euler_ramsey,0.5,2.0% Ramsey,risk_aversion,combined,0,533.9263843892088,1.9986020164602196
9659,euler_ramsey,0.5,2.5% Ramsey,risk_aversion,combined,0,403.18561657945764,2.1141861322458912
9660,euler_ramsey,0.5,1.5% Ramsey,risk_aversion,combined,0,236.94104390664523,1.545366557944118
9660,euler_ramsey,0.5,2.0% Ramsey,risk_aversion,combined,0,203.80564804259558,1.6219908219998802
9660,euler_ramsey,0.5,2.5% Ramsey,risk_aversion,combined,0,165.51817661915123,1.665228520380394
9661,euler_ramsey,0.5,1.5% Ramsey,risk_aversion,combined,0,8322.151771324436,1.0560662746373004
9661,euler_ramsey,0.5,2.0% Ramsey,risk_aversion,combined,0,7903.460284008287,1.020338262192685
9661,euler_ramsey,0.5,2.5% Ramsey,risk_aversion,combined,0,6152.1220992170465,0.9829458081023601
9662,euler_ramsey,0.5,1.5% Ramsey,risk_aversion,combined,0,538.8623748938354,0.6040722990392973
9662,euler_ramsey,0.5,2.0% Ramsey,risk_aversion,combined,0,429.17491070278356,0.5134802017973956
9662,euler_ramsey,0.5,2.5% Ramsey,risk_aversion,combined,0,316.5234359941124,0.44785078219624685
9663,euler_ramsey,0.5,1.5% Ramsey,risk_aversion,combined,0,1021.1901735516251,0.597922901394528
9663,euler_ramsey,0.5,2.0% Ramsey,risk_aversion,combined,0,545.8677124910195,0.5065582635953073
9663,euler_ramsey,0.5,2.5% Ramsey,risk_aversion,combined,0,314.30786888877657,0.4406112181472271
9664,euler_ramsey,0.5,1.5% Ramsey,risk_aversion,combined,0,772.210859289608,0.2571127302216075
9664,euler_ramsey,0.5,2.0% Ramsey,risk_aversion,combined,0,344.54656884617174,0.180060945092403
9664,euler_ramsey,0.5,2.5% Ramsey,risk_aversion,combined,0,192.2093884104554,0.13516421387976185
9665,euler_ramsey,0.5,1.5% Ramsey,risk_aversion,combined,0,1397.3987189013146,0.620908991288608
9665,euler_ramsey,0.5,2.0% Ramsey,risk_aversion,combined,0,356.4241095160969,0.5310277455389781
9665,euler_ramsey,0.5,2.5% Ramsey,risk_aversion,combined,0,142.63047555290956,0.46534169400537306
9666,euler_ramsey,0.5,1.5% Ramsey,risk_aversion,combined,0,1015.4982328069353,0.3493195766861803
9666,euler_ramsey,0.5,2.0% Ramsey,risk_aversion,combined,0,627.0100695436511,0.2621581478261984
9666,euler_ramsey,0.5,2.5% Ramsey,risk_aversion,combined,0,414.0426452268772,0.20761450625316202
9667,euler_ramsey,0.5,1.5% Ramsey,risk_aversion,combined,0,1270.8681131424603,1.4513593099306699
9667,euler_ramsey,0.5,2.0% Ramsey,risk_aversion,combined,0,935.3178243848214,1.5026368408242634
9667,euler_ramsey,0.5,2.5% Ramsey,risk_aversion,combined,0,650.971587077957,1.5265892966212056
9668,euler_ramsey,0.5,1.5% Ramsey,risk_aversion,combined,0,604.4912066462823,0.3495016317075354
9668,euler_ramsey,0.5,2.0% Ramsey,risk_aversion,combined,0,355.3973542863923,0.2622536719644978
9668,euler_ramsey,0.5,2.5% Ramsey,risk_aversion,combined,0,212.74717264654734,0.2076583762702558
9669,euler_ramsey,0.5,1.5% Ramsey,risk_aversion,combined,0,915.1014734133759,1.3051703145165985
9669,euler_ramsey,0.5,2.0% Ramsey,risk_aversion,combined,0,689.7518626701298,1.3191160410931873
9669,euler_ramsey,0.5,2.5% Ramsey,risk_aversion,combined,0,469.76329853732415,1.3153829437399933
9670,euler_ramsey,0.5,1.5% Ramsey,risk_aversion,combined,0,2193.433047717359,0.4932487495138785
9670,euler_ramsey,0.5,2.0% Ramsey,risk_aversion,combined,0,1306.60200402986,0.4000916143354833
9670,euler_ramsey,0.5,2.5% Ramsey,risk_aversion,combined,0,810.2944820440607,0.3364860002809943
9671,euler_ramsey,0.5,1.5% Ramsey,risk_aversion,combined,0,472.10170873510907,1.0727343646818763
9671,euler_ramsey,0.5,2.0% Ramsey,risk_aversion,combined,0,372.61512708254037,1.03694130124719
9671,euler_ramsey,0.5,2.5% Ramsey,risk_aversion,combined,0,280.8922396846031,0.9988889849867574
9672,euler_ramsey,0.5,1.5% Ramsey,risk_aversion,combined,0,564.7562197849664,0.4721517261112116
9672,euler_ramsey,0.5,2.0% Ramsey,risk_aversion,combined,0,353.0190287532833,0.3791140818951646
9672,euler_ramsey,0.5,2.5% Ramsey,risk_aversion,combined,0,241.82405043108807,0.31634132651211194
9673,euler_ramsey,0.5,1.5% Ramsey,risk_aversion,combined,0,242.80645250858157,1.3692508857193137
9673,euler_ramsey,0.5,2.0% Ramsey,risk_aversion,combined,0,188.4521414736106,1.3981469572859178
9673,euler_ramsey,0.5,2.5% Ramsey,risk_aversion,combined,0,135.80406506806452,1.4051624845844721
9674,euler_ramsey,0.5,1.5% Ramsey,risk_aversion,combined,0,383.54255853603263,1.1604661019493476
9674,euler_ramsey,0.5,2.0% Ramsey,risk_aversion,combined,0,246.35879838629003,1.1424365322028884
9674,euler_ramsey,0.5,2.5% Ramsey,risk_aversion,combined,0,162.89009638512422,1.1163075231628796
9675,euler_ramsey,0.5,1.5% Ramsey,risk_aversion,combined,0,123.19787317470126,2.10907746889172
9675,euler_ramsey,0.5,2.0% Ramsey,risk_aversion,combined,0,91.06015004572973,2.373826734265543
9675,euler_ramsey,0.5,2.5% Ramsey,risk_aversion,combined,0,66.95758500087415,2.5722785770955707
9676,euler_ramsey,0.5,1.5% Ramsey,risk_aversion,combined,0,602.6576603221124,0.7130707550356628
9676,euler_ramsey,0.5,2.0% Ramsey,risk_aversion,combined,0,557.2899787533255,0.6285030497578397
9676,euler_ramsey,0.5,2.5% Ramsey,risk_aversion,combined,0,472.2158814837506,0.5636983616864168
9677,euler_ramsey,0.5,1.5% Ramsey,risk_aversion,combined,0,254.8909857941492,1.8541741860255367
9677,euler_ramsey,0.5,2.0% Ramsey,risk_aversion,combined,0,212.0904823915539,2.0278059067570338
9677,euler_ramsey,0.5,2.5% Ramsey,risk_aversion,combined,0,169.0739766060183,2.149238994907956
9678,euler_ramsey,0.5,1.5% Ramsey,risk_aversion,combined,0,39.60023036829531,1.0787568044059805
9678,euler_ramsey,0.5,2.0% Ramsey,risk_aversion,combined,0,33.06363876137225,1.0445107906592792
9678,euler_ramsey,0.5,2.5% Ramsey,risk_aversion,combined,0,25.264160197146857,1.0074698832248161
9679,euler_ramsey,0.5,1.5% Ramsey,risk_aversion,combined,0,461.62160926574313,0.6901603263857525
9679,euler_ramsey,0.5,2.0% Ramsey,risk_aversion,combined,0,308.04677138974995,0.6035447607093657
9679,euler_ramsey,0.5,2.5% Ramsey,risk_aversion,combined,0,216.91728840322793,0.5379837113107058
9680,euler_ramsey,0.5,1.5% Ramsey,risk_aversion,combined,0,1150.082972175024,0.7233790416045222
9680,euler_ramsey,0.5,2.0% Ramsey,risk_aversion,combined,0,1022.0327655218252,0.6398361659105378
9680,euler_ramsey,0.5,2.5% Ramsey,risk_aversion,combined,0,809.8251680312674,0.5754228935288785
9681,euler_ramsey,0.5,1.5% Ramsey,risk_aversion,combined,0,904.1077430110182,1.4380283345735703
9681,euler_ramsey,0.5,2.0% Ramsey,risk_aversion,combined,0,692.3548853461864,1.4856310854680566
9681,euler_ramsey,0.5,2.5% Ramsey,risk_aversion,combined,0,488.28007728984426,1.506792410581567
9682,euler_ramsey,0.5,1.5% Ramsey,risk_aversion,combined,0,95.55580366416856,3.3301844936823843
9682,euler_ramsey,0.5,2.0% Ramsey,risk_aversion,combined,0,71.56385327749187,4.153504629534861
9682,euler_ramsey,0.5,2.5% Ramsey,risk_aversion,combined,0,51.82250606673125,4.872626280413413
9683,euler_ramsey,0.5,1.5% Ramsey,risk_aversion,combined,0,351.4101470701777,1.662332376040373
9683,euler_ramsey,0.5,2.0% Ramsey,risk_aversion,combined,0,258.77524082519955,1.7737096621693653
9683,euler_ramsey,0.5,2.5% Ramsey,risk_aversion,combined,0,190.3934352026039,1.844359220182421
9684,euler_ramsey,0.5,1.5% Ramsey,risk_aversion,combined,0,-454.8606527500856,0.5077480247282683
9684,euler_ramsey,0.5,2.0% Ramsey,risk_aversion,combined,0,-241.06667406022765,0.41470708040120746
9684,euler_ramsey,0.5,2.5% Ramsey,risk_aversion,combined,0,-117.16808631720316,0.3506517496107082
9685,euler_ramsey,0.5,1.5% Ramsey,risk_aversion,combined,0,177.42836093448025,0.8843477729450815
9685,euler_ramsey,0.5,2.0% Ramsey,risk_aversion,combined,0,137.90981347432714,0.8187341321174889
9685,euler_ramsey,0.5,2.5% Ramsey,risk_aversion,combined,0,101.51843455895533,0.7627611371807903
9686,euler_ramsey,0.5,1.5% Ramsey,risk_aversion,combined,0,659.5417497692331,0.6942288842725435
9686,euler_ramsey,0.5,2.0% Ramsey,risk_aversion,combined,0,680.0972396167947,0.6078598726435951
9686,euler_ramsey,0.5,2.5% Ramsey,risk_aversion,combined,0,578.1208998139377,0.5423476591144709
9687,euler_ramsey,0.5,1.5% Ramsey,risk_aversion,combined,0,426.452469726744,2.139992170162308
9687,euler_ramsey,0.5,2.0% Ramsey,risk_aversion,combined,0,228.97560958393532,2.417300784140754
9687,euler_ramsey,0.5,2.5% Ramsey,risk_aversion,combined,0,139.2839225473871,2.6269183110004275
9688,euler_ramsey,0.5,1.5% Ramsey,risk_aversion,combined,0,62.91532875619173,1.694135742810789
9688,euler_ramsey,0.5,2.0% Ramsey,risk_aversion,combined,0,38.941426555939465,1.8153110620646566
9688,euler_ramsey,0.5,2.5% Ramsey,risk_aversion,combined,0,24.96969710863771,1.8937383120896876
9689,euler_ramsey,0.5,1.5% Ramsey,risk_aversion,combined,0,329.13991989429803,1.536740462398848
9689,euler_ramsey,0.5,2.0% Ramsey,risk_aversion,combined,0,257.81535853910907,1.6113167229607104
9689,euler_ramsey,0.5,2.5% Ramsey,risk_aversion,combined,0,184.24937966071772,1.652988422108948
9690,euler_ramsey,0.5,1.5% Ramsey,risk_aversion,combined,0,145.3198886393195,3.9147237520390146
9690,euler_ramsey,0.5,2.0% Ramsey,risk_aversion,combined,0,127.6284721862672,5.06353606898183
9690,euler_ramsey,0.5,2.5% Ramsey,risk_aversion,combined,0,109.85181064781352,6.109949748312903
9691,euler_ramsey,0.5,1.5% Ramsey,risk_aversion,combined,0,1216.8505314323202,0.3766958409234554
9691,euler_ramsey,0.5,2.0% Ramsey,risk_aversion,combined,0,885.0936479541161,0.28753642770862475
9691,euler_ramsey,0.5,2.5% Ramsey,risk_aversion,combined,0,648.6713080196481,0.23071752029874096
9692,euler_ramsey,0.5,1.5% Ramsey,risk_aversion,combined,0,2801.6064498513174,1.1133334821999867
9692,euler_ramsey,0.5,2.0% Ramsey,risk_aversion,combined,0,2147.3194412765442,1.0868677244026494
9692,euler_ramsey,0.5,2.5% Ramsey,risk_aversion,combined,0,1529.6891568618794,1.0552505200086955
9693,euler_ramsey,0.5,1.5% Ramsey,risk_aversion,combined,0,313.93439162092926,1.7445807771059045
9693,euler_ramsey,0.5,2.0% Ramsey,risk_aversion,combined,0,238.83524554122442,1.8818231835774135
9693,euler_ramsey,0.5,2.5% Ramsey,risk_aversion,combined,0,179.81129032092792,1.9734710495511152
9694,euler_ramsey,0.5,1.5% Ramsey,risk_aversion,combined,0,403.6042149235277,0.5425697687547215
9694,euler_ramsey,0.5,2.0% Ramsey,risk_aversion,combined,0,290.49970488688547,0.44947977235433123
9694,euler_ramsey,0.5,2.5% Ramsey,risk_aversion,combined,0,211.8223790825547,0.38422732829979356
9695,euler_ramsey,0.5,1.5% Ramsey,risk_aversion,combined,0,1329.6063956435432,1.7945649529639467
9695,euler_ramsey,0.5,2.0% Ramsey,risk_aversion,combined,0,1089.6700099791303,1.9507286607641543
9695,euler_ramsey,0.5,2.5% Ramsey,risk_aversion,combined,0,790.6576119222382,2.0581647150076128
9696,euler_ramsey,0.5,1.5% Ramsey,risk_aversion,combined,0,52.98664918982239,1.3871211802210544
9696,euler_ramsey,0.5,2.0% Ramsey,risk_aversion,combined,0,51.606585130345195,1.420625048200501
9696,euler_ramsey,0.5,2.5% Ramsey,risk_aversion,combined,0,51.67362937185308,1.4311693848589904
9697,euler_ramsey,0.5,1.5% Ramsey,risk_aversion,combined,0,918.8907407398635,0.8770885876764294
9697,euler_ramsey,0.5,2.0% Ramsey,risk_aversion,combined,0,981.4732803825901,0.8105211078909195
9697,euler_ramsey,0.5,2.5% Ramsey,risk_aversion,combined,0,867.2876061174554,0.7540742111791573
9698,euler_ramsey,0.5,1.5% Ramsey,risk_aversion,combined,0,12.18545809187266,0.6795315354799203
9698,euler_ramsey,0.5,2.0% Ramsey,risk_aversion,combined,0,36.62850343502438,0.5932014500252043
9698,euler_ramsey,0.5,2.5% Ramsey,risk_aversion,combined,0,56.517950089306574,0.5281646805158328
9699,euler_ramsey,0.5,1.5% Ramsey,risk_aversion,combined,0,1982.362357785952,0.3954980674588458
9699,euler_ramsey,0.5,2.0% Ramsey,risk_aversion,combined,0,1489.0215861278998,0.30546890013765704
9699,euler_ramsey,0.5,2.5% Ramsey,risk_aversion,combined,0,1076.062839995093,0.24737202775474368
9700,euler_ramsey,0.5,1.5% Ramsey,risk_aversion,combined,0,732.3406104709265,1.681029030974405
9700,euler_ramsey,0.5,2.0% Ramsey,risk_aversion,combined,0,553.2706174974136,1.7989819958731428
9700,euler_ramsey,0.5,2.5% Ramsey,risk_aversion,combined,0,388.0563250554069,1.8750495590565108
9701,euler_ramsey,0.5,1.5% Ramsey,risk_aversion,combined,0,-944.0035535296029,0.5154749898529939
9701,euler_ramsey,0.5,2.0% Ramsey,risk_aversion,combined,0,-748.4187147141946,0.4226643560174815
9701,euler_ramsey,0.5,2.5% Ramsey,risk_aversion,combined,0,-571.1348185236461,0.358466634208741
9702,euler_ramsey,0.5,1.5% Ramsey,risk_aversion,combined,0,182.67706016600494,1.4008676893885674
9702,euler_ramsey,0.5,2.0% Ramsey,risk_aversion,combined,0,140.12649837045484,1.4377326958854668
9702,euler_ramsey,0.5,2.5% Ramsey,risk_aversion,combined,0,101.00573851997889,1.4506177229262054
9703,euler_ramsey,0.5,1.5% Ramsey,risk_aversion,combined,0,1866.050792331215,0.34555425119799166
9703,euler_ramsey,0.5,2.0% Ramsey,risk_aversion,combined,0,880.3869035044104,0.25870948661953297
9703,euler_ramsey,0.5,2.5% Ramsey,risk_aversion,combined,0,549.6494277504916,0.20450332148051972
9704,euler_ramsey,0.5,1.5% Ramsey,risk_aversion,combined,0,1488.5583487807417,0.6100871667874057
9704,euler_ramsey,0.5,2.0% Ramsey,risk_aversion,combined,0,1142.34700257655,0.5192157652195962
9704,euler_ramsey,0.5,2.5% Ramsey,risk_aversion,combined,0,843.2821860623886,0.45321482100303545
9705,euler_ramsey,0.5,1.5% Ramsey,risk_aversion,combined,0,-119.05497852667075,1.2181033981493299
9705,euler_ramsey,0.5,2.0% Ramsey,risk_aversion,combined,0,-72.71878689316034,1.2116380157286613
9705,euler_ramsey,0.5,2.5% Ramsey,risk_aversion,combined,0,-24.347698911098387,1.1933008449887081
9706,euler_ramsey,0.5,1.5% Ramsey,risk_aversion,combined,0,258.2108097611757,1.768850266186668
9706,euler_ramsey,0.5,2.0% Ramsey,risk_aversion,combined,0,166.05546990896227,1.9138637839015105
9706,euler_ramsey,0.5,2.5% Ramsey,risk_aversion,combined,0,110.5830443429377,2.0116508959960058
9707,euler_ramsey,0.5,1.5% Ramsey,risk_aversion,combined,0,185.42576189615707,1.734204790754858
9707,euler_ramsey,0.5,2.0% Ramsey,risk_aversion,combined,0,127.06034204874409,1.8679794862874501
9707,euler_ramsey,0.5,2.5% Ramsey,risk_aversion,combined,0,84.60081262784236,1.9565800949657475
9708,euler_ramsey,0.5,1.5% Ramsey,risk_aversion,combined,0,120.44867456969573,1.8082181519146017
9708,euler_ramsey,0.5,2.0% Ramsey,risk_aversion,combined,0,81.50419579630194,1.9661368741272531
9708,euler_ramsey,0.5,2.5% Ramsey,risk_aversion,combined,0,54.420825642765465,2.07445142414158
9709,euler_ramsey,0.5,1.5% Ramsey,risk_aversion,combined,0,871.3779564862344,0.7849076036983147
9709,euler_ramsey,0.5,2.0% Ramsey,risk_aversion,combined,0,554.9844469710431,0.7070101926713405
9709,euler_ramsey,0.5,2.5% Ramsey,risk_aversion,combined,0,353.81543660982135,0.6448309070887304
9710,euler_ramsey,0.5,1.5% Ramsey,risk_aversion,combined,0,886.3463887746344,0.8635761291939344
9710,euler_ramsey,0.5,2.0% Ramsey,risk_aversion,combined,0,696.3985350618603,0.7947554287148169
9710,euler_ramsey,0.5,2.5% Ramsey,risk_aversion,combined,0,499.21131615259975,0.7370403081630067
9711,euler_ramsey,0.5,1.5% Ramsey,risk_aversion,combined,0,407.778211334088,0.8541564106201129
9711,euler_ramsey,0.5,2.0% Ramsey,risk_aversion,combined,0,325.1088970747326,0.7844998654327601
9711,euler_ramsey,0.5,2.5% Ramsey,risk_aversion,combined,0,232.48124445202976,0.7264406664496388
9712,euler_ramsey,0.5,1.5% Ramsey,risk_aversion,combined,0,762.2044558091274,1.1705146720176036
9712,euler_ramsey,0.5,2.0% Ramsey,risk_aversion,combined,0,524.1016702619559,1.1537414248030435
9712,euler_ramsey,0.5,2.5% Ramsey,risk_aversion,combined,0,354.72703518475566,1.1282761492644866
9713,euler_ramsey,0.5,1.5% Ramsey,risk_aversion,combined,0,943.2714892200657,0.4288744403150795
9713,euler_ramsey,0.5,2.0% Ramsey,risk_aversion,combined,0,588.328998816968,0.33706836225776043
9713,euler_ramsey,0.5,2.5% Ramsey,risk_aversion,combined,0,392.63064684790476,0.27664297538625493
9714,euler_ramsey,0.5,1.5% Ramsey,risk_aversion,combined,0,608.6519401314786,0.5197679225408558
9714,euler_ramsey,0.5,2.0% Ramsey,risk_aversion,combined,0,553.7629608962154,0.4268180879311416
9714,euler_ramsey,0.5,2.5% Ramsey,risk_aversion,combined,0,441.9063053702463,0.36241298735606053
9715,euler_ramsey,0.5,1.5% Ramsey,risk_aversion,combined,0,208.0006886328487,0.9827419397486558
9715,euler_ramsey,0.5,2.0% Ramsey,risk_aversion,combined,0,204.4482887483188,0.9313704750320111
9715,euler_ramsey,0.5,2.5% Ramsey,risk_aversion,combined,0,178.46481435495252,0.883625956314028
9716,euler_ramsey,0.5,1.5% Ramsey,risk_aversion,combined,0,336.4798893871472,0.3173818341099501
9716,euler_ramsey,0.5,2.0% Ramsey,risk_aversion,combined,0,160.58937920327102,0.23304215378346557
9716,euler_ramsey,0.5,2.5% Ramsey,risk_aversion,combined,0,92.93837403362845,0.18145746489518172
9717,euler_ramsey,0.5,1.5% Ramsey,risk_aversion,combined,0,67.6886794306781,1.1069380545893321
9717,euler_ramsey,0.5,2.0% Ramsey,risk_aversion,combined,0,70.67252162484371,1.0783246576910424
9717,euler_ramsey,0.5,2.5% Ramsey,risk_aversion,combined,0,59.054076001344804,1.0450608132578039
9718,euler_ramsey,0.5,1.5% Ramsey,risk_aversion,combined,0,-184.46968774166285,0.7585979736691598
9718,euler_ramsey,0.5,2.0% Ramsey,risk_aversion,combined,0,-159.88346315011535,0.678058241179361
9718,euler_ramsey,0.5,2.5% Ramsey,risk_aversion,combined,0,-121.58573295641418,0.6147265238734209
9719,euler_ramsey,0.5,1.5% Ramsey,risk_aversion,combined,0,847.0767244671582,1.1820372012861309
9719,euler_ramsey,0.5,2.0% Ramsey,risk_aversion,combined,0,642.3359593188992,1.1676945213929988
9719,euler_ramsey,0.5,2.5% Ramsey,risk_aversion,combined,0,471.4619141941372,1.14398201589426
9720,euler_ramsey,0.5,1.5% Ramsey,risk_aversion,combined,0,1905.126265020982,0.2930387894547102
9720,euler_ramsey,0.5,2.0% Ramsey,risk_aversion,combined,0,1043.4493276839823,0.211508086541268
9720,euler_ramsey,0.5,2.5% Ramsey,risk_aversion,combined,0,618.3719243527926,0.16253142233158313
9721,euler_ramsey,0.5,1.5% Ramsey,risk_aversion,combined,0,1352.1029720591841,0.5892771007563969
9721,euler_ramsey,0.5,2.0% Ramsey,risk_aversion,combined,0,644.5703347665401,0.4977392840469634
9721,euler_ramsey,0.5,2.5% Ramsey,risk_aversion,combined,0,357.27582086926355,0.4319731079187951
9722,euler_ramsey,0.5,1.5% Ramsey,risk_aversion,combined,0,-454.51877262092887,0.6206136116579613
9722,euler_ramsey,0.5,2.0% Ramsey,risk_aversion,combined,0,-289.4965750395491,0.5303325509229271
9722,euler_ramsey,0.5,2.5% Ramsey,risk_aversion,combined,0,-184.18815233373076,0.46437073437709575
9723,euler_ramsey,0.5,1.5% Ramsey,risk_aversion,combined,0,325.88802067439997,2.1562934898036024
9723,euler_ramsey,0.5,2.0% Ramsey,risk_aversion,combined,0,225.3452389728506,2.4392716677094533
9723,euler_ramsey,0.5,2.5% Ramsey,risk_aversion,combined,0,161.35544429804034,2.653691800548012
9724,euler_ramsey,0.5,1.5% Ramsey,risk_aversion,combined,0,881.604086962086,0.38355343102359135
9724,euler_ramsey,0.5,2.0% Ramsey,risk_aversion,combined,0,780.9794250293202,0.2942164720843843
9724,euler_ramsey,0.5,2.5% Ramsey,risk_aversion,combined,0,614.798042351818,0.23699599511853078
9725,euler_ramsey,0.5,1.5% Ramsey,risk_aversion,combined,0,3008.148810398576,0.3926835971018233
9725,euler_ramsey,0.5,2.0% Ramsey,risk_aversion,combined,0,1915.7924803045257,0.30278390151072204
9725,euler_ramsey,0.5,2.5% Ramsey,risk_aversion,combined,0,1259.050283630848,0.2448761069181071
9726,euler_ramsey,0.5,1.5% Ramsey,risk_aversion,combined,0,91.26810587580465,2.058847314984171
9726,euler_ramsey,0.5,2.0% Ramsey,risk_aversion,combined,0,63.18435525159202,2.304797435970839
9726,euler_ramsey,0.5,2.5% Ramsey,risk_aversion,combined,0,46.519796407845085,2.4871774341061603
9727,euler_ramsey,0.5,1.5% Ramsey,risk_aversion,combined,0,-86.2978389684781,1.0781745067870776
9727,euler_ramsey,0.5,2.0% Ramsey,risk_aversion,combined,0,-60.89239553869719,1.0432136069510116
9727,euler_ramsey,0.5,2.5% Ramsey,risk_aversion,combined,0,-39.592639813223705,1.0056494162722702
9728,euler_ramsey,0.5,1.5% Ramsey,risk_aversion,combined,0,1356.9787489017594,0.724669852014564
9728,euler_ramsey,0.5,2.0% Ramsey,risk_aversion,combined,0,903.1624821857143,0.6411110637806615
9728,euler_ramsey,0.5,2.5% Ramsey,risk_aversion,combined,0,564.090305825329,0.5766713302644716
9729,euler_ramsey,0.5,1.5% Ramsey,risk_aversion,combined,0,2534.778464007822,0.745346154039537
9729,euler_ramsey,0.5,2.0% Ramsey,risk_aversion,combined,0,2290.69165006962,0.664049912578766
9729,euler_ramsey,0.5,2.5% Ramsey,risk_aversion,combined,0,1803.276784685607,0.6006072731205355
9730,euler_ramsey,0.5,1.5% Ramsey,risk_aversion,combined,0,1214.7731508023699,0.93631269367507
9730,euler_ramsey,0.5,2.0% Ramsey,risk_aversion,combined,0,825.0939488009009,0.8777916024186222
9730,euler_ramsey,0.5,2.5% Ramsey,risk_aversion,combined,0,567.7661881833023,0.825787590106849
9731,euler_ramsey,0.5,1.5% Ramsey,risk_aversion,combined,0,1575.8682769716088,0.3768333109932004
9731,euler_ramsey,0.5,2.0% Ramsey,risk_aversion,combined,0,1312.9045950054822,0.2877858743715959
9731,euler_ramsey,0.5,2.5% Ramsey,risk_aversion,combined,0,999.5463180555449,0.23101667648676116
9732,euler_ramsey,0.5,1.5% Ramsey,risk_aversion,combined,0,636.9436145833037,0.7178259238092383
9732,euler_ramsey,0.5,2.0% Ramsey,risk_aversion,combined,0,542.9191817244467,0.6335917873331749
9732,euler_ramsey,0.5,2.5% Ramsey,risk_aversion,combined,0,426.1179960187352,0.5688789468196137
9733,euler_ramsey,0.5,1.5% Ramsey,risk_aversion,combined,0,1967.607551264935,0.5557442228504317
9733,euler_ramsey,0.5,2.0% Ramsey,risk_aversion,combined,0,1454.7523817229123,0.46290821567562723
9733,euler_ramsey,0.5,2.5% Ramsey,risk_aversion,combined,0,943.7821382584832,0.39737660023891314
9734,euler_ramsey,0.5,1.5% Ramsey,risk_aversion,combined,0,694.4933482644744,1.8294121722510315
9734,euler_ramsey,0.5,2.0% Ramsey,risk_aversion,combined,0,526.498641758389,1.9952547379248018
9734,euler_ramsey,0.5,2.5% Ramsey,risk_aversion,combined,0,374.94840859492507,2.110454282029432
9735,euler_ramsey,0.5,1.5% Ramsey,risk_aversion,combined,0,951.6814184399439,0.5138097836864851
9735,euler_ramsey,0.5,2.0% Ramsey,risk_aversion,combined,0,409.8522704341568,0.42068502971079885
9735,euler_ramsey,0.5,2.5% Ramsey,risk_aversion,combined,0,252.41473082526383,0.3563847768658117
9736,euler_ramsey,0.5,1.5% Ramsey,risk_aversion,combined,0,833.743598044502,0.28105075623120035
9736,euler_ramsey,0.5,2.0% Ramsey,risk_aversion,combined,0,337.8962697643946,0.20080246659916498
9736,euler_ramsey,0.5,2.5% Ramsey,risk_aversion,combined,0,178.95425366707113,0.15308428557773282
9737,euler_ramsey,0.5,1.5% Ramsey,risk_aversion,combined,0,-681.9397986516066,0.1536470056375281
9737,euler_ramsey,0.5,2.0% Ramsey,risk_aversion,combined,0,-349.70680075162073,0.09583961888545134
9737,euler_ramsey,0.5,2.5% Ramsey,risk_aversion,combined,0,-210.02109647985145,0.0657806641113835
9738,euler_ramsey,0.5,1.5% Ramsey,risk_aversion,combined,0,1984.633441821962,0.4113737369556409
9738,euler_ramsey,0.5,2.0% Ramsey,risk_aversion,combined,0,1410.5530173470968,0.3204405588619098
9738,euler_ramsey,0.5,2.5% Ramsey,risk_aversion,combined,0,980.7140556750559,0.2611976265637618
9739,euler_ramsey,0.5,1.5% Ramsey,risk_aversion,combined,0,204.8003874170765,1.6197234152801596
9739,euler_ramsey,0.5,2.0% Ramsey,risk_aversion,combined,0,206.70319263236556,1.7181265122021416
9739,euler_ramsey,0.5,2.5% Ramsey,risk_aversion,combined,0,184.2255190120067,1.7784221498215924
9740,euler_ramsey,0.5,1.5% Ramsey,risk_aversion,combined,0,2081.110235996272,0.5201534664250385
9740,euler_ramsey,0.5,2.0% Ramsey,risk_aversion,combined,0,1853.5603590829617,0.4274197652125685
9740,euler_ramsey,0.5,2.5% Ramsey,risk_aversion,combined,0,1439.4773050040378,0.3631266563967979
9741,euler_ramsey,0.5,1.5% Ramsey,risk_aversion,combined,0,1916.8253233881135,1.033373177574499
9741,euler_ramsey,0.5,2.0% Ramsey,risk_aversion,combined,0,1072.3164194076023,0.991373351648519
9741,euler_ramsey,0.5,2.5% Ramsey,risk_aversion,combined,0,650.7056807198941,0.9495402939187021
9742,euler_ramsey,0.5,1.5% Ramsey,risk_aversion,combined,0,2655.856026283314,0.8329373396766564
9742,euler_ramsey,0.5,2.0% Ramsey,risk_aversion,combined,0,2116.646654589945,0.7615274403008353
9742,euler_ramsey,0.5,2.5% Ramsey,risk_aversion,combined,0,1520.9799197017096,0.7027183692256701
9743,euler_ramsey,0.5,1.5% Ramsey,risk_aversion,combined,0,1361.6967261953273,1.3288037911132005
9743,euler_ramsey,0.5,2.0% Ramsey,risk_aversion,combined,0,1155.785283104361,1.3491861302171455
9743,euler_ramsey,0.5,2.5% Ramsey,risk_aversion,combined,0,904.068697031596,1.3503010268299356
9744,euler_ramsey,0.5,1.5% Ramsey,risk_aversion,combined,0,409.7765558317837,0.38002610957206195
9744,euler_ramsey,0.5,2.0% Ramsey,risk_aversion,combined,0,326.18921682272537,0.29061255768619726
9744,euler_ramsey,0.5,2.5% Ramsey,risk_aversion,combined,0,235.9723477426963,0.23351188925142075
9745,euler_ramsey,0.5,1.5% Ramsey,risk_aversion,combined,0,388.2491158278035,1.422527250280314
9745,euler_ramsey,0.5,2.0% Ramsey,risk_aversion,combined,0,279.5659031442182,1.46562923965868
9745,euler_ramsey,0.5,2.5% Ramsey,risk_aversion,combined,0,197.96998698217627,1.4832949951831043
9746,euler_ramsey,0.5,1.5% Ramsey,risk_aversion,combined,0,1327.1261396449736,0.5491569553955976
9746,euler_ramsey,0.5,2.0% Ramsey,risk_aversion,combined,0,1058.1334573031495,0.45627705108186556
9746,euler_ramsey,0.5,2.5% Ramsey,risk_aversion,combined,0,749.2641416818865,0.3909359199594431
9747,euler_ramsey,0.5,1.5% Ramsey,risk_aversion,combined,0,1477.523613467688,0.7175968176374626
9747,euler_ramsey,0.5,2.0% Ramsey,risk_aversion,combined,0,1286.938739823006,0.6345399867119447
9747,euler_ramsey,0.5,2.5% Ramsey,risk_aversion,combined,0,1057.6414778336036,0.5706196829775184
9748,euler_ramsey,0.5,1.5% Ramsey,risk_aversion,combined,0,731.3058799464109,0.6734726447588009
9748,euler_ramsey,0.5,2.0% Ramsey,risk_aversion,combined,0,604.6248216530394,0.5862034354175774
9748,euler_ramsey,0.5,2.5% Ramsey,risk_aversion,combined,0,471.04565918460787,0.5206723407085077
9749,euler_ramsey,0.5,1.5% Ramsey,risk_aversion,combined,0,-414.8559186524901,0.34209086912502235
9749,euler_ramsey,0.5,2.0% Ramsey,risk_aversion,combined,0,-294.42089189675164,0.25547120233884035
9749,euler_ramsey,0.5,2.5% Ramsey,risk_aversion,combined,0,-203.1216234868558,0.20154189352037416
9750,euler_ramsey,0.5,1.5% Ramsey,risk_aversion,combined,0,4593.211679451972,0.2954212278713352
9750,euler_ramsey,0.5,2.0% Ramsey,risk_aversion,combined,0,2375.125966742154,0.2137233526680893
9750,euler_ramsey,0.5,2.5% Ramsey,risk_aversion,combined,0,1407.1989608390386,0.164538116137274
9751,euler_ramsey,0.5,1.5% Ramsey,risk_aversion,combined,0,1151.1735496752171,0.20868550185987547
9751,euler_ramsey,0.5,2.0% Ramsey,risk_aversion,combined,0,898.4039992600055,0.13947584007574262
9751,euler_ramsey,0.5,2.5% Ramsey,risk_aversion,combined,0,716.3523245396675,0.10098539965273476
9752,euler_ramsey,0.5,1.5% Ramsey,risk_aversion,combined,0,-668.1198084729232,0.36204655502022487
9752,euler_ramsey,0.5,2.0% Ramsey,risk_aversion,combined,0,-515.6744093042494,0.27390288957677894
9752,euler_ramsey,0.5,2.5% Ramsey,risk_aversion,combined,0,-387.86483764771685,0.218263465898879
9753,euler_ramsey,0.5,1.5% Ramsey,risk_aversion,combined,0,1754.7031765787792,1.2289022460070993
9753,euler_ramsey,0.5,2.0% Ramsey,risk_aversion,combined,0,1650.2984910920911,1.2258730076207125
9753,euler_ramsey,0.5,2.5% Ramsey,risk_aversion,combined,0,1369.6432746925982,1.2101085695497775
9754,euler_ramsey,0.5,1.5% Ramsey,risk_aversion,combined,0,228.19656547812224,1.648771030964149
9754,euler_ramsey,0.5,2.0% Ramsey,risk_aversion,combined,0,162.10229065659928,1.7556473022154102
9754,euler_ramsey,0.5,2.5% Ramsey,risk_aversion,combined,0,112.77770130905589,1.8226152054191096
9755,euler_ramsey,0.5,1.5% Ramsey,risk_aversion,combined,0,1124.500590116228,1.4541096521929733
9755,euler_ramsey,0.5,2.0% Ramsey,risk_aversion,combined,0,899.5987402018059,1.5073970655021112
9755,euler_ramsey,0.5,2.5% Ramsey,risk_aversion,combined,0,627.8232075308566,1.5331311418228155
9756,euler_ramsey,0.5,1.5% Ramsey,risk_aversion,combined,0,403.69418036025354,1.3716548101377848
9756,euler_ramsey,0.5,2.0% Ramsey,risk_aversion,combined,0,335.903481619008,1.402214056182421
9756,euler_ramsey,0.5,2.5% Ramsey,risk_aversion,combined,0,267.6232245209798,1.410688877538986
9757,euler_ramsey,0.5,1.5% Ramsey,risk_aversion,combined,0,-365.72005046371333,0.7726828308007285
9757,euler_ramsey,0.5,2.0% Ramsey,risk_aversion,combined,0,-300.5257104569688,0.693355610893301
9757,euler_ramsey,0.5,2.5% Ramsey,risk_aversion,combined,0,-221.7447789030987,0.6304948329375092
9758,euler_ramsey,0.5,1.5% Ramsey,risk_aversion,combined,0,905.6123494199544,1.5543569431274709
9758,euler_ramsey,0.5,2.0% Ramsey,risk_aversion,combined,0,665.800129791649,1.634205796583757
9758,euler_ramsey,0.5,2.5% Ramsey,risk_aversion,combined,0,463.0261025682337,1.680136275420384
9759,euler_ramsey,0.5,1.5% Ramsey,risk_aversion,combined,0,762.2292363156804,1.3860167005874837
9759,euler_ramsey,0.5,2.0% Ramsey,risk_aversion,combined,0,593.757940591891,1.4204010619208995
9759,euler_ramsey,0.5,2.5% Ramsey,risk_aversion,combined,0,439.2272104202842,1.4317544420399022
9760,euler_ramsey,0.5,1.5% Ramsey,risk_aversion,combined,0,6770.7944999718775,0.3331344356669832
9760,euler_ramsey,0.5,2.0% Ramsey,risk_aversion,combined,0,4054.372039973883,0.24785197071458764
9760,euler_ramsey,0.5,2.5% Ramsey,risk_aversion,combined,0,2473.3459513062444,0.1950087022969685
9761,euler_ramsey,0.5,1.5% Ramsey,risk_aversion,combined,0,-296.6335265639606,0.3695558680697221
9761,euler_ramsey,0.5,2.0% Ramsey,risk_aversion,combined,0,-296.3357832830292,0.2808612294086913
9761,euler_ramsey,0.5,2.5% Ramsey,risk_aversion,combined,0,-258.31089279982166,0.22459796260278028
9762,euler_ramsey,0.5,1.5% Ramsey,risk_aversion,combined,0,452.4024985715941,0.9712381407937997
9762,euler_ramsey,0.5,2.0% Ramsey,risk_aversion,combined,0,371.7197915057565,0.9185294849161638
9762,euler_ramsey,0.5,2.5% Ramsey,risk_aversion,combined,0,283.4453493929192,0.8700068239075368
9763,euler_ramsey,0.5,1.5% Ramsey,risk_aversion,combined,0,1917.7034096463058,1.171300085270652
9763,euler_ramsey,0.5,2.0% Ramsey,risk_aversion,combined,0,1521.9393003396215,1.1578188670353917
9763,euler_ramsey,0.5,2.5% Ramsey,risk_aversion,combined,0,1135.8773909937827,1.1351023514225327
9764,euler_ramsey,0.5,1.5% Ramsey,risk_aversion,combined,0,95.71783184534404,0.4786822924884466
9764,euler_ramsey,0.5,2.0% Ramsey,risk_aversion,combined,0,105.75300773168524,0.38597151676930996
9764,euler_ramsey,0.5,2.5% Ramsey,risk_aversion,combined,0,102.60762131357511,0.32313626586367383
9765,euler_ramsey,0.5,1.5% Ramsey,risk_aversion,combined,0,-159.6988874278993,0.5224815906808017
9765,euler_ramsey,0.5,2.0% Ramsey,risk_aversion,combined,0,-82.25618624987273,0.42958650370821155
9765,euler_ramsey,0.5,2.5% Ramsey,risk_aversion,combined,0,-5.945868282891084,0.36512380293346125
9766,euler_ramsey,0.5,1.5% Ramsey,risk_aversion,combined,0,565.8384941008457,2.187690133708138
9766,euler_ramsey,0.5,2.0% Ramsey,risk_aversion,combined,0,724.5864435451199,2.4838758371094203
9766,euler_ramsey,0.5,2.5% Ramsey,risk_aversion,combined,0,748.4402457752961,2.71010751826841
9767,euler_ramsey,0.5,1.5% Ramsey,risk_aversion,combined,0,1409.9231377601766,0.9636229244186822
9767,euler_ramsey,0.5,2.0% Ramsey,risk_aversion,combined,0,1099.792302229896,0.9096287700014769
9767,euler_ramsey,0.5,2.5% Ramsey,risk_aversion,combined,0,801.329619790863,0.8603452011768944
9768,euler_ramsey,0.5,1.5% Ramsey,risk_aversion,combined,0,440.08742950009855,1.5554691226455
9768,euler_ramsey,0.5,2.0% Ramsey,risk_aversion,combined,0,359.3034899075718,1.6349833103300881
9768,euler_ramsey,0.5,2.5% Ramsey,risk_aversion,combined,0,275.6351913221665,1.6804637551624744
9769,euler_ramsey,0.5,1.5% Ramsey,risk_aversion,combined,0,326.0223996550774,0.6082693224809258
9769,euler_ramsey,0.5,2.0% Ramsey,risk_aversion,combined,0,241.81416457780955,0.5174379492900838
9769,euler_ramsey,0.5,2.5% Ramsey,risk_aversion,combined,0,162.03043901589425,0.45150088336023797
9770,euler_ramsey,0.5,1.5% Ramsey,risk_aversion,combined,0,1157.5998816128265,1.3039849387075895
9770,euler_ramsey,0.5,2.0% Ramsey,risk_aversion,combined,0,829.6800045150977,1.3188519700792498
9770,euler_ramsey,0.5,2.5% Ramsey,risk_aversion,combined,0,577.2293783916023,1.3159855092081476
9771,euler_ramsey,0.5,1.5% Ramsey,risk_aversion,combined,0,1746.8513850257843,0.44544988421500786
9771,euler_ramsey,0.5,2.0% Ramsey,risk_aversion,combined,0,1124.271088351589,0.3530730103889094
9771,euler_ramsey,0.5,2.5% Ramsey,risk_aversion,combined,0,741.9384897899699,0.2916811047130335
9772,euler_ramsey,0.5,1.5% Ramsey,risk_aversion,combined,0,261.8569057643347,0.5474826169584397
9772,euler_ramsey,0.5,2.0% Ramsey,risk_aversion,combined,0,132.53250220782928,0.4544315874826774
9772,euler_ramsey,0.5,2.5% Ramsey,risk_aversion,combined,0,70.93322791790787,0.38903810269441397
9773,euler_ramsey,0.5,1.5% Ramsey,risk_aversion,combined,0,239.18045096571151,1.9285452784476826
9773,euler_ramsey,0.5,2.0% Ramsey,risk_aversion,combined,0,162.20478479415272,2.1274753583021115
9773,euler_ramsey,0.5,2.5% Ramsey,risk_aversion,combined,0,109.9556414738404,2.269876240832999
9774,euler_ramsey,0.5,1.5% Ramsey,risk_aversion,combined,0,241.12621734666396,1.827328889826663
9774,euler_ramsey,0.5,2.0% Ramsey,risk_aversion,combined,0,158.2049335676696,1.991483392405621
9774,euler_ramsey,0.5,2.5% Ramsey,risk_aversion,combined,0,111.16161820589491,2.1049243040142795
9775,euler_ramsey,0.5,1.5% Ramsey,risk_aversion,combined,0,709.8741622599666,0.6974776103485307
9775,euler_ramsey,0.5,2.0% Ramsey,risk_aversion,combined,0,730.0888360856477,0.6124286850116912
9775,euler_ramsey,0.5,2.5% Ramsey,risk_aversion,combined,0,648.5990152827576,0.5477083729308789
9776,euler_ramsey,0.5,1.5% Ramsey,risk_aversion,combined,0,-65.11957393385056,0.9456017702385529
9776,euler_ramsey,0.5,2.0% Ramsey,risk_aversion,combined,0,-29.043274473080345,0.8889733480640616
9776,euler_ramsey,0.5,2.5% Ramsey,risk_aversion,combined,0,-9.213864936307075,0.8381507872244204
9777,euler_ramsey,0.5,1.5% Ramsey,risk_aversion,combined,0,475.5405712996553,0.8741198632867258
9777,euler_ramsey,0.5,2.0% Ramsey,risk_aversion,combined,0,396.6217925094925,0.8075441396187683
9777,euler_ramsey,0.5,2.5% Ramsey,risk_aversion,combined,0,296.1785268630271,0.7511937392226297
9778,euler_ramsey,0.5,1.5% Ramsey,risk_aversion,combined,0,509.3558402980729,0.5522172428757351
9778,euler_ramsey,0.5,2.0% Ramsey,risk_aversion,combined,0,403.6906373813558,0.45928249688188943
9778,euler_ramsey,0.5,2.5% Ramsey,risk_aversion,combined,0,292.41659185644704,0.3938073640643068
9779,euler_ramsey,0.5,1.5% Ramsey,risk_aversion,combined,0,-382.22446274142163,0.8437346449154632
9779,euler_ramsey,0.5,2.0% Ramsey,risk_aversion,combined,0,-249.830923455171,0.7718869821689324
9779,euler_ramsey,0.5,2.5% Ramsey,risk_aversion,combined,0,-133.42579892177596,0.7124602049947282
9780,euler_ramsey,0.5,1.5% Ramsey,risk_aversion,combined,0,-584.5805684589697,0.8772920437247698
9780,euler_ramsey,0.5,2.0% Ramsey,risk_aversion,combined,0,-487.5201292750302,0.8107418808590049
9780,euler_ramsey,0.5,2.5% Ramsey,risk_aversion,combined,0,-364.1212598088056,0.7542582882352606
9781,euler_ramsey,0.5,1.5% Ramsey,risk_aversion,combined,0,-196.75836906321848,0.7381341365994868
9781,euler_ramsey,0.5,2.0% Ramsey,risk_aversion,combined,0,-143.93170724875893,0.6554632374677587
9781,euler_ramsey,0.5,2.5% Ramsey,risk_aversion,combined,0,-96.30891844504995,0.5912378393163544
9782,euler_ramsey,0.5,1.5% Ramsey,risk_aversion,combined,0,1959.412830983832,0.44357444747866653
9782,euler_ramsey,0.5,2.0% Ramsey,risk_aversion,combined,0,1153.173978407384,0.35164265439262987
9782,euler_ramsey,0.5,2.5% Ramsey,risk_aversion,combined,0,749.1411108008001,0.2905662839025385
9783,euler_ramsey,0.5,1.5% Ramsey,risk_aversion,combined,0,648.486864977602,1.0744587433474397
9783,euler_ramsey,0.5,2.0% Ramsey,risk_aversion,combined,0,532.1515074929895,1.0390532705418094
9783,euler_ramsey,0.5,2.5% Ramsey,risk_aversion,combined,0,408.97534275279514,1.0012919438615235
9784,euler_ramsey,0.5,1.5% Ramsey,risk_aversion,combined,0,1487.2621459385452,0.8732175451115393
9784,euler_ramsey,0.5,2.0% Ramsey,risk_aversion,combined,0,1509.6096961358348,0.8070752272917244
9784,euler_ramsey,0.5,2.5% Ramsey,risk_aversion,combined,0,1289.874506968157,0.7511155858601165
9785,euler_ramsey,0.5,1.5% Ramsey,risk_aversion,combined,0,-486.1263393133228,0.5147481304049453
9785,euler_ramsey,0.5,2.0% Ramsey,risk_aversion,combined,0,-433.5462205438267,0.42168952129253684
9785,euler_ramsey,0.5,2.5% Ramsey,risk_aversion,combined,0,-344.53895749319025,0.35737747739076703
9786,euler_ramsey,0.5,1.5% Ramsey,risk_aversion,combined,0,679.2252052343949,0.6448457128219538
9786,euler_ramsey,0.5,2.0% Ramsey,risk_aversion,combined,0,525.9273439426514,0.5558008784243991
9786,euler_ramsey,0.5,2.5% Ramsey,risk_aversion,combined,0,382.997826506846,0.489936085651696
9787,euler_ramsey,0.5,1.5% Ramsey,risk_aversion,combined,0,1228.2248804211022,2.307052502896543
9787,euler_ramsey,0.5,2.0% Ramsey,risk_aversion,combined,0,861.8670345372747,2.654072606447179
9787,euler_ramsey,0.5,2.5% Ramsey,risk_aversion,combined,0,582.225973867033,2.925809804174496
9788,euler_ramsey,0.5,1.5% Ramsey,risk_aversion,combined,0,527.7758035324745,0.3564298915056001
9788,euler_ramsey,0.5,2.0% Ramsey,risk_aversion,combined,0,386.8955709689008,0.26881446464011843
9788,euler_ramsey,0.5,2.5% Ramsey,risk_aversion,combined,0,284.74541044131786,0.21370315849046723
9789,euler_ramsey,0.5,1.5% Ramsey,risk_aversion,combined,0,755.9945561238582,1.9285514848718477
9789,euler_ramsey,0.5,2.0% Ramsey,risk_aversion,combined,0,619.0421915386702,2.1276962563492905
9789,euler_ramsey,0.5,2.5% Ramsey,risk_aversion,combined,0,464.3343299982486,2.270495037954936
9790,euler_ramsey,0.5,1.5% Ramsey,risk_aversion,combined,0,260.1574410985227,1.6380406445147822
9790,euler_ramsey,0.5,2.0% Ramsey,risk_aversion,combined,0,176.79852534726666,1.7420005381912949
9790,euler_ramsey,0.5,2.5% Ramsey,risk_aversion,combined,0,123.95164336554399,1.8067468756007448
9791,euler_ramsey,0.5,1.5% Ramsey,risk_aversion,combined,0,2651.55240483011,0.27604943684914013
9791,euler_ramsey,0.5,2.0% Ramsey,risk_aversion,combined,0,1319.1297927950015,0.19649396118316304
9791,euler_ramsey,0.5,2.5% Ramsey,risk_aversion,combined,0,739.6241097588788,0.14937282219690853
9792,euler_ramsey,0.5,1.5% Ramsey,risk_aversion,combined,0,-3872.72359388946,0.3584000486559535
9792,euler_ramsey,0.5,2.0% Ramsey,risk_aversion,combined,0,-3004.1051999628303,0.2705813052023398
9792,euler_ramsey,0.5,2.5% Ramsey,risk_aversion,combined,0,-2105.096178218249,0.21527305089549703
9793,euler_ramsey,0.5,1.5% Ramsey,risk_aversion,combined,0,911.1016541422349,1.3706238697419186
9793,euler_ramsey,0.5,2.0% Ramsey,risk_aversion,combined,0,580.2571690782378,1.400958971709268
9793,euler_ramsey,0.5,2.5% Ramsey,risk_aversion,combined,0,388.21291877081995,1.4092698042327487
9794,euler_ramsey,0.5,1.5% Ramsey,risk_aversion,combined,0,264.8380622762581,0.669887466793724
9794,euler_ramsey,0.5,2.0% Ramsey,risk_aversion,combined,0,298.53505988312315,0.5826495622259406
9794,euler_ramsey,0.5,2.5% Ramsey,risk_aversion,combined,0,268.1731014709247,0.5172300396498929
9795,euler_ramsey,0.5,1.5% Ramsey,risk_aversion,combined,0,-389.1978682367183,0.7642773946159868
9795,euler_ramsey,0.5,2.0% Ramsey,risk_aversion,combined,0,-304.99379805328357,0.6849001594850841
9795,euler_ramsey,0.5,2.5% Ramsey,risk_aversion,combined,0,-217.00779435839692,0.6222289464729829
9796,euler_ramsey,0.5,1.5% Ramsey,risk_aversion,combined,0,434.85959267675975,0.7245542674701495
9796,euler_ramsey,0.5,2.0% Ramsey,risk_aversion,combined,0,373.5362030691169,0.6418863490593206
9796,euler_ramsey,0.5,2.5% Ramsey,risk_aversion,combined,0,286.8746758889958,0.5780702652572294
9797,euler_ramsey,0.5,1.5% Ramsey,risk_aversion,combined,0,581.3137797208713,1.0384811269193401
9797,euler_ramsey,0.5,2.0% Ramsey,risk_aversion,combined,0,536.44062707715,0.9961387124884035
9797,euler_ramsey,0.5,2.5% Ramsey,risk_aversion,combined,0,439.98136611146526,0.9539158607320075
9798,euler_ramsey,0.5,1.5% Ramsey,risk_aversion,combined,0,5.822930304464369,1.1439379159120688
9798,euler_ramsey,0.5,2.0% Ramsey,risk_aversion,combined,0,-4.060901944266384,1.121583788532223
9798,euler_ramsey,0.5,2.5% Ramsey,risk_aversion,combined,0,-3.1384822552935843,1.0923162001931115
9799,euler_ramsey,0.5,1.5% Ramsey,risk_aversion,combined,0,1867.6820760495505,0.9001608394288229
9799,euler_ramsey,0.5,2.0% Ramsey,risk_aversion,combined,0,1448.1177882283448,0.8365707965228165
9799,euler_ramsey,0.5,2.5% Ramsey,risk_aversion,combined,0,1025.4613107051712,0.7817045117793117
9800,euler_ramsey,0.5,1.5% Ramsey,risk_aversion,combined,0,399.4562564569273,1.9247744710643784
9800,euler_ramsey,0.5,2.0% Ramsey,risk_aversion,combined,0,330.2427538607144,2.122374156028267
9800,euler_ramsey,0.5,2.5% Ramsey,risk_aversion,combined,0,254.3963080100328,2.263815360186266
9801,euler_ramsey,0.5,1.5% Ramsey,risk_aversion,combined,0,626.0262908496973,1.058178103419429
9801,euler_ramsey,0.5,2.0% Ramsey,risk_aversion,combined,0,486.98278888130994,1.02058385233542
9801,euler_ramsey,0.5,2.5% Ramsey,risk_aversion,combined,0,348.6266397652044,0.9815134345987947
9802,euler_ramsey,0.5,1.5% Ramsey,risk_aversion,combined,0,350.38929189306583,1.6893124605944112
9802,euler_ramsey,0.5,2.0% Ramsey,risk_aversion,combined,0,247.1340657339769,1.808717576206353
9802,euler_ramsey,0.5,2.5% Ramsey,risk_aversion,combined,0,170.4980510445061,1.8857107377043802
9803,euler_ramsey,0.5,1.5% Ramsey,risk_aversion,combined,0,2301.30455783561,0.5491711071506682
9803,euler_ramsey,0.5,2.0% Ramsey,risk_aversion,combined,0,1142.9161172637087,0.4564348934443793
9803,euler_ramsey,0.5,2.5% Ramsey,risk_aversion,combined,0,704.6506925621029,0.3911801498625814
9804,euler_ramsey,0.5,1.5% Ramsey,risk_aversion,combined,0,445.8252900305249,1.917247692900596
9804,euler_ramsey,0.5,2.0% Ramsey,risk_aversion,combined,0,306.7551115656412,2.112672163707114
9804,euler_ramsey,0.5,2.5% Ramsey,risk_aversion,combined,0,208.5869280870509,2.2522709845948885
9805,euler_ramsey,0.5,1.5% Ramsey,risk_aversion,combined,0,609.0309596146631,1.9186532320206218
9805,euler_ramsey,0.5,2.0% Ramsey,risk_aversion,combined,0,470.8190307902766,2.114476806440604
9805,euler_ramsey,0.5,2.5% Ramsey,risk_aversion,combined,0,358.2295156252702,2.254504952593221
9806,euler_ramsey,0.5,1.5% Ramsey,risk_aversion,combined,0,645.42491140875,0.9970741521474519
9806,euler_ramsey,0.5,2.0% Ramsey,risk_aversion,combined,0,630.1859770141033,0.9488072631044078
9806,euler_ramsey,0.5,2.5% Ramsey,risk_aversion,combined,0,550.5524247561167,0.903088518325208
9807,euler_ramsey,0.5,1.5% Ramsey,risk_aversion,combined,0,19.76084212464486,0.6426818687065472
9807,euler_ramsey,0.5,2.0% Ramsey,risk_aversion,combined,0,55.675119887599784,0.5537869116262388
9807,euler_ramsey,0.5,2.5% Ramsey,risk_aversion,combined,0,77.12620829137015,0.48810399302133867
9808,euler_ramsey,0.5,1.5% Ramsey,risk_aversion,combined,0,39.27137838428743,1.8128199769218012
9808,euler_ramsey,0.5,2.0% Ramsey,risk_aversion,combined,0,32.21545808637008,1.972198796882864
9808,euler_ramsey,0.5,2.5% Ramsey,risk_aversion,combined,0,29.98568895527782,2.081717964169403
9809,euler_ramsey,0.5,1.5% Ramsey,risk_aversion,combined,0,102.74720217140963,0.8149283549018993
9809,euler_ramsey,0.5,2.0% Ramsey,risk_aversion,combined,0,107.33323240062863,0.7405586846200714
9809,euler_ramsey,0.5,2.5% Ramsey,risk_aversion,combined,0,97.40063340450504,0.6800802670826734
9810,euler_ramsey,0.5,1.5% Ramsey,risk_aversion,combined,0,234.1313821231899,0.7407332104294723
9810,euler_ramsey,0.5,2.0% Ramsey,risk_aversion,combined,0,224.1233942951143,0.6584251081781668
9810,euler_ramsey,0.5,2.5% Ramsey,risk_aversion,combined,0,199.74327453505302,0.5943949483332244
9811,euler_ramsey,0.5,1.5% Ramsey,risk_aversion,combined,0,48.63229659631103,2.4246589589252623
9811,euler_ramsey,0.5,2.0% Ramsey,risk_aversion,combined,0,36.13411331671035,2.8161004882769185
9811,euler_ramsey,0.5,2.5% Ramsey,risk_aversion,combined,0,27.76337204328874,3.1265475884574547
9812,euler_ramsey,0.5,1.5% Ramsey,risk_aversion,combined,0,611.861505356069,0.9455307357269669
9812,euler_ramsey,0.5,2.0% Ramsey,risk_aversion,combined,0,452.8480096122256,0.888096454053405
9812,euler_ramsey,0.5,2.5% Ramsey,risk_aversion,combined,0,322.77373866726555,0.8366882363696464
9813,euler_ramsey,0.5,1.5% Ramsey,risk_aversion,combined,0,180.06053723252424,0.8617768802737047
9813,euler_ramsey,0.5,2.0% Ramsey,risk_aversion,combined,0,144.3010308420118,0.7931931853234132
9813,euler_ramsey,0.5,2.5% Ramsey,risk_aversion,combined,0,102.19711422835782,0.7356563487539229
9814,euler_ramsey,0.5,1.5% Ramsey,risk_aversion,combined,0,674.0510040540225,0.2709375458690054
9814,euler_ramsey,0.5,2.0% Ramsey,risk_aversion,combined,0,262.1335956579733,0.19198705847599887
9814,euler_ramsey,0.5,2.5% Ramsey,risk_aversion,combined,0,127.86198644699473,0.14543261692450626
9815,euler_ramsey,0.5,1.5% Ramsey,risk_aversion,combined,0,559.1738339280824,1.0595769086485762
9815,euler_ramsey,0.5,2.0% Ramsey,risk_aversion,combined,0,435.4594308057696,1.0217739200093592
9815,euler_ramsey,0.5,2.5% Ramsey,risk_aversion,combined,0,333.5733730707342,0.982517190679317
9816,euler_ramsey,0.5,1.5% Ramsey,risk_aversion,combined,0,-290.9828503101553,0.1727083925985485
9816,euler_ramsey,0.5,2.0% Ramsey,risk_aversion,combined,0,-127.22627269684597,0.11059971483319464
9816,euler_ramsey,0.5,2.5% Ramsey,risk_aversion,combined,0,-74.78049202591549,0.07747113776704238
9817,euler_ramsey,0.5,1.5% Ramsey,risk_aversion,combined,0,167.9568808933617,0.28319545769261695
9817,euler_ramsey,0.5,2.0% Ramsey,risk_aversion,combined,0,66.2972694129003,0.20267990923386064
9817,euler_ramsey,0.5,2.5% Ramsey,risk_aversion,combined,0,29.716456070842963,0.15471881467023835
9818,euler_ramsey,0.5,1.5% Ramsey,risk_aversion,combined,0,750.7422598501033,0.6867902657276667
9818,euler_ramsey,0.5,2.0% Ramsey,risk_aversion,combined,0,380.5969493774689,0.6004633915446138
9818,euler_ramsey,0.5,2.5% Ramsey,risk_aversion,combined,0,216.00908963332128,0.535225441074664
9819,euler_ramsey,0.5,1.5% Ramsey,risk_aversion,combined,0,1168.8381811424008,0.31483577518119177
9819,euler_ramsey,0.5,2.0% Ramsey,risk_aversion,combined,0,1040.2452291262048,0.23077123069394012
9819,euler_ramsey,0.5,2.5% Ramsey,risk_aversion,combined,0,792.0258549485513,0.1794498769209191
9820,euler_ramsey,0.5,1.5% Ramsey,risk_aversion,combined,0,177.5117773142955,1.0652392314280081
9820,euler_ramsey,0.5,2.0% Ramsey,risk_aversion,combined,0,128.5372361986636,1.0289025104604936
9820,euler_ramsey,0.5,2.5% Ramsey,risk_aversion,combined,0,92.78937744913264,0.9906384445113289
9821,euler_ramsey,0.5,1.5% Ramsey,risk_aversion,combined,0,-970.1387352590237,1.0956219307989943
9821,euler_ramsey,0.5,2.0% Ramsey,risk_aversion,combined,0,-760.3957819326699,1.0644598282289548
9821,euler_ramsey,0.5,2.5% Ramsey,risk_aversion,combined,0,-532.666197590723,1.0294113357366625
9822,euler_ramsey,0.5,1.5% Ramsey,risk_aversion,combined,0,252.0044820382252,3.49383861658833
9822,euler_ramsey,0.5,2.0% Ramsey,risk_aversion,combined,0,189.22558177471132,4.4058406459535
9822,euler_ramsey,0.5,2.5% Ramsey,risk_aversion,combined,0,142.96883284489215,5.21317763217995
9823,euler_ramsey,0.5,1.5% Ramsey,risk_aversion,combined,0,-103.96216292965147,2.0338514780994363
9823,euler_ramsey,0.5,2.0% Ramsey,risk_aversion,combined,0,-60.78084585812622,2.270743819303348
9823,euler_ramsey,0.5,2.5% Ramsey,risk_aversion,combined,0,-32.328173508677565,2.4453282261205076
9824,euler_ramsey,0.5,1.5% Ramsey,risk_aversion,combined,0,897.105364651696,0.777081950631555
9824,euler_ramsey,0.5,2.0% Ramsey,risk_aversion,combined,0,723.4308559952088,0.6991942028832744
9824,euler_ramsey,0.5,2.5% Ramsey,risk_aversion,combined,0,528.9126804991809,0.6373100596658076
9825,euler_ramsey,0.5,1.5% Ramsey,risk_aversion,combined,0,2528.155245991576,0.3826693983318192
9825,euler_ramsey,0.5,2.0% Ramsey,risk_aversion,combined,0,2300.4818308948124,0.2934575814706762
9825,euler_ramsey,0.5,2.5% Ramsey,risk_aversion,combined,0,1826.1926932563667,0.2363423603209168
9826,euler_ramsey,0.5,1.5% Ramsey,risk_aversion,combined,0,-903.2360199573475,0.40168963143039654
9826,euler_ramsey,0.5,2.0% Ramsey,risk_aversion,combined,0,-698.2564949177366,0.3110620275861637
9826,euler_ramsey,0.5,2.5% Ramsey,risk_aversion,combined,0,-461.1540241445825,0.25238774943939557
9827,euler_ramsey,0.5,1.5% Ramsey,risk_aversion,combined,0,1520.5343898837993,0.9487108944286987
9827,euler_ramsey,0.5,2.0% Ramsey,risk_aversion,combined,0,1182.9110404268026,0.8931468988702308
9827,euler_ramsey,0.5,2.5% Ramsey,risk_aversion,combined,0,876.8135114391466,0.8430825765022388
9828,euler_ramsey,0.5,1.5% Ramsey,risk_aversion,combined,0,276.8973154384989,1.2265342291053138
9828,euler_ramsey,0.5,2.0% Ramsey,risk_aversion,combined,0,202.76347232566965,1.2218990399873486
9828,euler_ramsey,0.5,2.5% Ramsey,risk_aversion,combined,0,145.79856016756156,1.2048140737020838
9829,euler_ramsey,0.5,1.5% Ramsey,risk_aversion,combined,0,534.5864928134217,1.7033978058697465
9829,euler_ramsey,0.5,2.0% Ramsey,risk_aversion,combined,0,406.1561099162711,1.8276759464102659
9829,euler_ramsey,0.5,2.5% Ramsey,risk_aversion,combined,0,288.7264765029697,1.9086910827418453
9830,euler_ramsey,0.5,1.5% Ramsey,risk_aversion,combined,0,668.8541338068648,0.49275718357335885
9830,euler_ramsey,0.5,2.0% Ramsey,risk_aversion,combined,0,584.2565542793376,0.40010386212032395
9830,euler_ramsey,0.5,2.5% Ramsey,risk_aversion,combined,0,462.4981955754764,0.33680489345352344
9831,euler_ramsey,0.5,1.5% Ramsey,risk_aversion,combined,0,302.57953048128144,1.2317037040369176
9831,euler_ramsey,0.5,2.0% Ramsey,risk_aversion,combined,0,218.8373935846599,1.2282132739499392
9831,euler_ramsey,0.5,2.5% Ramsey,risk_aversion,combined,0,153.9355134023178,1.2119317995297574
9832,euler_ramsey,0.5,1.5% Ramsey,risk_aversion,combined,0,2845.1784732658766,0.9434683226185056
9832,euler_ramsey,0.5,2.0% Ramsey,risk_aversion,combined,0,1818.741780591794,0.8875877716912868
9832,euler_ramsey,0.5,2.5% Ramsey,risk_aversion,combined,0,1159.4380466746768,0.8374706280164297
9833,euler_ramsey,0.5,1.5% Ramsey,risk_aversion,combined,0,-104.09676094544297,1.2502104334021085
9833,euler_ramsey,0.5,2.0% Ramsey,risk_aversion,combined,0,-83.49143043183524,1.2511822228720013
9833,euler_ramsey,0.5,2.5% Ramsey,risk_aversion,combined,0,-58.144800232547446,1.2380275133427647
9834,euler_ramsey,0.5,1.5% Ramsey,risk_aversion,combined,0,1551.406086750709,1.0879341997917624
9834,euler_ramsey,0.5,2.0% Ramsey,risk_aversion,combined,0,1095.5184981828984,1.0562565051536248
9834,euler_ramsey,0.5,2.5% Ramsey,risk_aversion,combined,0,779.4207155355002,1.0210779845221656
9835,euler_ramsey,0.5,1.5% Ramsey,risk_aversion,combined,0,270.39497439220435,1.8373140611904573
9835,euler_ramsey,0.5,2.0% Ramsey,risk_aversion,combined,0,174.20887724382743,2.004884069051823
9835,euler_ramsey,0.5,2.5% Ramsey,risk_aversion,combined,0,120.95861590382165,2.1211493620857405
9836,euler_ramsey,0.5,1.5% Ramsey,risk_aversion,combined,0,631.2502926136718,0.7790812029593694
9836,euler_ramsey,0.5,2.0% Ramsey,risk_aversion,combined,0,487.90232731501374,0.7006801109140625
9836,euler_ramsey,0.5,2.5% Ramsey,risk_aversion,combined,0,369.9999330063357,0.6383384035720512
9837,euler_ramsey,0.5,1.5% Ramsey,risk_aversion,combined,0,176.6969163370304,0.5517033915313597
9837,euler_ramsey,0.5,2.0% Ramsey,risk_aversion,combined,0,271.14248724773324,0.4591815527674828
9837,euler_ramsey,0.5,2.5% Ramsey,risk_aversion,combined,0,318.62522837167955,0.39397390151642825
9838,euler_ramsey,0.5,1.5% Ramsey,risk_aversion,combined,0,19.692968661775662,0.640187077524652
9838,euler_ramsey,0.5,2.0% Ramsey,risk_aversion,combined,0,22.726291292584254,0.5512373425588163
9838,euler_ramsey,0.5,2.5% Ramsey,risk_aversion,combined,0,22.58686378361223,0.4855499297395555
9839,euler_ramsey,0.5,1.5% Ramsey,risk_aversion,combined,0,997.032295380642,1.6548045367405348
9839,euler_ramsey,0.5,2.0% Ramsey,risk_aversion,combined,0,609.0759345122036,1.764550984536709
9839,euler_ramsey,0.5,2.5% Ramsey,risk_aversion,combined,0,384.72421877736974,1.834027959824356
9840,euler_ramsey,0.5,1.5% Ramsey,risk_aversion,combined,0,618.2108546537964,0.4825551200481696
9840,euler_ramsey,0.5,2.0% Ramsey,risk_aversion,combined,0,503.2613710245194,0.3897484160458592
9840,euler_ramsey,0.5,2.5% Ramsey,risk_aversion,combined,0,367.80496527703815,0.32672445643233133
9841,euler_ramsey,0.5,1.5% Ramsey,risk_aversion,combined,0,162.79120312353,1.2199580600628668
9841,euler_ramsey,0.5,2.0% Ramsey,risk_aversion,combined,0,113.87910027429741,1.2138844801463973
9841,euler_ramsey,0.5,2.5% Ramsey,risk_aversion,combined,0,79.04318298943987,1.1957932422400808
9842,euler_ramsey,0.5,1.5% Ramsey,risk_aversion,combined,0,683.3714782590514,0.8589461780929193
9842,euler_ramsey,0.5,2.0% Ramsey,risk_aversion,combined,0,478.41403750917516,0.7902154689928163
9842,euler_ramsey,0.5,2.5% Ramsey,risk_aversion,combined,0,321.7649048871651,0.732724482963018
9843,euler_ramsey,0.5,1.5% Ramsey,risk_aversion,combined,0,1992.2901793835845,0.7228968397432698
9843,euler_ramsey,0.5,2.0% Ramsey,risk_aversion,combined,0,1220.2740174755102,0.6387456670938447
9843,euler_ramsey,0.5,2.5% Ramsey,risk_aversion,combined,0,697.8058582974143,0.5739288475425276
9844,euler_ramsey,0.5,1.5% Ramsey,risk_aversion,combined,0,496.1654775776058,0.7441556474559881
9844,euler_ramsey,0.5,2.0% Ramsey,risk_aversion,combined,0,388.55928466035556,0.6626103140598418
9844,euler_ramsey,0.5,2.5% Ramsey,risk_aversion,combined,0,293.97070205306545,0.5989931460111645
9845,euler_ramsey,0.5,1.5% Ramsey,risk_aversion,combined,0,27.586363921497618,1.3124514563716914
9845,euler_ramsey,0.5,2.0% Ramsey,risk_aversion,combined,0,18.834293626073205,1.3279046275988762
9845,euler_ramsey,0.5,2.5% Ramsey,risk_aversion,combined,0,15.208974128948242,1.3251242654096111
9846,euler_ramsey,0.5,1.5% Ramsey,risk_aversion,combined,0,-1177.572264480712,0.3549686751255137
9846,euler_ramsey,0.5,2.0% Ramsey,risk_aversion,combined,0,-789.0969387185735,0.2672942196189167
9846,euler_ramsey,0.5,2.5% Ramsey,risk_aversion,combined,0,-510.6102219045491,0.21222494291042354
9847,euler_ramsey,0.5,1.5% Ramsey,risk_aversion,combined,0,109.96580222551897,0.49929609076295034
9847,euler_ramsey,0.5,2.0% Ramsey,risk_aversion,combined,0,47.386040232593295,0.40593476430978287
9847,euler_ramsey,0.5,2.5% Ramsey,risk_aversion,combined,0,25.85555564964155,0.34199446352444773
9848,euler_ramsey,0.5,1.5% Ramsey,risk_aversion,combined,0,799.2292605360466,0.4016913424534283
9848,euler_ramsey,0.5,2.0% Ramsey,risk_aversion,combined,0,737.4520308469832,0.3111804103969261
9848,euler_ramsey,0.5,2.5% Ramsey,risk_aversion,combined,0,613.6436519117071,0.2525660199877234
9849,euler_ramsey,0.5,1.5% Ramsey,risk_aversion,combined,0,147.29797733549816,1.8757046514542737
9849,euler_ramsey,0.5,2.0% Ramsey,risk_aversion,combined,0,77.46762096576674,2.0562543759392207
9849,euler_ramsey,0.5,2.5% Ramsey,risk_aversion,combined,0,51.53968532332233,2.1832318165601765
9850,euler_ramsey,0.5,1.5% Ramsey,risk_aversion,combined,0,46.905237847825845,1.085424636193657
9850,euler_ramsey,0.5,2.0% Ramsey,risk_aversion,combined,0,52.18640652546801,1.052459443099744
9850,euler_ramsey,0.5,2.5% Ramsey,risk_aversion,combined,0,51.954095403512504,1.0162761628928367
9851,euler_ramsey,0.5,1.5% Ramsey,risk_aversion,combined,0,732.7899028604934,0.7539086421482101
9851,euler_ramsey,0.5,2.0% Ramsey,risk_aversion,combined,0,657.8451722155089,0.6733450669252874
9851,euler_ramsey,0.5,2.5% Ramsey,risk_aversion,combined,0,538.1556576492692,0.610169183893364
9852,euler_ramsey,0.5,1.5% Ramsey,risk_aversion,combined,0,267.19854711272484,2.2301266576221854
9852,euler_ramsey,0.5,2.0% Ramsey,risk_aversion,combined,0,295.3595738296921,2.542204697880376
9852,euler_ramsey,0.5,2.5% Ramsey,risk_aversion,combined,0,286.9476212139376,2.7821678462730146
9853,euler_ramsey,0.5,1.5% Ramsey,risk_aversion,combined,0,115.050896031816,0.7240484871042153
9853,euler_ramsey,0.5,2.0% Ramsey,risk_aversion,combined,0,98.43723206763931,0.6399667912885542
9853,euler_ramsey,0.5,2.5% Ramsey,risk_aversion,combined,0,76.97026639055566,0.5751631079450763
9854,euler_ramsey,0.5,1.5% Ramsey,risk_aversion,combined,0,314.6331253162294,0.9247016235259696
9854,euler_ramsey,0.5,2.0% Ramsey,risk_aversion,combined,0,292.2840404859902,0.8641450898524777
9854,euler_ramsey,0.5,2.5% Ramsey,risk_aversion,combined,0,254.4914784943307,0.8109510413758284
9855,euler_ramsey,0.5,1.5% Ramsey,risk_aversion,combined,0,-8.973909336045796,1.9186238143548748
9855,euler_ramsey,0.5,2.0% Ramsey,risk_aversion,combined,0,-11.11679817833798,2.1143100666380708
9855,euler_ramsey,0.5,2.5% Ramsey,risk_aversion,combined,0,-9.01497667466127,2.253944126262078
9856,euler_ramsey,0.5,1.5% Ramsey,risk_aversion,combined,0,1801.0279654064245,0.4790371571956195
9856,euler_ramsey,0.5,2.0% Ramsey,risk_aversion,combined,0,1431.898510404966,0.3863241791496392
9856,euler_ramsey,0.5,2.5% Ramsey,risk_aversion,combined,0,1103.1502956947613,0.32348212465788195
9857,euler_ramsey,0.5,1.5% Ramsey,risk_aversion,combined,0,2657.9327200991415,0.3459984447134523
9857,euler_ramsey,0.5,2.0% Ramsey,risk_aversion,combined,0,1913.2563571492308,0.25923036451109743
9857,euler_ramsey,0.5,2.5% Ramsey,risk_aversion,combined,0,1359.3446370393845,0.20503907764839227
9858,euler_ramsey,0.5,1.5% Ramsey,risk_aversion,combined,0,3655.8524994025006,0.9040996724463626
9858,euler_ramsey,0.5,2.0% Ramsey,risk_aversion,combined,0,2811.5119356365713,0.8435436830791847
9858,euler_ramsey,0.5,2.5% Ramsey,risk_aversion,combined,0,1996.6336829101033,0.7908773768550935
9859,euler_ramsey,0.5,1.5% Ramsey,risk_aversion,combined,0,-201.3844207193429,0.40130274639652747
9859,euler_ramsey,0.5,2.0% Ramsey,risk_aversion,combined,0,-157.24928407327246,0.31064569414114385
9859,euler_ramsey,0.5,2.5% Ramsey,risk_aversion,combined,0,-115.5596389840409,0.2519703460362549
9860,euler_ramsey,0.5,1.5% Ramsey,risk_aversion,combined,0,808.1862932441658,0.8753846290155259
9860,euler_ramsey,0.5,2.0% Ramsey,risk_aversion,combined,0,639.6186956874731,0.8088524857717186
9860,euler_ramsey,0.5,2.5% Ramsey,risk_aversion,combined,0,466.9195776402305,0.7524536173647026
9861,euler_ramsey,0.5,1.5% Ramsey,risk_aversion,combined,0,1247.6660839364185,1.4976521398605025
9861,euler_ramsey,0.5,2.0% Ramsey,risk_aversion,combined,0,824.5544442247237,1.5613321877109068
9861,euler_ramsey,0.5,2.5% Ramsey,risk_aversion,combined,0,517.7128898555287,1.5947019030003393
9862,euler_ramsey,0.5,1.5% Ramsey,risk_aversion,combined,0,1951.3200250015798,0.5738423781815057
9862,euler_ramsey,0.5,2.0% Ramsey,risk_aversion,combined,0,1275.302781036488,0.4820153450093078
9862,euler_ramsey,0.5,2.5% Ramsey,risk_aversion,combined,0,826.4725023279149,0.41652723858919344
9863,euler_ramsey,0.5,1.5% Ramsey,risk_aversion,combined,0,62.92742970976412,1.0594832159511236
9863,euler_ramsey,0.5,2.0% Ramsey,risk_aversion,combined,0,71.03170047051773,1.0210722697311296
9863,euler_ramsey,0.5,2.5% Ramsey,risk_aversion,combined,0,70.4910010506909,0.9813378811312895
9864,euler_ramsey,0.5,1.5% Ramsey,risk_aversion,combined,0,356.38860524692313,1.6049808095414828
9864,euler_ramsey,0.5,2.0% Ramsey,risk_aversion,combined,0,251.90122217371092,1.6995807515098753
9864,euler_ramsey,0.5,2.5% Ramsey,risk_aversion,combined,0,183.02192224044205,1.7569512723964154
9865,euler_ramsey,0.5,1.5% Ramsey,risk_aversion,combined,0,-94.27230620633539,1.6562489067424273
9865,euler_ramsey,0.5,2.0% Ramsey,risk_aversion,combined,0,-57.16695126180407,1.765604093168032
9865,euler_ramsey,0.5,2.5% Ramsey,risk_aversion,combined,0,-26.003389354882668,1.83458212580723
9866,euler_ramsey,0.5,1.5% Ramsey,risk_aversion,combined,0,3811.7515075695997,0.42286439549926175
9866,euler_ramsey,0.5,2.0% Ramsey,risk_aversion,combined,0,2330.5665512570217,0.33181272456154626
9866,euler_ramsey,0.5,2.5% Ramsey,risk_aversion,combined,0,1461.6653011269818,0.2720325916837717
9867,euler_ramsey,0.5,1.5% Ramsey,risk_aversion,combined,0,-671.8369515536971,0.48054309415262625
9867,euler_ramsey,0.5,2.0% Ramsey,risk_aversion,combined,0,-422.3511025588651,0.38740740902523824
9867,euler_ramsey,0.5,2.5% Ramsey,risk_aversion,combined,0,-277.4010536195728,0.3242650687305863
9868,euler_ramsey,0.5,1.5% Ramsey,risk_aversion,combined,0,-23.36295739054395,0.6366630324604291
9868,euler_ramsey,0.5,2.0% Ramsey,risk_aversion,combined,0,-9.783930366135731,0.5472452487280711
9868,euler_ramsey,0.5,2.5% Ramsey,risk_aversion,combined,0,-1.0807286906943319,0.48136223438914755
9869,euler_ramsey,0.5,1.5% Ramsey,risk_aversion,combined,0,214.89293905028882,1.9834678607238094
9869,euler_ramsey,0.5,2.0% Ramsey,risk_aversion,combined,0,154.71734562363832,2.2019543327755633
9869,euler_ramsey,0.5,2.5% Ramsey,risk_aversion,combined,0,110.22032508476107,2.3609745505332396
9870,euler_ramsey,0.5,1.5% Ramsey,risk_aversion,combined,0,901.2835816945259,0.24344498724720054
9870,euler_ramsey,0.5,2.0% Ramsey,risk_aversion,combined,0,405.4839364427554,0.1684175853980949
9870,euler_ramsey,0.5,2.5% Ramsey,risk_aversion,combined,0,239.23732194981233,0.12523518532513483
9871,euler_ramsey,0.5,1.5% Ramsey,risk_aversion,combined,0,1713.27423438965,0.6268227810634319
9871,euler_ramsey,0.5,2.0% Ramsey,risk_aversion,combined,0,1305.5290570730972,0.5376446838589902
9871,euler_ramsey,0.5,2.5% Ramsey,risk_aversion,combined,0,967.8546747931814,0.47222075541301506
9872,euler_ramsey,0.5,1.5% Ramsey,risk_aversion,combined,0,-21.63235323015182,2.04261820668603
9872,euler_ramsey,0.5,2.0% Ramsey,risk_aversion,combined,0,-26.130547549611926,2.2830827442364883
9872,euler_ramsey,0.5,2.5% Ramsey,risk_aversion,combined,0,-22.9974569620174,2.4606933955551904
9873,euler_ramsey,0.5,1.5% Ramsey,risk_aversion,combined,0,37.14557470068228,0.9610440603489742
9873,euler_ramsey,0.5,2.0% Ramsey,risk_aversion,combined,0,28.208105557108265,0.9058082857894494
9873,euler_ramsey,0.5,2.5% Ramsey,risk_aversion,combined,0,24.47837244831949,0.8556342312213716
9874,euler_ramsey,0.5,1.5% Ramsey,risk_aversion,combined,0,-801.8205926860743,0.37508359310207134
9874,euler_ramsey,0.5,2.0% Ramsey,risk_aversion,combined,0,-607.8886220362633,0.2860496150851017
9874,euler_ramsey,0.5,2.5% Ramsey,risk_aversion,combined,0,-428.0997501075255,0.22936121945436622
9875,euler_ramsey,0.5,1.5% Ramsey,risk_aversion,combined,0,142.87426633458213,0.44931241515643894
9875,euler_ramsey,0.5,2.0% Ramsey,risk_aversion,combined,0,104.32874292930576,0.3567465219088837
9875,euler_ramsey,0.5,2.5% Ramsey,risk_aversion,combined,0,68.59353785526679,0.29509750390967454
9876,euler_ramsey,0.5,1.5% Ramsey,risk_aversion,combined,0,496.64998152324017,0.519725455340711
9876,euler_ramsey,0.5,2.0% Ramsey,risk_aversion,combined,0,449.98813426753054,0.42663720689011564
9876,euler_ramsey,0.5,2.5% Ramsey,risk_aversion,combined,0,355.80423261394316,0.3621445306395068
9877,euler_ramsey,0.5,1.5% Ramsey,risk_aversion,combined,0,229.8194146364739,0.9911620657491018
9877,euler_ramsey,0.5,2.0% Ramsey,risk_aversion,combined,0,224.99141836965117,0.9410455070995251
9877,euler_ramsey,0.5,2.5% Ramsey,risk_aversion,combined,0,196.1394443106181,0.8940313345063755
9878,euler_ramsey,0.5,1.5% Ramsey,risk_aversion,combined,0,189.8826566009488,0.7355438508672069
9878,euler_ramsey,0.5,2.0% Ramsey,risk_aversion,combined,0,156.103103600119,0.6532098155828537
9878,euler_ramsey,0.5,2.5% Ramsey,risk_aversion,combined,0,124.11054733812098,0.5892693757913102
9879,euler_ramsey,0.5,1.5% Ramsey,risk_aversion,combined,0,874.5265798805045,0.7886519176732968
9879,euler_ramsey,0.5,2.0% Ramsey,risk_aversion,combined,0,864.984813498024,0.7106273927855488
9879,euler_ramsey,0.5,2.5% Ramsey,risk_aversion,combined,0,702.1553230128254,0.6482624497553524
9880,euler_ramsey,0.5,1.5% Ramsey,risk_aversion,combined,0,894.9513222380546,0.5952673549850906
9880,euler_ramsey,0.5,2.0% Ramsey,risk_aversion,combined,0,674.9064293174104,0.5039515704464953
9880,euler_ramsey,0.5,2.5% Ramsey,risk_aversion,combined,0,511.56356662601377,0.4381186357960833
9881,euler_ramsey,0.5,1.5% Ramsey,risk_aversion,combined,0,481.44346561700604,0.30068295082233354
9881,euler_ramsey,0.5,2.0% Ramsey,risk_aversion,combined,0,429.3206318862902,0.21815920217723886
9881,euler_ramsey,0.5,2.5% Ramsey,risk_aversion,combined,0,370.25005909201076,0.16831142115329586
9882,euler_ramsey,0.5,1.5% Ramsey,risk_aversion,combined,0,1480.6189886690693,0.29955436731198304
9882,euler_ramsey,0.5,2.0% Ramsey,risk_aversion,combined,0,930.1951947559586,0.21724008166284517
9882,euler_ramsey,0.5,2.5% Ramsey,risk_aversion,combined,0,634.8780226481352,0.1675487224795595
9883,euler_ramsey,0.5,1.5% Ramsey,risk_aversion,combined,0,419.4244778763726,0.4629226338651144
9883,euler_ramsey,0.5,2.0% Ramsey,risk_aversion,combined,0,-165.32365501507329,0.3703772594290842
9883,euler_ramsey,0.5,2.5% Ramsey,risk_aversion,combined,0,-363.1015193800639,0.308210434155615
9884,euler_ramsey,0.5,1.5% Ramsey,risk_aversion,combined,0,189.2878783044093,1.3270474451986072
9884,euler_ramsey,0.5,2.0% Ramsey,risk_aversion,combined,0,138.0011680898236,1.3460626456599294
9884,euler_ramsey,0.5,2.5% Ramsey,risk_aversion,combined,0,102.46267714822065,1.3459598135758275
9885,euler_ramsey,0.5,1.5% Ramsey,risk_aversion,combined,0,-254.02772923553803,0.7412955374056746
9885,euler_ramsey,0.5,2.0% Ramsey,risk_aversion,combined,0,-156.26463971147018,0.6587539950096724
9885,euler_ramsey,0.5,2.5% Ramsey,risk_aversion,combined,0,-78.78560190512268,0.594530292914285
9886,euler_ramsey,0.5,1.5% Ramsey,risk_aversion,combined,0,818.3185580129017,1.0886502144292072
9886,euler_ramsey,0.5,2.0% Ramsey,risk_aversion,combined,0,642.9009524205953,1.0563160045382944
9886,euler_ramsey,0.5,2.5% Ramsey,risk_aversion,combined,0,459.6082723289039,1.0205842295420409
9887,euler_ramsey,0.5,1.5% Ramsey,risk_aversion,combined,0,583.9798405211188,1.0213629040319876
9887,euler_ramsey,0.5,2.0% Ramsey,risk_aversion,combined,0,383.97473548375825,0.9756406711066206
9887,euler_ramsey,0.5,2.5% Ramsey,risk_aversion,combined,0,248.1468051237872,0.931163259548713
9888,euler_ramsey,0.5,1.5% Ramsey,risk_aversion,combined,0,290.10128416729987,1.8283477535375974
9888,euler_ramsey,0.5,2.0% Ramsey,risk_aversion,combined,0,301.27577840058916,1.9935221150082192
9888,euler_ramsey,0.5,2.5% Ramsey,risk_aversion,combined,0,262.90201406502354,2.108023462130883
9889,euler_ramsey,0.5,1.5% Ramsey,risk_aversion,combined,0,423.8002770391907,1.4148694380336027
9889,euler_ramsey,0.5,2.0% Ramsey,risk_aversion,combined,0,336.29232101702405,1.455713372215412
9889,euler_ramsey,0.5,2.5% Ramsey,risk_aversion,combined,0,256.2241847852159,1.4716544673618732
9890,euler_ramsey,0.5,1.5% Ramsey,risk_aversion,combined,0,341.70096878367826,1.7208560262844395
9890,euler_ramsey,0.5,2.0% Ramsey,risk_aversion,combined,0,264.60856291446396,1.8504463948610137
9890,euler_ramsey,0.5,2.5% Ramsey,risk_aversion,combined,0,201.92401280404036,1.9357850556536478
9891,euler_ramsey,0.5,1.5% Ramsey,risk_aversion,combined,0,-451.1365493589712,0.8091381004924761
9891,euler_ramsey,0.5,2.0% Ramsey,risk_aversion,combined,0,-340.2785659370738,0.7339597728116776
9891,euler_ramsey,0.5,2.5% Ramsey,risk_aversion,combined,0,-243.13436834173564,0.6730448845576922
9892,euler_ramsey,0.5,1.5% Ramsey,risk_aversion,combined,0,-1215.9569313204822,0.65934229645198
9892,euler_ramsey,0.5,2.0% Ramsey,risk_aversion,combined,0,-624.7364940230276,0.5711531102222361
9892,euler_ramsey,0.5,2.5% Ramsey,risk_aversion,combined,0,-359.10667286975956,0.5054278662801357
9893,euler_ramsey,0.5,1.5% Ramsey,risk_aversion,combined,0,59.25622288339166,2.048287529723552
9893,euler_ramsey,0.5,2.0% Ramsey,risk_aversion,combined,0,38.42091064843199,2.290430954557982
9893,euler_ramsey,0.5,2.5% Ramsey,risk_aversion,combined,0,26.900163136190333,2.4694782420728423
9894,euler_ramsey,0.5,1.5% Ramsey,risk_aversion,combined,0,1121.5795359858523,0.6413370405802372
9894,euler_ramsey,0.5,2.0% Ramsey,risk_aversion,combined,0,768.8893491712018,0.5525008305437522
9894,euler_ramsey,0.5,2.5% Ramsey,risk_aversion,combined,0,508.37518825561625,0.48686766624657957
9895,euler_ramsey,0.5,1.5% Ramsey,risk_aversion,combined,0,463.59124385455306,1.8605764263493993
9895,euler_ramsey,0.5,2.0% Ramsey,risk_aversion,combined,0,364.7661037431156,2.0362654135138656
9895,euler_ramsey,0.5,2.5% Ramsey,risk_aversion,combined,0,270.4744585515008,2.1594609807656955
9896,euler_ramsey,0.5,1.5% Ramsey,risk_aversion,combined,0,-308.8597139361691,0.7966456843539176
9896,euler_ramsey,0.5,2.0% Ramsey,risk_aversion,combined,0,-147.59616585296683,0.7199177239358671
9896,euler_ramsey,0.5,2.5% Ramsey,risk_aversion,combined,0,-83.62874102786792,0.658257409370467
9897,euler_ramsey,0.5,1.5% Ramsey,risk_aversion,combined,0,4766.262985273684,0.5612849519178801
9897,euler_ramsey,0.5,2.0% Ramsey,risk_aversion,combined,0,2931.3809872746774,0.4696364627266831
9897,euler_ramsey,0.5,2.5% Ramsey,risk_aversion,combined,0,1820.6799259234435,0.40465100722206854
9898,euler_ramsey,0.5,1.5% Ramsey,risk_aversion,combined,0,317.99901632432324,1.0936872206554047
9898,euler_ramsey,0.5,2.0% Ramsey,risk_aversion,combined,0,224.3590219747689,1.0618401604855525
9898,euler_ramsey,0.5,2.5% Ramsey,risk_aversion,combined,0,160.21341127762838,1.0263491301438368
9899,euler_ramsey,0.5,1.5% Ramsey,risk_aversion,combined,0,531.1544693177061,0.5711580495806621
9899,euler_ramsey,0.5,2.0% Ramsey,risk_aversion,combined,0,400.6702670645597,0.47882243197629537
9899,euler_ramsey,0.5,2.5% Ramsey,risk_aversion,combined,0,301.3738765212063,0.41310206792913323
9900,euler_ramsey,0.5,1.5% Ramsey,risk_aversion,combined,0,334.59466551555505,1.9175697433213137
9900,euler_ramsey,0.5,2.0% Ramsey,risk_aversion,combined,0,250.7729429982429,2.1126156139834107
9900,euler_ramsey,0.5,2.5% Ramsey,risk_aversion,combined,0,178.8761423492142,2.251756036353117
9901,euler_ramsey,0.5,1.5% Ramsey,risk_aversion,combined,0,326.53403165257265,1.341139048651213
9901,euler_ramsey,0.5,2.0% Ramsey,risk_aversion,combined,0,155.39016650643455,1.3631825959089934
9901,euler_ramsey,0.5,2.5% Ramsey,risk_aversion,combined,0,85.56201858010218,1.3651685181225715
9902,euler_ramsey,0.5,1.5% Ramsey,risk_aversion,combined,0,-3274.280376518271,0.1358356922774175
9902,euler_ramsey,0.5,2.0% Ramsey,risk_aversion,combined,0,-2578.1504953842464,0.08243183240491357
9902,euler_ramsey,0.5,2.5% Ramsey,risk_aversion,combined,0,-1818.015907535491,0.05538818677837491
9903,euler_ramsey,0.5,1.5% Ramsey,risk_aversion,combined,0,2467.076205801169,0.5807375631562544
9903,euler_ramsey,0.5,2.0% Ramsey,risk_aversion,combined,0,1470.6855579124215,0.4895175003520026
9903,euler_ramsey,0.5,2.5% Ramsey,risk_aversion,combined,0,889.3327348853203,0.4241926326222288
9904,euler_ramsey,0.5,1.5% Ramsey,risk_aversion,combined,0,2317.0380552533693,0.21256598493900855
9904,euler_ramsey,0.5,2.0% Ramsey,risk_aversion,combined,0,1594.7364047846625,0.14265974746976065
9904,euler_ramsey,0.5,2.5% Ramsey,risk_aversion,combined,0,1098.676262308988,0.1036225441812735
9905,euler_ramsey,0.5,1.5% Ramsey,risk_aversion,combined,0,574.9954492706408,0.7148365852873063
9905,euler_ramsey,0.5,2.0% Ramsey,risk_aversion,combined,0,490.2452885065016,0.6305522431261141
9905,euler_ramsey,0.5,2.5% Ramsey,risk_aversion,combined,0,390.45336268587283,0.5658582005963194
9906,euler_ramsey,0.5,1.5% Ramsey,risk_aversion,combined,0,234.9138010459964,0.6173554833504836
9906,euler_ramsey,0.5,2.0% Ramsey,risk_aversion,combined,0,129.7628502687925,0.527092215131236
9906,euler_ramsey,0.5,2.5% Ramsey,risk_aversion,combined,0,77.24995912932192,0.4612399221639776
9907,euler_ramsey,0.5,1.5% Ramsey,risk_aversion,combined,0,1807.9416647372643,0.4430227304649651
9907,euler_ramsey,0.5,2.0% Ramsey,risk_aversion,combined,0,769.1022685678317,0.3508743913462669
9907,euler_ramsey,0.5,2.5% Ramsey,risk_aversion,combined,0,427.5314403354181,0.28970208969342354
9908,euler_ramsey,0.5,1.5% Ramsey,risk_aversion,combined,0,-83.11037972812743,0.685796168236542
9908,euler_ramsey,0.5,2.0% Ramsey,risk_aversion,combined,0,-41.1659659808986,0.5990732617758411
9908,euler_ramsey,0.5,2.5% Ramsey,risk_aversion,combined,0,-17.460326368740066,0.5335563233323526
9909,euler_ramsey,0.5,1.5% Ramsey,risk_aversion,combined,0,417.63689272647287,1.391408066414861
9909,euler_ramsey,0.5,2.0% Ramsey,risk_aversion,combined,0,306.94386386838426,1.4262404872788266
9909,euler_ramsey,0.5,2.5% Ramsey,risk_aversion,combined,0,227.25258156181917,1.437715124783337
9910,euler_ramsey,0.5,1.5% Ramsey,risk_aversion,combined,0,364.90233829699827,2.1153520861485386
9910,euler_ramsey,0.5,2.0% Ramsey,risk_aversion,combined,0,271.71869387088475,2.383094564618223
9910,euler_ramsey,0.5,2.5% Ramsey,risk_aversion,combined,0,206.2759571558228,2.584492960516807
9911,euler_ramsey,0.5,1.5% Ramsey,risk_aversion,combined,0,1126.944877642765,1.19068118920132
9911,euler_ramsey,0.5,2.0% Ramsey,risk_aversion,combined,0,813.9906351892449,1.1790728276314264
9911,euler_ramsey,0.5,2.5% Ramsey,risk_aversion,combined,0,541.8171325050985,1.1573908439969893
9912,euler_ramsey,0.5,1.5% Ramsey,risk_aversion,combined,0,231.57324331411598,2.151807266278007
9912,euler_ramsey,0.5,2.0% Ramsey,risk_aversion,combined,0,183.4433181634137,2.4330668895898064
9912,euler_ramsey,0.5,2.5% Ramsey,risk_aversion,combined,0,147.12068274191324,2.64599899638375
9913,euler_ramsey,0.5,1.5% Ramsey,risk_aversion,combined,0,156.75107784579612,0.4776000492502436
9913,euler_ramsey,0.5,2.0% Ramsey,risk_aversion,combined,0,70.09855530632893,0.3848861800762798
9913,euler_ramsey,0.5,2.5% Ramsey,risk_aversion,combined,0,42.250706599514785,0.32208580423141003
9914,euler_ramsey,0.5,1.5% Ramsey,risk_aversion,combined,0,634.285885800403,0.9908409631424709
9914,euler_ramsey,0.5,2.0% Ramsey,risk_aversion,combined,0,567.8457903912883,0.9415929219221528
9914,euler_ramsey,0.5,2.5% Ramsey,risk_aversion,combined,0,440.8716346424436,0.895197127220455
9915,euler_ramsey,0.5,1.5% Ramsey,risk_aversion,combined,0,48.040582439925316,2.123090236962807
9915,euler_ramsey,0.5,2.0% Ramsey,risk_aversion,combined,0,31.68367932261048,2.3933394185867516
9915,euler_ramsey,0.5,2.5% Ramsey,risk_aversion,combined,0,23.696595940161558,2.5966493504563437
9916,euler_ramsey,0.5,1.5% Ramsey,risk_aversion,combined,0,1592.6182580014622,0.27693509301726954
9916,euler_ramsey,0.5,2.0% Ramsey,risk_aversion,combined,0,779.9457322658615,0.1972120369749552
9916,euler_ramsey,0.5,2.5% Ramsey,risk_aversion,combined,0,424.1620622498454,0.14996561657609422
9917,euler_ramsey,0.5,1.5% Ramsey,risk_aversion,combined,0,600.8680582039685,0.3703249740247161
9917,euler_ramsey,0.5,2.0% Ramsey,risk_aversion,combined,0,361.4083557834428,0.2815406481693201
9917,euler_ramsey,0.5,2.5% Ramsey,risk_aversion,combined,0,239.40981738648225,0.22520154652809501
9918,euler_ramsey,0.5,1.5% Ramsey,risk_aversion,combined,0,-238.1727760674514,0.3060852585030207
9918,euler_ramsey,0.5,2.0% Ramsey,risk_aversion,combined,0,-130.76500196876768,0.22292654492884698
9918,euler_ramsey,0.5,2.5% Ramsey,risk_aversion,combined,0,-75.06214926603734,0.17249181168750355
9919,euler_ramsey,0.5,1.5% Ramsey,risk_aversion,combined,0,49.46583039123059,1.9818001608687903
9919,euler_ramsey,0.5,2.0% Ramsey,risk_aversion,combined,0,38.14531529961563,2.1992648800743675
9919,euler_ramsey,0.5,2.5% Ramsey,risk_aversion,combined,0,28.881353462044185,2.3572491113835254
9920,euler_ramsey,0.5,1.5% Ramsey,risk_aversion,combined,0,803.3640874321776,0.6727549582950887
9920,euler_ramsey,0.5,2.0% Ramsey,risk_aversion,combined,0,687.4381537404269,0.5858398777254726
9920,euler_ramsey,0.5,2.5% Ramsey,risk_aversion,combined,0,541.638806758717,0.5205938981885219
9921,euler_ramsey,0.5,1.5% Ramsey,risk_aversion,combined,0,152.71616569075303,0.5369452319162606
9921,euler_ramsey,0.5,2.0% Ramsey,risk_aversion,combined,0,106.23806051679901,0.4441137443633417
9921,euler_ramsey,0.5,2.5% Ramsey,risk_aversion,combined,0,77.30737486773374,0.3791932661278554
9922,euler_ramsey,0.5,1.5% Ramsey,risk_aversion,combined,0,633.00679343473,1.2694925197460722
9922,euler_ramsey,0.5,2.0% Ramsey,risk_aversion,combined,0,502.71426522364425,1.2751718683864508
9922,euler_ramsey,0.5,2.5% Ramsey,risk_aversion,combined,0,395.2922939696036,1.2654680458397605
9923,euler_ramsey,0.5,1.5% Ramsey,risk_aversion,combined,0,552.3391946423864,0.41362999899867275
9923,euler_ramsey,0.5,2.0% Ramsey,risk_aversion,combined,0,431.7131325794646,0.3224201611661488
9923,euler_ramsey,0.5,2.5% Ramsey,risk_aversion,combined,0,341.548643351861,0.2629372447318555
9924,euler_ramsey,0.5,1.5% Ramsey,risk_aversion,combined,0,651.5135778712461,0.5664469199011741
9924,euler_ramsey,0.5,2.0% Ramsey,risk_aversion,combined,0,174.0385484595704,0.4741559436547425
9924,euler_ramsey,0.5,2.5% Ramsey,risk_aversion,combined,0,82.5449954800386,0.4086074733571409
9925,euler_ramsey,0.5,1.5% Ramsey,risk_aversion,combined,0,1004.348316223566,1.6530143048397594
9925,euler_ramsey,0.5,2.0% Ramsey,risk_aversion,combined,0,786.502266267655,1.762421501957431
9925,euler_ramsey,0.5,2.5% Ramsey,risk_aversion,combined,0,551.909773295155,1.831668663614037
9926,euler_ramsey,0.5,1.5% Ramsey,risk_aversion,combined,0,-397.5309395741457,0.4434375957495849
9926,euler_ramsey,0.5,2.0% Ramsey,risk_aversion,combined,0,-313.040661498064,0.3510317841340386
9926,euler_ramsey,0.5,2.5% Ramsey,risk_aversion,combined,0,-213.65813178530456,0.2897002040986002
9927,euler_ramsey,0.5,1.5% Ramsey,risk_aversion,combined,0,1936.7304678957057,1.0878062763957574
9927,euler_ramsey,0.5,2.0% Ramsey,risk_aversion,combined,0,1563.1038346270404,1.0557056083916059
9927,euler_ramsey,0.5,2.5% Ramsey,risk_aversion,combined,0,1142.7937713435222,1.0201966406516432
9928,euler_ramsey,0.5,1.5% Ramsey,risk_aversion,combined,0,478.9245866093879,1.2139725875008778
9928,euler_ramsey,0.5,2.0% Ramsey,risk_aversion,combined,0,317.2164457322571,1.2070297088260178
9928,euler_ramsey,0.5,2.5% Ramsey,risk_aversion,combined,0,222.80362179696334,1.1884053296008572
9929,euler_ramsey,0.5,1.5% Ramsey,risk_aversion,combined,0,612.55980890847,0.6785975887430037
9929,euler_ramsey,0.5,2.0% Ramsey,risk_aversion,combined,0,514.101954283453,0.5919886815598618
9929,euler_ramsey,0.5,2.5% Ramsey,risk_aversion,combined,0,396.08569950572934,0.5267880410809049
9930,euler_ramsey,0.5,1.5% Ramsey,risk_aversion,combined,0,164.17454279899528,3.631124219303695
9930,euler_ramsey,0.5,2.0% Ramsey,risk_aversion,combined,0,99.00827117579993,4.618340576953692
9930,euler_ramsey,0.5,2.5% Ramsey,risk_aversion,combined,0,68.94617421279733,5.500850715062942
9931,euler_ramsey,0.5,1.5% Ramsey,risk_aversion,combined,0,92.01192136895551,1.149128836851376
9931,euler_ramsey,0.5,2.0% Ramsey,risk_aversion,combined,0,49.130177233708615,1.1275786555047547
9931,euler_ramsey,0.5,2.5% Ramsey,risk_aversion,combined,0,30.37296298121464,1.0987970917322976
9932,euler_ramsey,0.5,1.5% Ramsey,risk_aversion,combined,0,400.5785910482899,1.026024238839125
9932,euler_ramsey,0.5,2.0% Ramsey,risk_aversion,combined,0,367.71968423640857,0.9815403382605076
9932,euler_ramsey,0.5,2.5% Ramsey,risk_aversion,combined,0,301.0608802815698,0.9379500681978439
9933,euler_ramsey,0.5,1.5% Ramsey,risk_aversion,combined,0,3342.634274394493,0.258596025910491
9933,euler_ramsey,0.5,2.0% Ramsey,risk_aversion,combined,0,1410.0026549964814,0.18139811578993154
9933,euler_ramsey,0.5,2.5% Ramsey,risk_aversion,combined,0,701.4196134318356,0.13634687185125627
9934,euler_ramsey,0.5,1.5% Ramsey,risk_aversion,combined,0,1310.503000601353,1.7776031407302666
9934,euler_ramsey,0.5,2.0% Ramsey,risk_aversion,combined,0,972.9715508960087,1.9277969059803963
9934,euler_ramsey,0.5,2.5% Ramsey,risk_aversion,combined,0,682.0377874065321,2.0303429617604936
9935,euler_ramsey,0.5,1.5% Ramsey,risk_aversion,combined,0,-18.209951351789446,1.6264014192208018
9935,euler_ramsey,0.5,2.0% Ramsey,risk_aversion,combined,0,-21.566462787190474,1.7269225239841837
9935,euler_ramsey,0.5,2.5% Ramsey,risk_aversion,combined,0,-14.215795675879093,1.7888463733045896
9936,euler_ramsey,0.5,1.5% Ramsey,risk_aversion,combined,0,49.402252119873594,1.6746774074166646
9936,euler_ramsey,0.5,2.0% Ramsey,risk_aversion,combined,0,43.86124633201413,1.789512553869329
9936,euler_ramsey,0.5,2.5% Ramsey,risk_aversion,combined,0,42.36516353647002,1.8628611180901145
9937,euler_ramsey,0.5,1.5% Ramsey,risk_aversion,combined,0,76.34107712832989,0.6111820260505991
9937,euler_ramsey,0.5,2.0% Ramsey,risk_aversion,combined,0,49.99829872252646,0.5200440052495717
9937,euler_ramsey,0.5,2.5% Ramsey,risk_aversion,combined,0,34.04768938076237,0.4538353593766945
9938,euler_ramsey,0.5,1.5% Ramsey,risk_aversion,combined,0,-1776.58125713807,0.13718461662554088
9938,euler_ramsey,0.5,2.0% Ramsey,risk_aversion,combined,0,-1340.868272413862,0.08341748466035508
9938,euler_ramsey,0.5,2.5% Ramsey,risk_aversion,combined,0,-881.2159918225478,0.056136905090468016
9939,euler_ramsey,0.5,1.5% Ramsey,risk_aversion,combined,0,19.538097176661935,0.7392535414825577
9939,euler_ramsey,0.5,2.0% Ramsey,risk_aversion,combined,0,49.134878088141974,0.6572370684799697
9939,euler_ramsey,0.5,2.5% Ramsey,risk_aversion,combined,0,57.9729367377363,0.5934253894953704
9940,euler_ramsey,0.5,1.5% Ramsey,risk_aversion,combined,0,275.39275099688876,1.7314349425289373
9940,euler_ramsey,0.5,2.0% Ramsey,risk_aversion,combined,0,285.2759639756184,1.8647871409197396
9940,euler_ramsey,0.5,2.5% Ramsey,risk_aversion,combined,0,248.4429900338849,1.95320740423476
9941,euler_ramsey,0.5,1.5% Ramsey,risk_aversion,combined,0,966.9311357257327,1.190404483258419
9941,euler_ramsey,0.5,2.0% Ramsey,risk_aversion,combined,0,602.198373054332,1.1788420256095729
9941,euler_ramsey,0.5,2.5% Ramsey,risk_aversion,combined,0,392.97695786790547,1.1570955936587415
9942,euler_ramsey,0.5,1.5% Ramsey,risk_aversion,combined,0,848.2285242962352,0.9901718109580124
9942,euler_ramsey,0.5,2.0% Ramsey,risk_aversion,combined,0,671.3322468162047,0.9404069127318666
9942,euler_ramsey,0.5,2.5% Ramsey,risk_aversion,combined,0,489.5266559946411,0.893693582902579
9943,euler_ramsey,0.5,1.5% Ramsey,risk_aversion,combined,0,2419.920859199051,0.3790544667151131
9943,euler_ramsey,0.5,2.0% Ramsey,risk_aversion,combined,0,1956.027725318337,0.2899616709196636
9943,euler_ramsey,0.5,2.5% Ramsey,risk_aversion,combined,0,1456.07470929932,0.2330690603662003
9944,euler_ramsey,0.5,1.5% Ramsey,risk_aversion,combined,0,1081.5048217244066,0.7176732590599694
9944,euler_ramsey,0.5,2.0% Ramsey,risk_aversion,combined,0,721.332713238291,0.6333634913813826
9944,euler_ramsey,0.5,2.5% Ramsey,risk_aversion,combined,0,476.32741191057374,0.5685959921592768
9945,euler_ramsey,0.5,1.5% Ramsey,risk_aversion,combined,0,7199.750204449083,0.34459874948722796
9945,euler_ramsey,0.5,2.0% Ramsey,risk_aversion,combined,0,4332.55169235779,0.25804046964521576
9945,euler_ramsey,0.5,2.5% Ramsey,risk_aversion,combined,0,2617.285614831056,0.20401859863628213
9946,euler_ramsey,0.5,1.5% Ramsey,risk_aversion,combined,0,1015.2028691033423,1.2397760966328093
9946,euler_ramsey,0.5,2.0% Ramsey,risk_aversion,combined,0,699.6069937777086,1.238446385013403
9946,euler_ramsey,0.5,2.5% Ramsey,risk_aversion,combined,0,468.13543625576176,1.2238409271770925
9947,euler_ramsey,0.5,1.5% Ramsey,risk_aversion,combined,0,26.883534442977147,0.7182826285625121
9947,euler_ramsey,0.5,2.0% Ramsey,risk_aversion,combined,0,12.221154658735166,0.6343522843166041
9947,euler_ramsey,0.5,2.5% Ramsey,risk_aversion,combined,0,5.408151999261074,0.569813941770603
9948,euler_ramsey,0.5,1.5% Ramsey,risk_aversion,combined,0,1025.5949424374803,0.38796650153833767
9948,euler_ramsey,0.5,2.0% Ramsey,risk_aversion,combined,0,887.6793451668832,0.29821258217787516
9948,euler_ramsey,0.5,2.5% Ramsey,risk_aversion,combined,0,663.7604468095868,0.24058244929276215
9949,euler_ramsey,0.5,1.5% Ramsey,risk_aversion,combined,0,-218.6160560552461,0.5933760828289008
9949,euler_ramsey,0.5,2.0% Ramsey,risk_aversion,combined,0,-136.7626797839787,0.5015322155496847
9949,euler_ramsey,0.5,2.5% Ramsey,risk_aversion,combined,0,-82.6005182182983,0.43542182424316056
9950,euler_ramsey,0.5,1.5% Ramsey,risk_aversion,combined,0,-266.55068083167623,1.0957091862430308
9950,euler_ramsey,0.5,2.0% Ramsey,risk_aversion,combined,0,-224.7307517356376,1.0646223816566127
9950,euler_ramsey,0.5,2.5% Ramsey,risk_aversion,combined,0,-173.1380436252669,1.0296211249307503
9951,euler_ramsey,0.5,1.5% Ramsey,risk_aversion,combined,0,231.604079749917,1.7956209558465888
9951,euler_ramsey,0.5,2.0% Ramsey,risk_aversion,combined,0,160.94022439102943,1.949441529284944
9951,euler_ramsey,0.5,2.5% Ramsey,risk_aversion,combined,0,112.24118280317352,2.0544557551053306
9952,euler_ramsey,0.5,1.5% Ramsey,risk_aversion,combined,0,1159.0910210326094,2.19917898141676
9952,euler_ramsey,0.5,2.0% Ramsey,risk_aversion,combined,0,999.9996527560269,2.5022328628866957
9952,euler_ramsey,0.5,2.5% Ramsey,risk_aversion,combined,0,792.8855625599246,2.734953565774192
9953,euler_ramsey,0.5,1.5% Ramsey,risk_aversion,combined,0,1263.2337475673241,0.6818406128715437
9953,euler_ramsey,0.5,2.0% Ramsey,risk_aversion,combined,0,929.1720454691318,0.5961106097145452
9953,euler_ramsey,0.5,2.5% Ramsey,risk_aversion,combined,0,641.0233067474496,0.5313574138652084
9954,euler_ramsey,0.5,1.5% Ramsey,risk_aversion,combined,0,2508.0649487365613,0.3052842125833994
9954,euler_ramsey,0.5,2.0% Ramsey,risk_aversion,combined,0,1254.6536216385023,0.2223534535129254
9954,euler_ramsey,0.5,2.5% Ramsey,risk_aversion,combined,0,796.1001772583727,0.1720671258933402
9955,euler_ramsey,0.5,1.5% Ramsey,risk_aversion,combined,0,164.31019038915494,1.2307929794277748
9955,euler_ramsey,0.5,2.0% Ramsey,risk_aversion,combined,0,123.76218382286767,1.226285430101192
9955,euler_ramsey,0.5,2.5% Ramsey,risk_aversion,combined,0,91.50979045530599,1.2092337070832284
9956,euler_ramsey,0.5,1.5% Ramsey,risk_aversion,combined,0,1104.386206156928,0.6564648846624835
9956,euler_ramsey,0.5,2.0% Ramsey,risk_aversion,combined,0,783.3539598756258,0.5684700152407034
9956,euler_ramsey,0.5,2.5% Ramsey,risk_aversion,combined,0,538.671170309641,0.5029553830137089
9957,euler_ramsey,0.5,1.5% Ramsey,risk_aversion,combined,0,318.2435678020983,0.47195775464061634
9957,euler_ramsey,0.5,2.0% Ramsey,risk_aversion,combined,0,148.6357267655349,0.37889232758290264
9957,euler_ramsey,0.5,2.5% Ramsey,risk_aversion,combined,0,68.78702675879711,0.31610787529004325
9958,euler_ramsey,0.5,1.5% Ramsey,risk_aversion,combined,0,1487.272763137723,3.3492676838895146
9958,euler_ramsey,0.5,2.0% Ramsey,risk_aversion,combined,0,817.8732394403515,4.183834262551357
9958,euler_ramsey,0.5,2.5% Ramsey,risk_aversion,combined,0,469.99786348681164,4.914493235824244
9959,euler_ramsey,0.5,1.5% Ramsey,risk_aversion,combined,0,289.3773160538775,2.5677584116802183
9959,euler_ramsey,0.5,2.0% Ramsey,risk_aversion,combined,0,222.08034546086867,3.021128221428613
9959,euler_ramsey,0.5,2.5% Ramsey,risk_aversion,combined,0,167.91056789156713,3.388120256277299
9960,euler_ramsey,0.5,1.5% Ramsey,risk_aversion,combined,0,794.9010070388,1.132295536457306
9960,euler_ramsey,0.5,2.0% Ramsey,risk_aversion,combined,0,637.9645925505481,1.1080971605046102
9960,euler_ramsey,0.5,2.5% Ramsey,risk_aversion,combined,0,484.5515630493066,1.0777357237195502
9961,euler_ramsey,0.5,1.5% Ramsey,risk_aversion,combined,0,656.5222636590842,1.8417029443701833
9961,euler_ramsey,0.5,2.0% Ramsey,risk_aversion,combined,0,429.7674718230825,2.011276231648054
9961,euler_ramsey,0.5,2.5% Ramsey,risk_aversion,combined,0,286.0426164104241,2.1293708477342794
9962,euler_ramsey,0.5,1.5% Ramsey,risk_aversion,combined,0,593.4886916775475,1.2630401112684797
9962,euler_ramsey,0.5,2.0% Ramsey,risk_aversion,combined,0,419.64500977559914,1.2669395160425196
9962,euler_ramsey,0.5,2.5% Ramsey,risk_aversion,combined,0,286.1569873580837,1.2559721208353456
9963,euler_ramsey,0.5,1.5% Ramsey,risk_aversion,combined,0,282.38042578073566,2.1368890202055977
9963,euler_ramsey,0.5,2.0% Ramsey,risk_aversion,combined,0,204.08589059888828,2.4122770902411794
9963,euler_ramsey,0.5,2.5% Ramsey,risk_aversion,combined,0,148.1380508745107,2.6200107055877377
9964,euler_ramsey,0.5,1.5% Ramsey,risk_aversion,combined,0,1391.9455524381765,0.778614707725828
9964,euler_ramsey,0.5,2.0% Ramsey,risk_aversion,combined,0,1142.8682145163837,0.7007802924482113
9964,euler_ramsey,0.5,2.5% Ramsey,risk_aversion,combined,0,835.3454104506559,0.638824952823177
9965,euler_ramsey,0.5,1.5% Ramsey,risk_aversion,combined,0,-39.476371722407,1.0424655499786712
9965,euler_ramsey,0.5,2.0% Ramsey,risk_aversion,combined,0,-13.335339633726157,1.0023039024809297
9965,euler_ramsey,0.5,2.5% Ramsey,risk_aversion,combined,0,-2.555585420795323,0.9615416000271496
9966,euler_ramsey,0.5,1.5% Ramsey,risk_aversion,combined,0,1698.1833908945514,0.9742660103893686
9966,euler_ramsey,0.5,2.0% Ramsey,risk_aversion,combined,0,1427.291435432076,0.924282116783544
9966,euler_ramsey,0.5,2.5% Ramsey,risk_aversion,combined,0,1084.516119377237,0.8778463399103258
9967,euler_ramsey,0.5,1.5% Ramsey,risk_aversion,combined,0,887.5192073763831,0.36988681639869675
9967,euler_ramsey,0.5,2.0% Ramsey,risk_aversion,combined,0,522.2626757151972,0.281162638335284
9967,euler_ramsey,0.5,2.5% Ramsey,risk_aversion,combined,0,333.24928951255697,0.22487408414214358
9968,euler_ramsey,0.5,1.5% Ramsey,risk_aversion,combined,0,1151.5461362666474,0.6288048029130949
9968,euler_ramsey,0.5,2.0% Ramsey,risk_aversion,combined,0,992.885910949081,0.5392688652616823
9968,euler_ramsey,0.5,2.5% Ramsey,risk_aversion,combined,0,761.519424291809,0.47355493549518207
9969,euler_ramsey,0.5,1.5% Ramsey,risk_aversion,combined,0,-77.88726662637173,0.5982538207390671
9969,euler_ramsey,0.5,2.0% Ramsey,risk_aversion,combined,0,-36.29145171149026,0.5069600594748348
9969,euler_ramsey,0.5,2.5% Ramsey,risk_aversion,combined,0,-3.5030551394408347,0.44104068950857916
9970,euler_ramsey,0.5,1.5% Ramsey,risk_aversion,combined,0,-98.2746629086385,0.507157057384516
9970,euler_ramsey,0.5,2.0% Ramsey,risk_aversion,combined,0,-100.89894464592145,0.41401340855787166
9970,euler_ramsey,0.5,2.5% Ramsey,risk_aversion,combined,0,-90.5092622977493,0.34991552259494685
9971,euler_ramsey,0.5,1.5% Ramsey,risk_aversion,combined,0,124.88443244404446,1.7895732352613363
9971,euler_ramsey,0.5,2.0% Ramsey,risk_aversion,combined,0,92.40564721476292,1.941353121255241
9971,euler_ramsey,0.5,2.5% Ramsey,risk_aversion,combined,0,71.29779985931665,2.044676947935242
9972,euler_ramsey,0.5,1.5% Ramsey,risk_aversion,combined,0,570.9803926255947,0.6113381627413725
9972,euler_ramsey,0.5,2.0% Ramsey,risk_aversion,combined,0,459.90255746864227,0.5203215270175482
9972,euler_ramsey,0.5,2.5% Ramsey,risk_aversion,combined,0,351.9299893950311,0.45418852653038766
9973,euler_ramsey,0.5,1.5% Ramsey,risk_aversion,combined,0,294.09281401037765,0.41503004277325045
9973,euler_ramsey,0.5,2.0% Ramsey,risk_aversion,combined,0,195.54880864455262,0.3237102413899608
9973,euler_ramsey,0.5,2.5% Ramsey,risk_aversion,combined,0,141.8103405141284,0.26411041939548924
9974,euler_ramsey,0.5,1.5% Ramsey,risk_aversion,combined,0,109.07401789090041,1.1514664347110224
9974,euler_ramsey,0.5,2.0% Ramsey,risk_aversion,combined,0,63.94471112983826,1.1306021368238284
9974,euler_ramsey,0.5,2.5% Ramsey,risk_aversion,combined,0,40.44587359545508,1.1023534118821752
9975,euler_ramsey,0.5,1.5% Ramsey,risk_aversion,combined,0,3036.194410848358,0.4035172524287229
9975,euler_ramsey,0.5,2.0% Ramsey,risk_aversion,combined,0,2056.331756690765,0.31309515878970023
9975,euler_ramsey,0.5,2.5% Ramsey,risk_aversion,combined,0,1371.981230169989,0.2544490423502132
9976,euler_ramsey,0.5,1.5% Ramsey,risk_aversion,combined,0,94.45253312827595,0.7499059866773439
9976,euler_ramsey,0.5,2.0% Ramsey,risk_aversion,combined,0,99.44105173666908,0.668429725620844
9976,euler_ramsey,0.5,2.5% Ramsey,risk_aversion,combined,0,93.36451066909603,0.6046973317823089
9977,euler_ramsey,0.5,1.5% Ramsey,risk_aversion,combined,0,1055.2254727811455,1.0720122398476484
9977,euler_ramsey,0.5,2.0% Ramsey,risk_aversion,combined,0,836.1714499703414,1.0371698489559937
9977,euler_ramsey,0.5,2.5% Ramsey,risk_aversion,combined,0,613.7597535139523,0.9999684363991046
9978,euler_ramsey,0.5,1.5% Ramsey,risk_aversion,combined,0,-89.18250352693468,0.2276242344972758
9978,euler_ramsey,0.5,2.0% Ramsey,risk_aversion,combined,0,45.8074996053922,0.155105616721234
9978,euler_ramsey,0.5,2.5% Ramsey,risk_aversion,combined,0,71.38515794508693,0.11399264043287627
9979,euler_ramsey,0.5,1.5% Ramsey,risk_aversion,combined,0,2052.6662840976414,0.8395020137630085
9979,euler_ramsey,0.5,2.0% Ramsey,risk_aversion,combined,0,1671.4403378823852,0.7680900350787785
9979,euler_ramsey,0.5,2.5% Ramsey,risk_aversion,combined,0,1192.7206326795938,0.7091013341738153
9980,euler_ramsey,0.5,1.5% Ramsey,risk_aversion,combined,0,2442.359587052899,1.8387748869647615
9980,euler_ramsey,0.5,2.0% Ramsey,risk_aversion,combined,0,1807.6658625596756,2.011506576115302
9980,euler_ramsey,0.5,2.5% Ramsey,risk_aversion,combined,0,1212.207186627951,2.1329135879499668
9981,euler_ramsey,0.5,1.5% Ramsey,risk_aversion,combined,0,680.2856953302659,0.5483022326315018
9981,euler_ramsey,0.5,2.0% Ramsey,risk_aversion,combined,0,395.91594053058657,0.45532011030873887
9981,euler_ramsey,0.5,2.5% Ramsey,risk_aversion,combined,0,249.65213644342575,0.38994461989477414
9982,euler_ramsey,0.5,1.5% Ramsey,risk_aversion,combined,0,239.40989054948463,0.43331308346692804
9982,euler_ramsey,0.5,2.0% Ramsey,risk_aversion,combined,0,176.90499929651912,0.3412591806000334
9982,euler_ramsey,0.5,2.5% Ramsey,risk_aversion,combined,0,135.29380577323144,0.28052132392044266
9983,euler_ramsey,0.5,1.5% Ramsey,risk_aversion,combined,0,238.8628589820987,1.2510162336479032
9983,euler_ramsey,0.5,2.0% Ramsey,risk_aversion,combined,0,168.11260394775812,1.2526657922929485
9983,euler_ramsey,0.5,2.5% Ramsey,risk_aversion,combined,0,118.62704978856019,1.2400926275158377
9984,euler_ramsey,0.5,1.5% Ramsey,risk_aversion,combined,0,-276.72421105515554,0.9113387751343942
9984,euler_ramsey,0.5,2.0% Ramsey,risk_aversion,combined,0,-195.8406144244135,0.8492712428232324
9984,euler_ramsey,0.5,2.5% Ramsey,risk_aversion,combined,0,-142.86536696154687,0.7952211785941353
9985,euler_ramsey,0.5,1.5% Ramsey,risk_aversion,combined,0,162.08275106689348,0.7361057922101392
9985,euler_ramsey,0.5,2.0% Ramsey,risk_aversion,combined,0,142.68788668873336,0.6537041599674506
9985,euler_ramsey,0.5,2.5% Ramsey,risk_aversion,combined,0,114.1415426169311,0.589746780778405
9986,euler_ramsey,0.5,1.5% Ramsey,risk_aversion,combined,0,814.336498541943,1.2596795326182004
9986,euler_ramsey,0.5,2.0% Ramsey,risk_aversion,combined,0,737.2806969294495,1.2634543624887449
9986,euler_ramsey,0.5,2.5% Ramsey,risk_aversion,combined,0,590.3395437727244,1.252602932872624
9987,euler_ramsey,0.5,1.5% Ramsey,risk_aversion,combined,0,2586.7470676492662,0.5011957961694118
9987,euler_ramsey,0.5,2.0% Ramsey,risk_aversion,combined,0,2127.6127349312706,0.4090572235846273
9987,euler_ramsey,0.5,2.5% Ramsey,risk_aversion,combined,0,1619.3345694532359,0.34575898187616516
9988,euler_ramsey,0.5,1.5% Ramsey,risk_aversion,combined,0,3627.204962638928,0.27675312417923303
9988,euler_ramsey,0.5,2.0% Ramsey,risk_aversion,combined,0,1699.8206488759515,0.19716953105125548
9988,euler_ramsey,0.5,2.5% Ramsey,risk_aversion,combined,0,971.1326875598584,0.14999383295893104
9989,euler_ramsey,0.5,1.5% Ramsey,risk_aversion,combined,0,752.989011809335,0.9926871776660133
9989,euler_ramsey,0.5,2.0% Ramsey,risk_aversion,combined,0,612.7402482662424,0.9449193323291933
9989,euler_ramsey,0.5,2.5% Ramsey,risk_aversion,combined,0,461.37238678272024,0.8996480821379295
9990,euler_ramsey,0.5,1.5% Ramsey,risk_aversion,combined,0,80.09837320046032,0.49418153767333906
9990,euler_ramsey,0.5,2.0% Ramsey,risk_aversion,combined,0,68.4938980970356,0.4009455003516181
9990,euler_ramsey,0.5,2.5% Ramsey,risk_aversion,combined,0,57.325066136659025,0.337256514892222
9991,euler_ramsey,0.5,1.5% Ramsey,risk_aversion,combined,0,429.4673551342859,1.2336069758584784
9991,euler_ramsey,0.5,2.0% Ramsey,risk_aversion,combined,0,396.3719070599852,1.2304393525034443
9991,euler_ramsey,0.5,2.5% Ramsey,risk_aversion,combined,0,317.68793044253067,1.2144807953472605
9992,euler_ramsey,0.5,1.5% Ramsey,risk_aversion,combined,0,-409.8703292941716,0.3648251699524789
9992,euler_ramsey,0.5,2.0% Ramsey,risk_aversion,combined,0,-188.8498028071065,0.2764077687807198
9992,euler_ramsey,0.5,2.5% Ramsey,risk_aversion,combined,0,-76.71260688748477,0.22050672087670117
9993,euler_ramsey,0.5,1.5% Ramsey,risk_aversion,combined,0,1944.1115698549493,0.38309735457876476
9993,euler_ramsey,0.5,2.0% Ramsey,risk_aversion,combined,0,1270.7789546218187,0.2936071290037467
9993,euler_ramsey,0.5,2.5% Ramsey,risk_aversion,combined,0,814.3889127981219,0.23633229335756312
9994,euler_ramsey,0.5,1.5% Ramsey,risk_aversion,combined,0,641.7234052888998,1.0775880048606634
9994,euler_ramsey,0.5,2.0% Ramsey,risk_aversion,combined,0,478.9128160248723,1.0438398101109942
9994,euler_ramsey,0.5,2.5% Ramsey,risk_aversion,combined,0,351.1924022875802,1.0073304194952848
9995,euler_ramsey,0.5,1.5% Ramsey,risk_aversion,combined,0,6053.900456698397,0.3877945573425572
9995,euler_ramsey,0.5,2.0% Ramsey,risk_aversion,combined,0,4999.371309953004,0.2983226514682892
9995,euler_ramsey,0.5,2.5% Ramsey,risk_aversion,combined,0,3632.278447921377,0.24084790728284589
9996,euler_ramsey,0.5,1.5% Ramsey,risk_aversion,combined,0,197.24462369040333,0.7387983418742778
9996,euler_ramsey,0.5,2.0% Ramsey,risk_aversion,combined,0,154.52139153428047,0.6569960021796901
9996,euler_ramsey,0.5,2.5% Ramsey,risk_aversion,combined,0,120.71707939315418,0.5933434936636856
9997,euler_ramsey,0.5,1.5% Ramsey,risk_aversion,combined,0,2266.3509735096186,0.2247140956375751
9997,euler_ramsey,0.5,2.0% Ramsey,risk_aversion,combined,0,638.3853051782542,0.15268722344315722
9997,euler_ramsey,0.5,2.5% Ramsey,risk_aversion,combined,0,284.52313195902383,0.11196905487309718
9998,euler_ramsey,0.5,1.5% Ramsey,risk_aversion,combined,0,-32.27247337995195,0.9268905612469082
9998,euler_ramsey,0.5,2.0% Ramsey,risk_aversion,combined,0,-14.541697537047254,0.8675708634917261
9998,euler_ramsey,0.5,2.5% Ramsey,risk_aversion,combined,0,-4.703467577204747,0.8151601146296327
9999,euler_ramsey,0.5,1.5% Ramsey,risk_aversion,combined,0,492.6290628004897,1.2108013221224891
9999,euler_ramsey,0.5,2.0% Ramsey,risk_aversion,combined,0,394.73470017918544,1.2019851394987957
9999,euler_ramsey,0.5,2.5% Ramsey,risk_aversion,combined,0,295.4219272440023,1.1818769742175075
10000,euler_ramsey,0.5,1.5% Ramsey,risk_aversion,combined,0,136.89069224478993,1.434683119130235
10000,euler_ramsey,0.5,2.0% Ramsey,risk_aversion,combined,0,95.09671034481391,1.480860754421407
10000,euler_ramsey,0.5,2.5% Ramsey,risk_aversion,combined,0,70.21578206568826,1.500785936367079
